getting started: 1380
attempting file: 1380
going for ECoG20 26
data loaded: ECoG20 26
HFB already done

chan =

     1

Elapsed time is 221.118265 seconds.

chan =

     2

Elapsed time is 216.799632 seconds.

chan =

     3

Elapsed time is 218.756980 seconds.

chan =

     4

Elapsed time is 218.486250 seconds.

chan =

     5

Elapsed time is 216.576738 seconds.

chan =

     6

Elapsed time is 217.209042 seconds.

chan =

     7

Elapsed time is 219.908685 seconds.

chan =

     8

Elapsed time is 216.277100 seconds.

chan =

     9

Elapsed time is 214.335707 seconds.

chan =

    10

Elapsed time is 215.724065 seconds.

chan =

    11

Elapsed time is 218.272898 seconds.

chan =

    12

Elapsed time is 219.943902 seconds.

chan =

    13

Elapsed time is 213.447127 seconds.

chan =

    14

Elapsed time is 216.833300 seconds.

chan =

    15

Elapsed time is 217.082952 seconds.

chan =

    16

Elapsed time is 217.800678 seconds.

chan =

    17

Elapsed time is 215.381581 seconds.

chan =

    18

Elapsed time is 217.312850 seconds.

chan =

    19

Elapsed time is 220.214989 seconds.

chan =

    20

Elapsed time is 218.890260 seconds.

chan =

    21

Elapsed time is 217.521695 seconds.

chan =

    22

Elapsed time is 214.662493 seconds.

chan =

    23

Elapsed time is 219.656354 seconds.

chan =

    24

Elapsed time is 219.423007 seconds.

chan =

    25

Elapsed time is 215.866083 seconds.

chan =

    26

Elapsed time is 218.673460 seconds.

chan =

    27

Elapsed time is 215.327131 seconds.

chan =

    28

Elapsed time is 215.783094 seconds.

chan =

    29

Elapsed time is 217.178101 seconds.

chan =

    30

Elapsed time is 218.391794 seconds.

chan =

    31

Elapsed time is 216.305995 seconds.

chan =

    32

Elapsed time is 211.397652 seconds.

chan =

    33

Elapsed time is 213.114878 seconds.

chan =

    34

Elapsed time is 215.027797 seconds.

chan =

    35

Elapsed time is 217.148629 seconds.

chan =

    36

Elapsed time is 215.971889 seconds.

chan =

    37

Elapsed time is 215.274386 seconds.

chan =

    38

Elapsed time is 212.510697 seconds.

chan =

    39

Elapsed time is 213.868639 seconds.

chan =

    40

Elapsed time is 213.816232 seconds.

chan =

    41

Elapsed time is 215.688135 seconds.

chan =

    42

Elapsed time is 215.760851 seconds.

chan =

    43

Elapsed time is 216.645873 seconds.

chan =

    44

Elapsed time is 212.891617 seconds.

chan =

    45

Elapsed time is 191.587636 seconds.

chan =

    46

Elapsed time is 201.685211 seconds.

chan =

    47

Elapsed time is 202.729858 seconds.

chan =

    48

Elapsed time is 191.441904 seconds.

chan =

    49

Elapsed time is 191.753855 seconds.

chan =

    50

Elapsed time is 222.926838 seconds.

chan =

    51

Elapsed time is 209.091983 seconds.

chan =

    52

Elapsed time is 220.411095 seconds.

chan =

    53

Elapsed time is 217.962658 seconds.

chan =

    54

Elapsed time is 224.192121 seconds.

chan =

    55

Elapsed time is 215.123815 seconds.

chan =

    56

Elapsed time is 220.128916 seconds.

chan =

    57

Elapsed time is 202.700333 seconds.

chan =

    58

Elapsed time is 203.135511 seconds.

chan =

    59

Elapsed time is 201.447524 seconds.

chan =

    60

Elapsed time is 207.097893 seconds.

chan =

    61

Elapsed time is 219.724298 seconds.

chan =

    62

Elapsed time is 217.602711 seconds.

chan =

    63

Elapsed time is 212.751200 seconds.

chan =

    64

Elapsed time is 219.529704 seconds.

chan =

    65

Elapsed time is 206.394403 seconds.

chan =

    66

Elapsed time is 209.699929 seconds.

chan =

    67

Elapsed time is 207.647744 seconds.

chan =

    68

Elapsed time is 219.072921 seconds.

chan =

    69

Elapsed time is 217.839726 seconds.

chan =

    70

Elapsed time is 221.135506 seconds.

chan =

    71

Elapsed time is 196.394883 seconds.

chan =

    72

Elapsed time is 210.429653 seconds.

chan =

    73

Elapsed time is 213.914604 seconds.

chan =

    74

Elapsed time is 196.958683 seconds.

chan =

    75

Elapsed time is 185.688975 seconds.

chan =

    76

Elapsed time is 184.441269 seconds.

chan =

    77

Elapsed time is 185.215530 seconds.

chan =

    78

Elapsed time is 184.033530 seconds.

chan =

    79

Elapsed time is 183.836404 seconds.

chan =

    80

Elapsed time is 203.227652 seconds.

chan =

    81

Elapsed time is 214.847640 seconds.

chan =

    82

Elapsed time is 205.512650 seconds.

chan =

    83

Elapsed time is 190.908289 seconds.

chan =

    84

Elapsed time is 186.397536 seconds.

chan =

    85

Elapsed time is 182.507895 seconds.

chan =

    86

Elapsed time is 184.377266 seconds.
attempting saving
save success: /projects/p31578/dtf8829/QuestConnect/CHANDAT/chanDat_ECoG20_026.mat
working on TF
encoding done
encoding RT done
retrieval 1 done
retrieval 2 done
attempting saving
save success: /projects/p31578/dtf8829/QuestConnect/CHANDAT/chanDat_ECoG20_026.mat
working on ISPC
channel: 1 took 0 minutes
channel: 2 took 0 minutes
channel: 3 took 0 minutes
channel: 4 took 0 minutes
channel: 5 took 0 minutes
channel: 6 took 0 minutes
channel: 7 took 0 minutes
channel: 8 took 0 minutes
channel: 9 took 0 minutes
channel: 10 took 0 minutes
channel: 11 took 0 minutes
channel: 12 took 0 minutes
channel: 13 took 0 minutes
channel: 14 took 0 minutes
channel: 15 took 0 minutes
channel: 16 took 0 minutes
channel: 17 took 0 minutes
channel: 18 took 0 minutes
channel: 19 took 0 minutes
channel: 20 took 0 minutes
channel: 21 took 0 minutes
channel: 22 took 0 minutes
channel: 23 took 0 minutes
channel: 24 took 0 minutes
channel: 25 took 0 minutes
channel: 26 took 0 minutes
channel: 27 took 3.1 minutes
channel: 28 took 3.1 minutes
channel: 29 took 3.1 minutes
channel: 30 took 3.1 minutes
channel: 31 took 3.1 minutes
channel: 32 took 3.1 minutes
channel: 33 took 3.1 minutes
channel: 34 took 3.1 minutes
channel: 35 took 3.1 minutes
channel: 36 took 3.1 minutes
channel: 37 took 3.1 minutes
channel: 38 took 3.1 minutes
channel: 39 took 3.1 minutes
channel: 40 took 3.1 minutes
channel: 41 took 3.1 minutes
channel: 42 took 3.1 minutes
channel: 43 took 3.1 minutes
channel: 44 took 3.1 minutes
channel: 45 took 3.1 minutes
channel: 46 took 3.1 minutes
channel: 47 took 3.1 minutes
channel: 48 took 3.1 minutes
channel: 49 took 3.1 minutes
channel: 50 took 3.1 minutes
channel: 51 took 3.1 minutes
channel: 52 took 3.1 minutes
channel: 53 took 3.1 minutes
channel: 54 took 3.1 minutes
channel: 55 took 3.1 minutes
channel: 56 took 3.1 minutes
channel: 57 took 3.1 minutes
channel: 58 took 3.1 minutes
channel: 59 took 3.1 minutes
channel: 60 took 3.1 minutes
channel: 61 took 3 minutes
channel: 62 took 3 minutes
channel: 63 took 3.1 minutes
channel: 64 took 3 minutes
channel: 65 took 3 minutes
channel: 66 took 3.1 minutes
channel: 67 took 3.1 minutes
channel: 68 took 3.1 minutes
channel: 69 took 3 minutes
channel: 70 took 3.1 minutes
channel: 71 took 3.1 minutes
channel: 72 took 3 minutes
channel: 73 took 3.6 minutes
channel: 74 took 3.6 minutes
channel: 75 took 3.6 minutes
channel: 76 took 3.6 minutes
channel: 77 took 3.6 minutes
channel: 78 took 3.4 minutes
channel: 79 took 3.5 minutes
channel: 80 took 3.6 minutes
channel: 81 took 3.6 minutes
channel: 82 took 3.5 minutes
channel: 83 took 3.5 minutes
channel: 84 took 3.5 minutes
channel: 85 took 3.3 minutes
channel: 86 took 3 minutes
attempting saving
save success: /projects/p31578/dtf8829/QuestConnect/CHANDAT/chanDat_ECoG20_026.mat
Elapsed time is 182.361159 seconds.
