getting started: 1427
attempting file: 1427
going for ECoG20 73
data loaded: ECoG20 73
HFB already done

chan =

     1

Elapsed time is 304.611969 seconds.

chan =

     2

Elapsed time is 298.291330 seconds.

chan =

     3

Elapsed time is 300.342376 seconds.

chan =

     4

Elapsed time is 300.461542 seconds.

chan =

     5

Elapsed time is 301.397434 seconds.

chan =

     6

Elapsed time is 301.036983 seconds.

chan =

     7

Elapsed time is 302.628758 seconds.

chan =

     8

Elapsed time is 299.806896 seconds.

chan =

     9

Elapsed time is 299.079577 seconds.

chan =

    10

Elapsed time is 298.650574 seconds.

chan =

    11

Elapsed time is 299.534766 seconds.

chan =

    12

Elapsed time is 300.447020 seconds.

chan =

    13

Elapsed time is 299.569173 seconds.

chan =

    14

Elapsed time is 298.804986 seconds.

chan =

    15

Elapsed time is 297.098936 seconds.

chan =

    16

Elapsed time is 301.063966 seconds.

chan =

    17

Elapsed time is 296.079682 seconds.

chan =

    18

Elapsed time is 290.645324 seconds.

chan =

    19

Elapsed time is 286.829821 seconds.

chan =

    20

Elapsed time is 281.777444 seconds.

chan =

    21

Elapsed time is 280.085154 seconds.

chan =

    22

Elapsed time is 273.553634 seconds.

chan =

    23

Elapsed time is 270.643232 seconds.

chan =

    24

Elapsed time is 265.297627 seconds.

chan =

    25

Elapsed time is 260.661866 seconds.

chan =

    26

Elapsed time is 256.416750 seconds.

chan =

    27

Elapsed time is 249.224215 seconds.

chan =

    28

Elapsed time is 247.683502 seconds.

chan =

    29

Elapsed time is 248.566436 seconds.

chan =

    30

Elapsed time is 247.704938 seconds.

chan =

    31

Elapsed time is 247.020194 seconds.

chan =

    32

Elapsed time is 247.033201 seconds.

chan =

    33

Elapsed time is 246.231838 seconds.

chan =

    34

Elapsed time is 242.596964 seconds.

chan =

    35

Elapsed time is 243.058113 seconds.

chan =

    36

Elapsed time is 261.828302 seconds.

chan =

    37

Elapsed time is 264.380885 seconds.

chan =

    38

Elapsed time is 263.500211 seconds.

chan =

    39

Elapsed time is 263.093576 seconds.

chan =

    40

Elapsed time is 264.071071 seconds.

chan =

    41

Elapsed time is 263.639125 seconds.

chan =

    42

Elapsed time is 265.297715 seconds.

chan =

    43

Elapsed time is 258.563638 seconds.

chan =

    44

Elapsed time is 248.008461 seconds.

chan =

    45

Elapsed time is 264.000191 seconds.

chan =

    46

Elapsed time is 263.003432 seconds.

chan =

    47

Elapsed time is 263.280572 seconds.

chan =

    48

Elapsed time is 262.143018 seconds.

chan =

    49

Elapsed time is 248.721071 seconds.

chan =

    50

Elapsed time is 257.289141 seconds.

chan =

    51

Elapsed time is 258.188387 seconds.

chan =

    52

Elapsed time is 262.342823 seconds.

chan =

    53

Elapsed time is 261.268891 seconds.

chan =

    54

Elapsed time is 259.645888 seconds.

chan =

    55

Elapsed time is 261.106177 seconds.

chan =

    56

Elapsed time is 262.968176 seconds.

chan =

    57

Elapsed time is 260.407875 seconds.

chan =

    58

Elapsed time is 259.133361 seconds.

chan =

    59

Elapsed time is 252.763586 seconds.

chan =

    60

Elapsed time is 262.054663 seconds.

chan =

    61

Elapsed time is 261.583478 seconds.

chan =

    62

Elapsed time is 262.150311 seconds.

chan =

    63

Elapsed time is 260.994393 seconds.

chan =

    64

Elapsed time is 258.795686 seconds.

chan =

    65

Elapsed time is 247.024020 seconds.

chan =

    66

Elapsed time is 243.013638 seconds.

chan =

    67

Elapsed time is 242.940970 seconds.

chan =

    68

Elapsed time is 242.190425 seconds.

chan =

    69

Elapsed time is 241.463485 seconds.

chan =

    70

Elapsed time is 250.666203 seconds.

chan =

    71

Elapsed time is 250.493880 seconds.

chan =

    72

Elapsed time is 242.123484 seconds.

chan =

    73

Elapsed time is 247.263770 seconds.

chan =

    74

Elapsed time is 257.973380 seconds.

chan =

    75

Elapsed time is 258.546031 seconds.

chan =

    76

Elapsed time is 258.475872 seconds.

chan =

    77

Elapsed time is 258.067248 seconds.

chan =

    78

Elapsed time is 257.269371 seconds.

chan =

    79

Elapsed time is 257.387306 seconds.

chan =

    80

Elapsed time is 258.420725 seconds.

chan =

    81

Elapsed time is 255.978579 seconds.

chan =

    82

Elapsed time is 256.027784 seconds.

chan =

    83

Elapsed time is 256.601351 seconds.

chan =

    84

Elapsed time is 256.986708 seconds.

chan =

    85

Elapsed time is 256.620107 seconds.

chan =

    86

Elapsed time is 253.890251 seconds.
attempting saving
save success: /projects/p31578/dtf8829/QuestConnect/CHANDAT/chanDat_ECoG20_073.mat
working on TF
encoding done
encoding RT done
retrieval 1 done
retrieval 2 done
attempting saving
save success: /projects/p31578/dtf8829/QuestConnect/CHANDAT/chanDat_ECoG20_073.mat
working on ISPC
channel: 1 took 0 minutes
channel: 2 took 0 minutes
channel: 3 took 0 minutes
channel: 4 took 0 minutes
channel: 5 took 0 minutes
channel: 6 took 0 minutes
channel: 7 took 0 minutes
channel: 8 took 0 minutes
channel: 9 took 0 minutes
channel: 10 took 0 minutes
channel: 11 took 0 minutes
channel: 12 took 0 minutes
channel: 13 took 0 minutes
channel: 14 took 0 minutes
channel: 15 took 0 minutes
channel: 16 took 0 minutes
channel: 17 took 0 minutes
channel: 18 took 0 minutes
channel: 19 took 0 minutes
channel: 20 took 0 minutes
channel: 21 took 0 minutes
channel: 22 took 0 minutes
channel: 23 took 0 minutes
channel: 24 took 0 minutes
channel: 25 took 0 minutes
channel: 26 took 0 minutes
channel: 27 took 0 minutes
channel: 28 took 0 minutes
channel: 29 took 0 minutes
channel: 30 took 0 minutes
channel: 31 took 0 minutes
channel: 32 took 0 minutes
channel: 33 took 0 minutes
channel: 34 took 0 minutes
channel: 35 took 0 minutes
channel: 36 took 0 minutes
channel: 37 took 0 minutes
channel: 38 took 0 minutes
channel: 39 took 0 minutes
channel: 40 took 0 minutes
channel: 41 took 0 minutes
channel: 42 took 0 minutes
channel: 43 took 0 minutes
channel: 44 took 0 minutes
channel: 45 took 0 minutes
channel: 46 took 0 minutes
channel: 47 took 0 minutes
channel: 48 took 0 minutes
channel: 49 took 0 minutes
channel: 50 took 0 minutes
channel: 51 took 0 minutes
channel: 52 took 0 minutes
channel: 53 took 0 minutes
channel: 54 took 0 minutes
channel: 55 took 0 minutes
channel: 56 took 0 minutes
channel: 57 took 0 minutes
channel: 58 took 0 minutes
channel: 59 took 0 minutes
channel: 60 took 0 minutes
channel: 61 took 0 minutes
channel: 62 took 0 minutes
channel: 63 took 0 minutes
channel: 64 took 0 minutes
channel: 65 took 0 minutes
channel: 66 took 0 minutes
channel: 67 took 0 minutes
channel: 68 took 0 minutes
channel: 69 took 0 minutes
channel: 70 took 0 minutes
channel: 71 took 0 minutes
channel: 72 took 0 minutes
channel: 73 took 0 minutes
channel: 74 took 4 minutes
channel: 75 took 4 minutes
channel: 76 took 3.9 minutes
channel: 77 took 3.7 minutes
channel: 78 took 3.8 minutes
channel: 79 took 3.8 minutes
channel: 80 took 3.8 minutes
channel: 81 took 3.8 minutes
channel: 82 took 3.8 minutes
channel: 83 took 3.7 minutes
channel: 84 took 3.6 minutes
channel: 85 took 5.5 minutes
channel: 86 took 5.5 minutes
attempting saving
save success: /projects/p31578/dtf8829/QuestConnect/CHANDAT/chanDat_ECoG20_073.mat
Elapsed time is 336.652092 seconds.
