getting started: 1365
attempting file: 1365
going for ECoG20 11
data loaded: ECoG20 11
HFB already done

chan =

     1

Elapsed time is 240.417852 seconds.

chan =

     2

Elapsed time is 230.092831 seconds.

chan =

     3

Elapsed time is 230.662031 seconds.

chan =

     4

Elapsed time is 228.655283 seconds.

chan =

     5

Elapsed time is 231.224973 seconds.

chan =

     6

Elapsed time is 230.255028 seconds.

chan =

     7

Elapsed time is 231.434617 seconds.

chan =

     8

Elapsed time is 228.308601 seconds.

chan =

     9

Elapsed time is 229.622518 seconds.

chan =

    10

Elapsed time is 225.955512 seconds.

chan =

    11

Elapsed time is 223.602279 seconds.

chan =

    12

Elapsed time is 228.269968 seconds.

chan =

    13

Elapsed time is 223.420693 seconds.

chan =

    14

Elapsed time is 224.666449 seconds.

chan =

    15

Elapsed time is 225.481579 seconds.

chan =

    16

Elapsed time is 222.984379 seconds.

chan =

    17

Elapsed time is 227.738321 seconds.

chan =

    18

Elapsed time is 224.933815 seconds.

chan =

    19

Elapsed time is 225.431890 seconds.

chan =

    20

Elapsed time is 224.315051 seconds.

chan =

    21

Elapsed time is 234.129128 seconds.

chan =

    22

Elapsed time is 223.093860 seconds.

chan =

    23

Elapsed time is 225.088977 seconds.

chan =

    24

Elapsed time is 225.903259 seconds.

chan =

    25

Elapsed time is 221.041950 seconds.

chan =

    26

Elapsed time is 222.400354 seconds.

chan =

    27

Elapsed time is 224.420240 seconds.

chan =

    28

Elapsed time is 226.528048 seconds.

chan =

    29

Elapsed time is 225.240285 seconds.

chan =

    30

Elapsed time is 225.660662 seconds.

chan =

    31

Elapsed time is 222.767681 seconds.

chan =

    32

Elapsed time is 221.822177 seconds.

chan =

    33

Elapsed time is 227.696350 seconds.

chan =

    34

Elapsed time is 230.774914 seconds.

chan =

    35

Elapsed time is 223.237980 seconds.

chan =

    36

Elapsed time is 227.748605 seconds.

chan =

    37

Elapsed time is 225.837451 seconds.

chan =

    38

Elapsed time is 227.000237 seconds.

chan =

    39

Elapsed time is 223.394636 seconds.

chan =

    40

Elapsed time is 223.632029 seconds.

chan =

    41

Elapsed time is 225.401702 seconds.

chan =

    42

Elapsed time is 226.624145 seconds.

chan =

    43

Elapsed time is 226.189288 seconds.

chan =

    44

Elapsed time is 227.053062 seconds.

chan =

    45

Elapsed time is 225.083823 seconds.

chan =

    46

Elapsed time is 224.006610 seconds.

chan =

    47

Elapsed time is 225.827031 seconds.

chan =

    48

Elapsed time is 225.012627 seconds.

chan =

    49

Elapsed time is 229.516015 seconds.

chan =

    50

Elapsed time is 229.787917 seconds.

chan =

    51

Elapsed time is 228.360181 seconds.

chan =

    52

Elapsed time is 229.267861 seconds.

chan =

    53

Elapsed time is 238.014920 seconds.

chan =

    54

Elapsed time is 246.298570 seconds.

chan =

    55

Elapsed time is 242.457830 seconds.

chan =

    56

Elapsed time is 245.765484 seconds.

chan =

    57

Elapsed time is 238.151432 seconds.

chan =

    58

Elapsed time is 226.075136 seconds.

chan =

    59

Elapsed time is 243.751958 seconds.

chan =

    60

Elapsed time is 244.004841 seconds.

chan =

    61

Elapsed time is 242.261865 seconds.

chan =

    62

Elapsed time is 244.848376 seconds.

chan =

    63

Elapsed time is 233.348333 seconds.

chan =

    64

Elapsed time is 240.891224 seconds.

chan =

    65

Elapsed time is 231.357393 seconds.

chan =

    66

Elapsed time is 220.452170 seconds.

chan =

    67

Elapsed time is 226.110420 seconds.

chan =

    68

Elapsed time is 222.844325 seconds.

chan =

    69

Elapsed time is 216.732937 seconds.

chan =

    70

Elapsed time is 219.165903 seconds.

chan =

    71

Elapsed time is 234.492068 seconds.

chan =

    72

Elapsed time is 238.495355 seconds.

chan =

    73

Elapsed time is 241.806879 seconds.

chan =

    74

Elapsed time is 233.170818 seconds.

chan =

    75

Elapsed time is 217.547972 seconds.

chan =

    76

Elapsed time is 228.525950 seconds.

chan =

    77

Elapsed time is 235.829248 seconds.

chan =

    78

Elapsed time is 228.388000 seconds.

chan =

    79

Elapsed time is 224.379776 seconds.

chan =

    80

Elapsed time is 215.134826 seconds.

chan =

    81

Elapsed time is 214.963689 seconds.

chan =

    82

Elapsed time is 213.949599 seconds.

chan =

    83

Elapsed time is 213.262943 seconds.

chan =

    84

Elapsed time is 211.740232 seconds.

chan =

    85

Elapsed time is 208.560176 seconds.

chan =

    86

Elapsed time is 199.851656 seconds.
attempting saving
save success: /projects/p31578/dtf8829/QuestConnect/CHANDAT/chanDat_ECoG20_011.mat
working on TF
encoding done
encoding RT done
retrieval 1 done
retrieval 2 done
attempting saving
save success: /projects/p31578/dtf8829/QuestConnect/CHANDAT/chanDat_ECoG20_011.mat
working on ISPC
channel: 1 took 0 minutes
channel: 2 took 0 minutes
channel: 3 took 0 minutes
channel: 4 took 0 minutes
channel: 5 took 0 minutes
channel: 6 took 0 minutes
channel: 7 took 0 minutes
channel: 8 took 0 minutes
channel: 9 took 0 minutes
channel: 10 took 0 minutes
channel: 11 took 0 minutes
channel: 12 took 3.2 minutes
channel: 13 took 3.2 minutes
channel: 14 took 3.2 minutes
channel: 15 took 3.2 minutes
channel: 16 took 3.2 minutes
channel: 17 took 3.2 minutes
channel: 18 took 3.2 minutes
channel: 19 took 3.2 minutes
channel: 20 took 3.2 minutes
channel: 21 took 3.2 minutes
channel: 22 took 3.2 minutes
channel: 23 took 3.2 minutes
channel: 24 took 3.2 minutes
channel: 25 took 3.2 minutes
channel: 26 took 3.2 minutes
channel: 27 took 3.2 minutes
channel: 28 took 3.2 minutes
channel: 29 took 3.2 minutes
channel: 30 took 3.2 minutes
channel: 31 took 3.2 minutes
channel: 32 took 3.2 minutes
channel: 33 took 3.2 minutes
channel: 34 took 3.2 minutes
channel: 35 took 3.2 minutes
channel: 36 took 3.2 minutes
channel: 37 took 3.2 minutes
channel: 38 took 3.2 minutes
channel: 39 took 3.2 minutes
channel: 40 took 3.2 minutes
channel: 41 took 3.2 minutes
channel: 42 took 3.2 minutes
channel: 43 took 3.2 minutes
channel: 44 took 3.2 minutes
channel: 45 took 3.2 minutes
channel: 46 took 3.2 minutes
channel: 47 took 3.2 minutes
channel: 48 took 3.2 minutes
channel: 49 took 3.2 minutes
channel: 50 took 3.2 minutes
channel: 51 took 3.2 minutes
channel: 52 took 3.2 minutes
channel: 53 took 3.2 minutes
channel: 54 took 3.2 minutes
channel: 55 took 3.2 minutes
channel: 56 took 3.2 minutes
channel: 57 took 3.2 minutes
channel: 58 took 3.2 minutes
channel: 59 took 3.2 minutes
channel: 60 took 3.2 minutes
channel: 61 took 3.2 minutes
channel: 62 took 3.2 minutes
channel: 63 took 3.2 minutes
channel: 64 took 3.2 minutes
channel: 65 took 3.2 minutes
channel: 66 took 3.2 minutes
channel: 67 took 3.2 minutes
channel: 68 took 3.2 minutes
channel: 69 took 3.2 minutes
channel: 70 took 3.2 minutes
channel: 71 took 3.2 minutes
channel: 72 took 3.2 minutes
channel: 73 took 3.2 minutes
channel: 74 took 3.2 minutes
channel: 75 took 3.2 minutes
channel: 76 took 3.2 minutes
channel: 77 took 3.2 minutes
channel: 78 took 3.2 minutes
channel: 79 took 3.2 minutes
channel: 80 took 3.2 minutes
channel: 81 took 3.2 minutes
channel: 82 took 3.2 minutes
channel: 83 took 3.1 minutes
channel: 84 took 3.1 minutes
channel: 85 took 3.2 minutes
channel: 86 took 3.1 minutes
attempting saving
save success: /projects/p31578/dtf8829/QuestConnect/CHANDAT/chanDat_ECoG20_011.mat
Elapsed time is 192.334959 seconds.
