getting started: 1370
attempting file: 1370
going for ECoG20 16
data loaded: ECoG20 16
HFB already done

chan =

     1

Elapsed time is 232.871357 seconds.

chan =

     2

Elapsed time is 218.079947 seconds.

chan =

     3

Elapsed time is 216.091574 seconds.

chan =

     4

Elapsed time is 216.279682 seconds.

chan =

     5

Elapsed time is 214.199495 seconds.

chan =

     6

Elapsed time is 215.831071 seconds.

chan =

     7

Elapsed time is 215.422653 seconds.

chan =

     8

Elapsed time is 213.920620 seconds.

chan =

     9

Elapsed time is 210.691526 seconds.

chan =

    10

Elapsed time is 211.920390 seconds.

chan =

    11

Elapsed time is 213.494220 seconds.

chan =

    12

Elapsed time is 207.434489 seconds.

chan =

    13

Elapsed time is 208.899526 seconds.

chan =

    14

Elapsed time is 207.874861 seconds.

chan =

    15

Elapsed time is 204.673008 seconds.

chan =

    16

Elapsed time is 199.095995 seconds.

chan =

    17

Elapsed time is 198.469176 seconds.

chan =

    18

Elapsed time is 201.406801 seconds.

chan =

    19

Elapsed time is 201.196478 seconds.

chan =

    20

Elapsed time is 198.981921 seconds.

chan =

    21

Elapsed time is 198.543823 seconds.

chan =

    22

Elapsed time is 200.049465 seconds.

chan =

    23

Elapsed time is 199.000007 seconds.

chan =

    24

Elapsed time is 197.476749 seconds.

chan =

    25

Elapsed time is 196.876458 seconds.

chan =

    26

Elapsed time is 198.364347 seconds.

chan =

    27

Elapsed time is 199.201098 seconds.

chan =

    28

Elapsed time is 200.419164 seconds.

chan =

    29

Elapsed time is 198.972865 seconds.

chan =

    30

Elapsed time is 200.806204 seconds.

chan =

    31

Elapsed time is 199.366076 seconds.

chan =

    32

Elapsed time is 199.111196 seconds.

chan =

    33

Elapsed time is 198.154621 seconds.

chan =

    34

Elapsed time is 197.664634 seconds.

chan =

    35

Elapsed time is 197.063107 seconds.

chan =

    36

Elapsed time is 199.667461 seconds.

chan =

    37

Elapsed time is 202.883287 seconds.

chan =

    38

Elapsed time is 198.623970 seconds.

chan =

    39

Elapsed time is 197.756143 seconds.

chan =

    40

Elapsed time is 198.580100 seconds.

chan =

    41

Elapsed time is 199.561386 seconds.

chan =

    42

Elapsed time is 199.693707 seconds.

chan =

    43

Elapsed time is 197.976669 seconds.

chan =

    44

Elapsed time is 196.073369 seconds.

chan =

    45

Elapsed time is 196.612672 seconds.

chan =

    46

Elapsed time is 200.090576 seconds.

chan =

    47

Elapsed time is 198.501128 seconds.

chan =

    48

Elapsed time is 200.099210 seconds.

chan =

    49

Elapsed time is 201.135624 seconds.

chan =

    50

Elapsed time is 197.780018 seconds.

chan =

    51

Elapsed time is 198.478529 seconds.

chan =

    52

Elapsed time is 197.677258 seconds.

chan =

    53

Elapsed time is 202.694480 seconds.

chan =

    54

Elapsed time is 199.365279 seconds.

chan =

    55

Elapsed time is 203.005241 seconds.

chan =

    56

Elapsed time is 202.593328 seconds.

chan =

    57

Elapsed time is 201.544768 seconds.

chan =

    58

Elapsed time is 203.858958 seconds.

chan =

    59

Elapsed time is 211.544313 seconds.

chan =

    60

Elapsed time is 216.010738 seconds.

chan =

    61

Elapsed time is 213.701863 seconds.

chan =

    62

Elapsed time is 213.734601 seconds.

chan =

    63

Elapsed time is 214.589653 seconds.

chan =

    64

Elapsed time is 206.978140 seconds.

chan =

    65

Elapsed time is 206.093424 seconds.

chan =

    66

Elapsed time is 215.399234 seconds.

chan =

    67

Elapsed time is 211.035137 seconds.

chan =

    68

Elapsed time is 209.534648 seconds.

chan =

    69

Elapsed time is 211.935031 seconds.

chan =

    70

Elapsed time is 214.771179 seconds.

chan =

    71

Elapsed time is 207.622980 seconds.

chan =

    72

Elapsed time is 215.245038 seconds.

chan =

    73

Elapsed time is 201.439359 seconds.

chan =

    74

Elapsed time is 200.537005 seconds.

chan =

    75

Elapsed time is 203.402778 seconds.

chan =

    76

Elapsed time is 202.042966 seconds.

chan =

    77

Elapsed time is 198.187728 seconds.

chan =

    78

Elapsed time is 201.847265 seconds.

chan =

    79

Elapsed time is 208.288325 seconds.

chan =

    80

Elapsed time is 218.350994 seconds.

chan =

    81

Elapsed time is 208.612144 seconds.

chan =

    82

Elapsed time is 223.040844 seconds.

chan =

    83

Elapsed time is 203.860081 seconds.

chan =

    84

Elapsed time is 194.271342 seconds.

chan =

    85

Elapsed time is 207.848178 seconds.

chan =

    86

Elapsed time is 198.187021 seconds.
attempting saving
save success: /projects/p31578/dtf8829/QuestConnect/CHANDAT/chanDat_ECoG20_016.mat
working on TF
encoding done
encoding RT done
retrieval 1 done
retrieval 2 done
attempting saving
save success: /projects/p31578/dtf8829/QuestConnect/CHANDAT/chanDat_ECoG20_016.mat
working on ISPC
channel: 1 took 0 minutes
channel: 2 took 0 minutes
channel: 3 took 0 minutes
channel: 4 took 0 minutes
channel: 5 took 0 minutes
channel: 6 took 0 minutes
channel: 7 took 0 minutes
channel: 8 took 0 minutes
channel: 9 took 0 minutes
channel: 10 took 0 minutes
channel: 11 took 0 minutes
channel: 12 took 0 minutes
channel: 13 took 0 minutes
channel: 14 took 0 minutes
channel: 15 took 0 minutes
channel: 16 took 0 minutes
channel: 17 took 3.2 minutes
channel: 18 took 3.2 minutes
channel: 19 took 3.1 minutes
channel: 20 took 3.1 minutes
channel: 21 took 3.1 minutes
channel: 22 took 3.1 minutes
channel: 23 took 3 minutes
channel: 24 took 3.1 minutes
channel: 25 took 3.1 minutes
channel: 26 took 3.1 minutes
channel: 27 took 3 minutes
channel: 28 took 3 minutes
channel: 29 took 3 minutes
channel: 30 took 3 minutes
channel: 31 took 3.1 minutes
channel: 32 took 3.1 minutes
channel: 33 took 3.1 minutes
channel: 34 took 3 minutes
channel: 35 took 3.1 minutes
channel: 36 took 3 minutes
channel: 37 took 3.1 minutes
channel: 38 took 3.1 minutes
channel: 39 took 3.1 minutes
channel: 40 took 3 minutes
channel: 41 took 3.1 minutes
channel: 42 took 3 minutes
channel: 43 took 3.1 minutes
channel: 44 took 3.1 minutes
channel: 45 took 3 minutes
channel: 46 took 3 minutes
channel: 47 took 3.1 minutes
channel: 48 took 3.1 minutes
channel: 49 took 3.1 minutes
channel: 50 took 3 minutes
channel: 51 took 3 minutes
channel: 52 took 3 minutes
channel: 53 took 3.1 minutes
channel: 54 took 3 minutes
channel: 55 took 3.1 minutes
channel: 56 took 3.1 minutes
channel: 57 took 3 minutes
channel: 58 took 3 minutes
channel: 59 took 3.1 minutes
channel: 60 took 3 minutes
channel: 61 took 3 minutes
channel: 62 took 3 minutes
channel: 63 took 3.1 minutes
channel: 64 took 3 minutes
channel: 65 took 3.1 minutes
channel: 66 took 3.1 minutes
channel: 67 took 3.1 minutes
channel: 68 took 3 minutes
channel: 69 took 3 minutes
channel: 70 took 3.1 minutes
channel: 71 took 3 minutes
channel: 72 took 3 minutes
channel: 73 took 3.1 minutes
channel: 74 took 3.1 minutes
channel: 75 took 3 minutes
channel: 76 took 3 minutes
channel: 77 took 3.1 minutes
channel: 78 took 3.1 minutes
channel: 79 took 3 minutes
channel: 80 took 3.1 minutes
channel: 81 took 3.1 minutes
channel: 82 took 3 minutes
channel: 83 took 3 minutes
channel: 84 took 3 minutes
channel: 85 took 3 minutes
channel: 86 took 3 minutes
attempting saving
save success: /projects/p31578/dtf8829/QuestConnect/CHANDAT/chanDat_ECoG20_016.mat
Elapsed time is 184.893972 seconds.
