getting started: 1431
attempting file: 1431
going for ECoG20 77
data loaded: ECoG20 77
HFB already done

chan =

     1

Elapsed time is 303.407624 seconds.

chan =

     2

Elapsed time is 299.822919 seconds.

chan =

     3

Elapsed time is 299.224422 seconds.

chan =

     4

Elapsed time is 301.437063 seconds.

chan =

     5

Elapsed time is 300.058739 seconds.

chan =

     6

Elapsed time is 302.249786 seconds.

chan =

     7

Elapsed time is 302.395167 seconds.

chan =

     8

Elapsed time is 302.206995 seconds.

chan =

     9

Elapsed time is 299.591749 seconds.

chan =

    10

Elapsed time is 300.917336 seconds.

chan =

    11

Elapsed time is 300.348205 seconds.

chan =

    12

Elapsed time is 300.750066 seconds.

chan =

    13

Elapsed time is 299.879141 seconds.

chan =

    14

Elapsed time is 299.492782 seconds.

chan =

    15

Elapsed time is 298.548825 seconds.

chan =

    16

Elapsed time is 300.282580 seconds.

chan =

    17

Elapsed time is 297.069460 seconds.

chan =

    18

Elapsed time is 291.143346 seconds.

chan =

    19

Elapsed time is 287.817429 seconds.

chan =

    20

Elapsed time is 281.662680 seconds.

chan =

    21

Elapsed time is 281.054520 seconds.

chan =

    22

Elapsed time is 273.902020 seconds.

chan =

    23

Elapsed time is 272.372185 seconds.

chan =

    24

Elapsed time is 265.522457 seconds.

chan =

    25

Elapsed time is 261.469039 seconds.

chan =

    26

Elapsed time is 256.625606 seconds.

chan =

    27

Elapsed time is 250.986931 seconds.

chan =

    28

Elapsed time is 248.890270 seconds.

chan =

    29

Elapsed time is 249.377238 seconds.

chan =

    30

Elapsed time is 248.103574 seconds.

chan =

    31

Elapsed time is 248.466392 seconds.

chan =

    32

Elapsed time is 247.732062 seconds.

chan =

    33

Elapsed time is 247.612315 seconds.

chan =

    34

Elapsed time is 243.355860 seconds.

chan =

    35

Elapsed time is 246.314173 seconds.

chan =

    36

Elapsed time is 263.358818 seconds.

chan =

    37

Elapsed time is 265.614804 seconds.

chan =

    38

Elapsed time is 263.211252 seconds.

chan =

    39

Elapsed time is 264.447952 seconds.

chan =

    40

Elapsed time is 265.330142 seconds.

chan =

    41

Elapsed time is 264.591080 seconds.

chan =

    42

Elapsed time is 265.669586 seconds.

chan =

    43

Elapsed time is 258.679174 seconds.

chan =

    44

Elapsed time is 251.168903 seconds.

chan =

    45

Elapsed time is 265.322896 seconds.

chan =

    46

Elapsed time is 263.349024 seconds.

chan =

    47

Elapsed time is 265.675922 seconds.

chan =

    48

Elapsed time is 260.810521 seconds.

chan =

    49

Elapsed time is 252.547599 seconds.

chan =

    50

Elapsed time is 255.536952 seconds.

chan =

    51

Elapsed time is 262.573302 seconds.

chan =

    52

Elapsed time is 262.814932 seconds.

chan =

    53

Elapsed time is 262.092983 seconds.

chan =

    54

Elapsed time is 259.774692 seconds.

chan =

    55

Elapsed time is 263.507663 seconds.

chan =

    56

Elapsed time is 262.977722 seconds.

chan =

    57

Elapsed time is 261.745753 seconds.

chan =

    58

Elapsed time is 258.660894 seconds.

chan =

    59

Elapsed time is 254.969410 seconds.

chan =

    60

Elapsed time is 262.171656 seconds.

chan =

    61

Elapsed time is 263.233477 seconds.

chan =

    62

Elapsed time is 262.823827 seconds.

chan =

    63

Elapsed time is 260.336112 seconds.

chan =

    64

Elapsed time is 261.504527 seconds.

chan =

    65

Elapsed time is 245.800734 seconds.

chan =

    66

Elapsed time is 243.209515 seconds.

chan =

    67

Elapsed time is 244.796940 seconds.

chan =

    68

Elapsed time is 242.207916 seconds.

chan =

    69

Elapsed time is 243.595410 seconds.

chan =

    70

Elapsed time is 254.230207 seconds.

chan =

    71

Elapsed time is 249.297886 seconds.

chan =

    72

Elapsed time is 242.556404 seconds.

chan =

    73

Elapsed time is 252.135309 seconds.

chan =

    74

Elapsed time is 258.155700 seconds.

chan =

    75

Elapsed time is 259.766377 seconds.

chan =

    76

Elapsed time is 258.253669 seconds.

chan =

    77

Elapsed time is 258.860763 seconds.

chan =

    78

Elapsed time is 257.430493 seconds.

chan =

    79

Elapsed time is 258.932123 seconds.

chan =

    80

Elapsed time is 258.317120 seconds.

chan =

    81

Elapsed time is 257.919956 seconds.

chan =

    82

Elapsed time is 256.803254 seconds.

chan =

    83

Elapsed time is 258.572791 seconds.

chan =

    84

Elapsed time is 257.026869 seconds.

chan =

    85

Elapsed time is 257.868118 seconds.

chan =

    86

Elapsed time is 247.847112 seconds.
attempting saving
save success: /projects/p31578/dtf8829/QuestConnect/CHANDAT/chanDat_ECoG20_077.mat
working on TF
encoding done
encoding RT done
retrieval 1 done
retrieval 2 done
attempting saving
save success: /projects/p31578/dtf8829/QuestConnect/CHANDAT/chanDat_ECoG20_077.mat
working on ISPC
channel: 1 took 0 minutes
channel: 2 took 0 minutes
channel: 3 took 0 minutes
channel: 4 took 0 minutes
channel: 5 took 0 minutes
channel: 6 took 0 minutes
channel: 7 took 0 minutes
channel: 8 took 0 minutes
channel: 9 took 0 minutes
channel: 10 took 0 minutes
channel: 11 took 0 minutes
channel: 12 took 0 minutes
channel: 13 took 0 minutes
channel: 14 took 0 minutes
channel: 15 took 0 minutes
channel: 16 took 0 minutes
channel: 17 took 0 minutes
channel: 18 took 0 minutes
channel: 19 took 0 minutes
channel: 20 took 0 minutes
channel: 21 took 0 minutes
channel: 22 took 0 minutes
channel: 23 took 0 minutes
channel: 24 took 0 minutes
channel: 25 took 0 minutes
channel: 26 took 0 minutes
channel: 27 took 0 minutes
channel: 28 took 0 minutes
channel: 29 took 0 minutes
channel: 30 took 0 minutes
channel: 31 took 0 minutes
channel: 32 took 0 minutes
channel: 33 took 0 minutes
channel: 34 took 0 minutes
channel: 35 took 0 minutes
channel: 36 took 0 minutes
channel: 37 took 0 minutes
channel: 38 took 0 minutes
channel: 39 took 0 minutes
channel: 40 took 0 minutes
channel: 41 took 0 minutes
channel: 42 took 0 minutes
channel: 43 took 0 minutes
channel: 44 took 0 minutes
channel: 45 took 0 minutes
channel: 46 took 0 minutes
channel: 47 took 0 minutes
channel: 48 took 0 minutes
channel: 49 took 0 minutes
channel: 50 took 0 minutes
channel: 51 took 0 minutes
channel: 52 took 0 minutes
channel: 53 took 0 minutes
channel: 54 took 0 minutes
channel: 55 took 0 minutes
channel: 56 took 0 minutes
channel: 57 took 0 minutes
channel: 58 took 0 minutes
channel: 59 took 0 minutes
channel: 60 took 0 minutes
channel: 61 took 0 minutes
channel: 62 took 0 minutes
channel: 63 took 0 minutes
channel: 64 took 0 minutes
channel: 65 took 0 minutes
channel: 66 took 0 minutes
channel: 67 took 0 minutes
channel: 68 took 0 minutes
channel: 69 took 0 minutes
channel: 70 took 0 minutes
channel: 71 took 0 minutes
channel: 72 took 0 minutes
channel: 73 took 0 minutes
channel: 74 took 0 minutes
channel: 75 took 0 minutes
channel: 76 took 0 minutes
channel: 77 took 0 minutes
channel: 78 took 4 minutes
channel: 79 took 4 minutes
channel: 80 took 3.9 minutes
channel: 81 took 3.7 minutes
channel: 82 took 3.8 minutes
channel: 83 took 3.8 minutes
channel: 84 took 3.8 minutes
channel: 85 took 3.8 minutes
channel: 86 took 3.8 minutes
attempting saving
save success: /projects/p31578/dtf8829/QuestConnect/CHANDAT/chanDat_ECoG20_077.mat
Elapsed time is 232.673144 seconds.
