getting started: 1369
attempting file: 1369
going for ECoG20 15
data loaded: ECoG20 15
HFB already done

chan =

     1

Elapsed time is 233.426686 seconds.

chan =

     2

Elapsed time is 216.824553 seconds.

chan =

     3

Elapsed time is 217.120323 seconds.

chan =

     4

Elapsed time is 214.705681 seconds.

chan =

     5

Elapsed time is 213.971547 seconds.

chan =

     6

Elapsed time is 215.366585 seconds.

chan =

     7

Elapsed time is 215.197954 seconds.

chan =

     8

Elapsed time is 212.026647 seconds.

chan =

     9

Elapsed time is 212.299736 seconds.

chan =

    10

Elapsed time is 213.728781 seconds.

chan =

    11

Elapsed time is 212.925660 seconds.

chan =

    12

Elapsed time is 207.126184 seconds.

chan =

    13

Elapsed time is 209.086867 seconds.

chan =

    14

Elapsed time is 206.259825 seconds.

chan =

    15

Elapsed time is 204.192453 seconds.

chan =

    16

Elapsed time is 196.050755 seconds.

chan =

    17

Elapsed time is 196.528358 seconds.

chan =

    18

Elapsed time is 203.503537 seconds.

chan =

    19

Elapsed time is 199.236741 seconds.

chan =

    20

Elapsed time is 196.637118 seconds.

chan =

    21

Elapsed time is 197.086802 seconds.

chan =

    22

Elapsed time is 196.717858 seconds.

chan =

    23

Elapsed time is 196.878063 seconds.

chan =

    24

Elapsed time is 195.372210 seconds.

chan =

    25

Elapsed time is 193.960159 seconds.

chan =

    26

Elapsed time is 197.118659 seconds.

chan =

    27

Elapsed time is 194.634858 seconds.

chan =

    28

Elapsed time is 197.617035 seconds.

chan =

    29

Elapsed time is 197.749203 seconds.

chan =

    30

Elapsed time is 197.195720 seconds.

chan =

    31

Elapsed time is 196.373838 seconds.

chan =

    32

Elapsed time is 198.313835 seconds.

chan =

    33

Elapsed time is 193.867162 seconds.

chan =

    34

Elapsed time is 194.932616 seconds.

chan =

    35

Elapsed time is 194.638385 seconds.

chan =

    36

Elapsed time is 195.923803 seconds.

chan =

    37

Elapsed time is 200.419001 seconds.

chan =

    38

Elapsed time is 197.783766 seconds.

chan =

    39

Elapsed time is 195.888013 seconds.

chan =

    40

Elapsed time is 196.335845 seconds.

chan =

    41

Elapsed time is 196.341797 seconds.

chan =

    42

Elapsed time is 197.048258 seconds.

chan =

    43

Elapsed time is 196.428901 seconds.

chan =

    44

Elapsed time is 194.311812 seconds.

chan =

    45

Elapsed time is 194.662714 seconds.

chan =

    46

Elapsed time is 197.041060 seconds.

chan =

    47

Elapsed time is 197.210337 seconds.

chan =

    48

Elapsed time is 195.923061 seconds.

chan =

    49

Elapsed time is 200.349384 seconds.

chan =

    50

Elapsed time is 194.873377 seconds.

chan =

    51

Elapsed time is 195.835663 seconds.

chan =

    52

Elapsed time is 196.086918 seconds.

chan =

    53

Elapsed time is 198.681562 seconds.

chan =

    54

Elapsed time is 194.328875 seconds.

chan =

    55

Elapsed time is 200.043499 seconds.

chan =

    56

Elapsed time is 200.586515 seconds.

chan =

    57

Elapsed time is 200.305277 seconds.

chan =

    58

Elapsed time is 198.364705 seconds.

chan =

    59

Elapsed time is 203.296014 seconds.

chan =

    60

Elapsed time is 211.405730 seconds.

chan =

    61

Elapsed time is 214.291260 seconds.

chan =

    62

Elapsed time is 209.370281 seconds.

chan =

    63

Elapsed time is 212.346358 seconds.

chan =

    64

Elapsed time is 211.926416 seconds.

chan =

    65

Elapsed time is 198.892860 seconds.

chan =

    66

Elapsed time is 208.387443 seconds.

chan =

    67

Elapsed time is 211.507532 seconds.

chan =

    68

Elapsed time is 206.131479 seconds.

chan =

    69

Elapsed time is 210.423970 seconds.

chan =

    70

Elapsed time is 210.840854 seconds.

chan =

    71

Elapsed time is 208.143148 seconds.

chan =

    72

Elapsed time is 208.604494 seconds.

chan =

    73

Elapsed time is 209.981436 seconds.

chan =

    74

Elapsed time is 195.304304 seconds.

chan =

    75

Elapsed time is 201.922437 seconds.

chan =

    76

Elapsed time is 203.030392 seconds.

chan =

    77

Elapsed time is 198.480054 seconds.

chan =

    78

Elapsed time is 196.755351 seconds.

chan =

    79

Elapsed time is 198.883992 seconds.

chan =

    80

Elapsed time is 209.041123 seconds.

chan =

    81

Elapsed time is 216.931277 seconds.

chan =

    82

Elapsed time is 211.587358 seconds.

chan =

    83

Elapsed time is 214.717709 seconds.

chan =

    84

Elapsed time is 200.709020 seconds.

chan =

    85

Elapsed time is 192.851845 seconds.

chan =

    86

Elapsed time is 209.450051 seconds.
attempting saving
save success: /projects/p31578/dtf8829/QuestConnect/CHANDAT/chanDat_ECoG20_015.mat
working on TF
encoding done
encoding RT done
retrieval 1 done
retrieval 2 done
attempting saving
save success: /projects/p31578/dtf8829/QuestConnect/CHANDAT/chanDat_ECoG20_015.mat
working on ISPC
channel: 1 took 0 minutes
channel: 2 took 0 minutes
channel: 3 took 0 minutes
channel: 4 took 0 minutes
channel: 5 took 0 minutes
channel: 6 took 0 minutes
channel: 7 took 0 minutes
channel: 8 took 0 minutes
channel: 9 took 0 minutes
channel: 10 took 0 minutes
channel: 11 took 0 minutes
channel: 12 took 0 minutes
channel: 13 took 0 minutes
channel: 14 took 0 minutes
channel: 15 took 0 minutes
channel: 16 took 3.2 minutes
channel: 17 took 3.2 minutes
channel: 18 took 3.2 minutes
channel: 19 took 3.1 minutes
channel: 20 took 3 minutes
channel: 21 took 3 minutes
channel: 22 took 3 minutes
channel: 23 took 3.1 minutes
channel: 24 took 3.1 minutes
channel: 25 took 3.1 minutes
channel: 26 took 3.1 minutes
channel: 27 took 3 minutes
channel: 28 took 3 minutes
channel: 29 took 3 minutes
channel: 30 took 3 minutes
channel: 31 took 3.1 minutes
channel: 32 took 3.1 minutes
channel: 33 took 3.1 minutes
channel: 34 took 3 minutes
channel: 35 took 3 minutes
channel: 36 took 3 minutes
channel: 37 took 3.1 minutes
channel: 38 took 3.1 minutes
channel: 39 took 3.1 minutes
channel: 40 took 3 minutes
channel: 41 took 3 minutes
channel: 42 took 3.1 minutes
channel: 43 took 3.1 minutes
channel: 44 took 3 minutes
channel: 45 took 3 minutes
channel: 46 took 3 minutes
channel: 47 took 3.1 minutes
channel: 48 took 3.1 minutes
channel: 49 took 3 minutes
channel: 50 took 3 minutes
channel: 51 took 3 minutes
channel: 52 took 3 minutes
channel: 53 took 3 minutes
channel: 54 took 3 minutes
channel: 55 took 3.1 minutes
channel: 56 took 3.1 minutes
channel: 57 took 3 minutes
channel: 58 took 3 minutes
channel: 59 took 3 minutes
channel: 60 took 3 minutes
channel: 61 took 3 minutes
channel: 62 took 3 minutes
channel: 63 took 3.1 minutes
channel: 64 took 3 minutes
channel: 65 took 3 minutes
channel: 66 took 3.1 minutes
channel: 67 took 3.1 minutes
channel: 68 took 3 minutes
channel: 69 took 3 minutes
channel: 70 took 3.1 minutes
channel: 71 took 3 minutes
channel: 72 took 3.1 minutes
channel: 73 took 3.1 minutes
channel: 74 took 3 minutes
channel: 75 took 3 minutes
channel: 76 took 3 minutes
channel: 77 took 3.1 minutes
channel: 78 took 3 minutes
channel: 79 took 3 minutes
channel: 80 took 3.1 minutes
channel: 81 took 3.1 minutes
channel: 82 took 3 minutes
channel: 83 took 3 minutes
channel: 84 took 3 minutes
channel: 85 took 3 minutes
channel: 86 took 3 minutes
attempting saving
save success: /projects/p31578/dtf8829/QuestConnect/CHANDAT/chanDat_ECoG20_015.mat
Elapsed time is 185.056250 seconds.
