getting started: 1402
attempting file: 1402
going for ECoG20 48
data loaded: ECoG20 48
HFB already done

chan =

     1

Elapsed time is 307.051529 seconds.

chan =

     2

Elapsed time is 304.557108 seconds.

chan =

     3

Elapsed time is 302.756624 seconds.

chan =

     4

Elapsed time is 303.020502 seconds.

chan =

     5

Elapsed time is 304.039520 seconds.

chan =

     6

Elapsed time is 303.200871 seconds.

chan =

     7

Elapsed time is 303.692633 seconds.

chan =

     8

Elapsed time is 303.139639 seconds.

chan =

     9

Elapsed time is 301.866786 seconds.

chan =

    10

Elapsed time is 295.177079 seconds.

chan =

    11

Elapsed time is 294.082662 seconds.

chan =

    12

Elapsed time is 256.085042 seconds.

chan =

    13

Elapsed time is 234.860720 seconds.

chan =

    14

Elapsed time is 242.624052 seconds.

chan =

    15

Elapsed time is 291.402089 seconds.

chan =

    16

Elapsed time is 298.401174 seconds.

chan =

    17

Elapsed time is 301.207359 seconds.

chan =

    18

Elapsed time is 303.284783 seconds.

chan =

    19

Elapsed time is 294.730368 seconds.

chan =

    20

Elapsed time is 286.793358 seconds.

chan =

    21

Elapsed time is 282.411378 seconds.

chan =

    22

Elapsed time is 278.352118 seconds.

chan =

    23

Elapsed time is 275.075061 seconds.

chan =

    24

Elapsed time is 271.073278 seconds.

chan =

    25

Elapsed time is 270.140556 seconds.

chan =

    26

Elapsed time is 270.498539 seconds.

chan =

    27

Elapsed time is 270.088382 seconds.

chan =

    28

Elapsed time is 271.693300 seconds.

chan =

    29

Elapsed time is 275.173245 seconds.

chan =

    30

Elapsed time is 275.762765 seconds.

chan =

    31

Elapsed time is 274.328576 seconds.

chan =

    32

Elapsed time is 274.929453 seconds.

chan =

    33

Elapsed time is 274.174371 seconds.

chan =

    34

Elapsed time is 275.075646 seconds.

chan =

    35

Elapsed time is 276.214443 seconds.

chan =

    36

Elapsed time is 275.538480 seconds.

chan =

    37

Elapsed time is 274.538098 seconds.

chan =

    38

Elapsed time is 274.585274 seconds.

chan =

    39

Elapsed time is 274.073589 seconds.

chan =

    40

Elapsed time is 274.797303 seconds.

chan =

    41

Elapsed time is 273.806508 seconds.

chan =

    42

Elapsed time is 274.976461 seconds.

chan =

    43

Elapsed time is 274.186733 seconds.

chan =

    44

Elapsed time is 287.629898 seconds.

chan =

    45

Elapsed time is 292.103466 seconds.

chan =

    46

Elapsed time is 274.047165 seconds.

chan =

    47

Elapsed time is 268.533170 seconds.

chan =

    48

Elapsed time is 279.268548 seconds.

chan =

    49

Elapsed time is 273.372801 seconds.

chan =

    50

Elapsed time is 277.342896 seconds.

chan =

    51

Elapsed time is 280.836832 seconds.

chan =

    52

Elapsed time is 280.739482 seconds.

chan =

    53

Elapsed time is 282.452689 seconds.

chan =

    54

Elapsed time is 282.169907 seconds.

chan =

    55

Elapsed time is 268.330193 seconds.

chan =

    56

Elapsed time is 280.539139 seconds.

chan =

    57

Elapsed time is 279.787496 seconds.

chan =

    58

Elapsed time is 278.945241 seconds.

chan =

    59

Elapsed time is 276.617570 seconds.

chan =

    60

Elapsed time is 266.998718 seconds.

chan =

    61

Elapsed time is 269.219810 seconds.

chan =

    62

Elapsed time is 264.797281 seconds.

chan =

    63

Elapsed time is 255.580423 seconds.

chan =

    64

Elapsed time is 250.907131 seconds.

chan =

    65

Elapsed time is 246.220724 seconds.

chan =

    66

Elapsed time is 243.057059 seconds.

chan =

    67

Elapsed time is 243.570076 seconds.

chan =

    68

Elapsed time is 248.592324 seconds.

chan =

    69

Elapsed time is 252.898354 seconds.

chan =

    70

Elapsed time is 242.916763 seconds.

chan =

    71

Elapsed time is 246.087685 seconds.

chan =

    72

Elapsed time is 258.726380 seconds.

chan =

    73

Elapsed time is 258.735273 seconds.

chan =

    74

Elapsed time is 257.610709 seconds.

chan =

    75

Elapsed time is 258.816518 seconds.

chan =

    76

Elapsed time is 258.784413 seconds.

chan =

    77

Elapsed time is 258.856720 seconds.

chan =

    78

Elapsed time is 257.998224 seconds.

chan =

    79

Elapsed time is 258.278975 seconds.

chan =

    80

Elapsed time is 258.712388 seconds.

chan =

    81

Elapsed time is 258.560561 seconds.

chan =

    82

Elapsed time is 258.170895 seconds.

chan =

    83

Elapsed time is 258.841216 seconds.

chan =

    84

Elapsed time is 258.778719 seconds.

chan =

    85

Elapsed time is 259.171486 seconds.

chan =

    86

Elapsed time is 259.755658 seconds.
attempting saving
save success: /projects/p31578/dtf8829/QuestConnect/CHANDAT/chanDat_ECoG20_048.mat
working on TF
encoding done
encoding RT done
retrieval 1 done
retrieval 2 done
attempting saving
save success: /projects/p31578/dtf8829/QuestConnect/CHANDAT/chanDat_ECoG20_048.mat
working on ISPC
channel: 1 took 0 minutes
channel: 2 took 0 minutes
channel: 3 took 0 minutes
channel: 4 took 0 minutes
channel: 5 took 0 minutes
channel: 6 took 0 minutes
channel: 7 took 0 minutes
channel: 8 took 0 minutes
channel: 9 took 0 minutes
channel: 10 took 0 minutes
channel: 11 took 0 minutes
channel: 12 took 0 minutes
channel: 13 took 0 minutes
channel: 14 took 0 minutes
channel: 15 took 0 minutes
channel: 16 took 0 minutes
channel: 17 took 0 minutes
channel: 18 took 0 minutes
channel: 19 took 0 minutes
channel: 20 took 0 minutes
channel: 21 took 0 minutes
channel: 22 took 0 minutes
channel: 23 took 0 minutes
channel: 24 took 0 minutes
channel: 25 took 0 minutes
channel: 26 took 0 minutes
channel: 27 took 0 minutes
channel: 28 took 0 minutes
channel: 29 took 0 minutes
channel: 30 took 0 minutes
channel: 31 took 0 minutes
channel: 32 took 0 minutes
channel: 33 took 0 minutes
channel: 34 took 0 minutes
channel: 35 took 0 minutes
channel: 36 took 0 minutes
channel: 37 took 0 minutes
channel: 38 took 0 minutes
channel: 39 took 0 minutes
channel: 40 took 0 minutes
channel: 41 took 0 minutes
channel: 42 took 0 minutes
channel: 43 took 0 minutes
channel: 44 took 0 minutes
channel: 45 took 0 minutes
channel: 46 took 0 minutes
channel: 47 took 0 minutes
channel: 48 took 0 minutes
channel: 49 took 4.3 minutes
channel: 50 took 4.1 minutes
channel: 51 took 4 minutes
channel: 52 took 4 minutes
channel: 53 took 4 minutes
channel: 54 took 4 minutes
channel: 55 took 4 minutes
channel: 56 took 4 minutes
channel: 57 took 4 minutes
channel: 58 took 4 minutes
channel: 59 took 3.9 minutes
channel: 60 took 3.7 minutes
channel: 61 took 3.7 minutes
channel: 62 took 3.6 minutes
channel: 63 took 3.6 minutes
channel: 64 took 3.6 minutes
channel: 65 took 3.6 minutes
channel: 66 took 3.6 minutes
channel: 67 took 3.6 minutes
channel: 68 took 3.6 minutes
channel: 69 took 3.6 minutes
channel: 70 took 3.6 minutes
channel: 71 took 3.6 minutes
channel: 72 took 3.7 minutes
channel: 73 took 3.7 minutes
channel: 74 took 3.6 minutes
channel: 75 took 3.6 minutes
channel: 76 took 3.7 minutes
channel: 77 took 4.5 minutes
channel: 78 took 4.2 minutes
channel: 79 took 4.8 minutes
channel: 80 took 4.9 minutes
channel: 81 took 4.9 minutes
channel: 82 took 4.1 minutes
channel: 83 took 3.9 minutes
channel: 84 took 3.7 minutes
channel: 85 took 3.6 minutes
channel: 86 took 4 minutes
attempting saving
save success: /projects/p31578/dtf8829/QuestConnect/CHANDAT/chanDat_ECoG20_048.mat
Elapsed time is 241.353487 seconds.
