getting started: 1439
attempting file: 1439
going for ECoG20 85
data loaded: ECoG20 85
HFB already done

chan =

     1

Elapsed time is 291.188907 seconds.

chan =

     2

Elapsed time is 283.439741 seconds.

chan =

     3

Elapsed time is 286.611300 seconds.

chan =

     4

Elapsed time is 284.105084 seconds.

chan =

     5

Elapsed time is 283.330156 seconds.

chan =

     6

Elapsed time is 287.097114 seconds.

chan =

     7

Elapsed time is 283.553314 seconds.

chan =

     8

Elapsed time is 284.320688 seconds.

chan =

     9

Elapsed time is 282.745451 seconds.

chan =

    10

Elapsed time is 284.594391 seconds.

chan =

    11

Elapsed time is 283.755899 seconds.

chan =

    12

Elapsed time is 285.797615 seconds.

chan =

    13

Elapsed time is 277.818210 seconds.

chan =

    14

Elapsed time is 274.269006 seconds.

chan =

    15

Elapsed time is 275.993673 seconds.

chan =

    16

Elapsed time is 266.562733 seconds.

chan =

    17

Elapsed time is 318.473507 seconds.

chan =

    18

Elapsed time is 317.228635 seconds.

chan =

    19

Elapsed time is 300.220735 seconds.

chan =

    20

Elapsed time is 305.541896 seconds.

chan =

    21

Elapsed time is 290.764243 seconds.

chan =

    22

Elapsed time is 297.004969 seconds.

chan =

    23

Elapsed time is 291.128054 seconds.

chan =

    24

Elapsed time is 297.586242 seconds.

chan =

    25

Elapsed time is 291.015916 seconds.

chan =

    26

Elapsed time is 293.248963 seconds.

chan =

    27

Elapsed time is 290.677416 seconds.

chan =

    28

Elapsed time is 293.467319 seconds.

chan =

    29

Elapsed time is 290.834304 seconds.

chan =

    30

Elapsed time is 295.031397 seconds.

chan =

    31

Elapsed time is 291.149016 seconds.

chan =

    32

Elapsed time is 295.013695 seconds.

chan =

    33

Elapsed time is 291.459987 seconds.

chan =

    34

Elapsed time is 292.608695 seconds.

chan =

    35

Elapsed time is 308.498329 seconds.

chan =

    36

Elapsed time is 311.250943 seconds.

chan =

    37

Elapsed time is 310.130952 seconds.

chan =

    38

Elapsed time is 309.496349 seconds.

chan =

    39

Elapsed time is 307.926979 seconds.

chan =

    40

Elapsed time is 307.755627 seconds.

chan =

    41

Elapsed time is 296.684564 seconds.

chan =

    42

Elapsed time is 304.187501 seconds.

chan =

    43

Elapsed time is 310.050830 seconds.

chan =

    44

Elapsed time is 305.892815 seconds.

chan =

    45

Elapsed time is 308.947649 seconds.

chan =

    46

Elapsed time is 296.809788 seconds.

chan =

    47

Elapsed time is 302.514802 seconds.

chan =

    48

Elapsed time is 304.395509 seconds.

chan =

    49

Elapsed time is 306.064854 seconds.

chan =

    50

Elapsed time is 299.001725 seconds.

chan =

    51

Elapsed time is 307.443096 seconds.

chan =

    52

Elapsed time is 304.841425 seconds.

chan =

    53

Elapsed time is 300.306650 seconds.

chan =

    54

Elapsed time is 297.640920 seconds.

chan =

    55

Elapsed time is 305.687264 seconds.

chan =

    56

Elapsed time is 305.466000 seconds.

chan =

    57

Elapsed time is 304.524566 seconds.

chan =

    58

Elapsed time is 300.781043 seconds.

chan =

    59

Elapsed time is 301.860483 seconds.

chan =

    60

Elapsed time is 288.793764 seconds.

chan =

    61

Elapsed time is 290.014478 seconds.

chan =

    62

Elapsed time is 289.588170 seconds.

chan =

    63

Elapsed time is 289.372069 seconds.

chan =

    64

Elapsed time is 291.084887 seconds.

chan =

    65

Elapsed time is 288.321572 seconds.

chan =

    66

Elapsed time is 290.669628 seconds.

chan =

    67

Elapsed time is 289.177910 seconds.

chan =

    68

Elapsed time is 290.650055 seconds.

chan =

    69

Elapsed time is 287.585341 seconds.

chan =

    70

Elapsed time is 293.763826 seconds.

chan =

    71

Elapsed time is 287.323912 seconds.

chan =

    72

Elapsed time is 295.331993 seconds.

chan =

    73

Elapsed time is 286.302528 seconds.

chan =

    74

Elapsed time is 292.679372 seconds.

chan =

    75

Elapsed time is 285.531695 seconds.

chan =

    76

Elapsed time is 293.993761 seconds.

chan =

    77

Elapsed time is 287.297788 seconds.

chan =

    78

Elapsed time is 291.576212 seconds.

chan =

    79

Elapsed time is 285.937970 seconds.

chan =

    80

Elapsed time is 290.505679 seconds.

chan =

    81

Elapsed time is 286.441606 seconds.

chan =

    82

Elapsed time is 289.735126 seconds.

chan =

    83

Elapsed time is 286.810453 seconds.

chan =

    84

Elapsed time is 289.171829 seconds.

chan =

    85

Elapsed time is 285.272852 seconds.

chan =

    86

Elapsed time is 263.814949 seconds.
attempting saving
save success: /projects/p31578/dtf8829/QuestConnect/CHANDAT/chanDat_ECoG20_085.mat
working on TF
encoding done
encoding RT done
retrieval 1 done
retrieval 2 done
attempting saving
save success: /projects/p31578/dtf8829/QuestConnect/CHANDAT/chanDat_ECoG20_085.mat
working on ISPC
channel: 1 took 0 minutes
channel: 2 took 0 minutes
channel: 3 took 0 minutes
channel: 4 took 0 minutes
channel: 5 took 0 minutes
channel: 6 took 0 minutes
channel: 7 took 0 minutes
channel: 8 took 0 minutes
channel: 9 took 0 minutes
channel: 10 took 0 minutes
channel: 11 took 0 minutes
channel: 12 took 0 minutes
channel: 13 took 0 minutes
channel: 14 took 0 minutes
channel: 15 took 0 minutes
channel: 16 took 0 minutes
channel: 17 took 0 minutes
channel: 18 took 0 minutes
channel: 19 took 0 minutes
channel: 20 took 0 minutes
channel: 21 took 0 minutes
channel: 22 took 0 minutes
channel: 23 took 0 minutes
channel: 24 took 0 minutes
channel: 25 took 0 minutes
channel: 26 took 0 minutes
channel: 27 took 0 minutes
channel: 28 took 0 minutes
channel: 29 took 0 minutes
channel: 30 took 0 minutes
channel: 31 took 0 minutes
channel: 32 took 0 minutes
channel: 33 took 0 minutes
channel: 34 took 0 minutes
channel: 35 took 0 minutes
channel: 36 took 0 minutes
channel: 37 took 0 minutes
channel: 38 took 0 minutes
channel: 39 took 0 minutes
channel: 40 took 0 minutes
channel: 41 took 0 minutes
channel: 42 took 0 minutes
channel: 43 took 0 minutes
channel: 44 took 0 minutes
channel: 45 took 0 minutes
channel: 46 took 0 minutes
channel: 47 took 0 minutes
channel: 48 took 0 minutes
channel: 49 took 0 minutes
channel: 50 took 0 minutes
channel: 51 took 0 minutes
channel: 52 took 0 minutes
channel: 53 took 0 minutes
channel: 54 took 0 minutes
channel: 55 took 0 minutes
channel: 56 took 0 minutes
channel: 57 took 0 minutes
channel: 58 took 0 minutes
channel: 59 took 0 minutes
channel: 60 took 0 minutes
channel: 61 took 0 minutes
channel: 62 took 0 minutes
channel: 63 took 0 minutes
channel: 64 took 0 minutes
channel: 65 took 0 minutes
channel: 66 took 0 minutes
channel: 67 took 0 minutes
channel: 68 took 0 minutes
channel: 69 took 0 minutes
channel: 70 took 0 minutes
channel: 71 took 0 minutes
channel: 72 took 0 minutes
channel: 73 took 0 minutes
channel: 74 took 0 minutes
channel: 75 took 0 minutes
channel: 76 took 0 minutes
channel: 77 took 0 minutes
channel: 78 took 0 minutes
channel: 79 took 0 minutes
channel: 80 took 0 minutes
channel: 81 took 0 minutes
channel: 82 took 0 minutes
channel: 83 took 0 minutes
channel: 84 took 0 minutes
channel: 85 took 0 minutes
channel: 86 took 4.5 minutes
attempting saving
save success: /projects/p31578/dtf8829/QuestConnect/CHANDAT/chanDat_ECoG20_085.mat
Elapsed time is 275.742102 seconds.
