getting started: 1440
attempting file: 1440
going for ECoG20 86
data loaded: ECoG20 86
HFB already done

chan =

     1

Elapsed time is 284.684117 seconds.

chan =

     2

Elapsed time is 279.878173 seconds.

chan =

     3

Elapsed time is 280.484064 seconds.

chan =

     4

Elapsed time is 278.779193 seconds.

chan =

     5

Elapsed time is 280.875460 seconds.

chan =

     6

Elapsed time is 280.389032 seconds.

chan =

     7

Elapsed time is 281.908484 seconds.

chan =

     8

Elapsed time is 280.417191 seconds.

chan =

     9

Elapsed time is 279.673179 seconds.

chan =

    10

Elapsed time is 278.734107 seconds.

chan =

    11

Elapsed time is 279.246062 seconds.

chan =

    12

Elapsed time is 280.166377 seconds.

chan =

    13

Elapsed time is 276.854866 seconds.

chan =

    14

Elapsed time is 266.297337 seconds.

chan =

    15

Elapsed time is 272.337161 seconds.

chan =

    16

Elapsed time is 258.737673 seconds.

chan =

    17

Elapsed time is 302.144123 seconds.

chan =

    18

Elapsed time is 308.209162 seconds.

chan =

    19

Elapsed time is 301.135856 seconds.

chan =

    20

Elapsed time is 294.400129 seconds.

chan =

    21

Elapsed time is 291.714870 seconds.

chan =

    22

Elapsed time is 291.006377 seconds.

chan =

    23

Elapsed time is 290.391913 seconds.

chan =

    24

Elapsed time is 289.436642 seconds.

chan =

    25

Elapsed time is 291.188868 seconds.

chan =

    26

Elapsed time is 288.855195 seconds.

chan =

    27

Elapsed time is 288.431209 seconds.

chan =

    28

Elapsed time is 287.537377 seconds.

chan =

    29

Elapsed time is 288.593457 seconds.

chan =

    30

Elapsed time is 287.188752 seconds.

chan =

    31

Elapsed time is 293.554710 seconds.

chan =

    32

Elapsed time is 284.039377 seconds.

chan =

    33

Elapsed time is 293.315660 seconds.

chan =

    34

Elapsed time is 286.015248 seconds.

chan =

    35

Elapsed time is 296.554914 seconds.

chan =

    36

Elapsed time is 306.282355 seconds.

chan =

    37

Elapsed time is 307.808340 seconds.

chan =

    38

Elapsed time is 303.888265 seconds.

chan =

    39

Elapsed time is 305.578374 seconds.

chan =

    40

Elapsed time is 306.230667 seconds.

chan =

    41

Elapsed time is 307.140832 seconds.

chan =

    42

Elapsed time is 291.587335 seconds.

chan =

    43

Elapsed time is 308.269916 seconds.

chan =

    44

Elapsed time is 301.576458 seconds.

chan =

    45

Elapsed time is 305.529065 seconds.

chan =

    46

Elapsed time is 295.580227 seconds.

chan =

    47

Elapsed time is 300.058030 seconds.

chan =

    48

Elapsed time is 295.445587 seconds.

chan =

    49

Elapsed time is 303.678051 seconds.

chan =

    50

Elapsed time is 300.772962 seconds.

chan =

    51

Elapsed time is 298.093748 seconds.

chan =

    52

Elapsed time is 308.839970 seconds.

chan =

    53

Elapsed time is 302.143824 seconds.

chan =

    54

Elapsed time is 304.442050 seconds.

chan =

    55

Elapsed time is 295.500562 seconds.

chan =

    56

Elapsed time is 307.569676 seconds.

chan =

    57

Elapsed time is 301.592911 seconds.

chan =

    58

Elapsed time is 304.383014 seconds.

chan =

    59

Elapsed time is 295.633850 seconds.

chan =

    60

Elapsed time is 295.193272 seconds.

chan =

    61

Elapsed time is 285.485683 seconds.

chan =

    62

Elapsed time is 287.392089 seconds.

chan =

    63

Elapsed time is 286.743497 seconds.

chan =

    64

Elapsed time is 288.626458 seconds.

chan =

    65

Elapsed time is 287.966124 seconds.

chan =

    66

Elapsed time is 287.681381 seconds.

chan =

    67

Elapsed time is 287.792475 seconds.

chan =

    68

Elapsed time is 286.774507 seconds.

chan =

    69

Elapsed time is 286.634413 seconds.

chan =

    70

Elapsed time is 286.696294 seconds.

chan =

    71

Elapsed time is 288.620592 seconds.

chan =

    72

Elapsed time is 286.222224 seconds.

chan =

    73

Elapsed time is 290.377453 seconds.

chan =

    74

Elapsed time is 283.193824 seconds.

chan =

    75

Elapsed time is 289.488681 seconds.

chan =

    76

Elapsed time is 283.544462 seconds.

chan =

    77

Elapsed time is 290.192745 seconds.

chan =

    78

Elapsed time is 284.315458 seconds.

chan =

    79

Elapsed time is 288.912919 seconds.

chan =

    80

Elapsed time is 283.514735 seconds.

chan =

    81

Elapsed time is 286.777343 seconds.

chan =

    82

Elapsed time is 284.543344 seconds.

chan =

    83

Elapsed time is 287.288412 seconds.

chan =

    84

Elapsed time is 284.615775 seconds.

chan =

    85

Elapsed time is 286.991117 seconds.

chan =

    86

Elapsed time is 284.232615 seconds.
attempting saving
save success: /projects/p31578/dtf8829/QuestConnect/CHANDAT/chanDat_ECoG20_086.mat
working on TF
encoding done
encoding RT done
retrieval 1 done
retrieval 2 done
attempting saving
save success: /projects/p31578/dtf8829/QuestConnect/CHANDAT/chanDat_ECoG20_086.mat
working on ISPC
channel: 1 took 0 minutes
channel: 2 took 0 minutes
channel: 3 took 0 minutes
channel: 4 took 0 minutes
channel: 5 took 0 minutes
channel: 6 took 0 minutes
channel: 7 took 0 minutes
channel: 8 took 0 minutes
channel: 9 took 0 minutes
channel: 10 took 0 minutes
channel: 11 took 0 minutes
channel: 12 took 0 minutes
channel: 13 took 0 minutes
channel: 14 took 0 minutes
channel: 15 took 0 minutes
channel: 16 took 0 minutes
channel: 17 took 0 minutes
channel: 18 took 0 minutes
channel: 19 took 0 minutes
channel: 20 took 0 minutes
channel: 21 took 0 minutes
channel: 22 took 0 minutes
channel: 23 took 0 minutes
channel: 24 took 0 minutes
channel: 25 took 0 minutes
channel: 26 took 0 minutes
channel: 27 took 0 minutes
channel: 28 took 0 minutes
channel: 29 took 0 minutes
channel: 30 took 0 minutes
channel: 31 took 0 minutes
channel: 32 took 0 minutes
channel: 33 took 0 minutes
channel: 34 took 0 minutes
channel: 35 took 0 minutes
channel: 36 took 0 minutes
channel: 37 took 0 minutes
channel: 38 took 0 minutes
channel: 39 took 0 minutes
channel: 40 took 0 minutes
channel: 41 took 0 minutes
channel: 42 took 0 minutes
channel: 43 took 0 minutes
channel: 44 took 0 minutes
channel: 45 took 0 minutes
channel: 46 took 0 minutes
channel: 47 took 0 minutes
channel: 48 took 0 minutes
channel: 49 took 0 minutes
channel: 50 took 0 minutes
channel: 51 took 0 minutes
channel: 52 took 0 minutes
channel: 53 took 0 minutes
channel: 54 took 0 minutes
channel: 55 took 0 minutes
channel: 56 took 0 minutes
channel: 57 took 0 minutes
channel: 58 took 0 minutes
channel: 59 took 0 minutes
channel: 60 took 0 minutes
channel: 61 took 0 minutes
channel: 62 took 0 minutes
channel: 63 took 0 minutes
channel: 64 took 0 minutes
channel: 65 took 0 minutes
channel: 66 took 0 minutes
channel: 67 took 0 minutes
channel: 68 took 0 minutes
channel: 69 took 0 minutes
channel: 70 took 0 minutes
channel: 71 took 0 minutes
channel: 72 took 0 minutes
channel: 73 took 0 minutes
channel: 74 took 0 minutes
channel: 75 took 0 minutes
channel: 76 took 0 minutes
channel: 77 took 0 minutes
channel: 78 took 0 minutes
channel: 79 took 0 minutes
channel: 80 took 0 minutes
channel: 81 took 0 minutes
channel: 82 took 0 minutes
channel: 83 took 0 minutes
channel: 84 took 0 minutes
channel: 85 took 0 minutes
channel: 86 took 0 minutes
attempting saving
save success: /projects/p31578/dtf8829/QuestConnect/CHANDAT/chanDat_ECoG20_086.mat
Elapsed time is 3.712077 seconds.
