getting started: 1363
attempting file: 1363
going for ECoG20 9
data loaded: ECoG20 9
HFB already done

chan =

     1

Elapsed time is 239.041517 seconds.

chan =

     2

Elapsed time is 230.352784 seconds.

chan =

     3

Elapsed time is 227.912591 seconds.

chan =

     4

Elapsed time is 229.051414 seconds.

chan =

     5

Elapsed time is 230.286267 seconds.

chan =

     6

Elapsed time is 227.981787 seconds.

chan =

     7

Elapsed time is 229.974881 seconds.

chan =

     8

Elapsed time is 227.562550 seconds.

chan =

     9

Elapsed time is 228.859205 seconds.

chan =

    10

Elapsed time is 224.648663 seconds.

chan =

    11

Elapsed time is 221.583287 seconds.

chan =

    12

Elapsed time is 227.045736 seconds.

chan =

    13

Elapsed time is 227.385261 seconds.

chan =

    14

Elapsed time is 223.823094 seconds.

chan =

    15

Elapsed time is 226.031856 seconds.

chan =

    16

Elapsed time is 221.896359 seconds.

chan =

    17

Elapsed time is 224.598452 seconds.

chan =

    18

Elapsed time is 225.905490 seconds.

chan =

    19

Elapsed time is 224.917073 seconds.

chan =

    20

Elapsed time is 223.183191 seconds.

chan =

    21

Elapsed time is 224.656322 seconds.

chan =

    22

Elapsed time is 221.871026 seconds.

chan =

    23

Elapsed time is 222.179718 seconds.

chan =

    24

Elapsed time is 223.819492 seconds.

chan =

    25

Elapsed time is 219.080622 seconds.

chan =

    26

Elapsed time is 219.713580 seconds.

chan =

    27

Elapsed time is 222.397192 seconds.

chan =

    28

Elapsed time is 226.271702 seconds.

chan =

    29

Elapsed time is 225.297681 seconds.

chan =

    30

Elapsed time is 222.690658 seconds.

chan =

    31

Elapsed time is 223.336740 seconds.

chan =

    32

Elapsed time is 219.971540 seconds.

chan =

    33

Elapsed time is 224.242649 seconds.

chan =

    34

Elapsed time is 227.228964 seconds.

chan =

    35

Elapsed time is 224.767351 seconds.

chan =

    36

Elapsed time is 226.680296 seconds.

chan =

    37

Elapsed time is 224.541181 seconds.

chan =

    38

Elapsed time is 225.131409 seconds.

chan =

    39

Elapsed time is 222.561527 seconds.

chan =

    40

Elapsed time is 221.740646 seconds.

chan =

    41

Elapsed time is 223.900374 seconds.

chan =

    42

Elapsed time is 225.123764 seconds.

chan =

    43

Elapsed time is 224.702635 seconds.

chan =

    44

Elapsed time is 227.344745 seconds.

chan =

    45

Elapsed time is 223.855153 seconds.

chan =

    46

Elapsed time is 219.868513 seconds.

chan =

    47

Elapsed time is 222.795101 seconds.

chan =

    48

Elapsed time is 224.840246 seconds.

chan =

    49

Elapsed time is 226.159245 seconds.

chan =

    50

Elapsed time is 226.911965 seconds.

chan =

    51

Elapsed time is 228.894790 seconds.

chan =

    52

Elapsed time is 225.897726 seconds.

chan =

    53

Elapsed time is 232.244462 seconds.

chan =

    54

Elapsed time is 240.426983 seconds.

chan =

    55

Elapsed time is 240.710646 seconds.

chan =

    56

Elapsed time is 240.063955 seconds.

chan =

    57

Elapsed time is 245.407731 seconds.

chan =

    58

Elapsed time is 222.953775 seconds.

chan =

    59

Elapsed time is 236.708188 seconds.

chan =

    60

Elapsed time is 240.276215 seconds.

chan =

    61

Elapsed time is 241.989308 seconds.

chan =

    62

Elapsed time is 241.278075 seconds.

chan =

    63

Elapsed time is 237.540204 seconds.

chan =

    64

Elapsed time is 230.686388 seconds.

chan =

    65

Elapsed time is 240.187012 seconds.

chan =

    66

Elapsed time is 216.470894 seconds.

chan =

    67

Elapsed time is 220.946057 seconds.

chan =

    68

Elapsed time is 221.816188 seconds.

chan =

    69

Elapsed time is 215.469022 seconds.

chan =

    70

Elapsed time is 216.798815 seconds.

chan =

    71

Elapsed time is 222.687849 seconds.

chan =

    72

Elapsed time is 235.872732 seconds.

chan =

    73

Elapsed time is 232.487119 seconds.

chan =

    74

Elapsed time is 237.402440 seconds.

chan =

    75

Elapsed time is 223.837598 seconds.

chan =

    76

Elapsed time is 212.490418 seconds.

chan =

    77

Elapsed time is 234.195981 seconds.

chan =

    78

Elapsed time is 225.366672 seconds.

chan =

    79

Elapsed time is 225.313575 seconds.

chan =

    80

Elapsed time is 216.013768 seconds.

chan =

    81

Elapsed time is 212.314690 seconds.

chan =

    82

Elapsed time is 212.030904 seconds.

chan =

    83

Elapsed time is 211.914169 seconds.

chan =

    84

Elapsed time is 207.604679 seconds.

chan =

    85

Elapsed time is 208.130438 seconds.

chan =

    86

Elapsed time is 204.499643 seconds.
attempting saving
save success: /projects/p31578/dtf8829/QuestConnect/CHANDAT/chanDat_ECoG20_009.mat
working on TF
encoding done
encoding RT done
retrieval 1 done
retrieval 2 done
attempting saving
save success: /projects/p31578/dtf8829/QuestConnect/CHANDAT/chanDat_ECoG20_009.mat
working on ISPC
channel: 1 took 0 minutes
channel: 2 took 0 minutes
channel: 3 took 0 minutes
channel: 4 took 0 minutes
channel: 5 took 0 minutes
channel: 6 took 0 minutes
channel: 7 took 0 minutes
channel: 8 took 0 minutes
channel: 9 took 0 minutes
channel: 10 took 3.2 minutes
channel: 11 took 3.2 minutes
channel: 12 took 3.2 minutes
channel: 13 took 3.2 minutes
channel: 14 took 3.2 minutes
channel: 15 took 3.2 minutes
channel: 16 took 3.2 minutes
channel: 17 took 3.2 minutes
channel: 18 took 3.2 minutes
channel: 19 took 3.2 minutes
channel: 20 took 3.2 minutes
channel: 21 took 3.2 minutes
channel: 22 took 3.2 minutes
channel: 23 took 3.2 minutes
channel: 24 took 3.2 minutes
channel: 25 took 3.2 minutes
channel: 26 took 3.2 minutes
channel: 27 took 3.2 minutes
channel: 28 took 3.2 minutes
channel: 29 took 3.2 minutes
channel: 30 took 3.2 minutes
channel: 31 took 3.2 minutes
channel: 32 took 3.2 minutes
channel: 33 took 3.2 minutes
channel: 34 took 3.2 minutes
channel: 35 took 3.2 minutes
channel: 36 took 3.2 minutes
channel: 37 took 3.2 minutes
channel: 38 took 3.2 minutes
channel: 39 took 3.2 minutes
channel: 40 took 3.2 minutes
channel: 41 took 3.2 minutes
channel: 42 took 3.2 minutes
channel: 43 took 3.2 minutes
channel: 44 took 3.2 minutes
channel: 45 took 3.2 minutes
channel: 46 took 3.2 minutes
channel: 47 took 3.2 minutes
channel: 48 took 3.2 minutes
channel: 49 took 3.2 minutes
channel: 50 took 3.2 minutes
channel: 51 took 3.2 minutes
channel: 52 took 3.2 minutes
channel: 53 took 3.2 minutes
channel: 54 took 3.2 minutes
channel: 55 took 3.2 minutes
channel: 56 took 3.2 minutes
channel: 57 took 3.2 minutes
channel: 58 took 3.2 minutes
channel: 59 took 3.2 minutes
channel: 60 took 3.2 minutes
channel: 61 took 3.2 minutes
channel: 62 took 3.2 minutes
channel: 63 took 3.2 minutes
channel: 64 took 3.2 minutes
channel: 65 took 3.3 minutes
channel: 66 took 3.2 minutes
channel: 67 took 3.2 minutes
channel: 68 took 3.2 minutes
channel: 69 took 3.2 minutes
channel: 70 took 3.2 minutes
channel: 71 took 3.2 minutes
channel: 72 took 3.2 minutes
channel: 73 took 3.2 minutes
channel: 74 took 3.2 minutes
channel: 75 took 3.2 minutes
channel: 76 took 3.2 minutes
channel: 77 took 3.2 minutes
channel: 78 took 3.2 minutes
channel: 79 took 3.2 minutes
channel: 80 took 3.2 minutes
channel: 81 took 3.2 minutes
channel: 82 took 3.1 minutes
channel: 83 took 3.2 minutes
channel: 84 took 3.2 minutes
channel: 85 took 3.1 minutes
channel: 86 took 3.2 minutes
attempting saving
save success: /projects/p31578/dtf8829/QuestConnect/CHANDAT/chanDat_ECoG20_009.mat
Elapsed time is 196.078795 seconds.
