getting started: 1432
attempting file: 1432
going for ECoG20 78
data loaded: ECoG20 78
HFB already done

chan =

     1

Elapsed time is 297.779372 seconds.

chan =

     2

Elapsed time is 293.368362 seconds.

chan =

     3

Elapsed time is 293.117489 seconds.

chan =

     4

Elapsed time is 293.608997 seconds.

chan =

     5

Elapsed time is 294.158599 seconds.

chan =

     6

Elapsed time is 294.393001 seconds.

chan =

     7

Elapsed time is 295.412681 seconds.

chan =

     8

Elapsed time is 294.515734 seconds.

chan =

     9

Elapsed time is 293.140218 seconds.

chan =

    10

Elapsed time is 292.511277 seconds.

chan =

    11

Elapsed time is 294.109198 seconds.

chan =

    12

Elapsed time is 293.712666 seconds.

chan =

    13

Elapsed time is 281.489112 seconds.

chan =

    14

Elapsed time is 300.752668 seconds.

chan =

    15

Elapsed time is 280.629388 seconds.

chan =

    16

Elapsed time is 311.259091 seconds.

chan =

    17

Elapsed time is 323.977316 seconds.

chan =

    18

Elapsed time is 316.069768 seconds.

chan =

    19

Elapsed time is 311.795112 seconds.

chan =

    20

Elapsed time is 305.309202 seconds.

chan =

    21

Elapsed time is 303.932791 seconds.

chan =

    22

Elapsed time is 303.675886 seconds.

chan =

    23

Elapsed time is 304.438647 seconds.

chan =

    24

Elapsed time is 303.412966 seconds.

chan =

    25

Elapsed time is 302.321809 seconds.

chan =

    26

Elapsed time is 302.455644 seconds.

chan =

    27

Elapsed time is 300.392556 seconds.

chan =

    28

Elapsed time is 301.704704 seconds.

chan =

    29

Elapsed time is 302.110184 seconds.

chan =

    30

Elapsed time is 303.068062 seconds.

chan =

    31

Elapsed time is 301.591560 seconds.

chan =

    32

Elapsed time is 302.760995 seconds.

chan =

    33

Elapsed time is 303.862414 seconds.

chan =

    34

Elapsed time is 321.576699 seconds.

chan =

    35

Elapsed time is 323.018696 seconds.

chan =

    36

Elapsed time is 322.707814 seconds.

chan =

    37

Elapsed time is 321.082401 seconds.

chan =

    38

Elapsed time is 321.239721 seconds.

chan =

    39

Elapsed time is 319.255645 seconds.

chan =

    40

Elapsed time is 308.144295 seconds.

chan =

    41

Elapsed time is 322.307101 seconds.

chan =

    42

Elapsed time is 319.517552 seconds.

chan =

    43

Elapsed time is 321.218916 seconds.

chan =

    44

Elapsed time is 307.630681 seconds.

chan =

    45

Elapsed time is 312.809325 seconds.

chan =

    46

Elapsed time is 318.060139 seconds.

chan =

    47

Elapsed time is 317.669392 seconds.

chan =

    48

Elapsed time is 312.158937 seconds.

chan =

    49

Elapsed time is 317.381239 seconds.

chan =

    50

Elapsed time is 320.730228 seconds.

chan =

    51

Elapsed time is 312.063949 seconds.

chan =

    52

Elapsed time is 309.043886 seconds.

chan =

    53

Elapsed time is 319.445952 seconds.

chan =

    54

Elapsed time is 319.648378 seconds.

chan =

    55

Elapsed time is 317.225557 seconds.

chan =

    56

Elapsed time is 312.651938 seconds.

chan =

    57

Elapsed time is 312.375210 seconds.

chan =

    58

Elapsed time is 299.495787 seconds.

chan =

    59

Elapsed time is 301.265284 seconds.

chan =

    60

Elapsed time is 302.117189 seconds.

chan =

    61

Elapsed time is 304.335377 seconds.

chan =

    62

Elapsed time is 302.384865 seconds.

chan =

    63

Elapsed time is 301.451398 seconds.

chan =

    64

Elapsed time is 301.585501 seconds.

chan =

    65

Elapsed time is 302.067479 seconds.

chan =

    66

Elapsed time is 301.816991 seconds.

chan =

    67

Elapsed time is 302.650795 seconds.

chan =

    68

Elapsed time is 300.501157 seconds.

chan =

    69

Elapsed time is 301.540352 seconds.

chan =

    70

Elapsed time is 300.914238 seconds.

chan =

    71

Elapsed time is 301.123501 seconds.

chan =

    72

Elapsed time is 300.339085 seconds.

chan =

    73

Elapsed time is 302.714385 seconds.

chan =

    74

Elapsed time is 300.847547 seconds.

chan =

    75

Elapsed time is 303.556152 seconds.

chan =

    76

Elapsed time is 300.598505 seconds.

chan =

    77

Elapsed time is 301.714301 seconds.

chan =

    78

Elapsed time is 299.213195 seconds.

chan =

    79

Elapsed time is 300.480720 seconds.

chan =

    80

Elapsed time is 300.715865 seconds.

chan =

    81

Elapsed time is 301.617756 seconds.

chan =

    82

Elapsed time is 295.232175 seconds.

chan =

    83

Elapsed time is 270.933232 seconds.

chan =

    84

Elapsed time is 301.623520 seconds.

chan =

    85

Elapsed time is 355.620613 seconds.

chan =

    86

Elapsed time is 353.770680 seconds.
attempting saving
save success: /projects/p31578/dtf8829/QuestConnect/CHANDAT/chanDat_ECoG20_078.mat
working on TF
encoding done
encoding RT done
retrieval 1 done
retrieval 2 done
attempting saving
save success: /projects/p31578/dtf8829/QuestConnect/CHANDAT/chanDat_ECoG20_078.mat
working on ISPC
channel: 1 took 0 minutes
channel: 2 took 0 minutes
channel: 3 took 0 minutes
channel: 4 took 0 minutes
channel: 5 took 0 minutes
channel: 6 took 0 minutes
channel: 7 took 0 minutes
channel: 8 took 0 minutes
channel: 9 took 0 minutes
channel: 10 took 0 minutes
channel: 11 took 0 minutes
channel: 12 took 0 minutes
channel: 13 took 0 minutes
channel: 14 took 0 minutes
channel: 15 took 0 minutes
channel: 16 took 0 minutes
channel: 17 took 0 minutes
channel: 18 took 0 minutes
channel: 19 took 0 minutes
channel: 20 took 0 minutes
channel: 21 took 0 minutes
channel: 22 took 0 minutes
channel: 23 took 0 minutes
channel: 24 took 0 minutes
channel: 25 took 0 minutes
channel: 26 took 0 minutes
channel: 27 took 0 minutes
channel: 28 took 0 minutes
channel: 29 took 0 minutes
channel: 30 took 0 minutes
channel: 31 took 0 minutes
channel: 32 took 0 minutes
channel: 33 took 0 minutes
channel: 34 took 0 minutes
channel: 35 took 0 minutes
channel: 36 took 0 minutes
channel: 37 took 0 minutes
channel: 38 took 0 minutes
channel: 39 took 0 minutes
channel: 40 took 0 minutes
channel: 41 took 0 minutes
channel: 42 took 0 minutes
channel: 43 took 0 minutes
channel: 44 took 0 minutes
channel: 45 took 0 minutes
channel: 46 took 0 minutes
channel: 47 took 0 minutes
channel: 48 took 0 minutes
channel: 49 took 0 minutes
channel: 50 took 0 minutes
channel: 51 took 0 minutes
channel: 52 took 0 minutes
channel: 53 took 0 minutes
channel: 54 took 0 minutes
channel: 55 took 0 minutes
channel: 56 took 0 minutes
channel: 57 took 0 minutes
channel: 58 took 0 minutes
channel: 59 took 0 minutes
channel: 60 took 0 minutes
channel: 61 took 0 minutes
channel: 62 took 0 minutes
channel: 63 took 0 minutes
channel: 64 took 0 minutes
channel: 65 took 0 minutes
channel: 66 took 0 minutes
channel: 67 took 0 minutes
channel: 68 took 0 minutes
channel: 69 took 0 minutes
channel: 70 took 0 minutes
channel: 71 took 0 minutes
channel: 72 took 0 minutes
channel: 73 took 0 minutes
channel: 74 took 0 minutes
channel: 75 took 0 minutes
channel: 76 took 0 minutes
channel: 77 took 0 minutes
channel: 78 took 0 minutes
channel: 79 took 5.8 minutes
channel: 80 took 5.7 minutes
channel: 81 took 5.7 minutes
channel: 82 took 5.1 minutes
channel: 83 took 4.6 minutes
channel: 84 took 4.5 minutes
channel: 85 took 4.6 minutes
channel: 86 took 5.2 minutes
attempting saving
save success: /projects/p31578/dtf8829/QuestConnect/CHANDAT/chanDat_ECoG20_078.mat
Elapsed time is 319.692804 seconds.
