getting started: 1359
attempting file: 1359
going for ECoG20 5
data loaded: ECoG20 5
HFB already done

chan =

     1

Elapsed time is 240.746998 seconds.

chan =

     2

Elapsed time is 230.493354 seconds.

chan =

     3

Elapsed time is 230.555046 seconds.

chan =

     4

Elapsed time is 229.249606 seconds.

chan =

     5

Elapsed time is 229.412331 seconds.

chan =

     6

Elapsed time is 229.953030 seconds.

chan =

     7

Elapsed time is 231.603900 seconds.

chan =

     8

Elapsed time is 227.459469 seconds.

chan =

     9

Elapsed time is 227.765358 seconds.

chan =

    10

Elapsed time is 226.136057 seconds.

chan =

    11

Elapsed time is 222.458618 seconds.

chan =

    12

Elapsed time is 228.199963 seconds.

chan =

    13

Elapsed time is 222.600608 seconds.

chan =

    14

Elapsed time is 224.506481 seconds.

chan =

    15

Elapsed time is 225.523502 seconds.

chan =

    16

Elapsed time is 224.641413 seconds.

chan =

    17

Elapsed time is 227.209085 seconds.

chan =

    18

Elapsed time is 226.762814 seconds.

chan =

    19

Elapsed time is 224.115335 seconds.

chan =

    20

Elapsed time is 224.022869 seconds.

chan =

    21

Elapsed time is 236.715066 seconds.

chan =

    22

Elapsed time is 220.727342 seconds.

chan =

    23

Elapsed time is 222.797790 seconds.

chan =

    24

Elapsed time is 222.641073 seconds.

chan =

    25

Elapsed time is 216.618900 seconds.

chan =

    26

Elapsed time is 220.463952 seconds.

chan =

    27

Elapsed time is 219.417781 seconds.

chan =

    28

Elapsed time is 222.636560 seconds.

chan =

    29

Elapsed time is 221.617374 seconds.

chan =

    30

Elapsed time is 220.946468 seconds.

chan =

    31

Elapsed time is 219.044558 seconds.

chan =

    32

Elapsed time is 220.450697 seconds.

chan =

    33

Elapsed time is 222.778091 seconds.

chan =

    34

Elapsed time is 225.866304 seconds.

chan =

    35

Elapsed time is 223.356240 seconds.

chan =

    36

Elapsed time is 225.069973 seconds.

chan =

    37

Elapsed time is 221.622198 seconds.

chan =

    38

Elapsed time is 226.874150 seconds.

chan =

    39

Elapsed time is 220.408104 seconds.

chan =

    40

Elapsed time is 220.979301 seconds.

chan =

    41

Elapsed time is 220.072845 seconds.

chan =

    42

Elapsed time is 224.486821 seconds.

chan =

    43

Elapsed time is 221.519512 seconds.

chan =

    44

Elapsed time is 225.952773 seconds.

chan =

    45

Elapsed time is 221.829920 seconds.

chan =

    46

Elapsed time is 219.175255 seconds.

chan =

    47

Elapsed time is 220.415981 seconds.

chan =

    48

Elapsed time is 224.049061 seconds.

chan =

    49

Elapsed time is 223.049215 seconds.

chan =

    50

Elapsed time is 225.917433 seconds.

chan =

    51

Elapsed time is 228.152720 seconds.

chan =

    52

Elapsed time is 222.511507 seconds.

chan =

    53

Elapsed time is 231.139833 seconds.

chan =

    54

Elapsed time is 238.538935 seconds.

chan =

    55

Elapsed time is 240.391995 seconds.

chan =

    56

Elapsed time is 238.934094 seconds.

chan =

    57

Elapsed time is 246.964260 seconds.

chan =

    58

Elapsed time is 223.335318 seconds.

chan =

    59

Elapsed time is 233.634738 seconds.

chan =

    60

Elapsed time is 240.104959 seconds.

chan =

    61

Elapsed time is 242.045303 seconds.

chan =

    62

Elapsed time is 240.816085 seconds.

chan =

    63

Elapsed time is 239.249300 seconds.

chan =

    64

Elapsed time is 229.629791 seconds.

chan =

    65

Elapsed time is 240.756337 seconds.

chan =

    66

Elapsed time is 218.831642 seconds.

chan =

    67

Elapsed time is 220.897146 seconds.

chan =

    68

Elapsed time is 222.567791 seconds.

chan =

    69

Elapsed time is 216.353641 seconds.

chan =

    70

Elapsed time is 214.005416 seconds.

chan =

    71

Elapsed time is 219.111625 seconds.

chan =

    72

Elapsed time is 234.563558 seconds.

chan =

    73

Elapsed time is 233.462518 seconds.

chan =

    74

Elapsed time is 238.653550 seconds.

chan =

    75

Elapsed time is 226.882932 seconds.

chan =

    76

Elapsed time is 212.630951 seconds.

chan =

    77

Elapsed time is 232.930239 seconds.

chan =

    78

Elapsed time is 227.383218 seconds.

chan =

    79

Elapsed time is 225.954017 seconds.

chan =

    80

Elapsed time is 217.678459 seconds.

chan =

    81

Elapsed time is 212.654123 seconds.

chan =

    82

Elapsed time is 210.580943 seconds.

chan =

    83

Elapsed time is 212.489171 seconds.

chan =

    84

Elapsed time is 208.212521 seconds.

chan =

    85

Elapsed time is 209.080660 seconds.

chan =

    86

Elapsed time is 205.427312 seconds.
attempting saving
save success: /projects/p31578/dtf8829/QuestConnect/CHANDAT/chanDat_ECoG20_005.mat
working on TF
encoding done
encoding RT done
retrieval 1 done
retrieval 2 done
attempting saving
save success: /projects/p31578/dtf8829/QuestConnect/CHANDAT/chanDat_ECoG20_005.mat
working on ISPC
channel: 1 took 0 minutes
channel: 2 took 0 minutes
channel: 3 took 0 minutes
channel: 4 took 0 minutes
channel: 5 took 0 minutes
channel: 6 took 3.3 minutes
channel: 7 took 3.2 minutes
channel: 8 took 3.2 minutes
channel: 9 took 3.2 minutes
channel: 10 took 3.2 minutes
channel: 11 took 3.2 minutes
channel: 12 took 3.2 minutes
channel: 13 took 3.2 minutes
channel: 14 took 3.2 minutes
channel: 15 took 3.2 minutes
channel: 16 took 3.2 minutes
channel: 17 took 3.2 minutes
channel: 18 took 3.2 minutes
channel: 19 took 3.2 minutes
channel: 20 took 3.2 minutes
channel: 21 took 3.2 minutes
channel: 22 took 3.2 minutes
channel: 23 took 3.2 minutes
channel: 24 took 3.2 minutes
channel: 25 took 3.2 minutes
channel: 26 took 3.2 minutes
channel: 27 took 3.2 minutes
channel: 28 took 3.2 minutes
channel: 29 took 3.2 minutes
channel: 30 took 3.2 minutes
channel: 31 took 3.2 minutes
channel: 32 took 3.2 minutes
channel: 33 took 3.2 minutes
channel: 34 took 3.2 minutes
channel: 35 took 3.2 minutes
channel: 36 took 3.2 minutes
channel: 37 took 3.2 minutes
channel: 38 took 3.2 minutes
channel: 39 took 3.2 minutes
channel: 40 took 3.2 minutes
channel: 41 took 3.2 minutes
channel: 42 took 3.2 minutes
channel: 43 took 3.2 minutes
channel: 44 took 3.2 minutes
channel: 45 took 3.2 minutes
channel: 46 took 3.2 minutes
channel: 47 took 3.2 minutes
channel: 48 took 3.2 minutes
channel: 49 took 3.2 minutes
channel: 50 took 3.2 minutes
channel: 51 took 3.2 minutes
channel: 52 took 3.2 minutes
channel: 53 took 3.2 minutes
channel: 54 took 3.2 minutes
channel: 55 took 3.2 minutes
channel: 56 took 3.2 minutes
channel: 57 took 3.3 minutes
channel: 58 took 3.2 minutes
channel: 59 took 3.2 minutes
channel: 60 took 3.2 minutes
channel: 61 took 3.3 minutes
channel: 62 took 3.2 minutes
channel: 63 took 3.2 minutes
channel: 64 took 3.2 minutes
channel: 65 took 3.2 minutes
channel: 66 took 3.2 minutes
channel: 67 took 3.2 minutes
channel: 68 took 3.2 minutes
channel: 69 took 3.2 minutes
channel: 70 took 3.2 minutes
channel: 71 took 3.2 minutes
channel: 72 took 3.2 minutes
channel: 73 took 3.2 minutes
channel: 74 took 3.2 minutes
channel: 75 took 3.2 minutes
channel: 76 took 3.2 minutes
channel: 77 took 3.2 minutes
channel: 78 took 3.1 minutes
channel: 79 took 3.2 minutes
channel: 80 took 3.2 minutes
channel: 81 took 3.2 minutes
channel: 82 took 3.2 minutes
channel: 83 took 3.2 minutes
channel: 84 took 3.2 minutes
channel: 85 took 3.3 minutes
channel: 86 took 3.3 minutes
attempting saving
save success: /projects/p31578/dtf8829/QuestConnect/CHANDAT/chanDat_ECoG20_005.mat
Elapsed time is 203.358629 seconds.
