getting started: 1360
attempting file: 1360
going for ECoG20 6
data loaded: ECoG20 6
HFB already done

chan =

     1

Elapsed time is 243.242965 seconds.

chan =

     2

Elapsed time is 234.034058 seconds.

chan =

     3

Elapsed time is 232.891561 seconds.

chan =

     4

Elapsed time is 233.517986 seconds.

chan =

     5

Elapsed time is 232.795534 seconds.

chan =

     6

Elapsed time is 232.064453 seconds.

chan =

     7

Elapsed time is 234.384118 seconds.

chan =

     8

Elapsed time is 230.803254 seconds.

chan =

     9

Elapsed time is 231.025422 seconds.

chan =

    10

Elapsed time is 229.301060 seconds.

chan =

    11

Elapsed time is 225.460686 seconds.

chan =

    12

Elapsed time is 230.777820 seconds.

chan =

    13

Elapsed time is 224.157728 seconds.

chan =

    14

Elapsed time is 232.661311 seconds.

chan =

    15

Elapsed time is 226.461668 seconds.

chan =

    16

Elapsed time is 225.498662 seconds.

chan =

    17

Elapsed time is 228.816572 seconds.

chan =

    18

Elapsed time is 235.236767 seconds.

chan =

    19

Elapsed time is 227.422310 seconds.

chan =

    20

Elapsed time is 228.354235 seconds.

chan =

    21

Elapsed time is 231.791167 seconds.

chan =

    22

Elapsed time is 223.019262 seconds.

chan =

    23

Elapsed time is 229.709200 seconds.

chan =

    24

Elapsed time is 227.097008 seconds.

chan =

    25

Elapsed time is 227.068358 seconds.

chan =

    26

Elapsed time is 225.647600 seconds.

chan =

    27

Elapsed time is 227.879706 seconds.

chan =

    28

Elapsed time is 228.092756 seconds.

chan =

    29

Elapsed time is 227.633110 seconds.

chan =

    30

Elapsed time is 230.571793 seconds.

chan =

    31

Elapsed time is 224.499791 seconds.

chan =

    32

Elapsed time is 225.577882 seconds.

chan =

    33

Elapsed time is 232.788453 seconds.

chan =

    34

Elapsed time is 228.459603 seconds.

chan =

    35

Elapsed time is 229.803491 seconds.

chan =

    36

Elapsed time is 228.579430 seconds.

chan =

    37

Elapsed time is 230.168896 seconds.

chan =

    38

Elapsed time is 228.174992 seconds.

chan =

    39

Elapsed time is 227.312140 seconds.

chan =

    40

Elapsed time is 226.810883 seconds.

chan =

    41

Elapsed time is 229.981118 seconds.

chan =

    42

Elapsed time is 229.707430 seconds.

chan =

    43

Elapsed time is 230.903050 seconds.

chan =

    44

Elapsed time is 229.305349 seconds.

chan =

    45

Elapsed time is 227.586044 seconds.

chan =

    46

Elapsed time is 228.083512 seconds.

chan =

    47

Elapsed time is 231.944145 seconds.

chan =

    48

Elapsed time is 228.665517 seconds.

chan =

    49

Elapsed time is 233.751479 seconds.

chan =

    50

Elapsed time is 232.870084 seconds.

chan =

    51

Elapsed time is 232.067989 seconds.

chan =

    52

Elapsed time is 235.679438 seconds.

chan =

    53

Elapsed time is 247.585572 seconds.

chan =

    54

Elapsed time is 246.320672 seconds.

chan =

    55

Elapsed time is 248.996161 seconds.

chan =

    56

Elapsed time is 247.819143 seconds.

chan =

    57

Elapsed time is 228.338429 seconds.

chan =

    58

Elapsed time is 243.534526 seconds.

chan =

    59

Elapsed time is 248.470534 seconds.

chan =

    60

Elapsed time is 245.475196 seconds.

chan =

    61

Elapsed time is 249.603696 seconds.

chan =

    62

Elapsed time is 238.609933 seconds.

chan =

    63

Elapsed time is 240.021315 seconds.

chan =

    64

Elapsed time is 239.608861 seconds.

chan =

    65

Elapsed time is 222.755959 seconds.

chan =

    66

Elapsed time is 225.845304 seconds.

chan =

    67

Elapsed time is 228.766584 seconds.

chan =

    68

Elapsed time is 219.695328 seconds.

chan =

    69

Elapsed time is 223.288890 seconds.

chan =

    70

Elapsed time is 237.969587 seconds.

chan =

    71

Elapsed time is 241.192093 seconds.

chan =

    72

Elapsed time is 243.481951 seconds.

chan =

    73

Elapsed time is 237.577491 seconds.

chan =

    74

Elapsed time is 219.950726 seconds.

chan =

    75

Elapsed time is 232.806137 seconds.

chan =

    76

Elapsed time is 239.552949 seconds.

chan =

    77

Elapsed time is 231.788795 seconds.

chan =

    78

Elapsed time is 226.462614 seconds.

chan =

    79

Elapsed time is 218.186193 seconds.

chan =

    80

Elapsed time is 218.101097 seconds.

chan =

    81

Elapsed time is 217.815266 seconds.

chan =

    82

Elapsed time is 214.287178 seconds.

chan =

    83

Elapsed time is 215.360643 seconds.

chan =

    84

Elapsed time is 209.294402 seconds.

chan =

    85

Elapsed time is 201.326503 seconds.

chan =

    86

Elapsed time is 198.387169 seconds.
attempting saving
save success: /projects/p31578/dtf8829/QuestConnect/CHANDAT/chanDat_ECoG20_006.mat
working on TF
encoding done
encoding RT done
retrieval 1 done
retrieval 2 done
attempting saving
save success: /projects/p31578/dtf8829/QuestConnect/CHANDAT/chanDat_ECoG20_006.mat
working on ISPC
channel: 1 took 0 minutes
channel: 2 took 0 minutes
channel: 3 took 0 minutes
channel: 4 took 0 minutes
channel: 5 took 0 minutes
channel: 6 took 0 minutes
channel: 7 took 3.2 minutes
channel: 8 took 3.2 minutes
channel: 9 took 3.2 minutes
channel: 10 took 3.2 minutes
channel: 11 took 3.3 minutes
channel: 12 took 3.2 minutes
channel: 13 took 3.2 minutes
channel: 14 took 3.2 minutes
channel: 15 took 3.2 minutes
channel: 16 took 3.2 minutes
channel: 17 took 3.2 minutes
channel: 18 took 3.2 minutes
channel: 19 took 3.2 minutes
channel: 20 took 3.2 minutes
channel: 21 took 3.2 minutes
channel: 22 took 3.2 minutes
channel: 23 took 3.2 minutes
channel: 24 took 3.2 minutes
channel: 25 took 3.2 minutes
channel: 26 took 3.2 minutes
channel: 27 took 3.2 minutes
channel: 28 took 3.2 minutes
channel: 29 took 3.2 minutes
channel: 30 took 3.2 minutes
channel: 31 took 3.2 minutes
channel: 32 took 3.2 minutes
channel: 33 took 3.2 minutes
channel: 34 took 3.2 minutes
channel: 35 took 3.2 minutes
channel: 36 took 3.2 minutes
channel: 37 took 3.2 minutes
channel: 38 took 3.2 minutes
channel: 39 took 3.2 minutes
channel: 40 took 3.2 minutes
channel: 41 took 3.2 minutes
channel: 42 took 3.2 minutes
channel: 43 took 3.2 minutes
channel: 44 took 3.2 minutes
channel: 45 took 3.2 minutes
channel: 46 took 3.2 minutes
channel: 47 took 3.2 minutes
channel: 48 took 3.2 minutes
channel: 49 took 3.2 minutes
channel: 50 took 3.2 minutes
channel: 51 took 3.2 minutes
channel: 52 took 3.2 minutes
channel: 53 took 3.2 minutes
channel: 54 took 3.2 minutes
channel: 55 took 3.2 minutes
channel: 56 took 3.2 minutes
channel: 57 took 3.2 minutes
channel: 58 took 3.2 minutes
channel: 59 took 3.2 minutes
channel: 60 took 3.3 minutes
channel: 61 took 3.2 minutes
channel: 62 took 3.2 minutes
channel: 63 took 3.2 minutes
channel: 64 took 3.2 minutes
channel: 65 took 3.2 minutes
channel: 66 took 3.2 minutes
channel: 67 took 3.2 minutes
channel: 68 took 3.2 minutes
channel: 69 took 3.2 minutes
channel: 70 took 3.2 minutes
channel: 71 took 3.2 minutes
channel: 72 took 3.2 minutes
channel: 73 took 3.2 minutes
channel: 74 took 3.2 minutes
channel: 75 took 3.2 minutes
channel: 76 took 3.2 minutes
channel: 77 took 3.1 minutes
channel: 78 took 3.2 minutes
channel: 79 took 3.2 minutes
channel: 80 took 3.1 minutes
channel: 81 took 3.2 minutes
channel: 82 took 3.2 minutes
channel: 83 took 3.2 minutes
channel: 84 took 3.2 minutes
channel: 85 took 3.3 minutes
channel: 86 took 3.2 minutes
attempting saving
save success: /projects/p31578/dtf8829/QuestConnect/CHANDAT/chanDat_ECoG20_006.mat
Elapsed time is 199.283559 seconds.
