getting started: 1406
attempting file: 1406
going for ECoG20 52
data loaded: ECoG20 52
HFB already done

chan =

     1

Elapsed time is 225.770521 seconds.

chan =

     2

Elapsed time is 221.011992 seconds.

chan =

     3

Elapsed time is 222.145710 seconds.

chan =

     4

Elapsed time is 219.289340 seconds.

chan =

     5

Elapsed time is 221.641004 seconds.

chan =

     6

Elapsed time is 221.349777 seconds.

chan =

     7

Elapsed time is 222.280342 seconds.

chan =

     8

Elapsed time is 219.776106 seconds.

chan =

     9

Elapsed time is 220.826472 seconds.

chan =

    10

Elapsed time is 218.068256 seconds.

chan =

    11

Elapsed time is 221.320633 seconds.

chan =

    12

Elapsed time is 218.549999 seconds.

chan =

    13

Elapsed time is 219.715265 seconds.

chan =

    14

Elapsed time is 218.995286 seconds.

chan =

    15

Elapsed time is 219.567027 seconds.

chan =

    16

Elapsed time is 216.111772 seconds.

chan =

    17

Elapsed time is 217.181363 seconds.

chan =

    18

Elapsed time is 217.462250 seconds.

chan =

    19

Elapsed time is 218.828386 seconds.

chan =

    20

Elapsed time is 215.559725 seconds.

chan =

    21

Elapsed time is 216.625791 seconds.

chan =

    22

Elapsed time is 216.015371 seconds.

chan =

    23

Elapsed time is 217.753285 seconds.

chan =

    24

Elapsed time is 217.640664 seconds.

chan =

    25

Elapsed time is 217.062926 seconds.

chan =

    26

Elapsed time is 216.765309 seconds.

chan =

    27

Elapsed time is 215.804794 seconds.

chan =

    28

Elapsed time is 216.264983 seconds.

chan =

    29

Elapsed time is 214.702475 seconds.

chan =

    30

Elapsed time is 212.231662 seconds.

chan =

    31

Elapsed time is 214.609681 seconds.

chan =

    32

Elapsed time is 210.919289 seconds.

chan =

    33

Elapsed time is 213.366069 seconds.

chan =

    34

Elapsed time is 209.981376 seconds.

chan =

    35

Elapsed time is 212.821282 seconds.

chan =

    36

Elapsed time is 212.384834 seconds.

chan =

    37

Elapsed time is 211.177932 seconds.

chan =

    38

Elapsed time is 207.561924 seconds.

chan =

    39

Elapsed time is 211.022238 seconds.

chan =

    40

Elapsed time is 210.788263 seconds.

chan =

    41

Elapsed time is 209.559133 seconds.

chan =

    42

Elapsed time is 208.722243 seconds.

chan =

    43

Elapsed time is 211.371122 seconds.

chan =

    44

Elapsed time is 211.012147 seconds.

chan =

    45

Elapsed time is 211.183936 seconds.

chan =

    46

Elapsed time is 209.166159 seconds.

chan =

    47

Elapsed time is 212.144801 seconds.

chan =

    48

Elapsed time is 210.700548 seconds.

chan =

    49

Elapsed time is 214.023815 seconds.

chan =

    50

Elapsed time is 211.969622 seconds.

chan =

    51

Elapsed time is 211.547773 seconds.

chan =

    52

Elapsed time is 211.423118 seconds.

chan =

    53

Elapsed time is 213.391409 seconds.

chan =

    54

Elapsed time is 211.674387 seconds.

chan =

    55

Elapsed time is 211.606284 seconds.

chan =

    56

Elapsed time is 211.933462 seconds.

chan =

    57

Elapsed time is 211.324471 seconds.

chan =

    58

Elapsed time is 211.270891 seconds.

chan =

    59

Elapsed time is 212.495998 seconds.

chan =

    60

Elapsed time is 211.965648 seconds.

chan =

    61

Elapsed time is 212.647279 seconds.

chan =

    62

Elapsed time is 210.534301 seconds.

chan =

    63

Elapsed time is 211.184556 seconds.

chan =

    64

Elapsed time is 210.389766 seconds.

chan =

    65

Elapsed time is 210.370906 seconds.

chan =

    66

Elapsed time is 211.207027 seconds.

chan =

    67

Elapsed time is 212.590920 seconds.

chan =

    68

Elapsed time is 210.531414 seconds.

chan =

    69

Elapsed time is 208.970694 seconds.

chan =

    70

Elapsed time is 210.664055 seconds.

chan =

    71

Elapsed time is 211.730523 seconds.

chan =

    72

Elapsed time is 211.938883 seconds.

chan =

    73

Elapsed time is 212.375405 seconds.

chan =

    74

Elapsed time is 209.475380 seconds.

chan =

    75

Elapsed time is 213.344833 seconds.

chan =

    76

Elapsed time is 212.243917 seconds.

chan =

    77

Elapsed time is 213.399461 seconds.

chan =

    78

Elapsed time is 210.674506 seconds.

chan =

    79

Elapsed time is 212.400811 seconds.

chan =

    80

Elapsed time is 211.675025 seconds.

chan =

    81

Elapsed time is 211.621497 seconds.

chan =

    82

Elapsed time is 210.754254 seconds.

chan =

    83

Elapsed time is 208.634280 seconds.

chan =

    84

Elapsed time is 206.104966 seconds.

chan =

    85

Elapsed time is 209.460345 seconds.

chan =

    86

Elapsed time is 210.719468 seconds.
attempting saving
save success: /projects/p31578/dtf8829/QuestConnect/CHANDAT/chanDat_ECoG20_052.mat
working on TF
encoding done
encoding RT done
retrieval 1 done
retrieval 2 done
attempting saving
save success: /projects/p31578/dtf8829/QuestConnect/CHANDAT/chanDat_ECoG20_052.mat
working on ISPC
channel: 1 took 0 minutes
channel: 2 took 0 minutes
channel: 3 took 0 minutes
channel: 4 took 0 minutes
channel: 5 took 0 minutes
channel: 6 took 0 minutes
channel: 7 took 0 minutes
channel: 8 took 0 minutes
channel: 9 took 0 minutes
channel: 10 took 0 minutes
channel: 11 took 0 minutes
channel: 12 took 0 minutes
channel: 13 took 0 minutes
channel: 14 took 0 minutes
channel: 15 took 0 minutes
channel: 16 took 0 minutes
channel: 17 took 0 minutes
channel: 18 took 0 minutes
channel: 19 took 0 minutes
channel: 20 took 0 minutes
channel: 21 took 0 minutes
channel: 22 took 0 minutes
channel: 23 took 0 minutes
channel: 24 took 0 minutes
channel: 25 took 0 minutes
channel: 26 took 0 minutes
channel: 27 took 0 minutes
channel: 28 took 0 minutes
channel: 29 took 0 minutes
channel: 30 took 0 minutes
channel: 31 took 0 minutes
channel: 32 took 0 minutes
channel: 33 took 0 minutes
channel: 34 took 0 minutes
channel: 35 took 0 minutes
channel: 36 took 0 minutes
channel: 37 took 0 minutes
channel: 38 took 0 minutes
channel: 39 took 0 minutes
channel: 40 took 0 minutes
channel: 41 took 0 minutes
channel: 42 took 0 minutes
channel: 43 took 0 minutes
channel: 44 took 0 minutes
channel: 45 took 0 minutes
channel: 46 took 0 minutes
channel: 47 took 0 minutes
channel: 48 took 0 minutes
channel: 49 took 0 minutes
channel: 50 took 0 minutes
channel: 51 took 0 minutes
channel: 52 took 0 minutes
channel: 53 took 3.6 minutes
channel: 54 took 3.6 minutes
channel: 55 took 3.6 minutes
channel: 56 took 3.6 minutes
channel: 57 took 3.6 minutes
channel: 58 took 3.6 minutes
channel: 59 took 3.6 minutes
channel: 60 took 3.6 minutes
channel: 61 took 3.6 minutes
channel: 62 took 3.6 minutes
channel: 63 took 3.6 minutes
channel: 64 took 3.6 minutes
channel: 65 took 3.6 minutes
channel: 66 took 3.6 minutes
channel: 67 took 3.5 minutes
channel: 68 took 3.5 minutes
channel: 69 took 3.5 minutes
channel: 70 took 3.5 minutes
channel: 71 took 3.5 minutes
channel: 72 took 3.6 minutes
channel: 73 took 3.6 minutes
channel: 74 took 3.5 minutes
channel: 75 took 3.5 minutes
channel: 76 took 3.5 minutes
channel: 77 took 3.5 minutes
channel: 78 took 3.5 minutes
channel: 79 took 3.5 minutes
channel: 80 took 3.5 minutes
channel: 81 took 3.5 minutes
channel: 82 took 3.5 minutes
channel: 83 took 3.5 minutes
channel: 84 took 3.5 minutes
channel: 85 took 3.5 minutes
channel: 86 took 3.4 minutes
attempting saving
save success: /projects/p31578/dtf8829/QuestConnect/CHANDAT/chanDat_ECoG20_052.mat
Elapsed time is 209.278114 seconds.
