getting started: 1372
attempting file: 1372
going for ECoG20 18
data loaded: ECoG20 18
HFB already done

chan =

     1

Elapsed time is 233.922551 seconds.

chan =

     2

Elapsed time is 215.099747 seconds.

chan =

     3

Elapsed time is 214.493384 seconds.

chan =

     4

Elapsed time is 212.436253 seconds.

chan =

     5

Elapsed time is 212.214636 seconds.

chan =

     6

Elapsed time is 212.730730 seconds.

chan =

     7

Elapsed time is 211.950005 seconds.

chan =

     8

Elapsed time is 211.091080 seconds.

chan =

     9

Elapsed time is 208.177286 seconds.

chan =

    10

Elapsed time is 211.237208 seconds.

chan =

    11

Elapsed time is 210.850834 seconds.

chan =

    12

Elapsed time is 205.014468 seconds.

chan =

    13

Elapsed time is 204.257041 seconds.

chan =

    14

Elapsed time is 207.095615 seconds.

chan =

    15

Elapsed time is 201.633422 seconds.

chan =

    16

Elapsed time is 196.156012 seconds.

chan =

    17

Elapsed time is 196.196052 seconds.

chan =

    18

Elapsed time is 197.661455 seconds.

chan =

    19

Elapsed time is 199.649555 seconds.

chan =

    20

Elapsed time is 196.781527 seconds.

chan =

    21

Elapsed time is 196.949028 seconds.

chan =

    22

Elapsed time is 198.309507 seconds.

chan =

    23

Elapsed time is 208.538556 seconds.

chan =

    24

Elapsed time is 196.807013 seconds.

chan =

    25

Elapsed time is 195.730982 seconds.

chan =

    26

Elapsed time is 197.282697 seconds.

chan =

    27

Elapsed time is 197.468300 seconds.

chan =

    28

Elapsed time is 198.494969 seconds.

chan =

    29

Elapsed time is 196.447501 seconds.

chan =

    30

Elapsed time is 198.895804 seconds.

chan =

    31

Elapsed time is 196.671457 seconds.

chan =

    32

Elapsed time is 198.982386 seconds.

chan =

    33

Elapsed time is 195.154553 seconds.

chan =

    34

Elapsed time is 196.880082 seconds.

chan =

    35

Elapsed time is 195.941268 seconds.

chan =

    36

Elapsed time is 197.163125 seconds.

chan =

    37

Elapsed time is 198.655324 seconds.

chan =

    38

Elapsed time is 198.928049 seconds.

chan =

    39

Elapsed time is 195.545402 seconds.

chan =

    40

Elapsed time is 196.785225 seconds.

chan =

    41

Elapsed time is 195.529821 seconds.

chan =

    42

Elapsed time is 197.628771 seconds.

chan =

    43

Elapsed time is 196.871641 seconds.

chan =

    44

Elapsed time is 194.804855 seconds.

chan =

    45

Elapsed time is 193.892000 seconds.

chan =

    46

Elapsed time is 198.233540 seconds.

chan =

    47

Elapsed time is 197.633068 seconds.

chan =

    48

Elapsed time is 195.452261 seconds.

chan =

    49

Elapsed time is 199.846952 seconds.

chan =

    50

Elapsed time is 196.997364 seconds.

chan =

    51

Elapsed time is 195.848754 seconds.

chan =

    52

Elapsed time is 196.235192 seconds.

chan =

    53

Elapsed time is 199.553344 seconds.

chan =

    54

Elapsed time is 195.962436 seconds.

chan =

    55

Elapsed time is 199.866033 seconds.

chan =

    56

Elapsed time is 201.879105 seconds.

chan =

    57

Elapsed time is 200.391973 seconds.

chan =

    58

Elapsed time is 199.435967 seconds.

chan =

    59

Elapsed time is 203.044905 seconds.

chan =

    60

Elapsed time is 210.689693 seconds.

chan =

    61

Elapsed time is 213.298956 seconds.

chan =

    62

Elapsed time is 210.256031 seconds.

chan =

    63

Elapsed time is 211.719911 seconds.

chan =

    64

Elapsed time is 211.822805 seconds.

chan =

    65

Elapsed time is 199.607378 seconds.

chan =

    66

Elapsed time is 208.655655 seconds.

chan =

    67

Elapsed time is 211.115081 seconds.

chan =

    68

Elapsed time is 206.673359 seconds.

chan =

    69

Elapsed time is 209.858035 seconds.

chan =

    70

Elapsed time is 211.806564 seconds.

chan =

    71

Elapsed time is 209.055156 seconds.

chan =

    72

Elapsed time is 209.096361 seconds.

chan =

    73

Elapsed time is 209.667748 seconds.

chan =

    74

Elapsed time is 196.513446 seconds.

chan =

    75

Elapsed time is 201.519967 seconds.

chan =

    76

Elapsed time is 204.139762 seconds.

chan =

    77

Elapsed time is 197.887924 seconds.

chan =

    78

Elapsed time is 197.690660 seconds.

chan =

    79

Elapsed time is 197.563022 seconds.

chan =

    80

Elapsed time is 210.263331 seconds.

chan =

    81

Elapsed time is 215.789117 seconds.

chan =

    82

Elapsed time is 212.041842 seconds.

chan =

    83

Elapsed time is 214.865512 seconds.

chan =

    84

Elapsed time is 201.320438 seconds.

chan =

    85

Elapsed time is 192.468919 seconds.

chan =

    86

Elapsed time is 210.085334 seconds.
attempting saving
save success: /projects/p31578/dtf8829/QuestConnect/CHANDAT/chanDat_ECoG20_018.mat
working on TF
encoding done
encoding RT done
retrieval 1 done
retrieval 2 done
attempting saving
save success: /projects/p31578/dtf8829/QuestConnect/CHANDAT/chanDat_ECoG20_018.mat
working on ISPC
channel: 1 took 0 minutes
channel: 2 took 0 minutes
channel: 3 took 0 minutes
channel: 4 took 0 minutes
channel: 5 took 0 minutes
channel: 6 took 0 minutes
channel: 7 took 0 minutes
channel: 8 took 0 minutes
channel: 9 took 0 minutes
channel: 10 took 0 minutes
channel: 11 took 0 minutes
channel: 12 took 0 minutes
channel: 13 took 0 minutes
channel: 14 took 0 minutes
channel: 15 took 0 minutes
channel: 16 took 0 minutes
channel: 17 took 0 minutes
channel: 18 took 0 minutes
channel: 19 took 3.2 minutes
channel: 20 took 3.2 minutes
channel: 21 took 3.2 minutes
channel: 22 took 3.1 minutes
channel: 23 took 3 minutes
channel: 24 took 3 minutes
channel: 25 took 3 minutes
channel: 26 took 3.1 minutes
channel: 27 took 3.1 minutes
channel: 28 took 3.1 minutes
channel: 29 took 3.1 minutes
channel: 30 took 3 minutes
channel: 31 took 3 minutes
channel: 32 took 3 minutes
channel: 33 took 3 minutes
channel: 34 took 3.1 minutes
channel: 35 took 3.1 minutes
channel: 36 took 3.1 minutes
channel: 37 took 3 minutes
channel: 38 took 3 minutes
channel: 39 took 3 minutes
channel: 40 took 3.1 minutes
channel: 41 took 3.1 minutes
channel: 42 took 3.1 minutes
channel: 43 took 3 minutes
channel: 44 took 3.1 minutes
channel: 45 took 3.1 minutes
channel: 46 took 3.1 minutes
channel: 47 took 3 minutes
channel: 48 took 3 minutes
channel: 49 took 3 minutes
channel: 50 took 3.1 minutes
channel: 51 took 3.1 minutes
channel: 52 took 3.1 minutes
channel: 53 took 3 minutes
channel: 54 took 3 minutes
channel: 55 took 3.1 minutes
channel: 56 took 3.1 minutes
channel: 57 took 3 minutes
channel: 58 took 3.1 minutes
channel: 59 took 3.1 minutes
channel: 60 took 3 minutes
channel: 61 took 3 minutes
channel: 62 took 3.1 minutes
channel: 63 took 3.1 minutes
channel: 64 took 3 minutes
channel: 65 took 3 minutes
channel: 66 took 3.1 minutes
channel: 67 took 3.1 minutes
channel: 68 took 3.1 minutes
channel: 69 took 3.1 minutes
channel: 70 took 3.1 minutes
channel: 71 took 3 minutes
channel: 72 took 3.1 minutes
channel: 73 took 3.1 minutes
channel: 74 took 3 minutes
channel: 75 took 3.1 minutes
channel: 76 took 3.1 minutes
channel: 77 took 3 minutes
channel: 78 took 3 minutes
channel: 79 took 3 minutes
channel: 80 took 3.1 minutes
channel: 81 took 3.1 minutes
channel: 82 took 3 minutes
channel: 83 took 3.1 minutes
channel: 84 took 3.1 minutes
channel: 85 took 3 minutes
channel: 86 took 3 minutes
attempting saving
save success: /projects/p31578/dtf8829/QuestConnect/CHANDAT/chanDat_ECoG20_018.mat
Elapsed time is 186.832169 seconds.
