getting started: 155
attempting file: 155
going for CP26 26
data loaded: CP26 26
HFB already done

chan =

     1

Elapsed time is 269.157229 seconds.

chan =

     2

Elapsed time is 259.829267 seconds.

chan =

     3

Elapsed time is 258.826272 seconds.

chan =

     4

Elapsed time is 258.652615 seconds.

chan =

     5

Elapsed time is 266.541620 seconds.

chan =

     6

Elapsed time is 277.811894 seconds.

chan =

     7

Elapsed time is 268.483734 seconds.

chan =

     8

Elapsed time is 273.301784 seconds.

chan =

     9

Elapsed time is 267.258043 seconds.

chan =

    10

Elapsed time is 272.217887 seconds.

chan =

    11

Elapsed time is 270.999421 seconds.

chan =

    12

Elapsed time is 259.009342 seconds.

chan =

    13

Elapsed time is 258.636793 seconds.

chan =

    14

Elapsed time is 274.015863 seconds.

chan =

    15

Elapsed time is 266.191648 seconds.

chan =

    16

Elapsed time is 258.532428 seconds.

chan =

    17

Elapsed time is 261.400916 seconds.

chan =

    18

Elapsed time is 275.934452 seconds.

chan =

    19

Elapsed time is 268.683966 seconds.

chan =

    20

Elapsed time is 258.022644 seconds.

chan =

    21

Elapsed time is 268.449214 seconds.

chan =

    22

Elapsed time is 259.696047 seconds.

chan =

    23

Elapsed time is 264.092206 seconds.

chan =

    24

Elapsed time is 270.991270 seconds.

chan =

    25

Elapsed time is 260.482526 seconds.

chan =

    26

Elapsed time is 276.909856 seconds.

chan =

    27

Elapsed time is 258.865976 seconds.

chan =

    28

Elapsed time is 258.803762 seconds.

chan =

    29

Elapsed time is 265.068857 seconds.

chan =

    30

Elapsed time is 268.537317 seconds.

chan =

    31

Elapsed time is 264.269948 seconds.

chan =

    32

Elapsed time is 269.299381 seconds.

chan =

    33

Elapsed time is 264.742595 seconds.

chan =

    34

Elapsed time is 264.890428 seconds.

chan =

    35

Elapsed time is 267.966670 seconds.

chan =

    36

Elapsed time is 263.640346 seconds.

chan =

    37

Elapsed time is 266.715303 seconds.

chan =

    38

Elapsed time is 264.296982 seconds.

chan =

    39

Elapsed time is 261.646376 seconds.

chan =

    40

Elapsed time is 267.355591 seconds.

chan =

    41

Elapsed time is 256.189762 seconds.

chan =

    42

Elapsed time is 268.772245 seconds.

chan =

    43

Elapsed time is 255.314861 seconds.

chan =

    44

Elapsed time is 264.793411 seconds.

chan =

    45

Elapsed time is 258.942399 seconds.

chan =

    46

Elapsed time is 255.436892 seconds.

chan =

    47

Elapsed time is 253.636447 seconds.

chan =

    48

Elapsed time is 262.370480 seconds.

chan =

    49

Elapsed time is 256.689622 seconds.

chan =

    50

Elapsed time is 263.580131 seconds.

chan =

    51

Elapsed time is 256.931229 seconds.

chan =

    52

Elapsed time is 256.246802 seconds.

chan =

    53

Elapsed time is 259.086637 seconds.

chan =

    54

Elapsed time is 256.912241 seconds.

chan =

    55

Elapsed time is 261.646443 seconds.

chan =

    56

Elapsed time is 257.990531 seconds.

chan =

    57

Elapsed time is 258.503104 seconds.

chan =

    58

Elapsed time is 251.452090 seconds.

chan =

    59

Elapsed time is 259.187928 seconds.

chan =

    60

Elapsed time is 251.232144 seconds.

chan =

    61

Elapsed time is 246.214176 seconds.

chan =

    62

Elapsed time is 254.402243 seconds.

chan =

    63

Elapsed time is 250.927353 seconds.

chan =

    64

Elapsed time is 250.461769 seconds.

chan =

    65

Elapsed time is 252.874534 seconds.

chan =

    66

Elapsed time is 260.286641 seconds.

chan =

    67

Elapsed time is 254.890302 seconds.

chan =

    68

Elapsed time is 257.702100 seconds.

chan =

    69

Elapsed time is 249.485975 seconds.

chan =

    70

Elapsed time is 262.914170 seconds.

chan =

    71

Elapsed time is 284.843659 seconds.

chan =

    72

Elapsed time is 368.030423 seconds.

chan =

    73

Elapsed time is 368.205405 seconds.

chan =

    74

Elapsed time is 284.219055 seconds.

chan =

    75

Elapsed time is 386.256037 seconds.

chan =

    76

Elapsed time is 387.052669 seconds.

chan =

    77

Elapsed time is 240.535667 seconds.

chan =

    78

Elapsed time is 361.110112 seconds.
attempting saving
save success: /projects/p31578/dtf8829/QuestConnect/CHANDAT/chanDat_CP26_026.mat
working on TF
encoding done
encoding RT done
retrieval 1 done
retrieval 2 done
attempting saving
save success: /projects/p31578/dtf8829/QuestConnect/CHANDAT/chanDat_CP26_026.mat
working on ISPC
channel: 1 took 0 minutes
channel: 2 took 0 minutes
channel: 3 took 0 minutes
channel: 4 took 0 minutes
channel: 5 took 0 minutes
channel: 6 took 0 minutes
channel: 7 took 0 minutes
channel: 8 took 0 minutes
channel: 9 took 0 minutes
channel: 10 took 0 minutes
channel: 11 took 0 minutes
channel: 12 took 0 minutes
channel: 13 took 0 minutes
channel: 14 took 0 minutes
channel: 15 took 0 minutes
channel: 16 took 0 minutes
channel: 17 took 0 minutes
channel: 18 took 0 minutes
channel: 19 took 0 minutes
channel: 20 took 0 minutes
channel: 21 took 0 minutes
channel: 22 took 0 minutes
channel: 23 took 0 minutes
channel: 24 took 0 minutes
channel: 25 took 0 minutes
channel: 26 took 0 minutes
channel: 27 took 5.5 minutes
channel: 28 took 5.5 minutes
channel: 29 took 5.4 minutes
channel: 30 took 5.5 minutes
channel: 31 took 5.4 minutes
channel: 32 took 5.4 minutes
channel: 33 took 5.4 minutes
channel: 34 took 5.4 minutes
channel: 35 took 5.4 minutes
channel: 36 took 5.4 minutes
channel: 37 took 5.5 minutes
channel: 38 took 5.4 minutes
channel: 39 took 5.4 minutes
channel: 40 took 5.4 minutes
channel: 41 took 5.4 minutes
channel: 42 took 5.4 minutes
channel: 43 took 5.4 minutes
channel: 44 took 5.3 minutes
channel: 45 took 5.4 minutes
channel: 46 took 5.4 minutes
channel: 47 took 5.4 minutes
channel: 48 took 5.4 minutes
channel: 49 took 5.4 minutes
channel: 50 took 5.4 minutes
channel: 51 took 5.4 minutes
channel: 52 took 5.4 minutes
channel: 53 took 5.4 minutes
channel: 54 took 5.4 minutes
channel: 55 took 5.4 minutes
channel: 56 took 5.4 minutes
channel: 57 took 5.4 minutes
channel: 58 took 5.4 minutes
channel: 59 took 5.4 minutes
channel: 60 took 5.3 minutes
channel: 61 took 5.4 minutes
channel: 62 took 5.4 minutes
channel: 63 took 5 minutes
channel: 64 took 4.5 minutes
channel: 65 took 4.5 minutes
channel: 66 took 4.5 minutes
channel: 67 took 4.6 minutes
channel: 68 took 4.1 minutes
channel: 69 took 4.4 minutes
channel: 70 took 4.5 minutes
channel: 71 took 4.5 minutes
channel: 72 took 4.6 minutes
channel: 73 took 4.5 minutes
channel: 74 took 3.2 minutes
channel: 75 took 4.5 minutes
channel: 76 took 4.5 minutes
channel: 77 took 4.5 minutes
channel: 78 took 4.6 minutes
attempting saving
save success: /projects/p31578/dtf8829/QuestConnect/CHANDAT/chanDat_CP26_026.mat
Elapsed time is 281.729728 seconds.
