getting started: 1408
attempting file: 1408
going for ECoG20 54
data loaded: ECoG20 54
HFB already done

chan =

     1

Elapsed time is 305.131470 seconds.

chan =

     2

Elapsed time is 301.594890 seconds.

chan =

     3

Elapsed time is 303.378484 seconds.

chan =

     4

Elapsed time is 302.551912 seconds.

chan =

     5

Elapsed time is 303.230082 seconds.

chan =

     6

Elapsed time is 303.807411 seconds.

chan =

     7

Elapsed time is 303.309671 seconds.

chan =

     8

Elapsed time is 304.009373 seconds.

chan =

     9

Elapsed time is 301.401335 seconds.

chan =

    10

Elapsed time is 301.544067 seconds.

chan =

    11

Elapsed time is 302.023806 seconds.

chan =

    12

Elapsed time is 302.004803 seconds.

chan =

    13

Elapsed time is 299.893746 seconds.

chan =

    14

Elapsed time is 301.542165 seconds.

chan =

    15

Elapsed time is 298.838713 seconds.

chan =

    16

Elapsed time is 301.502019 seconds.

chan =

    17

Elapsed time is 295.710575 seconds.

chan =

    18

Elapsed time is 291.074080 seconds.

chan =

    19

Elapsed time is 288.759899 seconds.

chan =

    20

Elapsed time is 283.148082 seconds.

chan =

    21

Elapsed time is 281.060296 seconds.

chan =

    22

Elapsed time is 275.278732 seconds.

chan =

    23

Elapsed time is 271.551100 seconds.

chan =

    24

Elapsed time is 267.981106 seconds.

chan =

    25

Elapsed time is 260.558808 seconds.

chan =

    26

Elapsed time is 256.073955 seconds.

chan =

    27

Elapsed time is 249.337069 seconds.

chan =

    28

Elapsed time is 249.553845 seconds.

chan =

    29

Elapsed time is 250.840741 seconds.

chan =

    30

Elapsed time is 249.490735 seconds.

chan =

    31

Elapsed time is 249.450399 seconds.

chan =

    32

Elapsed time is 249.244485 seconds.

chan =

    33

Elapsed time is 246.470595 seconds.

chan =

    34

Elapsed time is 245.045695 seconds.

chan =

    35

Elapsed time is 247.898807 seconds.

chan =

    36

Elapsed time is 265.342142 seconds.

chan =

    37

Elapsed time is 264.364462 seconds.

chan =

    38

Elapsed time is 265.605583 seconds.

chan =

    39

Elapsed time is 265.414323 seconds.

chan =

    40

Elapsed time is 267.092381 seconds.

chan =

    41

Elapsed time is 265.849541 seconds.

chan =

    42

Elapsed time is 267.915026 seconds.

chan =

    43

Elapsed time is 254.442419 seconds.

chan =

    44

Elapsed time is 256.632505 seconds.

chan =

    45

Elapsed time is 265.114723 seconds.

chan =

    46

Elapsed time is 264.689250 seconds.

chan =

    47

Elapsed time is 264.683876 seconds.

chan =

    48

Elapsed time is 258.865564 seconds.

chan =

    49

Elapsed time is 257.178930 seconds.

chan =

    50

Elapsed time is 254.200814 seconds.

chan =

    51

Elapsed time is 265.382251 seconds.

chan =

    52

Elapsed time is 266.808276 seconds.

chan =

    53

Elapsed time is 261.620581 seconds.

chan =

    54

Elapsed time is 262.159675 seconds.

chan =

    55

Elapsed time is 264.743733 seconds.

chan =

    56

Elapsed time is 265.248824 seconds.

chan =

    57

Elapsed time is 260.857634 seconds.

chan =

    58

Elapsed time is 256.571263 seconds.

chan =

    59

Elapsed time is 262.158675 seconds.

chan =

    60

Elapsed time is 264.562364 seconds.

chan =

    61

Elapsed time is 264.690211 seconds.

chan =

    62

Elapsed time is 266.995955 seconds.

chan =

    63

Elapsed time is 257.408389 seconds.

chan =

    64

Elapsed time is 261.154330 seconds.

chan =

    65

Elapsed time is 244.574135 seconds.

chan =

    66

Elapsed time is 244.470138 seconds.

chan =

    67

Elapsed time is 243.150397 seconds.

chan =

    68

Elapsed time is 244.789083 seconds.

chan =

    69

Elapsed time is 244.813760 seconds.

chan =

    70

Elapsed time is 260.393567 seconds.

chan =

    71

Elapsed time is 243.888830 seconds.

chan =

    72

Elapsed time is 244.390609 seconds.

chan =

    73

Elapsed time is 259.069403 seconds.

chan =

    74

Elapsed time is 261.176496 seconds.

chan =

    75

Elapsed time is 259.824845 seconds.

chan =

    76

Elapsed time is 260.924838 seconds.

chan =

    77

Elapsed time is 259.705907 seconds.

chan =

    78

Elapsed time is 259.496123 seconds.

chan =

    79

Elapsed time is 260.077423 seconds.

chan =

    80

Elapsed time is 259.782189 seconds.

chan =

    81

Elapsed time is 258.886884 seconds.

chan =

    82

Elapsed time is 259.320071 seconds.

chan =

    83

Elapsed time is 258.002327 seconds.

chan =

    84

Elapsed time is 260.059058 seconds.

chan =

    85

Elapsed time is 257.510092 seconds.

chan =

    86

Elapsed time is 237.404925 seconds.
attempting saving
save success: /projects/p31578/dtf8829/QuestConnect/CHANDAT/chanDat_ECoG20_054.mat
working on TF
encoding done
encoding RT done
retrieval 1 done
retrieval 2 done
attempting saving
save success: /projects/p31578/dtf8829/QuestConnect/CHANDAT/chanDat_ECoG20_054.mat
working on ISPC
channel: 1 took 0 minutes
channel: 2 took 0 minutes
channel: 3 took 0 minutes
channel: 4 took 0 minutes
channel: 5 took 0 minutes
channel: 6 took 0 minutes
channel: 7 took 0 minutes
channel: 8 took 0 minutes
channel: 9 took 0 minutes
channel: 10 took 0 minutes
channel: 11 took 0 minutes
channel: 12 took 0 minutes
channel: 13 took 0 minutes
channel: 14 took 0 minutes
channel: 15 took 0 minutes
channel: 16 took 0 minutes
channel: 17 took 0 minutes
channel: 18 took 0 minutes
channel: 19 took 0 minutes
channel: 20 took 0 minutes
channel: 21 took 0 minutes
channel: 22 took 0 minutes
channel: 23 took 0 minutes
channel: 24 took 0 minutes
channel: 25 took 0 minutes
channel: 26 took 0 minutes
channel: 27 took 0 minutes
channel: 28 took 0 minutes
channel: 29 took 0 minutes
channel: 30 took 0 minutes
channel: 31 took 0 minutes
channel: 32 took 0 minutes
channel: 33 took 0 minutes
channel: 34 took 0 minutes
channel: 35 took 0 minutes
channel: 36 took 0 minutes
channel: 37 took 0 minutes
channel: 38 took 0 minutes
channel: 39 took 0 minutes
channel: 40 took 0 minutes
channel: 41 took 0 minutes
channel: 42 took 0 minutes
channel: 43 took 0 minutes
channel: 44 took 0 minutes
channel: 45 took 0 minutes
channel: 46 took 0 minutes
channel: 47 took 0 minutes
channel: 48 took 0 minutes
channel: 49 took 0 minutes
channel: 50 took 0 minutes
channel: 51 took 0 minutes
channel: 52 took 0 minutes
channel: 53 took 0 minutes
channel: 54 took 0 minutes
channel: 55 took 4 minutes
channel: 56 took 4 minutes
channel: 57 took 3.7 minutes
channel: 58 took 3.7 minutes
channel: 59 took 3.8 minutes
channel: 60 took 3.8 minutes
channel: 61 took 3.8 minutes
channel: 62 took 3.8 minutes
channel: 63 took 3.7 minutes
channel: 64 took 3.6 minutes
channel: 65 took 4.7 minutes
channel: 66 took 5.5 minutes
channel: 67 took 5.5 minutes
channel: 68 took 5.5 minutes
channel: 69 took 5.5 minutes
channel: 70 took 5.4 minutes
channel: 71 took 5.4 minutes
channel: 72 took 3.3 minutes
channel: 73 took 3.3 minutes
channel: 74 took 3.3 minutes
channel: 75 took 3.3 minutes
channel: 76 took 4.1 minutes
channel: 77 took 4.4 minutes
channel: 78 took 4.4 minutes
channel: 79 took 4.3 minutes
channel: 80 took 4.4 minutes
channel: 81 took 4.6 minutes
channel: 82 took 3.9 minutes
channel: 83 took 3.9 minutes
channel: 84 took 4 minutes
channel: 85 took 3.9 minutes
channel: 86 took 3.9 minutes
attempting saving
save success: /projects/p31578/dtf8829/QuestConnect/CHANDAT/chanDat_ECoG20_054.mat
Elapsed time is 237.890655 seconds.
