getting started: 1401
attempting file: 1401
going for ECoG20 47
data loaded: ECoG20 47
HFB already done

chan =

     1

Elapsed time is 307.671435 seconds.

chan =

     2

Elapsed time is 305.866930 seconds.

chan =

     3

Elapsed time is 304.898486 seconds.

chan =

     4

Elapsed time is 303.759339 seconds.

chan =

     5

Elapsed time is 305.112416 seconds.

chan =

     6

Elapsed time is 304.398858 seconds.

chan =

     7

Elapsed time is 305.289933 seconds.

chan =

     8

Elapsed time is 304.353058 seconds.

chan =

     9

Elapsed time is 303.291170 seconds.

chan =

    10

Elapsed time is 296.996712 seconds.

chan =

    11

Elapsed time is 297.217998 seconds.

chan =

    12

Elapsed time is 254.426432 seconds.

chan =

    13

Elapsed time is 233.899202 seconds.

chan =

    14

Elapsed time is 246.808817 seconds.

chan =

    15

Elapsed time is 292.438503 seconds.

chan =

    16

Elapsed time is 296.884103 seconds.

chan =

    17

Elapsed time is 301.754485 seconds.

chan =

    18

Elapsed time is 301.157736 seconds.

chan =

    19

Elapsed time is 292.591422 seconds.

chan =

    20

Elapsed time is 283.807873 seconds.

chan =

    21

Elapsed time is 279.314358 seconds.

chan =

    22

Elapsed time is 274.751493 seconds.

chan =

    23

Elapsed time is 273.105663 seconds.

chan =

    24

Elapsed time is 267.979320 seconds.

chan =

    25

Elapsed time is 268.374745 seconds.

chan =

    26

Elapsed time is 267.183649 seconds.

chan =

    27

Elapsed time is 268.922875 seconds.

chan =

    28

Elapsed time is 267.998696 seconds.

chan =

    29

Elapsed time is 273.729865 seconds.

chan =

    30

Elapsed time is 272.885829 seconds.

chan =

    31

Elapsed time is 272.345376 seconds.

chan =

    32

Elapsed time is 271.405050 seconds.

chan =

    33

Elapsed time is 271.314312 seconds.

chan =

    34

Elapsed time is 271.380345 seconds.

chan =

    35

Elapsed time is 274.510778 seconds.

chan =

    36

Elapsed time is 272.895977 seconds.

chan =

    37

Elapsed time is 272.303681 seconds.

chan =

    38

Elapsed time is 271.909490 seconds.

chan =

    39

Elapsed time is 272.352555 seconds.

chan =

    40

Elapsed time is 271.600942 seconds.

chan =

    41

Elapsed time is 272.786615 seconds.

chan =

    42

Elapsed time is 272.354844 seconds.

chan =

    43

Elapsed time is 272.544827 seconds.

chan =

    44

Elapsed time is 282.365394 seconds.

chan =

    45

Elapsed time is 290.768806 seconds.

chan =

    46

Elapsed time is 278.929031 seconds.

chan =

    47

Elapsed time is 266.916066 seconds.

chan =

    48

Elapsed time is 279.501954 seconds.

chan =

    49

Elapsed time is 276.593049 seconds.

chan =

    50

Elapsed time is 275.678060 seconds.

chan =

    51

Elapsed time is 281.285141 seconds.

chan =

    52

Elapsed time is 280.043401 seconds.

chan =

    53

Elapsed time is 282.696033 seconds.

chan =

    54

Elapsed time is 284.097311 seconds.

chan =

    55

Elapsed time is 270.795274 seconds.

chan =

    56

Elapsed time is 280.235516 seconds.

chan =

    57

Elapsed time is 280.107592 seconds.

chan =

    58

Elapsed time is 280.509845 seconds.

chan =

    59

Elapsed time is 278.573041 seconds.

chan =

    60

Elapsed time is 267.295998 seconds.

chan =

    61

Elapsed time is 270.777190 seconds.

chan =

    62

Elapsed time is 267.850755 seconds.

chan =

    63

Elapsed time is 256.562688 seconds.

chan =

    64

Elapsed time is 251.513483 seconds.

chan =

    65

Elapsed time is 246.370363 seconds.

chan =

    66

Elapsed time is 244.521757 seconds.

chan =

    67

Elapsed time is 243.490010 seconds.

chan =

    68

Elapsed time is 247.795116 seconds.

chan =

    69

Elapsed time is 254.956972 seconds.

chan =

    70

Elapsed time is 244.665438 seconds.

chan =

    71

Elapsed time is 245.827234 seconds.

chan =

    72

Elapsed time is 259.422646 seconds.

chan =

    73

Elapsed time is 259.192863 seconds.

chan =

    74

Elapsed time is 259.451547 seconds.

chan =

    75

Elapsed time is 259.316975 seconds.

chan =

    76

Elapsed time is 259.098489 seconds.

chan =

    77

Elapsed time is 259.125672 seconds.

chan =

    78

Elapsed time is 260.122029 seconds.

chan =

    79

Elapsed time is 259.037329 seconds.

chan =

    80

Elapsed time is 260.319498 seconds.

chan =

    81

Elapsed time is 259.485725 seconds.

chan =

    82

Elapsed time is 260.377753 seconds.

chan =

    83

Elapsed time is 259.711042 seconds.

chan =

    84

Elapsed time is 261.085686 seconds.

chan =

    85

Elapsed time is 259.492049 seconds.

chan =

    86

Elapsed time is 261.976273 seconds.
attempting saving
save success: /projects/p31578/dtf8829/QuestConnect/CHANDAT/chanDat_ECoG20_047.mat
working on TF
encoding done
encoding RT done
retrieval 1 done
retrieval 2 done
attempting saving
save success: /projects/p31578/dtf8829/QuestConnect/CHANDAT/chanDat_ECoG20_047.mat
working on ISPC
channel: 1 took 0 minutes
channel: 2 took 0 minutes
channel: 3 took 0 minutes
channel: 4 took 0 minutes
channel: 5 took 0 minutes
channel: 6 took 0 minutes
channel: 7 took 0 minutes
channel: 8 took 0 minutes
channel: 9 took 0 minutes
channel: 10 took 0 minutes
channel: 11 took 0 minutes
channel: 12 took 0 minutes
channel: 13 took 0 minutes
channel: 14 took 0 minutes
channel: 15 took 0 minutes
channel: 16 took 0 minutes
channel: 17 took 0 minutes
channel: 18 took 0 minutes
channel: 19 took 0 minutes
channel: 20 took 0 minutes
channel: 21 took 0 minutes
channel: 22 took 0 minutes
channel: 23 took 0 minutes
channel: 24 took 0 minutes
channel: 25 took 0 minutes
channel: 26 took 0 minutes
channel: 27 took 0 minutes
channel: 28 took 0 minutes
channel: 29 took 0 minutes
channel: 30 took 0 minutes
channel: 31 took 0 minutes
channel: 32 took 0 minutes
channel: 33 took 0 minutes
channel: 34 took 0 minutes
channel: 35 took 0 minutes
channel: 36 took 0 minutes
channel: 37 took 0 minutes
channel: 38 took 0 minutes
channel: 39 took 0 minutes
channel: 40 took 0 minutes
channel: 41 took 0 minutes
channel: 42 took 0 minutes
channel: 43 took 0 minutes
channel: 44 took 0 minutes
channel: 45 took 0 minutes
channel: 46 took 0 minutes
channel: 47 took 0 minutes
channel: 48 took 4.3 minutes
channel: 49 took 4.1 minutes
channel: 50 took 4 minutes
channel: 51 took 4 minutes
channel: 52 took 4 minutes
channel: 53 took 4 minutes
channel: 54 took 4 minutes
channel: 55 took 4 minutes
channel: 56 took 4 minutes
channel: 57 took 4 minutes
channel: 58 took 3.9 minutes
channel: 59 took 3.7 minutes
channel: 60 took 3.7 minutes
channel: 61 took 3.6 minutes
channel: 62 took 3.6 minutes
channel: 63 took 3.6 minutes
channel: 64 took 3.6 minutes
channel: 65 took 3.6 minutes
channel: 66 took 3.6 minutes
channel: 67 took 3.6 minutes
channel: 68 took 3.6 minutes
channel: 69 took 3.6 minutes
channel: 70 took 3.6 minutes
channel: 71 took 3.6 minutes
channel: 72 took 3.7 minutes
channel: 73 took 3.6 minutes
channel: 74 took 3.6 minutes
channel: 75 took 3.6 minutes
channel: 76 took 4.4 minutes
channel: 77 took 4.2 minutes
channel: 78 took 4.8 minutes
channel: 79 took 4.9 minutes
channel: 80 took 4.8 minutes
channel: 81 took 4.1 minutes
channel: 82 took 4 minutes
channel: 83 took 3.7 minutes
channel: 84 took 3.6 minutes
channel: 85 took 3.9 minutes
channel: 86 took 4 minutes
attempting saving
save success: /projects/p31578/dtf8829/QuestConnect/CHANDAT/chanDat_ECoG20_047.mat
Elapsed time is 244.445869 seconds.
