getting started: 1366
attempting file: 1366
going for ECoG20 12
data loaded: ECoG20 12
HFB already done

chan =

     1

Elapsed time is 237.302989 seconds.

chan =

     2

Elapsed time is 227.669912 seconds.

chan =

     3

Elapsed time is 227.585818 seconds.

chan =

     4

Elapsed time is 226.017663 seconds.

chan =

     5

Elapsed time is 227.733224 seconds.

chan =

     6

Elapsed time is 225.525309 seconds.

chan =

     7

Elapsed time is 228.246996 seconds.

chan =

     8

Elapsed time is 224.279255 seconds.

chan =

     9

Elapsed time is 225.355918 seconds.

chan =

    10

Elapsed time is 222.952901 seconds.

chan =

    11

Elapsed time is 217.900070 seconds.

chan =

    12

Elapsed time is 221.595928 seconds.

chan =

    13

Elapsed time is 216.205402 seconds.

chan =

    14

Elapsed time is 218.197353 seconds.

chan =

    15

Elapsed time is 219.473507 seconds.

chan =

    16

Elapsed time is 216.188995 seconds.

chan =

    17

Elapsed time is 227.292416 seconds.

chan =

    18

Elapsed time is 221.078091 seconds.

chan =

    19

Elapsed time is 219.970337 seconds.

chan =

    20

Elapsed time is 216.404573 seconds.

chan =

    21

Elapsed time is 219.043307 seconds.

chan =

    22

Elapsed time is 220.129624 seconds.

chan =

    23

Elapsed time is 217.543091 seconds.

chan =

    24

Elapsed time is 218.804278 seconds.

chan =

    25

Elapsed time is 218.456400 seconds.

chan =

    26

Elapsed time is 216.303127 seconds.

chan =

    27

Elapsed time is 218.053690 seconds.

chan =

    28

Elapsed time is 219.773921 seconds.

chan =

    29

Elapsed time is 219.584799 seconds.

chan =

    30

Elapsed time is 219.467016 seconds.

chan =

    31

Elapsed time is 222.322714 seconds.

chan =

    32

Elapsed time is 215.731441 seconds.

chan =

    33

Elapsed time is 218.272813 seconds.

chan =

    34

Elapsed time is 222.755367 seconds.

chan =

    35

Elapsed time is 224.582088 seconds.

chan =

    36

Elapsed time is 218.664921 seconds.

chan =

    37

Elapsed time is 220.009260 seconds.

chan =

    38

Elapsed time is 222.198124 seconds.

chan =

    39

Elapsed time is 221.753890 seconds.

chan =

    40

Elapsed time is 218.601848 seconds.

chan =

    41

Elapsed time is 220.618448 seconds.

chan =

    42

Elapsed time is 222.443773 seconds.

chan =

    43

Elapsed time is 222.778984 seconds.

chan =

    44

Elapsed time is 221.942522 seconds.

chan =

    45

Elapsed time is 223.252067 seconds.

chan =

    46

Elapsed time is 219.550832 seconds.

chan =

    47

Elapsed time is 218.238702 seconds.

chan =

    48

Elapsed time is 217.632047 seconds.

chan =

    49

Elapsed time is 222.127705 seconds.

chan =

    50

Elapsed time is 225.865321 seconds.

chan =

    51

Elapsed time is 223.706443 seconds.

chan =

    52

Elapsed time is 223.147830 seconds.

chan =

    53

Elapsed time is 224.244796 seconds.

chan =

    54

Elapsed time is 228.454691 seconds.

chan =

    55

Elapsed time is 236.874895 seconds.

chan =

    56

Elapsed time is 237.250291 seconds.

chan =

    57

Elapsed time is 238.003319 seconds.

chan =

    58

Elapsed time is 239.631917 seconds.

chan =

    59

Elapsed time is 219.059851 seconds.

chan =

    60

Elapsed time is 233.611990 seconds.

chan =

    61

Elapsed time is 236.609800 seconds.

chan =

    62

Elapsed time is 235.992246 seconds.

chan =

    63

Elapsed time is 236.813984 seconds.

chan =

    64

Elapsed time is 233.009550 seconds.

chan =

    65

Elapsed time is 229.032151 seconds.

chan =

    66

Elapsed time is 235.771391 seconds.

chan =

    67

Elapsed time is 215.264717 seconds.

chan =

    68

Elapsed time is 216.891414 seconds.

chan =

    69

Elapsed time is 221.168397 seconds.

chan =

    70

Elapsed time is 214.180438 seconds.

chan =

    71

Elapsed time is 214.449564 seconds.

chan =

    72

Elapsed time is 219.044694 seconds.

chan =

    73

Elapsed time is 232.323935 seconds.

chan =

    74

Elapsed time is 229.605834 seconds.

chan =

    75

Elapsed time is 236.649653 seconds.

chan =

    76

Elapsed time is 223.471485 seconds.

chan =

    77

Elapsed time is 212.278743 seconds.

chan =

    78

Elapsed time is 227.371015 seconds.

chan =

    79

Elapsed time is 226.129891 seconds.

chan =

    80

Elapsed time is 222.941324 seconds.

chan =

    81

Elapsed time is 217.464228 seconds.

chan =

    82

Elapsed time is 211.226871 seconds.

chan =

    83

Elapsed time is 211.025346 seconds.

chan =

    84

Elapsed time is 208.671664 seconds.

chan =

    85

Elapsed time is 209.532882 seconds.

chan =

    86

Elapsed time is 207.482146 seconds.
attempting saving
save success: /projects/p31578/dtf8829/QuestConnect/CHANDAT/chanDat_ECoG20_012.mat
working on TF
encoding done
encoding RT done
retrieval 1 done
retrieval 2 done
attempting saving
save success: /projects/p31578/dtf8829/QuestConnect/CHANDAT/chanDat_ECoG20_012.mat
working on ISPC
channel: 1 took 0 minutes
channel: 2 took 0 minutes
channel: 3 took 0 minutes
channel: 4 took 0 minutes
channel: 5 took 0 minutes
channel: 6 took 0 minutes
channel: 7 took 0 minutes
channel: 8 took 0 minutes
channel: 9 took 0 minutes
channel: 10 took 0 minutes
channel: 11 took 0 minutes
channel: 12 took 0 minutes
channel: 13 took 3.3 minutes
channel: 14 took 3.2 minutes
channel: 15 took 3.2 minutes
channel: 16 took 3.1 minutes
channel: 17 took 3.2 minutes
channel: 18 took 3.2 minutes
channel: 19 took 3.2 minutes
channel: 20 took 3.2 minutes
channel: 21 took 3.2 minutes
channel: 22 took 3.2 minutes
channel: 23 took 3.2 minutes
channel: 24 took 3.2 minutes
channel: 25 took 3.2 minutes
channel: 26 took 3.2 minutes
channel: 27 took 3.1 minutes
channel: 28 took 3.2 minutes
channel: 29 took 3.2 minutes
channel: 30 took 3.2 minutes
channel: 31 took 3.1 minutes
channel: 32 took 3.1 minutes
channel: 33 took 3.2 minutes
channel: 34 took 3.2 minutes
channel: 35 took 3.2 minutes
channel: 36 took 3.1 minutes
channel: 37 took 3.2 minutes
channel: 38 took 3.1 minutes
channel: 39 took 3.2 minutes
channel: 40 took 3.2 minutes
channel: 41 took 3.1 minutes
channel: 42 took 3.2 minutes
channel: 43 took 3.2 minutes
channel: 44 took 3.2 minutes
channel: 45 took 3.2 minutes
channel: 46 took 3.2 minutes
channel: 47 took 3.2 minutes
channel: 48 took 3.2 minutes
channel: 49 took 3.2 minutes
channel: 50 took 3.2 minutes
channel: 51 took 3.2 minutes
channel: 52 took 3.2 minutes
channel: 53 took 3.2 minutes
channel: 54 took 3.1 minutes
channel: 55 took 3.2 minutes
channel: 56 took 3.2 minutes
channel: 57 took 3.1 minutes
channel: 58 took 3.1 minutes
channel: 59 took 3.2 minutes
channel: 60 took 3.2 minutes
channel: 61 took 3.1 minutes
channel: 62 took 3.2 minutes
channel: 63 took 3.2 minutes
channel: 64 took 3.2 minutes
channel: 65 took 3.2 minutes
channel: 66 took 3.2 minutes
channel: 67 took 3.2 minutes
channel: 68 took 3.2 minutes
channel: 69 took 3.2 minutes
channel: 70 took 3.2 minutes
channel: 71 took 3.1 minutes
channel: 72 took 3.2 minutes
channel: 73 took 3.1 minutes
channel: 74 took 3.1 minutes
channel: 75 took 3.1 minutes
channel: 76 took 3.1 minutes
channel: 77 took 3.1 minutes
channel: 78 took 3.1 minutes
channel: 79 took 3.1 minutes
channel: 80 took 3.1 minutes
channel: 81 took 3.1 minutes
channel: 82 took 3.1 minutes
channel: 83 took 3.2 minutes
channel: 84 took 3.2 minutes
channel: 85 took 3.1 minutes
channel: 86 took 3.1 minutes
attempting saving
save success: /projects/p31578/dtf8829/QuestConnect/CHANDAT/chanDat_ECoG20_012.mat
Elapsed time is 193.140685 seconds.
