getting started: 1407
attempting file: 1407
going for ECoG20 53
data loaded: ECoG20 53
HFB already done

chan =

     1

Elapsed time is 225.418337 seconds.

chan =

     2

Elapsed time is 221.381324 seconds.

chan =

     3

Elapsed time is 222.200548 seconds.

chan =

     4

Elapsed time is 219.637570 seconds.

chan =

     5

Elapsed time is 221.714103 seconds.

chan =

     6

Elapsed time is 221.204895 seconds.

chan =

     7

Elapsed time is 222.266029 seconds.

chan =

     8

Elapsed time is 220.461761 seconds.

chan =

     9

Elapsed time is 220.836412 seconds.

chan =

    10

Elapsed time is 219.286278 seconds.

chan =

    11

Elapsed time is 221.332274 seconds.

chan =

    12

Elapsed time is 219.454660 seconds.

chan =

    13

Elapsed time is 219.642086 seconds.

chan =

    14

Elapsed time is 219.432418 seconds.

chan =

    15

Elapsed time is 219.085105 seconds.

chan =

    16

Elapsed time is 217.622347 seconds.

chan =

    17

Elapsed time is 216.925609 seconds.

chan =

    18

Elapsed time is 217.975594 seconds.

chan =

    19

Elapsed time is 219.323311 seconds.

chan =

    20

Elapsed time is 215.780914 seconds.

chan =

    21

Elapsed time is 217.212268 seconds.

chan =

    22

Elapsed time is 216.492553 seconds.

chan =

    23

Elapsed time is 217.730905 seconds.

chan =

    24

Elapsed time is 218.588908 seconds.

chan =

    25

Elapsed time is 217.809234 seconds.

chan =

    26

Elapsed time is 217.355508 seconds.

chan =

    27

Elapsed time is 216.482253 seconds.

chan =

    28

Elapsed time is 218.511430 seconds.

chan =

    29

Elapsed time is 217.207431 seconds.

chan =

    30

Elapsed time is 215.760830 seconds.

chan =

    31

Elapsed time is 216.474976 seconds.

chan =

    32

Elapsed time is 212.619639 seconds.

chan =

    33

Elapsed time is 212.466863 seconds.

chan =

    34

Elapsed time is 210.264715 seconds.

chan =

    35

Elapsed time is 212.581935 seconds.

chan =

    36

Elapsed time is 212.922961 seconds.

chan =

    37

Elapsed time is 211.177987 seconds.

chan =

    38

Elapsed time is 207.718648 seconds.

chan =

    39

Elapsed time is 210.953511 seconds.

chan =

    40

Elapsed time is 210.832697 seconds.

chan =

    41

Elapsed time is 209.171676 seconds.

chan =

    42

Elapsed time is 208.196079 seconds.

chan =

    43

Elapsed time is 210.696191 seconds.

chan =

    44

Elapsed time is 211.786073 seconds.

chan =

    45

Elapsed time is 209.952259 seconds.

chan =

    46

Elapsed time is 207.978438 seconds.

chan =

    47

Elapsed time is 211.695386 seconds.

chan =

    48

Elapsed time is 211.030340 seconds.

chan =

    49

Elapsed time is 213.484689 seconds.

chan =

    50

Elapsed time is 211.753615 seconds.

chan =

    51

Elapsed time is 211.186992 seconds.

chan =

    52

Elapsed time is 211.680604 seconds.

chan =

    53

Elapsed time is 212.778949 seconds.

chan =

    54

Elapsed time is 211.393179 seconds.

chan =

    55

Elapsed time is 211.626404 seconds.

chan =

    56

Elapsed time is 212.467286 seconds.

chan =

    57

Elapsed time is 211.215173 seconds.

chan =

    58

Elapsed time is 211.564780 seconds.

chan =

    59

Elapsed time is 212.693736 seconds.

chan =

    60

Elapsed time is 212.087804 seconds.

chan =

    61

Elapsed time is 212.764914 seconds.

chan =

    62

Elapsed time is 210.732227 seconds.

chan =

    63

Elapsed time is 211.111718 seconds.

chan =

    64

Elapsed time is 210.902565 seconds.

chan =

    65

Elapsed time is 209.704845 seconds.

chan =

    66

Elapsed time is 211.778737 seconds.

chan =

    67

Elapsed time is 212.072536 seconds.

chan =

    68

Elapsed time is 210.170334 seconds.

chan =

    69

Elapsed time is 209.282020 seconds.

chan =

    70

Elapsed time is 211.565677 seconds.

chan =

    71

Elapsed time is 211.238496 seconds.

chan =

    72

Elapsed time is 211.599049 seconds.

chan =

    73

Elapsed time is 212.309458 seconds.

chan =

    74

Elapsed time is 211.791732 seconds.

chan =

    75

Elapsed time is 212.447195 seconds.

chan =

    76

Elapsed time is 212.490671 seconds.

chan =

    77

Elapsed time is 212.450569 seconds.

chan =

    78

Elapsed time is 211.559663 seconds.

chan =

    79

Elapsed time is 210.863035 seconds.

chan =

    80

Elapsed time is 211.773101 seconds.

chan =

    81

Elapsed time is 211.094077 seconds.

chan =

    82

Elapsed time is 210.743802 seconds.

chan =

    83

Elapsed time is 206.680801 seconds.

chan =

    84

Elapsed time is 206.774181 seconds.

chan =

    85

Elapsed time is 208.890303 seconds.

chan =

    86

Elapsed time is 210.944258 seconds.
attempting saving
save success: /projects/p31578/dtf8829/QuestConnect/CHANDAT/chanDat_ECoG20_053.mat
working on TF
encoding done
encoding RT done
retrieval 1 done
retrieval 2 done
attempting saving
save success: /projects/p31578/dtf8829/QuestConnect/CHANDAT/chanDat_ECoG20_053.mat
working on ISPC
channel: 1 took 0 minutes
channel: 2 took 0 minutes
channel: 3 took 0 minutes
channel: 4 took 0 minutes
channel: 5 took 0 minutes
channel: 6 took 0 minutes
channel: 7 took 0 minutes
channel: 8 took 0 minutes
channel: 9 took 0 minutes
channel: 10 took 0 minutes
channel: 11 took 0 minutes
channel: 12 took 0 minutes
channel: 13 took 0 minutes
channel: 14 took 0 minutes
channel: 15 took 0 minutes
channel: 16 took 0 minutes
channel: 17 took 0 minutes
channel: 18 took 0 minutes
channel: 19 took 0 minutes
channel: 20 took 0 minutes
channel: 21 took 0 minutes
channel: 22 took 0 minutes
channel: 23 took 0 minutes
channel: 24 took 0 minutes
channel: 25 took 0 minutes
channel: 26 took 0 minutes
channel: 27 took 0 minutes
channel: 28 took 0 minutes
channel: 29 took 0 minutes
channel: 30 took 0 minutes
channel: 31 took 0 minutes
channel: 32 took 0 minutes
channel: 33 took 0 minutes
channel: 34 took 0 minutes
channel: 35 took 0 minutes
channel: 36 took 0 minutes
channel: 37 took 0 minutes
channel: 38 took 0 minutes
channel: 39 took 0 minutes
channel: 40 took 0 minutes
channel: 41 took 0 minutes
channel: 42 took 0 minutes
channel: 43 took 0 minutes
channel: 44 took 0 minutes
channel: 45 took 0 minutes
channel: 46 took 0 minutes
channel: 47 took 0 minutes
channel: 48 took 0 minutes
channel: 49 took 0 minutes
channel: 50 took 0 minutes
channel: 51 took 0 minutes
channel: 52 took 0 minutes
channel: 53 took 0 minutes
channel: 54 took 3.6 minutes
channel: 55 took 3.6 minutes
channel: 56 took 3.6 minutes
channel: 57 took 3.6 minutes
channel: 58 took 3.6 minutes
channel: 59 took 3.6 minutes
channel: 60 took 3.6 minutes
channel: 61 took 3.6 minutes
channel: 62 took 3.6 minutes
channel: 63 took 3.6 minutes
channel: 64 took 3.6 minutes
channel: 65 took 3.6 minutes
channel: 66 took 3.6 minutes
channel: 67 took 3.6 minutes
channel: 68 took 3.5 minutes
channel: 69 took 3.5 minutes
channel: 70 took 3.5 minutes
channel: 71 took 3.5 minutes
channel: 72 took 3.6 minutes
channel: 73 took 3.6 minutes
channel: 74 took 3.5 minutes
channel: 75 took 3.5 minutes
channel: 76 took 3.5 minutes
channel: 77 took 3.5 minutes
channel: 78 took 3.5 minutes
channel: 79 took 3.5 minutes
channel: 80 took 3.5 minutes
channel: 81 took 3.5 minutes
channel: 82 took 3.5 minutes
channel: 83 took 3.5 minutes
channel: 84 took 3.5 minutes
channel: 85 took 3.5 minutes
channel: 86 took 3.6 minutes
attempting saving
save success: /projects/p31578/dtf8829/QuestConnect/CHANDAT/chanDat_ECoG20_053.mat
Elapsed time is 217.359719 seconds.
