getting started: 1377
attempting file: 1377
going for ECoG20 23
data loaded: ECoG20 23
HFB already done

chan =

     1

Elapsed time is 229.293491 seconds.

chan =

     2

Elapsed time is 235.244186 seconds.

chan =

     3

Elapsed time is 240.413302 seconds.

chan =

     4

Elapsed time is 240.736278 seconds.

chan =

     5

Elapsed time is 237.767404 seconds.

chan =

     6

Elapsed time is 240.784142 seconds.

chan =

     7

Elapsed time is 235.366937 seconds.

chan =

     8

Elapsed time is 235.845290 seconds.

chan =

     9

Elapsed time is 235.774623 seconds.

chan =

    10

Elapsed time is 235.739633 seconds.

chan =

    11

Elapsed time is 230.430441 seconds.

chan =

    12

Elapsed time is 230.889937 seconds.

chan =

    13

Elapsed time is 221.726405 seconds.

chan =

    14

Elapsed time is 234.463499 seconds.

chan =

    15

Elapsed time is 205.638294 seconds.

chan =

    16

Elapsed time is 215.651329 seconds.

chan =

    17

Elapsed time is 277.582375 seconds.

chan =

    18

Elapsed time is 287.307425 seconds.

chan =

    19

Elapsed time is 284.596482 seconds.

chan =

    20

Elapsed time is 277.071379 seconds.

chan =

    21

Elapsed time is 277.448831 seconds.

chan =

    22

Elapsed time is 283.434385 seconds.

chan =

    23

Elapsed time is 274.269865 seconds.

chan =

    24

Elapsed time is 277.361967 seconds.

chan =

    25

Elapsed time is 277.988050 seconds.

chan =

    26

Elapsed time is 279.919321 seconds.

chan =

    27

Elapsed time is 279.503906 seconds.

chan =

    28

Elapsed time is 275.867365 seconds.

chan =

    29

Elapsed time is 279.129607 seconds.

chan =

    30

Elapsed time is 274.736027 seconds.

chan =

    31

Elapsed time is 269.606450 seconds.

chan =

    32

Elapsed time is 272.589126 seconds.

chan =

    33

Elapsed time is 274.169176 seconds.

chan =

    34

Elapsed time is 271.885747 seconds.

chan =

    35

Elapsed time is 266.897467 seconds.

chan =

    36

Elapsed time is 264.794538 seconds.

chan =

    37

Elapsed time is 260.748084 seconds.

chan =

    38

Elapsed time is 266.077558 seconds.

chan =

    39

Elapsed time is 265.284264 seconds.

chan =

    40

Elapsed time is 277.773053 seconds.

chan =

    41

Elapsed time is 272.571781 seconds.

chan =

    42

Elapsed time is 262.736330 seconds.

chan =

    43

Elapsed time is 266.380631 seconds.

chan =

    44

Elapsed time is 265.777243 seconds.

chan =

    45

Elapsed time is 264.075970 seconds.

chan =

    46

Elapsed time is 262.122813 seconds.

chan =

    47

Elapsed time is 257.100324 seconds.

chan =

    48

Elapsed time is 258.971168 seconds.

chan =

    49

Elapsed time is 258.981393 seconds.

chan =

    50

Elapsed time is 270.246140 seconds.

chan =

    51

Elapsed time is 257.106144 seconds.

chan =

    52

Elapsed time is 267.543806 seconds.

chan =

    53

Elapsed time is 268.872063 seconds.

chan =

    54

Elapsed time is 269.282183 seconds.

chan =

    55

Elapsed time is 260.874117 seconds.

chan =

    56

Elapsed time is 266.777360 seconds.

chan =

    57

Elapsed time is 268.832477 seconds.

chan =

    58

Elapsed time is 260.594659 seconds.

chan =

    59

Elapsed time is 246.136158 seconds.

chan =

    60

Elapsed time is 256.934854 seconds.

chan =

    61

Elapsed time is 245.766300 seconds.

chan =

    62

Elapsed time is 245.455878 seconds.

chan =

    63

Elapsed time is 247.868603 seconds.

chan =

    64

Elapsed time is 240.743685 seconds.

chan =

    65

Elapsed time is 244.702268 seconds.

chan =

    66

Elapsed time is 252.217035 seconds.

chan =

    67

Elapsed time is 260.373877 seconds.

chan =

    68

Elapsed time is 262.930517 seconds.

chan =

    69

Elapsed time is 253.287020 seconds.

chan =

    70

Elapsed time is 251.469146 seconds.

chan =

    71

Elapsed time is 241.942437 seconds.

chan =

    72

Elapsed time is 244.686640 seconds.

chan =

    73

Elapsed time is 238.816021 seconds.

chan =

    74

Elapsed time is 245.317468 seconds.

chan =

    75

Elapsed time is 243.060084 seconds.

chan =

    76

Elapsed time is 238.483894 seconds.

chan =

    77

Elapsed time is 246.898250 seconds.

chan =

    78

Elapsed time is 244.557490 seconds.

chan =

    79

Elapsed time is 240.833225 seconds.

chan =

    80

Elapsed time is 243.578060 seconds.

chan =

    81

Elapsed time is 246.719176 seconds.

chan =

    82

Elapsed time is 243.973981 seconds.

chan =

    83

Elapsed time is 243.221101 seconds.

chan =

    84

Elapsed time is 246.326391 seconds.

chan =

    85

Elapsed time is 242.901351 seconds.

chan =

    86

Elapsed time is 237.569925 seconds.
attempting saving
save success: /projects/p31578/dtf8829/QuestConnect/CHANDAT/chanDat_ECoG20_023.mat
working on TF
encoding done
encoding RT done
retrieval 1 done
retrieval 2 done
attempting saving
save success: /projects/p31578/dtf8829/QuestConnect/CHANDAT/chanDat_ECoG20_023.mat
working on ISPC
channel: 1 took 0 minutes
channel: 2 took 0 minutes
channel: 3 took 0 minutes
channel: 4 took 0 minutes
channel: 5 took 0 minutes
channel: 6 took 0 minutes
channel: 7 took 0 minutes
channel: 8 took 0 minutes
channel: 9 took 0 minutes
channel: 10 took 0 minutes
channel: 11 took 0 minutes
channel: 12 took 0 minutes
channel: 13 took 0 minutes
channel: 14 took 0 minutes
channel: 15 took 0 minutes
channel: 16 took 0 minutes
channel: 17 took 0 minutes
channel: 18 took 0 minutes
channel: 19 took 0 minutes
channel: 20 took 0 minutes
channel: 21 took 0 minutes
channel: 22 took 0 minutes
channel: 23 took 0 minutes
channel: 24 took 3.5 minutes
channel: 25 took 3.5 minutes
channel: 26 took 3.5 minutes
channel: 27 took 3.6 minutes
channel: 28 took 3.5 minutes
channel: 29 took 3.5 minutes
channel: 30 took 3.5 minutes
channel: 31 took 3.5 minutes
channel: 32 took 3.5 minutes
channel: 33 took 3.5 minutes
channel: 34 took 3.5 minutes
channel: 35 took 3.5 minutes
channel: 36 took 3.5 minutes
channel: 37 took 3.5 minutes
channel: 38 took 3.5 minutes
channel: 39 took 3.5 minutes
channel: 40 took 3.5 minutes
channel: 41 took 3.5 minutes
channel: 42 took 3.5 minutes
channel: 43 took 3.5 minutes
channel: 44 took 3.5 minutes
channel: 45 took 3.5 minutes
channel: 46 took 3.4 minutes
channel: 47 took 3.4 minutes
channel: 48 took 3.4 minutes
channel: 49 took 3.4 minutes
channel: 50 took 3.4 minutes
channel: 51 took 3.4 minutes
channel: 52 took 3.7 minutes
channel: 53 took 3.9 minutes
channel: 54 took 3.9 minutes
channel: 55 took 3.6 minutes
channel: 56 took 3.9 minutes
channel: 57 took 3.9 minutes
channel: 58 took 3.9 minutes
channel: 59 took 3.9 minutes
channel: 60 took 3.9 minutes
channel: 61 took 3.9 minutes
channel: 62 took 3.9 minutes
channel: 63 took 3.7 minutes
channel: 64 took 3.7 minutes
channel: 65 took 3.9 minutes
channel: 66 took 3.9 minutes
channel: 67 took 3.9 minutes
channel: 68 took 3.9 minutes
channel: 69 took 3.8 minutes
channel: 70 took 3.9 minutes
channel: 71 took 3.5 minutes
channel: 72 took 3.4 minutes
channel: 73 took 3.6 minutes
channel: 74 took 4 minutes
channel: 75 took 4 minutes
channel: 76 took 4 minutes
channel: 77 took 4 minutes
channel: 78 took 3.9 minutes
channel: 79 took 3.9 minutes
channel: 80 took 3.9 minutes
channel: 81 took 3.9 minutes
channel: 82 took 4 minutes
channel: 83 took 3.9 minutes
channel: 84 took 4 minutes
channel: 85 took 3.9 minutes
channel: 86 took 3.9 minutes
attempting saving
save success: /projects/p31578/dtf8829/QuestConnect/CHANDAT/chanDat_ECoG20_023.mat
Elapsed time is 242.190870 seconds.
