getting started: 1429
attempting file: 1429
going for ECoG20 75
data loaded: ECoG20 75
HFB already done

chan =

     1

Elapsed time is 305.514321 seconds.

chan =

     2

Elapsed time is 298.811681 seconds.

chan =

     3

Elapsed time is 299.379550 seconds.

chan =

     4

Elapsed time is 300.026822 seconds.

chan =

     5

Elapsed time is 300.510461 seconds.

chan =

     6

Elapsed time is 301.207558 seconds.

chan =

     7

Elapsed time is 300.047606 seconds.

chan =

     8

Elapsed time is 300.761362 seconds.

chan =

     9

Elapsed time is 298.586668 seconds.

chan =

    10

Elapsed time is 299.537214 seconds.

chan =

    11

Elapsed time is 299.362310 seconds.

chan =

    12

Elapsed time is 298.925388 seconds.

chan =

    13

Elapsed time is 299.347177 seconds.

chan =

    14

Elapsed time is 298.891482 seconds.

chan =

    15

Elapsed time is 297.678367 seconds.

chan =

    16

Elapsed time is 301.446903 seconds.

chan =

    17

Elapsed time is 296.390153 seconds.

chan =

    18

Elapsed time is 289.638564 seconds.

chan =

    19

Elapsed time is 286.930287 seconds.

chan =

    20

Elapsed time is 282.003686 seconds.

chan =

    21

Elapsed time is 281.054304 seconds.

chan =

    22

Elapsed time is 275.622382 seconds.

chan =

    23

Elapsed time is 272.979637 seconds.

chan =

    24

Elapsed time is 266.376090 seconds.

chan =

    25

Elapsed time is 260.439445 seconds.

chan =

    26

Elapsed time is 255.225456 seconds.

chan =

    27

Elapsed time is 247.974349 seconds.

chan =

    28

Elapsed time is 246.488489 seconds.

chan =

    29

Elapsed time is 247.232378 seconds.

chan =

    30

Elapsed time is 248.035814 seconds.

chan =

    31

Elapsed time is 247.135019 seconds.

chan =

    32

Elapsed time is 245.943991 seconds.

chan =

    33

Elapsed time is 245.319987 seconds.

chan =

    34

Elapsed time is 241.946438 seconds.

chan =

    35

Elapsed time is 242.623431 seconds.

chan =

    36

Elapsed time is 261.783842 seconds.

chan =

    37

Elapsed time is 263.980690 seconds.

chan =

    38

Elapsed time is 263.238450 seconds.

chan =

    39

Elapsed time is 263.364825 seconds.

chan =

    40

Elapsed time is 263.750271 seconds.

chan =

    41

Elapsed time is 262.845968 seconds.

chan =

    42

Elapsed time is 265.195946 seconds.

chan =

    43

Elapsed time is 259.171941 seconds.

chan =

    44

Elapsed time is 247.875220 seconds.

chan =

    45

Elapsed time is 264.131209 seconds.

chan =

    46

Elapsed time is 263.126102 seconds.

chan =

    47

Elapsed time is 262.717916 seconds.

chan =

    48

Elapsed time is 261.799892 seconds.

chan =

    49

Elapsed time is 248.105927 seconds.

chan =

    50

Elapsed time is 257.210007 seconds.

chan =

    51

Elapsed time is 257.842986 seconds.

chan =

    52

Elapsed time is 262.420405 seconds.

chan =

    53

Elapsed time is 260.183362 seconds.

chan =

    54

Elapsed time is 259.088122 seconds.

chan =

    55

Elapsed time is 261.799776 seconds.

chan =

    56

Elapsed time is 262.361822 seconds.

chan =

    57

Elapsed time is 260.546481 seconds.

chan =

    58

Elapsed time is 259.127533 seconds.

chan =

    59

Elapsed time is 253.370952 seconds.

chan =

    60

Elapsed time is 260.202930 seconds.

chan =

    61

Elapsed time is 261.315634 seconds.

chan =

    62

Elapsed time is 260.690936 seconds.

chan =

    63

Elapsed time is 262.375015 seconds.

chan =

    64

Elapsed time is 257.695856 seconds.

chan =

    65

Elapsed time is 248.280392 seconds.

chan =

    66

Elapsed time is 242.520093 seconds.

chan =

    67

Elapsed time is 241.726876 seconds.

chan =

    68

Elapsed time is 241.118819 seconds.

chan =

    69

Elapsed time is 241.495642 seconds.

chan =

    70

Elapsed time is 249.039504 seconds.

chan =

    71

Elapsed time is 251.022382 seconds.

chan =

    72

Elapsed time is 241.226485 seconds.

chan =

    73

Elapsed time is 246.180413 seconds.

chan =

    74

Elapsed time is 257.215863 seconds.

chan =

    75

Elapsed time is 257.819883 seconds.

chan =

    76

Elapsed time is 257.869718 seconds.

chan =

    77

Elapsed time is 257.623677 seconds.

chan =

    78

Elapsed time is 256.975715 seconds.

chan =

    79

Elapsed time is 258.128781 seconds.

chan =

    80

Elapsed time is 257.735552 seconds.

chan =

    81

Elapsed time is 255.178672 seconds.

chan =

    82

Elapsed time is 255.021405 seconds.

chan =

    83

Elapsed time is 256.476998 seconds.

chan =

    84

Elapsed time is 255.445786 seconds.

chan =

    85

Elapsed time is 255.446375 seconds.

chan =

    86

Elapsed time is 254.576013 seconds.
attempting saving
save success: /projects/p31578/dtf8829/QuestConnect/CHANDAT/chanDat_ECoG20_075.mat
working on TF
encoding done
encoding RT done
retrieval 1 done
retrieval 2 done
attempting saving
save success: /projects/p31578/dtf8829/QuestConnect/CHANDAT/chanDat_ECoG20_075.mat
working on ISPC
channel: 1 took 0 minutes
channel: 2 took 0 minutes
channel: 3 took 0 minutes
channel: 4 took 0 minutes
channel: 5 took 0 minutes
channel: 6 took 0 minutes
channel: 7 took 0 minutes
channel: 8 took 0 minutes
channel: 9 took 0 minutes
channel: 10 took 0 minutes
channel: 11 took 0 minutes
channel: 12 took 0 minutes
channel: 13 took 0 minutes
channel: 14 took 0 minutes
channel: 15 took 0 minutes
channel: 16 took 0 minutes
channel: 17 took 0 minutes
channel: 18 took 0 minutes
channel: 19 took 0 minutes
channel: 20 took 0 minutes
channel: 21 took 0 minutes
channel: 22 took 0 minutes
channel: 23 took 0 minutes
channel: 24 took 0 minutes
channel: 25 took 0 minutes
channel: 26 took 0 minutes
channel: 27 took 0 minutes
channel: 28 took 0 minutes
channel: 29 took 0 minutes
channel: 30 took 0 minutes
channel: 31 took 0 minutes
channel: 32 took 0 minutes
channel: 33 took 0 minutes
channel: 34 took 0 minutes
channel: 35 took 0 minutes
channel: 36 took 0 minutes
channel: 37 took 0 minutes
channel: 38 took 0 minutes
channel: 39 took 0 minutes
channel: 40 took 0 minutes
channel: 41 took 0 minutes
channel: 42 took 0 minutes
channel: 43 took 0 minutes
channel: 44 took 0 minutes
channel: 45 took 0 minutes
channel: 46 took 0 minutes
channel: 47 took 0 minutes
channel: 48 took 0 minutes
channel: 49 took 0 minutes
channel: 50 took 0 minutes
channel: 51 took 0 minutes
channel: 52 took 0 minutes
channel: 53 took 0 minutes
channel: 54 took 0 minutes
channel: 55 took 0 minutes
channel: 56 took 0 minutes
channel: 57 took 0 minutes
channel: 58 took 0 minutes
channel: 59 took 0 minutes
channel: 60 took 0 minutes
channel: 61 took 0 minutes
channel: 62 took 0 minutes
channel: 63 took 0 minutes
channel: 64 took 0 minutes
channel: 65 took 0 minutes
channel: 66 took 0 minutes
channel: 67 took 0 minutes
channel: 68 took 0 minutes
channel: 69 took 0 minutes
channel: 70 took 0 minutes
channel: 71 took 0 minutes
channel: 72 took 0 minutes
channel: 73 took 0 minutes
channel: 74 took 0 minutes
channel: 75 took 0 minutes
channel: 76 took 4 minutes
channel: 77 took 4 minutes
channel: 78 took 4 minutes
channel: 79 took 3.7 minutes
channel: 80 took 3.8 minutes
channel: 81 took 3.8 minutes
channel: 82 took 3.8 minutes
channel: 83 took 3.8 minutes
channel: 84 took 3.8 minutes
channel: 85 took 3.7 minutes
channel: 86 took 3.5 minutes
attempting saving
save success: /projects/p31578/dtf8829/QuestConnect/CHANDAT/chanDat_ECoG20_075.mat
Elapsed time is 216.878433 seconds.
