getting started: 1396
attempting file: 1396
going for ECoG20 42
data loaded: ECoG20 42
HFB already done

chan =

     1

Elapsed time is 310.368361 seconds.

chan =

     2

Elapsed time is 306.929069 seconds.

chan =

     3

Elapsed time is 305.774914 seconds.

chan =

     4

Elapsed time is 305.631941 seconds.

chan =

     5

Elapsed time is 306.776004 seconds.

chan =

     6

Elapsed time is 306.649124 seconds.

chan =

     7

Elapsed time is 306.848085 seconds.

chan =

     8

Elapsed time is 305.621435 seconds.

chan =

     9

Elapsed time is 304.360027 seconds.

chan =

    10

Elapsed time is 312.813859 seconds.

chan =

    11

Elapsed time is 295.316249 seconds.

chan =

    12

Elapsed time is 252.360615 seconds.

chan =

    13

Elapsed time is 245.145596 seconds.

chan =

    14

Elapsed time is 259.901400 seconds.

chan =

    15

Elapsed time is 297.732772 seconds.

chan =

    16

Elapsed time is 301.259224 seconds.

chan =

    17

Elapsed time is 304.038925 seconds.

chan =

    18

Elapsed time is 304.528752 seconds.

chan =

    19

Elapsed time is 295.237579 seconds.

chan =

    20

Elapsed time is 289.064400 seconds.

chan =

    21

Elapsed time is 282.217085 seconds.

chan =

    22

Elapsed time is 280.858209 seconds.

chan =

    23

Elapsed time is 275.735030 seconds.

chan =

    24

Elapsed time is 274.914553 seconds.

chan =

    25

Elapsed time is 271.804781 seconds.

chan =

    26

Elapsed time is 275.121634 seconds.

chan =

    27

Elapsed time is 271.862075 seconds.

chan =

    28

Elapsed time is 277.835495 seconds.

chan =

    29

Elapsed time is 276.677665 seconds.

chan =

    30

Elapsed time is 279.735342 seconds.

chan =

    31

Elapsed time is 275.846981 seconds.

chan =

    32

Elapsed time is 279.326035 seconds.

chan =

    33

Elapsed time is 274.945614 seconds.

chan =

    34

Elapsed time is 279.541512 seconds.

chan =

    35

Elapsed time is 277.494232 seconds.

chan =

    36

Elapsed time is 280.510373 seconds.

chan =

    37

Elapsed time is 275.770252 seconds.

chan =

    38

Elapsed time is 280.097599 seconds.

chan =

    39

Elapsed time is 275.928904 seconds.

chan =

    40

Elapsed time is 279.474515 seconds.

chan =

    41

Elapsed time is 276.111405 seconds.

chan =

    42

Elapsed time is 279.544369 seconds.

chan =

    43

Elapsed time is 282.654588 seconds.

chan =

    44

Elapsed time is 296.867344 seconds.

chan =

    45

Elapsed time is 286.981588 seconds.

chan =

    46

Elapsed time is 276.033309 seconds.

chan =

    47

Elapsed time is 280.346097 seconds.

chan =

    48

Elapsed time is 284.053787 seconds.

chan =

    49

Elapsed time is 273.441319 seconds.

chan =

    50

Elapsed time is 283.852407 seconds.

chan =

    51

Elapsed time is 281.219253 seconds.

chan =

    52

Elapsed time is 284.651325 seconds.

chan =

    53

Elapsed time is 284.364928 seconds.

chan =

    54

Elapsed time is 277.179529 seconds.

chan =

    55

Elapsed time is 279.347957 seconds.

chan =

    56

Elapsed time is 283.976158 seconds.

chan =

    57

Elapsed time is 280.578531 seconds.

chan =

    58

Elapsed time is 282.247273 seconds.

chan =

    59

Elapsed time is 267.781102 seconds.

chan =

    60

Elapsed time is 272.427717 seconds.

chan =

    61

Elapsed time is 269.893342 seconds.

chan =

    62

Elapsed time is 259.518473 seconds.

chan =

    63

Elapsed time is 252.099876 seconds.

chan =

    64

Elapsed time is 249.911468 seconds.

chan =

    65

Elapsed time is 243.737962 seconds.

chan =

    66

Elapsed time is 247.338844 seconds.

chan =

    67

Elapsed time is 247.944314 seconds.

chan =

    68

Elapsed time is 259.217006 seconds.

chan =

    69

Elapsed time is 242.973650 seconds.

chan =

    70

Elapsed time is 247.877174 seconds.

chan =

    71

Elapsed time is 259.302299 seconds.

chan =

    72

Elapsed time is 262.180587 seconds.

chan =

    73

Elapsed time is 259.330346 seconds.

chan =

    74

Elapsed time is 261.126706 seconds.

chan =

    75

Elapsed time is 259.812924 seconds.

chan =

    76

Elapsed time is 262.620539 seconds.

chan =

    77

Elapsed time is 260.374992 seconds.

chan =

    78

Elapsed time is 261.830027 seconds.

chan =

    79

Elapsed time is 259.825589 seconds.

chan =

    80

Elapsed time is 262.858871 seconds.

chan =

    81

Elapsed time is 260.639839 seconds.

chan =

    82

Elapsed time is 262.632340 seconds.

chan =

    83

Elapsed time is 261.361875 seconds.

chan =

    84

Elapsed time is 263.058964 seconds.

chan =

    85

Elapsed time is 261.113839 seconds.

chan =

    86

Elapsed time is 254.939068 seconds.
attempting saving
save success: /projects/p31578/dtf8829/QuestConnect/CHANDAT/chanDat_ECoG20_042.mat
working on TF
encoding done
encoding RT done
retrieval 1 done
retrieval 2 done
attempting saving
save success: /projects/p31578/dtf8829/QuestConnect/CHANDAT/chanDat_ECoG20_042.mat
working on ISPC
channel: 1 took 0 minutes
channel: 2 took 0 minutes
channel: 3 took 0 minutes
channel: 4 took 0 minutes
channel: 5 took 0 minutes
channel: 6 took 0 minutes
channel: 7 took 0 minutes
channel: 8 took 0 minutes
channel: 9 took 0 minutes
channel: 10 took 0 minutes
channel: 11 took 0 minutes
channel: 12 took 0 minutes
channel: 13 took 0 minutes
channel: 14 took 0 minutes
channel: 15 took 0 minutes
channel: 16 took 0 minutes
channel: 17 took 0 minutes
channel: 18 took 0 minutes
channel: 19 took 0 minutes
channel: 20 took 0 minutes
channel: 21 took 0 minutes
channel: 22 took 0 minutes
channel: 23 took 0 minutes
channel: 24 took 0 minutes
channel: 25 took 0 minutes
channel: 26 took 0 minutes
channel: 27 took 0 minutes
channel: 28 took 0 minutes
channel: 29 took 0 minutes
channel: 30 took 0 minutes
channel: 31 took 0 minutes
channel: 32 took 0 minutes
channel: 33 took 0 minutes
channel: 34 took 0 minutes
channel: 35 took 0 minutes
channel: 36 took 0 minutes
channel: 37 took 0 minutes
channel: 38 took 0 minutes
channel: 39 took 0 minutes
channel: 40 took 0 minutes
channel: 41 took 0 minutes
channel: 42 took 0 minutes
channel: 43 took 4.2 minutes
channel: 44 took 4 minutes
channel: 45 took 4.1 minutes
channel: 46 took 4 minutes
channel: 47 took 4 minutes
channel: 48 took 4 minutes
channel: 49 took 4 minutes
channel: 50 took 4 minutes
channel: 51 took 4 minutes
channel: 52 took 3.9 minutes
channel: 53 took 3.8 minutes
channel: 54 took 3.7 minutes
channel: 55 took 3.6 minutes
channel: 56 took 3.6 minutes
channel: 57 took 3.6 minutes
channel: 58 took 3.6 minutes
channel: 59 took 3.6 minutes
channel: 60 took 3.6 minutes
channel: 61 took 3.6 minutes
channel: 62 took 3.6 minutes
channel: 63 took 3.6 minutes
channel: 64 took 3.6 minutes
channel: 65 took 3.7 minutes
channel: 66 took 3.7 minutes
channel: 67 took 3.6 minutes
channel: 68 took 3.6 minutes
channel: 69 took 3.7 minutes
channel: 70 took 4.5 minutes
channel: 71 took 4.2 minutes
channel: 72 took 4.9 minutes
channel: 73 took 4.9 minutes
channel: 74 took 4.9 minutes
channel: 75 took 4.1 minutes
channel: 76 took 3.9 minutes
channel: 77 took 3.7 minutes
channel: 78 took 3.6 minutes
channel: 79 took 3.9 minutes
channel: 80 took 4 minutes
channel: 81 took 3.9 minutes
channel: 82 took 3.4 minutes
channel: 83 took 3.3 minutes
channel: 84 took 3.4 minutes
channel: 85 took 4.2 minutes
channel: 86 took 3.7 minutes
attempting saving
save success: /projects/p31578/dtf8829/QuestConnect/CHANDAT/chanDat_ECoG20_042.mat
Elapsed time is 225.987659 seconds.
