getting started: 1411
attempting file: 1411
going for ECoG20 57
data loaded: ECoG20 57
HFB already done

chan =

     1

Elapsed time is 304.788131 seconds.

chan =

     2

Elapsed time is 298.441624 seconds.

chan =

     3

Elapsed time is 300.319458 seconds.

chan =

     4

Elapsed time is 298.902615 seconds.

chan =

     5

Elapsed time is 299.959421 seconds.

chan =

     6

Elapsed time is 300.194541 seconds.

chan =

     7

Elapsed time is 300.654504 seconds.

chan =

     8

Elapsed time is 300.396055 seconds.

chan =

     9

Elapsed time is 299.262525 seconds.

chan =

    10

Elapsed time is 297.763528 seconds.

chan =

    11

Elapsed time is 299.340427 seconds.

chan =

    12

Elapsed time is 298.206601 seconds.

chan =

    13

Elapsed time is 300.412207 seconds.

chan =

    14

Elapsed time is 298.158119 seconds.

chan =

    15

Elapsed time is 298.317019 seconds.

chan =

    16

Elapsed time is 300.899343 seconds.

chan =

    17

Elapsed time is 295.420547 seconds.

chan =

    18

Elapsed time is 290.522272 seconds.

chan =

    19

Elapsed time is 287.977964 seconds.

chan =

    20

Elapsed time is 281.734230 seconds.

chan =

    21

Elapsed time is 278.816947 seconds.

chan =

    22

Elapsed time is 273.275422 seconds.

chan =

    23

Elapsed time is 271.079171 seconds.

chan =

    24

Elapsed time is 264.997775 seconds.

chan =

    25

Elapsed time is 260.117535 seconds.

chan =

    26

Elapsed time is 256.347247 seconds.

chan =

    27

Elapsed time is 250.239004 seconds.

chan =

    28

Elapsed time is 247.919984 seconds.

chan =

    29

Elapsed time is 248.625847 seconds.

chan =

    30

Elapsed time is 247.980216 seconds.

chan =

    31

Elapsed time is 246.860006 seconds.

chan =

    32

Elapsed time is 245.288285 seconds.

chan =

    33

Elapsed time is 246.107925 seconds.

chan =

    34

Elapsed time is 241.996619 seconds.

chan =

    35

Elapsed time is 243.243089 seconds.

chan =

    36

Elapsed time is 261.258782 seconds.

chan =

    37

Elapsed time is 264.119433 seconds.

chan =

    38

Elapsed time is 262.998491 seconds.

chan =

    39

Elapsed time is 263.219596 seconds.

chan =

    40

Elapsed time is 262.947640 seconds.

chan =

    41

Elapsed time is 262.975314 seconds.

chan =

    42

Elapsed time is 264.642189 seconds.

chan =

    43

Elapsed time is 259.616254 seconds.

chan =

    44

Elapsed time is 246.260122 seconds.

chan =

    45

Elapsed time is 263.148457 seconds.

chan =

    46

Elapsed time is 261.982820 seconds.

chan =

    47

Elapsed time is 263.339844 seconds.

chan =

    48

Elapsed time is 262.028237 seconds.

chan =

    49

Elapsed time is 248.203294 seconds.

chan =

    50

Elapsed time is 257.310414 seconds.

chan =

    51

Elapsed time is 256.905710 seconds.

chan =

    52

Elapsed time is 260.802448 seconds.

chan =

    53

Elapsed time is 260.627288 seconds.

chan =

    54

Elapsed time is 258.829931 seconds.

chan =

    55

Elapsed time is 260.864965 seconds.

chan =

    56

Elapsed time is 261.093263 seconds.

chan =

    57

Elapsed time is 260.674521 seconds.

chan =

    58

Elapsed time is 258.253873 seconds.

chan =

    59

Elapsed time is 252.438238 seconds.

chan =

    60

Elapsed time is 260.457210 seconds.

chan =

    61

Elapsed time is 261.407625 seconds.

chan =

    62

Elapsed time is 261.117056 seconds.

chan =

    63

Elapsed time is 264.353260 seconds.

chan =

    64

Elapsed time is 256.236074 seconds.

chan =

    65

Elapsed time is 249.513168 seconds.

chan =

    66

Elapsed time is 242.284548 seconds.

chan =

    67

Elapsed time is 242.603682 seconds.

chan =

    68

Elapsed time is 241.105330 seconds.

chan =

    69

Elapsed time is 241.911026 seconds.

chan =

    70

Elapsed time is 248.487985 seconds.

chan =

    71

Elapsed time is 252.882420 seconds.

chan =

    72

Elapsed time is 242.152079 seconds.

chan =

    73

Elapsed time is 246.330869 seconds.

chan =

    74

Elapsed time is 257.572795 seconds.

chan =

    75

Elapsed time is 258.286410 seconds.

chan =

    76

Elapsed time is 257.422394 seconds.

chan =

    77

Elapsed time is 258.030615 seconds.

chan =

    78

Elapsed time is 256.721798 seconds.

chan =

    79

Elapsed time is 257.997844 seconds.

chan =

    80

Elapsed time is 257.057615 seconds.

chan =

    81

Elapsed time is 257.311622 seconds.

chan =

    82

Elapsed time is 255.656629 seconds.

chan =

    83

Elapsed time is 257.154293 seconds.

chan =

    84

Elapsed time is 255.485481 seconds.

chan =

    85

Elapsed time is 256.840609 seconds.

chan =

    86

Elapsed time is 254.768406 seconds.
attempting saving
save success: /projects/p31578/dtf8829/QuestConnect/CHANDAT/chanDat_ECoG20_057.mat
working on TF
encoding done
encoding RT done
retrieval 1 done
retrieval 2 done
attempting saving
save success: /projects/p31578/dtf8829/QuestConnect/CHANDAT/chanDat_ECoG20_057.mat
working on ISPC
channel: 1 took 0 minutes
channel: 2 took 0 minutes
channel: 3 took 0 minutes
channel: 4 took 0 minutes
channel: 5 took 0 minutes
channel: 6 took 0 minutes
channel: 7 took 0 minutes
channel: 8 took 0 minutes
channel: 9 took 0 minutes
channel: 10 took 0 minutes
channel: 11 took 0 minutes
channel: 12 took 0 minutes
channel: 13 took 0 minutes
channel: 14 took 0 minutes
channel: 15 took 0 minutes
channel: 16 took 0 minutes
channel: 17 took 0 minutes
channel: 18 took 0 minutes
channel: 19 took 0 minutes
channel: 20 took 0 minutes
channel: 21 took 0 minutes
channel: 22 took 0 minutes
channel: 23 took 0 minutes
channel: 24 took 0 minutes
channel: 25 took 0 minutes
channel: 26 took 0 minutes
channel: 27 took 0 minutes
channel: 28 took 0 minutes
channel: 29 took 0 minutes
channel: 30 took 0 minutes
channel: 31 took 0 minutes
channel: 32 took 0 minutes
channel: 33 took 0 minutes
channel: 34 took 0 minutes
channel: 35 took 0 minutes
channel: 36 took 0 minutes
channel: 37 took 0 minutes
channel: 38 took 0 minutes
channel: 39 took 0 minutes
channel: 40 took 0 minutes
channel: 41 took 0 minutes
channel: 42 took 0 minutes
channel: 43 took 0 minutes
channel: 44 took 0 minutes
channel: 45 took 0 minutes
channel: 46 took 0 minutes
channel: 47 took 0 minutes
channel: 48 took 0 minutes
channel: 49 took 0 minutes
channel: 50 took 0 minutes
channel: 51 took 0 minutes
channel: 52 took 0 minutes
channel: 53 took 0 minutes
channel: 54 took 0 minutes
channel: 55 took 0 minutes
channel: 56 took 0 minutes
channel: 57 took 0 minutes
channel: 58 took 4 minutes
channel: 59 took 4 minutes
channel: 60 took 4 minutes
channel: 61 took 3.7 minutes
channel: 62 took 3.8 minutes
channel: 63 took 3.8 minutes
channel: 64 took 3.8 minutes
channel: 65 took 3.8 minutes
channel: 66 took 3.8 minutes
channel: 67 took 3.7 minutes
channel: 68 took 3.6 minutes
channel: 69 took 5.2 minutes
channel: 70 took 5.5 minutes
channel: 71 took 5.5 minutes
channel: 72 took 5.5 minutes
channel: 73 took 5.5 minutes
channel: 74 took 5.4 minutes
channel: 75 took 4.9 minutes
channel: 76 took 3.4 minutes
channel: 77 took 3.4 minutes
channel: 78 took 3.4 minutes
channel: 79 took 3.4 minutes
channel: 80 took 4.4 minutes
channel: 81 took 4.4 minutes
channel: 82 took 4.4 minutes
channel: 83 took 4.4 minutes
channel: 84 took 4.4 minutes
channel: 85 took 4.6 minutes
channel: 86 took 3.7 minutes
attempting saving
save success: /projects/p31578/dtf8829/QuestConnect/CHANDAT/chanDat_ECoG20_057.mat
Elapsed time is 224.700487 seconds.
