getting started: 1409
attempting file: 1409
going for ECoG20 55
data loaded: ECoG20 55
HFB already done

chan =

     1

Elapsed time is 301.263126 seconds.

chan =

     2

Elapsed time is 297.130637 seconds.

chan =

     3

Elapsed time is 300.127605 seconds.

chan =

     4

Elapsed time is 298.322018 seconds.

chan =

     5

Elapsed time is 300.164516 seconds.

chan =

     6

Elapsed time is 299.651625 seconds.

chan =

     7

Elapsed time is 301.575110 seconds.

chan =

     8

Elapsed time is 299.124862 seconds.

chan =

     9

Elapsed time is 298.377153 seconds.

chan =

    10

Elapsed time is 298.098656 seconds.

chan =

    11

Elapsed time is 299.237627 seconds.

chan =

    12

Elapsed time is 297.986022 seconds.

chan =

    13

Elapsed time is 298.233070 seconds.

chan =

    14

Elapsed time is 297.848473 seconds.

chan =

    15

Elapsed time is 296.424224 seconds.

chan =

    16

Elapsed time is 298.931804 seconds.

chan =

    17

Elapsed time is 295.956928 seconds.

chan =

    18

Elapsed time is 289.333667 seconds.

chan =

    19

Elapsed time is 286.639045 seconds.

chan =

    20

Elapsed time is 280.639014 seconds.

chan =

    21

Elapsed time is 279.923268 seconds.

chan =

    22

Elapsed time is 271.945021 seconds.

chan =

    23

Elapsed time is 270.874067 seconds.

chan =

    24

Elapsed time is 263.691289 seconds.

chan =

    25

Elapsed time is 260.615704 seconds.

chan =

    26

Elapsed time is 254.493713 seconds.

chan =

    27

Elapsed time is 249.775231 seconds.

chan =

    28

Elapsed time is 246.012855 seconds.

chan =

    29

Elapsed time is 248.151677 seconds.

chan =

    30

Elapsed time is 246.210773 seconds.

chan =

    31

Elapsed time is 246.768878 seconds.

chan =

    32

Elapsed time is 245.205453 seconds.

chan =

    33

Elapsed time is 246.105504 seconds.

chan =

    34

Elapsed time is 240.383083 seconds.

chan =

    35

Elapsed time is 241.980031 seconds.

chan =

    36

Elapsed time is 256.772966 seconds.

chan =

    37

Elapsed time is 263.567003 seconds.

chan =

    38

Elapsed time is 261.302561 seconds.

chan =

    39

Elapsed time is 263.464002 seconds.

chan =

    40

Elapsed time is 261.697809 seconds.

chan =

    41

Elapsed time is 264.195985 seconds.

chan =

    42

Elapsed time is 262.109820 seconds.

chan =

    43

Elapsed time is 262.246030 seconds.

chan =

    44

Elapsed time is 243.080228 seconds.

chan =

    45

Elapsed time is 263.900395 seconds.

chan =

    46

Elapsed time is 262.177640 seconds.

chan =

    47

Elapsed time is 262.528256 seconds.

chan =

    48

Elapsed time is 262.013766 seconds.

chan =

    49

Elapsed time is 247.982603 seconds.

chan =

    50

Elapsed time is 259.104710 seconds.

chan =

    51

Elapsed time is 254.179065 seconds.

chan =

    52

Elapsed time is 261.288263 seconds.

chan =

    53

Elapsed time is 262.420738 seconds.

chan =

    54

Elapsed time is 258.331027 seconds.

chan =

    55

Elapsed time is 260.614666 seconds.

chan =

    56

Elapsed time is 261.343070 seconds.

chan =

    57

Elapsed time is 261.616317 seconds.

chan =

    58

Elapsed time is 257.859973 seconds.

chan =

    59

Elapsed time is 252.982362 seconds.

chan =

    60

Elapsed time is 260.465392 seconds.

chan =

    61

Elapsed time is 261.957822 seconds.

chan =

    62

Elapsed time is 260.254180 seconds.

chan =

    63

Elapsed time is 264.548820 seconds.

chan =

    64

Elapsed time is 253.941654 seconds.

chan =

    65

Elapsed time is 251.849022 seconds.

chan =

    66

Elapsed time is 241.607141 seconds.

chan =

    67

Elapsed time is 242.224333 seconds.

chan =

    68

Elapsed time is 239.912921 seconds.

chan =

    69

Elapsed time is 242.348178 seconds.

chan =

    70

Elapsed time is 245.314645 seconds.

chan =

    71

Elapsed time is 255.052679 seconds.

chan =

    72

Elapsed time is 240.723476 seconds.

chan =

    73

Elapsed time is 244.301069 seconds.

chan =

    74

Elapsed time is 255.882659 seconds.

chan =

    75

Elapsed time is 259.227608 seconds.

chan =

    76

Elapsed time is 256.822751 seconds.

chan =

    77

Elapsed time is 258.799315 seconds.

chan =

    78

Elapsed time is 256.217022 seconds.

chan =

    79

Elapsed time is 258.339851 seconds.

chan =

    80

Elapsed time is 256.769432 seconds.

chan =

    81

Elapsed time is 258.309508 seconds.

chan =

    82

Elapsed time is 255.665456 seconds.

chan =

    83

Elapsed time is 256.818126 seconds.

chan =

    84

Elapsed time is 255.247259 seconds.

chan =

    85

Elapsed time is 256.945165 seconds.

chan =

    86

Elapsed time is 254.795992 seconds.
attempting saving
save success: /projects/p31578/dtf8829/QuestConnect/CHANDAT/chanDat_ECoG20_055.mat
working on TF
encoding done
encoding RT done
retrieval 1 done
retrieval 2 done
attempting saving
save success: /projects/p31578/dtf8829/QuestConnect/CHANDAT/chanDat_ECoG20_055.mat
working on ISPC
channel: 1 took 0 minutes
channel: 2 took 0 minutes
channel: 3 took 0 minutes
channel: 4 took 0 minutes
channel: 5 took 0 minutes
channel: 6 took 0 minutes
channel: 7 took 0 minutes
channel: 8 took 0 minutes
channel: 9 took 0 minutes
channel: 10 took 0 minutes
channel: 11 took 0 minutes
channel: 12 took 0 minutes
channel: 13 took 0 minutes
channel: 14 took 0 minutes
channel: 15 took 0 minutes
channel: 16 took 0 minutes
channel: 17 took 0 minutes
channel: 18 took 0 minutes
channel: 19 took 0 minutes
channel: 20 took 0 minutes
channel: 21 took 0 minutes
channel: 22 took 0 minutes
channel: 23 took 0 minutes
channel: 24 took 0 minutes
channel: 25 took 0 minutes
channel: 26 took 0 minutes
channel: 27 took 0 minutes
channel: 28 took 0 minutes
channel: 29 took 0 minutes
channel: 30 took 0 minutes
channel: 31 took 0 minutes
channel: 32 took 0 minutes
channel: 33 took 0 minutes
channel: 34 took 0 minutes
channel: 35 took 0 minutes
channel: 36 took 0 minutes
channel: 37 took 0 minutes
channel: 38 took 0 minutes
channel: 39 took 0 minutes
channel: 40 took 0 minutes
channel: 41 took 0 minutes
channel: 42 took 0 minutes
channel: 43 took 0 minutes
channel: 44 took 0 minutes
channel: 45 took 0 minutes
channel: 46 took 0 minutes
channel: 47 took 0 minutes
channel: 48 took 0 minutes
channel: 49 took 0 minutes
channel: 50 took 0 minutes
channel: 51 took 0 minutes
channel: 52 took 0 minutes
channel: 53 took 0 minutes
channel: 54 took 0 minutes
channel: 55 took 0 minutes
channel: 56 took 4 minutes
channel: 57 took 4 minutes
channel: 58 took 3.9 minutes
channel: 59 took 3.7 minutes
channel: 60 took 3.7 minutes
channel: 61 took 3.8 minutes
channel: 62 took 3.8 minutes
channel: 63 took 3.8 minutes
channel: 64 took 3.8 minutes
channel: 65 took 3.7 minutes
channel: 66 took 3.6 minutes
channel: 67 took 4.8 minutes
channel: 68 took 5.5 minutes
channel: 69 took 5.5 minutes
channel: 70 took 5.5 minutes
channel: 71 took 5.5 minutes
channel: 72 took 5.4 minutes
channel: 73 took 5.3 minutes
channel: 74 took 3.4 minutes
channel: 75 took 3.4 minutes
channel: 76 took 3.4 minutes
channel: 77 took 3.4 minutes
channel: 78 took 4.2 minutes
channel: 79 took 4.4 minutes
channel: 80 took 4.4 minutes
channel: 81 took 4.4 minutes
channel: 82 took 4.4 minutes
channel: 83 took 4.6 minutes
channel: 84 took 3.8 minutes
channel: 85 took 4 minutes
channel: 86 took 4 minutes
attempting saving
save success: /projects/p31578/dtf8829/QuestConnect/CHANDAT/chanDat_ECoG20_055.mat
Elapsed time is 246.245425 seconds.
