getting started: 1410
attempting file: 1410
going for ECoG20 56
data loaded: ECoG20 56
HFB already done

chan =

     1

Elapsed time is 306.117450 seconds.

chan =

     2

Elapsed time is 299.190157 seconds.

chan =

     3

Elapsed time is 302.086663 seconds.

chan =

     4

Elapsed time is 299.862911 seconds.

chan =

     5

Elapsed time is 301.486041 seconds.

chan =

     6

Elapsed time is 302.839007 seconds.

chan =

     7

Elapsed time is 302.632601 seconds.

chan =

     8

Elapsed time is 301.381001 seconds.

chan =

     9

Elapsed time is 299.452930 seconds.

chan =

    10

Elapsed time is 299.289433 seconds.

chan =

    11

Elapsed time is 300.181574 seconds.

chan =

    12

Elapsed time is 299.097872 seconds.

chan =

    13

Elapsed time is 298.061403 seconds.

chan =

    14

Elapsed time is 300.002518 seconds.

chan =

    15

Elapsed time is 296.767430 seconds.

chan =

    16

Elapsed time is 303.015790 seconds.

chan =

    17

Elapsed time is 295.396319 seconds.

chan =

    18

Elapsed time is 290.641275 seconds.

chan =

    19

Elapsed time is 286.475830 seconds.

chan =

    20

Elapsed time is 282.516986 seconds.

chan =

    21

Elapsed time is 279.216721 seconds.

chan =

    22

Elapsed time is 273.961504 seconds.

chan =

    23

Elapsed time is 269.697583 seconds.

chan =

    24

Elapsed time is 265.302968 seconds.

chan =

    25

Elapsed time is 258.709924 seconds.

chan =

    26

Elapsed time is 256.418296 seconds.

chan =

    27

Elapsed time is 249.260734 seconds.

chan =

    28

Elapsed time is 248.362207 seconds.

chan =

    29

Elapsed time is 248.068585 seconds.

chan =

    30

Elapsed time is 247.407339 seconds.

chan =

    31

Elapsed time is 247.655924 seconds.

chan =

    32

Elapsed time is 247.808308 seconds.

chan =

    33

Elapsed time is 245.467963 seconds.

chan =

    34

Elapsed time is 243.116146 seconds.

chan =

    35

Elapsed time is 244.095314 seconds.

chan =

    36

Elapsed time is 262.827738 seconds.

chan =

    37

Elapsed time is 263.329172 seconds.

chan =

    38

Elapsed time is 264.011400 seconds.

chan =

    39

Elapsed time is 262.169140 seconds.

chan =

    40

Elapsed time is 263.930638 seconds.

chan =

    41

Elapsed time is 263.347155 seconds.

chan =

    42

Elapsed time is 264.551216 seconds.

chan =

    43

Elapsed time is 258.184860 seconds.

chan =

    44

Elapsed time is 248.449301 seconds.

chan =

    45

Elapsed time is 264.269044 seconds.

chan =

    46

Elapsed time is 263.050066 seconds.

chan =

    47

Elapsed time is 262.598024 seconds.

chan =

    48

Elapsed time is 261.548124 seconds.

chan =

    49

Elapsed time is 248.968288 seconds.

chan =

    50

Elapsed time is 256.971498 seconds.

chan =

    51

Elapsed time is 258.086295 seconds.

chan =

    52

Elapsed time is 263.456882 seconds.

chan =

    53

Elapsed time is 260.288238 seconds.

chan =

    54

Elapsed time is 259.956403 seconds.

chan =

    55

Elapsed time is 261.257755 seconds.

chan =

    56

Elapsed time is 262.388643 seconds.

chan =

    57

Elapsed time is 260.568499 seconds.

chan =

    58

Elapsed time is 259.003538 seconds.

chan =

    59

Elapsed time is 253.731276 seconds.

chan =

    60

Elapsed time is 262.349060 seconds.

chan =

    61

Elapsed time is 261.750698 seconds.

chan =

    62

Elapsed time is 263.200942 seconds.

chan =

    63

Elapsed time is 260.302029 seconds.

chan =

    64

Elapsed time is 259.827114 seconds.

chan =

    65

Elapsed time is 246.575801 seconds.

chan =

    66

Elapsed time is 244.359101 seconds.

chan =

    67

Elapsed time is 241.616360 seconds.

chan =

    68

Elapsed time is 241.920541 seconds.

chan =

    69

Elapsed time is 242.289929 seconds.

chan =

    70

Elapsed time is 250.937134 seconds.

chan =

    71

Elapsed time is 250.993219 seconds.

chan =

    72

Elapsed time is 241.707952 seconds.

chan =

    73

Elapsed time is 248.916150 seconds.

chan =

    74

Elapsed time is 258.605580 seconds.

chan =

    75

Elapsed time is 258.259972 seconds.

chan =

    76

Elapsed time is 259.018253 seconds.

chan =

    77

Elapsed time is 258.212099 seconds.

chan =

    78

Elapsed time is 258.722680 seconds.

chan =

    79

Elapsed time is 257.394929 seconds.

chan =

    80

Elapsed time is 259.236874 seconds.

chan =

    81

Elapsed time is 256.103833 seconds.

chan =

    82

Elapsed time is 256.792934 seconds.

chan =

    83

Elapsed time is 257.117893 seconds.

chan =

    84

Elapsed time is 256.549349 seconds.

chan =

    85

Elapsed time is 257.581340 seconds.

chan =

    86

Elapsed time is 252.223411 seconds.
attempting saving
save success: /projects/p31578/dtf8829/QuestConnect/CHANDAT/chanDat_ECoG20_056.mat
working on TF
encoding done
encoding RT done
retrieval 1 done
retrieval 2 done
attempting saving
save success: /projects/p31578/dtf8829/QuestConnect/CHANDAT/chanDat_ECoG20_056.mat
working on ISPC
channel: 1 took 0 minutes
channel: 2 took 0 minutes
channel: 3 took 0 minutes
channel: 4 took 0 minutes
channel: 5 took 0 minutes
channel: 6 took 0 minutes
channel: 7 took 0 minutes
channel: 8 took 0 minutes
channel: 9 took 0 minutes
channel: 10 took 0 minutes
channel: 11 took 0 minutes
channel: 12 took 0 minutes
channel: 13 took 0 minutes
channel: 14 took 0 minutes
channel: 15 took 0 minutes
channel: 16 took 0 minutes
channel: 17 took 0 minutes
channel: 18 took 0 minutes
channel: 19 took 0 minutes
channel: 20 took 0 minutes
channel: 21 took 0 minutes
channel: 22 took 0 minutes
channel: 23 took 0 minutes
channel: 24 took 0 minutes
channel: 25 took 0 minutes
channel: 26 took 0 minutes
channel: 27 took 0 minutes
channel: 28 took 0 minutes
channel: 29 took 0 minutes
channel: 30 took 0 minutes
channel: 31 took 0 minutes
channel: 32 took 0 minutes
channel: 33 took 0 minutes
channel: 34 took 0 minutes
channel: 35 took 0 minutes
channel: 36 took 0 minutes
channel: 37 took 0 minutes
channel: 38 took 0 minutes
channel: 39 took 0 minutes
channel: 40 took 0 minutes
channel: 41 took 0 minutes
channel: 42 took 0 minutes
channel: 43 took 0 minutes
channel: 44 took 0 minutes
channel: 45 took 0 minutes
channel: 46 took 0 minutes
channel: 47 took 0 minutes
channel: 48 took 0 minutes
channel: 49 took 0 minutes
channel: 50 took 0 minutes
channel: 51 took 0 minutes
channel: 52 took 0 minutes
channel: 53 took 0 minutes
channel: 54 took 0 minutes
channel: 55 took 0 minutes
channel: 56 took 0 minutes
channel: 57 took 4 minutes
channel: 58 took 4 minutes
channel: 59 took 3.9 minutes
channel: 60 took 3.7 minutes
channel: 61 took 3.8 minutes
channel: 62 took 3.8 minutes
channel: 63 took 3.8 minutes
channel: 64 took 3.8 minutes
channel: 65 took 3.8 minutes
channel: 66 took 3.7 minutes
channel: 67 took 3.8 minutes
channel: 68 took 5.6 minutes
channel: 69 took 5.6 minutes
channel: 70 took 5.6 minutes
channel: 71 took 5.6 minutes
channel: 72 took 5.5 minutes
channel: 73 took 5.6 minutes
channel: 74 took 4.2 minutes
channel: 75 took 3.4 minutes
channel: 76 took 3.4 minutes
channel: 77 took 3.4 minutes
channel: 78 took 3.9 minutes
channel: 79 took 4.5 minutes
channel: 80 took 4.5 minutes
channel: 81 took 4.5 minutes
channel: 82 took 4.5 minutes
channel: 83 took 4.6 minutes
channel: 84 took 4.3 minutes
channel: 85 took 3.8 minutes
channel: 86 took 4.1 minutes
attempting saving
save success: /projects/p31578/dtf8829/QuestConnect/CHANDAT/chanDat_ECoG20_056.mat
Elapsed time is 253.307499 seconds.
