getting started: 1374
attempting file: 1374
going for ECoG20 20
data loaded: ECoG20 20
HFB already done

chan =

     1

Elapsed time is 227.372645 seconds.

chan =

     2

Elapsed time is 232.248246 seconds.

chan =

     3

Elapsed time is 243.801549 seconds.

chan =

     4

Elapsed time is 237.941808 seconds.

chan =

     5

Elapsed time is 233.738093 seconds.

chan =

     6

Elapsed time is 237.809347 seconds.

chan =

     7

Elapsed time is 234.072425 seconds.

chan =

     8

Elapsed time is 232.477920 seconds.

chan =

     9

Elapsed time is 231.628513 seconds.

chan =

    10

Elapsed time is 232.875715 seconds.

chan =

    11

Elapsed time is 225.113584 seconds.

chan =

    12

Elapsed time is 228.824531 seconds.

chan =

    13

Elapsed time is 219.593763 seconds.

chan =

    14

Elapsed time is 216.983711 seconds.

chan =

    15

Elapsed time is 203.407740 seconds.

chan =

    16

Elapsed time is 201.182530 seconds.

chan =

    17

Elapsed time is 262.815112 seconds.

chan =

    18

Elapsed time is 276.947877 seconds.

chan =

    19

Elapsed time is 275.809433 seconds.

chan =

    20

Elapsed time is 269.293627 seconds.

chan =

    21

Elapsed time is 272.631510 seconds.

chan =

    22

Elapsed time is 277.141766 seconds.

chan =

    23

Elapsed time is 270.333106 seconds.

chan =

    24

Elapsed time is 268.511854 seconds.

chan =

    25

Elapsed time is 273.521897 seconds.

chan =

    26

Elapsed time is 278.823820 seconds.

chan =

    27

Elapsed time is 272.530679 seconds.

chan =

    28

Elapsed time is 275.241430 seconds.

chan =

    29

Elapsed time is 271.408383 seconds.

chan =

    30

Elapsed time is 272.149521 seconds.

chan =

    31

Elapsed time is 265.494369 seconds.

chan =

    32

Elapsed time is 265.527481 seconds.

chan =

    33

Elapsed time is 271.530595 seconds.

chan =

    34

Elapsed time is 270.711265 seconds.

chan =

    35

Elapsed time is 261.747656 seconds.

chan =

    36

Elapsed time is 263.677958 seconds.

chan =

    37

Elapsed time is 260.499591 seconds.

chan =

    38

Elapsed time is 258.704609 seconds.

chan =

    39

Elapsed time is 261.729143 seconds.

chan =

    40

Elapsed time is 263.887106 seconds.

chan =

    41

Elapsed time is 275.561276 seconds.

chan =

    42

Elapsed time is 266.363399 seconds.

chan =

    43

Elapsed time is 258.711786 seconds.

chan =

    44

Elapsed time is 262.555086 seconds.

chan =

    45

Elapsed time is 265.007849 seconds.

chan =

    46

Elapsed time is 255.621358 seconds.

chan =

    47

Elapsed time is 256.824608 seconds.

chan =

    48

Elapsed time is 249.745451 seconds.

chan =

    49

Elapsed time is 258.362718 seconds.

chan =

    50

Elapsed time is 256.524994 seconds.

chan =

    51

Elapsed time is 265.082792 seconds.

chan =

    52

Elapsed time is 254.515651 seconds.

chan =

    53

Elapsed time is 265.953025 seconds.

chan =

    54

Elapsed time is 264.036566 seconds.

chan =

    55

Elapsed time is 265.477094 seconds.

chan =

    56

Elapsed time is 254.785765 seconds.

chan =

    57

Elapsed time is 265.008929 seconds.

chan =

    58

Elapsed time is 263.978502 seconds.

chan =

    59

Elapsed time is 258.325007 seconds.

chan =

    60

Elapsed time is 241.399507 seconds.

chan =

    61

Elapsed time is 254.625471 seconds.

chan =

    62

Elapsed time is 239.507748 seconds.

chan =

    63

Elapsed time is 242.031672 seconds.

chan =

    64

Elapsed time is 243.559545 seconds.

chan =

    65

Elapsed time is 237.069042 seconds.

chan =

    66

Elapsed time is 239.987884 seconds.

chan =

    67

Elapsed time is 248.299343 seconds.

chan =

    68

Elapsed time is 254.954099 seconds.

chan =

    69

Elapsed time is 259.961505 seconds.

chan =

    70

Elapsed time is 252.886513 seconds.

chan =

    71

Elapsed time is 249.886850 seconds.

chan =

    72

Elapsed time is 239.333127 seconds.

chan =

    73

Elapsed time is 241.723297 seconds.

chan =

    74

Elapsed time is 236.342513 seconds.

chan =

    75

Elapsed time is 241.122169 seconds.

chan =

    76

Elapsed time is 238.749792 seconds.

chan =

    77

Elapsed time is 238.112133 seconds.

chan =

    78

Elapsed time is 238.841913 seconds.

chan =

    79

Elapsed time is 239.561299 seconds.

chan =

    80

Elapsed time is 238.847334 seconds.

chan =

    81

Elapsed time is 243.773746 seconds.

chan =

    82

Elapsed time is 239.125548 seconds.

chan =

    83

Elapsed time is 242.817225 seconds.

chan =

    84

Elapsed time is 239.669314 seconds.

chan =

    85

Elapsed time is 241.579427 seconds.

chan =

    86

Elapsed time is 240.680427 seconds.
attempting saving
save success: /projects/p31578/dtf8829/QuestConnect/CHANDAT/chanDat_ECoG20_020.mat
working on TF
encoding done
encoding RT done
retrieval 1 done
retrieval 2 done
attempting saving
save success: /projects/p31578/dtf8829/QuestConnect/CHANDAT/chanDat_ECoG20_020.mat
working on ISPC
channel: 1 took 0 minutes
channel: 2 took 0 minutes
channel: 3 took 0 minutes
channel: 4 took 0 minutes
channel: 5 took 0 minutes
channel: 6 took 0 minutes
channel: 7 took 0 minutes
channel: 8 took 0 minutes
channel: 9 took 0 minutes
channel: 10 took 0 minutes
channel: 11 took 0 minutes
channel: 12 took 0 minutes
channel: 13 took 0 minutes
channel: 14 took 0 minutes
channel: 15 took 0 minutes
channel: 16 took 0 minutes
channel: 17 took 0 minutes
channel: 18 took 0 minutes
channel: 19 took 0 minutes
channel: 20 took 0 minutes
channel: 21 took 3.6 minutes
channel: 22 took 3.6 minutes
channel: 23 took 3.5 minutes
channel: 24 took 3.4 minutes
channel: 25 took 3.5 minutes
channel: 26 took 3.5 minutes
channel: 27 took 3.5 minutes
channel: 28 took 3.5 minutes
channel: 29 took 3.5 minutes
channel: 30 took 3.5 minutes
channel: 31 took 3.5 minutes
channel: 32 took 3.5 minutes
channel: 33 took 3.5 minutes
channel: 34 took 3.5 minutes
channel: 35 took 3.5 minutes
channel: 36 took 3.5 minutes
channel: 37 took 3.5 minutes
channel: 38 took 3.5 minutes
channel: 39 took 3.5 minutes
channel: 40 took 3.5 minutes
channel: 41 took 3.5 minutes
channel: 42 took 3.5 minutes
channel: 43 took 3.5 minutes
channel: 44 took 3.4 minutes
channel: 45 took 3.4 minutes
channel: 46 took 3.4 minutes
channel: 47 took 3.4 minutes
channel: 48 took 3.4 minutes
channel: 49 took 3.4 minutes
channel: 50 took 3.4 minutes
channel: 51 took 3.9 minutes
channel: 52 took 3.8 minutes
channel: 53 took 3.8 minutes
channel: 54 took 3.7 minutes
channel: 55 took 3.9 minutes
channel: 56 took 3.9 minutes
channel: 57 took 3.9 minutes
channel: 58 took 3.9 minutes
channel: 59 took 3.9 minutes
channel: 60 took 3.9 minutes
channel: 61 took 3.9 minutes
channel: 62 took 3.6 minutes
channel: 63 took 3.8 minutes
channel: 64 took 3.9 minutes
channel: 65 took 3.9 minutes
channel: 66 took 3.9 minutes
channel: 67 took 3.8 minutes
channel: 68 took 3.8 minutes
channel: 69 took 3.8 minutes
channel: 70 took 3.4 minutes
channel: 71 took 3.3 minutes
channel: 72 took 3.8 minutes
channel: 73 took 4 minutes
channel: 74 took 4 minutes
channel: 75 took 4 minutes
channel: 76 took 4 minutes
channel: 77 took 3.9 minutes
channel: 78 took 3.9 minutes
channel: 79 took 3.9 minutes
channel: 80 took 3.9 minutes
channel: 81 took 4 minutes
channel: 82 took 4 minutes
channel: 83 took 3.9 minutes
channel: 84 took 3.9 minutes
channel: 85 took 3.9 minutes
channel: 86 took 3.8 minutes
attempting saving
save success: /projects/p31578/dtf8829/QuestConnect/CHANDAT/chanDat_ECoG20_020.mat
Elapsed time is 233.952718 seconds.
