getting started: 1361
attempting file: 1361
going for ECoG20 7
data loaded: ECoG20 7
HFB already done

chan =

     1

Elapsed time is 239.894304 seconds.

chan =

     2

Elapsed time is 231.125586 seconds.

chan =

     3

Elapsed time is 230.741077 seconds.

chan =

     4

Elapsed time is 229.839128 seconds.

chan =

     5

Elapsed time is 230.907110 seconds.

chan =

     6

Elapsed time is 231.850484 seconds.

chan =

     7

Elapsed time is 231.085437 seconds.

chan =

     8

Elapsed time is 229.796026 seconds.

chan =

     9

Elapsed time is 230.111081 seconds.

chan =

    10

Elapsed time is 226.563307 seconds.

chan =

    11

Elapsed time is 224.259440 seconds.

chan =

    12

Elapsed time is 228.907625 seconds.

chan =

    13

Elapsed time is 224.060138 seconds.

chan =

    14

Elapsed time is 225.065260 seconds.

chan =

    15

Elapsed time is 226.184009 seconds.

chan =

    16

Elapsed time is 223.207878 seconds.

chan =

    17

Elapsed time is 227.416833 seconds.

chan =

    18

Elapsed time is 226.968482 seconds.

chan =

    19

Elapsed time is 223.756524 seconds.

chan =

    20

Elapsed time is 225.386057 seconds.

chan =

    21

Elapsed time is 228.045155 seconds.

chan =

    22

Elapsed time is 223.204601 seconds.

chan =

    23

Elapsed time is 224.722795 seconds.

chan =

    24

Elapsed time is 225.064796 seconds.

chan =

    25

Elapsed time is 221.160665 seconds.

chan =

    26

Elapsed time is 223.462923 seconds.

chan =

    27

Elapsed time is 225.526164 seconds.

chan =

    28

Elapsed time is 226.483291 seconds.

chan =

    29

Elapsed time is 224.408118 seconds.

chan =

    30

Elapsed time is 226.750430 seconds.

chan =

    31

Elapsed time is 222.126180 seconds.

chan =

    32

Elapsed time is 222.258772 seconds.

chan =

    33

Elapsed time is 226.801827 seconds.

chan =

    34

Elapsed time is 230.627434 seconds.

chan =

    35

Elapsed time is 223.230508 seconds.

chan =

    36

Elapsed time is 227.657637 seconds.

chan =

    37

Elapsed time is 225.008480 seconds.

chan =

    38

Elapsed time is 227.686716 seconds.

chan =

    39

Elapsed time is 222.646538 seconds.

chan =

    40

Elapsed time is 224.708614 seconds.

chan =

    41

Elapsed time is 225.454007 seconds.

chan =

    42

Elapsed time is 226.710598 seconds.

chan =

    43

Elapsed time is 226.702391 seconds.

chan =

    44

Elapsed time is 225.814794 seconds.

chan =

    45

Elapsed time is 224.714640 seconds.

chan =

    46

Elapsed time is 223.475775 seconds.

chan =

    47

Elapsed time is 225.162402 seconds.

chan =

    48

Elapsed time is 224.156929 seconds.

chan =

    49

Elapsed time is 229.021234 seconds.

chan =

    50

Elapsed time is 228.334804 seconds.

chan =

    51

Elapsed time is 227.793836 seconds.

chan =

    52

Elapsed time is 228.171741 seconds.

chan =

    53

Elapsed time is 237.103277 seconds.

chan =

    54

Elapsed time is 244.438202 seconds.

chan =

    55

Elapsed time is 241.464466 seconds.

chan =

    56

Elapsed time is 243.406497 seconds.

chan =

    57

Elapsed time is 238.256800 seconds.

chan =

    58

Elapsed time is 224.154421 seconds.

chan =

    59

Elapsed time is 243.104232 seconds.

chan =

    60

Elapsed time is 242.626791 seconds.

chan =

    61

Elapsed time is 240.865773 seconds.

chan =

    62

Elapsed time is 243.452984 seconds.

chan =

    63

Elapsed time is 232.667315 seconds.

chan =

    64

Elapsed time is 237.855160 seconds.

chan =

    65

Elapsed time is 234.397713 seconds.

chan =

    66

Elapsed time is 218.796522 seconds.

chan =

    67

Elapsed time is 222.540469 seconds.

chan =

    68

Elapsed time is 222.500057 seconds.

chan =

    69

Elapsed time is 215.575425 seconds.

chan =

    70

Elapsed time is 219.140272 seconds.

chan =

    71

Elapsed time is 231.999851 seconds.

chan =

    72

Elapsed time is 237.708006 seconds.

chan =

    73

Elapsed time is 239.647313 seconds.

chan =

    74

Elapsed time is 233.510708 seconds.

chan =

    75

Elapsed time is 217.426679 seconds.

chan =

    76

Elapsed time is 221.737120 seconds.

chan =

    77

Elapsed time is 235.235368 seconds.

chan =

    78

Elapsed time is 228.321644 seconds.

chan =

    79

Elapsed time is 224.409391 seconds.

chan =

    80

Elapsed time is 212.423088 seconds.

chan =

    81

Elapsed time is 214.063757 seconds.

chan =

    82

Elapsed time is 212.050787 seconds.

chan =

    83

Elapsed time is 212.953408 seconds.

chan =

    84

Elapsed time is 208.521266 seconds.

chan =

    85

Elapsed time is 207.668892 seconds.

chan =

    86

Elapsed time is 202.109788 seconds.
attempting saving
save success: /projects/p31578/dtf8829/QuestConnect/CHANDAT/chanDat_ECoG20_007.mat
working on TF
encoding done
encoding RT done
retrieval 1 done
retrieval 2 done
attempting saving
save success: /projects/p31578/dtf8829/QuestConnect/CHANDAT/chanDat_ECoG20_007.mat
working on ISPC
channel: 1 took 0 minutes
channel: 2 took 0 minutes
channel: 3 took 0 minutes
channel: 4 took 0 minutes
channel: 5 took 0 minutes
channel: 6 took 0 minutes
channel: 7 took 0 minutes
channel: 8 took 3.2 minutes
channel: 9 took 3.2 minutes
channel: 10 took 3.2 minutes
channel: 11 took 3.2 minutes
channel: 12 took 3.2 minutes
channel: 13 took 3.2 minutes
channel: 14 took 3.2 minutes
channel: 15 took 3.2 minutes
channel: 16 took 3.2 minutes
channel: 17 took 3.2 minutes
channel: 18 took 3.2 minutes
channel: 19 took 3.2 minutes
channel: 20 took 3.2 minutes
channel: 21 took 3.2 minutes
channel: 22 took 3.2 minutes
channel: 23 took 3.2 minutes
channel: 24 took 3.2 minutes
channel: 25 took 3.2 minutes
channel: 26 took 3.2 minutes
channel: 27 took 3.2 minutes
channel: 28 took 3.2 minutes
channel: 29 took 3.2 minutes
channel: 30 took 3.2 minutes
channel: 31 took 3.2 minutes
channel: 32 took 3.2 minutes
channel: 33 took 3.2 minutes
channel: 34 took 3.2 minutes
channel: 35 took 3.2 minutes
channel: 36 took 3.2 minutes
channel: 37 took 3.2 minutes
channel: 38 took 3.2 minutes
channel: 39 took 3.2 minutes
channel: 40 took 3.2 minutes
channel: 41 took 3.2 minutes
channel: 42 took 3.2 minutes
channel: 43 took 3.2 minutes
channel: 44 took 3.2 minutes
channel: 45 took 3.2 minutes
channel: 46 took 3.2 minutes
channel: 47 took 3.2 minutes
channel: 48 took 3.2 minutes
channel: 49 took 3.2 minutes
channel: 50 took 3.2 minutes
channel: 51 took 3.2 minutes
channel: 52 took 3.2 minutes
channel: 53 took 3.2 minutes
channel: 54 took 3.2 minutes
channel: 55 took 3.2 minutes
channel: 56 took 3.2 minutes
channel: 57 took 3.2 minutes
channel: 58 took 3.2 minutes
channel: 59 took 3.2 minutes
channel: 60 took 3.2 minutes
channel: 61 took 3.2 minutes
channel: 62 took 3.2 minutes
channel: 63 took 3.2 minutes
channel: 64 took 3.2 minutes
channel: 65 took 3.2 minutes
channel: 66 took 3.1 minutes
channel: 67 took 3.2 minutes
channel: 68 took 3.2 minutes
channel: 69 took 3.1 minutes
channel: 70 took 3.2 minutes
channel: 71 took 3.2 minutes
channel: 72 took 3.2 minutes
channel: 73 took 3.2 minutes
channel: 74 took 3.2 minutes
channel: 75 took 3.2 minutes
channel: 76 took 3.2 minutes
channel: 77 took 3.2 minutes
channel: 78 took 3.2 minutes
channel: 79 took 3.2 minutes
channel: 80 took 3.1 minutes
channel: 81 took 3.2 minutes
channel: 82 took 3.1 minutes
channel: 83 took 3.1 minutes
channel: 84 took 3.2 minutes
channel: 85 took 3.2 minutes
channel: 86 took 3.2 minutes
attempting saving
save success: /projects/p31578/dtf8829/QuestConnect/CHANDAT/chanDat_ECoG20_007.mat
Elapsed time is 196.749051 seconds.
