getting started: 1378
attempting file: 1378
going for ECoG20 24
data loaded: ECoG20 24
HFB already done

chan =

     1

Elapsed time is 216.900856 seconds.

chan =

     2

Elapsed time is 211.494867 seconds.

chan =

     3

Elapsed time is 210.983633 seconds.

chan =

     4

Elapsed time is 209.090069 seconds.

chan =

     5

Elapsed time is 211.125434 seconds.

chan =

     6

Elapsed time is 211.882322 seconds.

chan =

     7

Elapsed time is 212.468675 seconds.

chan =

     8

Elapsed time is 210.024985 seconds.

chan =

     9

Elapsed time is 209.456866 seconds.

chan =

    10

Elapsed time is 210.243130 seconds.

chan =

    11

Elapsed time is 211.013418 seconds.

chan =

    12

Elapsed time is 211.359910 seconds.

chan =

    13

Elapsed time is 210.382385 seconds.

chan =

    14

Elapsed time is 210.564478 seconds.

chan =

    15

Elapsed time is 211.796198 seconds.

chan =

    16

Elapsed time is 211.282486 seconds.

chan =

    17

Elapsed time is 211.170374 seconds.

chan =

    18

Elapsed time is 214.570061 seconds.

chan =

    19

Elapsed time is 211.443919 seconds.

chan =

    20

Elapsed time is 211.284791 seconds.

chan =

    21

Elapsed time is 212.339378 seconds.

chan =

    22

Elapsed time is 210.670874 seconds.

chan =

    23

Elapsed time is 211.441827 seconds.

chan =

    24

Elapsed time is 210.249860 seconds.

chan =

    25

Elapsed time is 211.889329 seconds.

chan =

    26

Elapsed time is 211.320772 seconds.

chan =

    27

Elapsed time is 210.082867 seconds.

chan =

    28

Elapsed time is 210.793985 seconds.

chan =

    29

Elapsed time is 210.854433 seconds.

chan =

    30

Elapsed time is 211.596391 seconds.

chan =

    31

Elapsed time is 210.795339 seconds.

chan =

    32

Elapsed time is 211.355980 seconds.

chan =

    33

Elapsed time is 210.578258 seconds.

chan =

    34

Elapsed time is 210.536394 seconds.

chan =

    35

Elapsed time is 211.325734 seconds.

chan =

    36

Elapsed time is 212.943946 seconds.

chan =

    37

Elapsed time is 210.799293 seconds.

chan =

    38

Elapsed time is 212.432435 seconds.

chan =

    39

Elapsed time is 208.526003 seconds.

chan =

    40

Elapsed time is 210.515663 seconds.

chan =

    41

Elapsed time is 209.531374 seconds.

chan =

    42

Elapsed time is 212.427946 seconds.

chan =

    43

Elapsed time is 210.096545 seconds.

chan =

    44

Elapsed time is 210.251644 seconds.

chan =

    45

Elapsed time is 211.154693 seconds.

chan =

    46

Elapsed time is 212.623221 seconds.

chan =

    47

Elapsed time is 211.322420 seconds.

chan =

    48

Elapsed time is 211.367512 seconds.

chan =

    49

Elapsed time is 212.763382 seconds.

chan =

    50

Elapsed time is 212.925322 seconds.

chan =

    51

Elapsed time is 211.648190 seconds.

chan =

    52

Elapsed time is 212.482797 seconds.

chan =

    53

Elapsed time is 211.917810 seconds.

chan =

    54

Elapsed time is 212.113489 seconds.

chan =

    55

Elapsed time is 211.182424 seconds.

chan =

    56

Elapsed time is 213.839933 seconds.

chan =

    57

Elapsed time is 211.962916 seconds.

chan =

    58

Elapsed time is 212.292145 seconds.

chan =

    59

Elapsed time is 210.216077 seconds.

chan =

    60

Elapsed time is 212.203008 seconds.

chan =

    61

Elapsed time is 210.519524 seconds.

chan =

    62

Elapsed time is 211.157286 seconds.

chan =

    63

Elapsed time is 209.551749 seconds.

chan =

    64

Elapsed time is 213.027259 seconds.

chan =

    65

Elapsed time is 210.303447 seconds.

chan =

    66

Elapsed time is 212.643485 seconds.

chan =

    67

Elapsed time is 210.727543 seconds.

chan =

    68

Elapsed time is 212.256674 seconds.

chan =

    69

Elapsed time is 210.793511 seconds.

chan =

    70

Elapsed time is 210.926511 seconds.

chan =

    71

Elapsed time is 211.189358 seconds.

chan =

    72

Elapsed time is 188.920547 seconds.

chan =

    73

Elapsed time is 201.808824 seconds.

chan =

    74

Elapsed time is 203.002307 seconds.

chan =

    75

Elapsed time is 201.506890 seconds.

chan =

    76

Elapsed time is 203.651688 seconds.

chan =

    77

Elapsed time is 201.720767 seconds.

chan =

    78

Elapsed time is 200.669530 seconds.

chan =

    79

Elapsed time is 200.110656 seconds.

chan =

    80

Elapsed time is 203.187918 seconds.

chan =

    81

Elapsed time is 201.079843 seconds.

chan =

    82

Elapsed time is 203.314370 seconds.

chan =

    83

Elapsed time is 200.533476 seconds.

chan =

    84

Elapsed time is 202.293239 seconds.

chan =

    85

Elapsed time is 201.440291 seconds.

chan =

    86

Elapsed time is 203.323731 seconds.
attempting saving
save success: /projects/p31578/dtf8829/QuestConnect/CHANDAT/chanDat_ECoG20_024.mat
working on TF
encoding done
encoding RT done
retrieval 1 done
retrieval 2 done
attempting saving
save success: /projects/p31578/dtf8829/QuestConnect/CHANDAT/chanDat_ECoG20_024.mat
working on ISPC
channel: 1 took 0 minutes
channel: 2 took 0 minutes
channel: 3 took 0 minutes
channel: 4 took 0 minutes
channel: 5 took 0 minutes
channel: 6 took 0 minutes
channel: 7 took 0 minutes
channel: 8 took 0 minutes
channel: 9 took 0 minutes
channel: 10 took 0 minutes
channel: 11 took 0 minutes
channel: 12 took 0 minutes
channel: 13 took 0 minutes
channel: 14 took 0 minutes
channel: 15 took 0 minutes
channel: 16 took 0 minutes
channel: 17 took 0 minutes
channel: 18 took 0 minutes
channel: 19 took 0 minutes
channel: 20 took 0 minutes
channel: 21 took 0 minutes
channel: 22 took 0 minutes
channel: 23 took 0 minutes
channel: 24 took 0 minutes
channel: 25 took 3.5 minutes
channel: 26 took 3.5 minutes
channel: 27 took 3.5 minutes
channel: 28 took 3.5 minutes
channel: 29 took 3.5 minutes
channel: 30 took 3.5 minutes
channel: 31 took 3.5 minutes
channel: 32 took 3.5 minutes
channel: 33 took 3.5 minutes
channel: 34 took 3.5 minutes
channel: 35 took 3.5 minutes
channel: 36 took 3.5 minutes
channel: 37 took 3.5 minutes
channel: 38 took 3.5 minutes
channel: 39 took 3.5 minutes
channel: 40 took 3.5 minutes
channel: 41 took 3.5 minutes
channel: 42 took 3.5 minutes
channel: 43 took 3.5 minutes
channel: 44 took 3.5 minutes
channel: 45 took 3.5 minutes
channel: 46 took 3.5 minutes
channel: 47 took 3.5 minutes
channel: 48 took 3.4 minutes
channel: 49 took 3.9 minutes
channel: 50 took 3.9 minutes
channel: 51 took 3.9 minutes
channel: 52 took 3.9 minutes
channel: 53 took 3.9 minutes
channel: 54 took 3.7 minutes
channel: 55 took 3.9 minutes
channel: 56 took 3.9 minutes
channel: 57 took 3.9 minutes
channel: 58 took 4 minutes
channel: 59 took 3.9 minutes
channel: 60 took 3.8 minutes
channel: 61 took 3.9 minutes
channel: 62 took 3.9 minutes
channel: 63 took 3.9 minutes
channel: 64 took 3.9 minutes
channel: 65 took 3.7 minutes
channel: 66 took 4 minutes
channel: 67 took 4 minutes
channel: 68 took 3.9 minutes
channel: 69 took 3.9 minutes
channel: 70 took 3.9 minutes
channel: 71 took 3.8 minutes
channel: 72 took 3.9 minutes
channel: 73 took 3.9 minutes
channel: 74 took 3.9 minutes
channel: 75 took 3.9 minutes
channel: 76 took 3.8 minutes
channel: 77 took 3.8 minutes
channel: 78 took 4 minutes
channel: 79 took 3.9 minutes
channel: 80 took 4 minutes
channel: 81 took 3.9 minutes
channel: 82 took 3.8 minutes
channel: 83 took 3.9 minutes
channel: 84 took 3.9 minutes
channel: 85 took 3.9 minutes
channel: 86 took 4 minutes
attempting saving
save success: /projects/p31578/dtf8829/QuestConnect/CHANDAT/chanDat_ECoG20_024.mat
Elapsed time is 242.947065 seconds.
