getting started: 1428
attempting file: 1428
going for ECoG20 74
data loaded: ECoG20 74
HFB already done

chan =

     1

Elapsed time is 300.579588 seconds.

chan =

     2

Elapsed time is 296.230556 seconds.

chan =

     3

Elapsed time is 297.446823 seconds.

chan =

     4

Elapsed time is 296.926973 seconds.

chan =

     5

Elapsed time is 297.350932 seconds.

chan =

     6

Elapsed time is 297.424410 seconds.

chan =

     7

Elapsed time is 298.069927 seconds.

chan =

     8

Elapsed time is 297.407634 seconds.

chan =

     9

Elapsed time is 295.463838 seconds.

chan =

    10

Elapsed time is 295.584888 seconds.

chan =

    11

Elapsed time is 296.162689 seconds.

chan =

    12

Elapsed time is 295.644860 seconds.

chan =

    13

Elapsed time is 294.586199 seconds.

chan =

    14

Elapsed time is 295.225740 seconds.

chan =

    15

Elapsed time is 294.301315 seconds.

chan =

    16

Elapsed time is 297.709470 seconds.

chan =

    17

Elapsed time is 292.964218 seconds.

chan =

    18

Elapsed time is 288.193651 seconds.

chan =

    19

Elapsed time is 284.507448 seconds.

chan =

    20

Elapsed time is 279.290453 seconds.

chan =

    21

Elapsed time is 277.189416 seconds.

chan =

    22

Elapsed time is 271.857095 seconds.

chan =

    23

Elapsed time is 268.054079 seconds.

chan =

    24

Elapsed time is 263.575733 seconds.

chan =

    25

Elapsed time is 258.212493 seconds.

chan =

    26

Elapsed time is 253.952206 seconds.

chan =

    27

Elapsed time is 247.217583 seconds.

chan =

    28

Elapsed time is 244.485819 seconds.

chan =

    29

Elapsed time is 244.372596 seconds.

chan =

    30

Elapsed time is 244.769639 seconds.

chan =

    31

Elapsed time is 243.328297 seconds.

chan =

    32

Elapsed time is 244.036057 seconds.

chan =

    33

Elapsed time is 242.685052 seconds.

chan =

    34

Elapsed time is 240.645753 seconds.

chan =

    35

Elapsed time is 239.375588 seconds.

chan =

    36

Elapsed time is 248.467386 seconds.

chan =

    37

Elapsed time is 260.603253 seconds.

chan =

    38

Elapsed time is 260.307570 seconds.

chan =

    39

Elapsed time is 259.974685 seconds.

chan =

    40

Elapsed time is 260.408049 seconds.

chan =

    41

Elapsed time is 261.071242 seconds.

chan =

    42

Elapsed time is 260.402246 seconds.

chan =

    43

Elapsed time is 261.162740 seconds.

chan =

    44

Elapsed time is 245.241550 seconds.

chan =

    45

Elapsed time is 253.690244 seconds.

chan =

    46

Elapsed time is 261.157006 seconds.

chan =

    47

Elapsed time is 259.012619 seconds.

chan =

    48

Elapsed time is 261.222222 seconds.

chan =

    49

Elapsed time is 253.149812 seconds.

chan =

    50

Elapsed time is 253.454846 seconds.

chan =

    51

Elapsed time is 249.101158 seconds.

chan =

    52

Elapsed time is 259.394369 seconds.

chan =

    53

Elapsed time is 261.020105 seconds.

chan =

    54

Elapsed time is 256.894844 seconds.

chan =

    55

Elapsed time is 254.615976 seconds.

chan =

    56

Elapsed time is 259.112373 seconds.

chan =

    57

Elapsed time is 260.691190 seconds.

chan =

    58

Elapsed time is 256.844170 seconds.

chan =

    59

Elapsed time is 253.765025 seconds.

chan =

    60

Elapsed time is 252.786326 seconds.

chan =

    61

Elapsed time is 259.360292 seconds.

chan =

    62

Elapsed time is 258.989317 seconds.

chan =

    63

Elapsed time is 259.940380 seconds.

chan =

    64

Elapsed time is 255.962760 seconds.

chan =

    65

Elapsed time is 259.117475 seconds.

chan =

    66

Elapsed time is 241.741355 seconds.

chan =

    67

Elapsed time is 240.573317 seconds.

chan =

    68

Elapsed time is 239.381996 seconds.

chan =

    69

Elapsed time is 239.632830 seconds.

chan =

    70

Elapsed time is 240.721879 seconds.

chan =

    71

Elapsed time is 249.962586 seconds.

chan =

    72

Elapsed time is 247.259784 seconds.

chan =

    73

Elapsed time is 239.447423 seconds.

chan =

    74

Elapsed time is 247.365783 seconds.

chan =

    75

Elapsed time is 255.561499 seconds.

chan =

    76

Elapsed time is 255.613503 seconds.

chan =

    77

Elapsed time is 255.705200 seconds.

chan =

    78

Elapsed time is 254.850221 seconds.

chan =

    79

Elapsed time is 254.739320 seconds.

chan =

    80

Elapsed time is 255.950958 seconds.

chan =

    81

Elapsed time is 255.156671 seconds.

chan =

    82

Elapsed time is 254.313024 seconds.

chan =

    83

Elapsed time is 254.512191 seconds.

chan =

    84

Elapsed time is 253.896406 seconds.

chan =

    85

Elapsed time is 254.147680 seconds.

chan =

    86

Elapsed time is 255.299394 seconds.
attempting saving
save success: /projects/p31578/dtf8829/QuestConnect/CHANDAT/chanDat_ECoG20_074.mat
working on TF
encoding done
encoding RT done
retrieval 1 done
retrieval 2 done
attempting saving
save success: /projects/p31578/dtf8829/QuestConnect/CHANDAT/chanDat_ECoG20_074.mat
working on ISPC
channel: 1 took 0 minutes
channel: 2 took 0 minutes
channel: 3 took 0 minutes
channel: 4 took 0 minutes
channel: 5 took 0 minutes
channel: 6 took 0 minutes
channel: 7 took 0 minutes
channel: 8 took 0 minutes
channel: 9 took 0 minutes
channel: 10 took 0 minutes
channel: 11 took 0 minutes
channel: 12 took 0 minutes
channel: 13 took 0 minutes
channel: 14 took 0 minutes
channel: 15 took 0 minutes
channel: 16 took 0 minutes
channel: 17 took 0 minutes
channel: 18 took 0 minutes
channel: 19 took 0 minutes
channel: 20 took 0 minutes
channel: 21 took 0 minutes
channel: 22 took 0 minutes
channel: 23 took 0 minutes
channel: 24 took 0 minutes
channel: 25 took 0 minutes
channel: 26 took 0 minutes
channel: 27 took 0 minutes
channel: 28 took 0 minutes
channel: 29 took 0 minutes
channel: 30 took 0 minutes
channel: 31 took 0 minutes
channel: 32 took 0 minutes
channel: 33 took 0 minutes
channel: 34 took 0 minutes
channel: 35 took 0 minutes
channel: 36 took 0 minutes
channel: 37 took 0 minutes
channel: 38 took 0 minutes
channel: 39 took 0 minutes
channel: 40 took 0 minutes
channel: 41 took 0 minutes
channel: 42 took 0 minutes
channel: 43 took 0 minutes
channel: 44 took 0 minutes
channel: 45 took 0 minutes
channel: 46 took 0 minutes
channel: 47 took 0 minutes
channel: 48 took 0 minutes
channel: 49 took 0 minutes
channel: 50 took 0 minutes
channel: 51 took 0 minutes
channel: 52 took 0 minutes
channel: 53 took 0 minutes
channel: 54 took 0 minutes
channel: 55 took 0 minutes
channel: 56 took 0 minutes
channel: 57 took 0 minutes
channel: 58 took 0 minutes
channel: 59 took 0 minutes
channel: 60 took 0 minutes
channel: 61 took 0 minutes
channel: 62 took 0 minutes
channel: 63 took 0 minutes
channel: 64 took 0 minutes
channel: 65 took 0 minutes
channel: 66 took 0 minutes
channel: 67 took 0 minutes
channel: 68 took 0 minutes
channel: 69 took 0 minutes
channel: 70 took 0 minutes
channel: 71 took 0 minutes
channel: 72 took 0 minutes
channel: 73 took 0 minutes
channel: 74 took 0 minutes
channel: 75 took 4.1 minutes
channel: 76 took 4 minutes
channel: 77 took 4 minutes
channel: 78 took 3.9 minutes
channel: 79 took 3.7 minutes
channel: 80 took 3.8 minutes
channel: 81 took 3.8 minutes
channel: 82 took 3.8 minutes
channel: 83 took 3.8 minutes
channel: 84 took 3.8 minutes
channel: 85 took 3.7 minutes
channel: 86 took 3.5 minutes
attempting saving
save success: /projects/p31578/dtf8829/QuestConnect/CHANDAT/chanDat_ECoG20_074.mat
Elapsed time is 217.050929 seconds.
