getting started: 1368
attempting file: 1368
going for ECoG20 14
data loaded: ECoG20 14
HFB already done

chan =

     1

Elapsed time is 230.075668 seconds.

chan =

     2

Elapsed time is 213.332487 seconds.

chan =

     3

Elapsed time is 213.921033 seconds.

chan =

     4

Elapsed time is 210.123818 seconds.

chan =

     5

Elapsed time is 209.806713 seconds.

chan =

     6

Elapsed time is 210.928244 seconds.

chan =

     7

Elapsed time is 208.374157 seconds.

chan =

     8

Elapsed time is 209.296245 seconds.

chan =

     9

Elapsed time is 204.738285 seconds.

chan =

    10

Elapsed time is 206.099357 seconds.

chan =

    11

Elapsed time is 206.621992 seconds.

chan =

    12

Elapsed time is 203.702099 seconds.

chan =

    13

Elapsed time is 203.373423 seconds.

chan =

    14

Elapsed time is 210.948557 seconds.

chan =

    15

Elapsed time is 198.401949 seconds.

chan =

    16

Elapsed time is 195.834122 seconds.

chan =

    17

Elapsed time is 195.329118 seconds.

chan =

    18

Elapsed time is 193.507322 seconds.

chan =

    19

Elapsed time is 196.389335 seconds.

chan =

    20

Elapsed time is 206.974527 seconds.

chan =

    21

Elapsed time is 196.659752 seconds.

chan =

    22

Elapsed time is 195.575293 seconds.

chan =

    23

Elapsed time is 196.225210 seconds.

chan =

    24

Elapsed time is 196.398266 seconds.

chan =

    25

Elapsed time is 194.333368 seconds.

chan =

    26

Elapsed time is 194.193134 seconds.

chan =

    27

Elapsed time is 196.298726 seconds.

chan =

    28

Elapsed time is 196.122450 seconds.

chan =

    29

Elapsed time is 195.791567 seconds.

chan =

    30

Elapsed time is 196.124466 seconds.

chan =

    31

Elapsed time is 194.971974 seconds.

chan =

    32

Elapsed time is 196.616185 seconds.

chan =

    33

Elapsed time is 194.661794 seconds.

chan =

    34

Elapsed time is 196.044670 seconds.

chan =

    35

Elapsed time is 192.968988 seconds.

chan =

    36

Elapsed time is 195.502931 seconds.

chan =

    37

Elapsed time is 197.335463 seconds.

chan =

    38

Elapsed time is 198.145946 seconds.

chan =

    39

Elapsed time is 193.358926 seconds.

chan =

    40

Elapsed time is 195.461514 seconds.

chan =

    41

Elapsed time is 194.628384 seconds.

chan =

    42

Elapsed time is 195.380895 seconds.

chan =

    43

Elapsed time is 194.881524 seconds.

chan =

    44

Elapsed time is 193.383039 seconds.

chan =

    45

Elapsed time is 192.614547 seconds.

chan =

    46

Elapsed time is 195.326817 seconds.

chan =

    47

Elapsed time is 195.390218 seconds.

chan =

    48

Elapsed time is 195.641217 seconds.

chan =

    49

Elapsed time is 197.142083 seconds.

chan =

    50

Elapsed time is 197.711718 seconds.

chan =

    51

Elapsed time is 195.011616 seconds.

chan =

    52

Elapsed time is 194.846835 seconds.

chan =

    53

Elapsed time is 195.234493 seconds.

chan =

    54

Elapsed time is 200.240729 seconds.

chan =

    55

Elapsed time is 194.234273 seconds.

chan =

    56

Elapsed time is 199.890254 seconds.

chan =

    57

Elapsed time is 198.143613 seconds.

chan =

    58

Elapsed time is 198.319039 seconds.

chan =

    59

Elapsed time is 199.006287 seconds.

chan =

    60

Elapsed time is 205.114460 seconds.

chan =

    61

Elapsed time is 211.375792 seconds.

chan =

    62

Elapsed time is 208.005393 seconds.

chan =

    63

Elapsed time is 208.639657 seconds.

chan =

    64

Elapsed time is 212.586209 seconds.

chan =

    65

Elapsed time is 204.629149 seconds.

chan =

    66

Elapsed time is 201.212215 seconds.

chan =

    67

Elapsed time is 211.083935 seconds.

chan =

    68

Elapsed time is 207.509882 seconds.

chan =

    69

Elapsed time is 206.650334 seconds.

chan =

    70

Elapsed time is 208.076281 seconds.

chan =

    71

Elapsed time is 209.446346 seconds.

chan =

    72

Elapsed time is 204.698973 seconds.

chan =

    73

Elapsed time is 211.392184 seconds.

chan =

    74

Elapsed time is 203.301058 seconds.

chan =

    75

Elapsed time is 195.210135 seconds.

chan =

    76

Elapsed time is 198.213172 seconds.

chan =

    77

Elapsed time is 200.374535 seconds.

chan =

    78

Elapsed time is 194.420754 seconds.

chan =

    79

Elapsed time is 196.603602 seconds.

chan =

    80

Elapsed time is 199.315031 seconds.

chan =

    81

Elapsed time is 210.155008 seconds.

chan =

    82

Elapsed time is 210.625234 seconds.

chan =

    83

Elapsed time is 215.089005 seconds.

chan =

    84

Elapsed time is 207.457262 seconds.

chan =

    85

Elapsed time is 196.318873 seconds.

chan =

    86

Elapsed time is 191.949064 seconds.
attempting saving
save success: /projects/p31578/dtf8829/QuestConnect/CHANDAT/chanDat_ECoG20_014.mat
working on TF
encoding done
encoding RT done
retrieval 1 done
retrieval 2 done
attempting saving
save success: /projects/p31578/dtf8829/QuestConnect/CHANDAT/chanDat_ECoG20_014.mat
working on ISPC
channel: 1 took 0 minutes
channel: 2 took 0 minutes
channel: 3 took 0 minutes
channel: 4 took 0 minutes
channel: 5 took 0 minutes
channel: 6 took 0 minutes
channel: 7 took 0 minutes
channel: 8 took 0 minutes
channel: 9 took 0 minutes
channel: 10 took 0 minutes
channel: 11 took 0 minutes
channel: 12 took 0 minutes
channel: 13 took 0 minutes
channel: 14 took 0 minutes
channel: 15 took 3.4 minutes
channel: 16 took 3.2 minutes
channel: 17 took 3.2 minutes
channel: 18 took 3.1 minutes
channel: 19 took 3.1 minutes
channel: 20 took 3 minutes
channel: 21 took 3 minutes
channel: 22 took 3.1 minutes
channel: 23 took 3 minutes
channel: 24 took 3.1 minutes
channel: 25 took 3.1 minutes
channel: 26 took 3.1 minutes
channel: 27 took 3 minutes
channel: 28 took 3 minutes
channel: 29 took 3 minutes
channel: 30 took 3.1 minutes
channel: 31 took 3.1 minutes
channel: 32 took 3.1 minutes
channel: 33 took 3 minutes
channel: 34 took 3 minutes
channel: 35 took 3.1 minutes
channel: 36 took 3.1 minutes
channel: 37 took 3 minutes
channel: 38 took 3.1 minutes
channel: 39 took 3 minutes
channel: 40 took 3 minutes
channel: 41 took 3.1 minutes
channel: 42 took 3.1 minutes
channel: 43 took 3.1 minutes
channel: 44 took 3 minutes
channel: 45 took 3 minutes
channel: 46 took 3.1 minutes
channel: 47 took 3.1 minutes
channel: 48 took 3.1 minutes
channel: 49 took 3.1 minutes
channel: 50 took 3 minutes
channel: 51 took 3 minutes
channel: 52 took 3.1 minutes
channel: 53 took 3 minutes
channel: 54 took 3.1 minutes
channel: 55 took 3.1 minutes
channel: 56 took 3.1 minutes
channel: 57 took 3 minutes
channel: 58 took 3 minutes
channel: 59 took 3.1 minutes
channel: 60 took 3 minutes
channel: 61 took 3 minutes
channel: 62 took 3 minutes
channel: 63 took 3.1 minutes
channel: 64 took 3 minutes
channel: 65 took 3 minutes
channel: 66 took 3 minutes
channel: 67 took 3 minutes
channel: 68 took 3 minutes
channel: 69 took 3 minutes
channel: 70 took 3 minutes
channel: 71 took 3 minutes
channel: 72 took 3 minutes
channel: 73 took 3 minutes
channel: 74 took 3 minutes
channel: 75 took 3 minutes
channel: 76 took 3 minutes
channel: 77 took 3 minutes
channel: 78 took 3 minutes
channel: 79 took 3 minutes
channel: 80 took 3 minutes
channel: 81 took 3 minutes
channel: 82 took 3 minutes
channel: 83 took 3 minutes
channel: 84 took 3 minutes
channel: 85 took 3 minutes
channel: 86 took 3 minutes
attempting saving
save success: /projects/p31578/dtf8829/QuestConnect/CHANDAT/chanDat_ECoG20_014.mat
Elapsed time is 183.869199 seconds.
