getting started: 1404
attempting file: 1404
going for ECoG20 50
data loaded: ECoG20 50
HFB already done

chan =

     1

Elapsed time is 311.084306 seconds.

chan =

     2

Elapsed time is 308.858626 seconds.

chan =

     3

Elapsed time is 305.989719 seconds.

chan =

     4

Elapsed time is 306.642550 seconds.

chan =

     5

Elapsed time is 307.301407 seconds.

chan =

     6

Elapsed time is 305.238989 seconds.

chan =

     7

Elapsed time is 306.537339 seconds.

chan =

     8

Elapsed time is 306.662160 seconds.

chan =

     9

Elapsed time is 303.739270 seconds.

chan =

    10

Elapsed time is 310.070834 seconds.

chan =

    11

Elapsed time is 296.894251 seconds.

chan =

    12

Elapsed time is 251.743025 seconds.

chan =

    13

Elapsed time is 242.855149 seconds.

chan =

    14

Elapsed time is 260.321429 seconds.

chan =

    15

Elapsed time is 298.065042 seconds.

chan =

    16

Elapsed time is 302.005908 seconds.

chan =

    17

Elapsed time is 304.993228 seconds.

chan =

    18

Elapsed time is 304.256898 seconds.

chan =

    19

Elapsed time is 294.243075 seconds.

chan =

    20

Elapsed time is 288.083838 seconds.

chan =

    21

Elapsed time is 284.283633 seconds.

chan =

    22

Elapsed time is 280.155980 seconds.

chan =

    23

Elapsed time is 277.078977 seconds.

chan =

    24

Elapsed time is 273.186232 seconds.

chan =

    25

Elapsed time is 271.927053 seconds.

chan =

    26

Elapsed time is 270.538823 seconds.

chan =

    27

Elapsed time is 270.384553 seconds.

chan =

    28

Elapsed time is 274.616298 seconds.

chan =

    29

Elapsed time is 276.075288 seconds.

chan =

    30

Elapsed time is 275.009751 seconds.

chan =

    31

Elapsed time is 274.805786 seconds.

chan =

    32

Elapsed time is 274.508379 seconds.

chan =

    33

Elapsed time is 274.219134 seconds.

chan =

    34

Elapsed time is 275.668909 seconds.

chan =

    35

Elapsed time is 276.285311 seconds.

chan =

    36

Elapsed time is 277.302439 seconds.

chan =

    37

Elapsed time is 275.170511 seconds.

chan =

    38

Elapsed time is 276.006096 seconds.

chan =

    39

Elapsed time is 275.600391 seconds.

chan =

    40

Elapsed time is 275.834506 seconds.

chan =

    41

Elapsed time is 275.319807 seconds.

chan =

    42

Elapsed time is 274.913583 seconds.

chan =

    43

Elapsed time is 278.625401 seconds.

chan =

    44

Elapsed time is 292.625787 seconds.

chan =

    45

Elapsed time is 289.070445 seconds.

chan =

    46

Elapsed time is 273.457742 seconds.

chan =

    47

Elapsed time is 275.782787 seconds.

chan =

    48

Elapsed time is 281.863569 seconds.

chan =

    49

Elapsed time is 273.435288 seconds.

chan =

    50

Elapsed time is 284.626510 seconds.

chan =

    51

Elapsed time is 283.547495 seconds.

chan =

    52

Elapsed time is 283.791174 seconds.

chan =

    53

Elapsed time is 285.645034 seconds.

chan =

    54

Elapsed time is 279.050241 seconds.

chan =

    55

Elapsed time is 279.120767 seconds.

chan =

    56

Elapsed time is 283.604534 seconds.

chan =

    57

Elapsed time is 283.504257 seconds.

chan =

    58

Elapsed time is 283.364429 seconds.

chan =

    59

Elapsed time is 272.117371 seconds.

chan =

    60

Elapsed time is 270.908204 seconds.

chan =

    61

Elapsed time is 274.341478 seconds.

chan =

    62

Elapsed time is 259.926148 seconds.

chan =

    63

Elapsed time is 254.201865 seconds.

chan =

    64

Elapsed time is 250.237487 seconds.

chan =

    65

Elapsed time is 246.047954 seconds.

chan =

    66

Elapsed time is 247.163459 seconds.

chan =

    67

Elapsed time is 248.995587 seconds.

chan =

    68

Elapsed time is 260.903014 seconds.

chan =

    69

Elapsed time is 246.171643 seconds.

chan =

    70

Elapsed time is 245.316674 seconds.

chan =

    71

Elapsed time is 260.323964 seconds.

chan =

    72

Elapsed time is 261.733144 seconds.

chan =

    73

Elapsed time is 261.236926 seconds.

chan =

    74

Elapsed time is 261.153641 seconds.

chan =

    75

Elapsed time is 262.729297 seconds.

chan =

    76

Elapsed time is 261.538206 seconds.

chan =

    77

Elapsed time is 262.158806 seconds.

chan =

    78

Elapsed time is 260.937476 seconds.

chan =

    79

Elapsed time is 262.060254 seconds.

chan =

    80

Elapsed time is 259.956956 seconds.

chan =

    81

Elapsed time is 261.930587 seconds.

chan =

    82

Elapsed time is 261.385561 seconds.

chan =

    83

Elapsed time is 263.392291 seconds.

chan =

    84

Elapsed time is 262.461781 seconds.

chan =

    85

Elapsed time is 263.565407 seconds.

chan =

    86

Elapsed time is 256.560193 seconds.
attempting saving
save success: /projects/p31578/dtf8829/QuestConnect/CHANDAT/chanDat_ECoG20_050.mat
working on TF
encoding done
encoding RT done
retrieval 1 done
retrieval 2 done
attempting saving
save success: /projects/p31578/dtf8829/QuestConnect/CHANDAT/chanDat_ECoG20_050.mat
working on ISPC
channel: 1 took 0 minutes
channel: 2 took 0 minutes
channel: 3 took 0 minutes
channel: 4 took 0 minutes
channel: 5 took 0 minutes
channel: 6 took 0 minutes
channel: 7 took 0 minutes
channel: 8 took 0 minutes
channel: 9 took 0 minutes
channel: 10 took 0 minutes
channel: 11 took 0 minutes
channel: 12 took 0 minutes
channel: 13 took 0 minutes
channel: 14 took 0 minutes
channel: 15 took 0 minutes
channel: 16 took 0 minutes
channel: 17 took 0 minutes
channel: 18 took 0 minutes
channel: 19 took 0 minutes
channel: 20 took 0 minutes
channel: 21 took 0 minutes
channel: 22 took 0 minutes
channel: 23 took 0 minutes
channel: 24 took 0 minutes
channel: 25 took 0 minutes
channel: 26 took 0 minutes
channel: 27 took 0 minutes
channel: 28 took 0 minutes
channel: 29 took 0 minutes
channel: 30 took 0 minutes
channel: 31 took 0 minutes
channel: 32 took 0 minutes
channel: 33 took 0 minutes
channel: 34 took 0 minutes
channel: 35 took 0 minutes
channel: 36 took 0 minutes
channel: 37 took 0 minutes
channel: 38 took 0 minutes
channel: 39 took 0 minutes
channel: 40 took 0 minutes
channel: 41 took 0 minutes
channel: 42 took 0 minutes
channel: 43 took 0 minutes
channel: 44 took 0 minutes
channel: 45 took 0 minutes
channel: 46 took 0 minutes
channel: 47 took 0 minutes
channel: 48 took 0 minutes
channel: 49 took 0 minutes
channel: 50 took 0 minutes
channel: 51 took 4.2 minutes
channel: 52 took 4 minutes
channel: 53 took 4 minutes
channel: 54 took 4 minutes
channel: 55 took 4 minutes
channel: 56 took 4 minutes
channel: 57 took 4 minutes
channel: 58 took 4 minutes
channel: 59 took 4 minutes
channel: 60 took 3.9 minutes
channel: 61 took 3.8 minutes
channel: 62 took 3.7 minutes
channel: 63 took 3.6 minutes
channel: 64 took 3.6 minutes
channel: 65 took 3.6 minutes
channel: 66 took 3.6 minutes
channel: 67 took 3.6 minutes
channel: 68 took 3.6 minutes
channel: 69 took 3.6 minutes
channel: 70 took 3.6 minutes
channel: 71 took 3.6 minutes
channel: 72 took 3.6 minutes
channel: 73 took 3.6 minutes
channel: 74 took 3.7 minutes
channel: 75 took 3.6 minutes
channel: 76 took 3.6 minutes
channel: 77 took 3.6 minutes
channel: 78 took 4.3 minutes
channel: 79 took 4.2 minutes
channel: 80 took 4.8 minutes
channel: 81 took 4.9 minutes
channel: 82 took 4.9 minutes
channel: 83 took 4.1 minutes
channel: 84 took 4 minutes
channel: 85 took 3.7 minutes
channel: 86 took 3.6 minutes
attempting saving
save success: /projects/p31578/dtf8829/QuestConnect/CHANDAT/chanDat_ECoG20_050.mat
Elapsed time is 222.360595 seconds.
