getting started: 1413
attempting file: 1413
going for ECoG20 59
data loaded: ECoG20 59
HFB already done

chan =

     1

Elapsed time is 304.778574 seconds.

chan =

     2

Elapsed time is 300.988913 seconds.

chan =

     3

Elapsed time is 302.774245 seconds.

chan =

     4

Elapsed time is 301.840027 seconds.

chan =

     5

Elapsed time is 303.467831 seconds.

chan =

     6

Elapsed time is 304.650878 seconds.

chan =

     7

Elapsed time is 307.380503 seconds.

chan =

     8

Elapsed time is 303.725993 seconds.

chan =

     9

Elapsed time is 302.451221 seconds.

chan =

    10

Elapsed time is 303.008372 seconds.

chan =

    11

Elapsed time is 302.136822 seconds.

chan =

    12

Elapsed time is 301.373217 seconds.

chan =

    13

Elapsed time is 300.707193 seconds.

chan =

    14

Elapsed time is 301.494359 seconds.

chan =

    15

Elapsed time is 298.934974 seconds.

chan =

    16

Elapsed time is 301.146479 seconds.

chan =

    17

Elapsed time is 296.018584 seconds.

chan =

    18

Elapsed time is 291.464088 seconds.

chan =

    19

Elapsed time is 288.602168 seconds.

chan =

    20

Elapsed time is 282.761888 seconds.

chan =

    21

Elapsed time is 280.767419 seconds.

chan =

    22

Elapsed time is 274.297017 seconds.

chan =

    23

Elapsed time is 272.383759 seconds.

chan =

    24

Elapsed time is 266.225097 seconds.

chan =

    25

Elapsed time is 261.933307 seconds.

chan =

    26

Elapsed time is 256.067709 seconds.

chan =

    27

Elapsed time is 250.959331 seconds.

chan =

    28

Elapsed time is 249.446642 seconds.

chan =

    29

Elapsed time is 250.715988 seconds.

chan =

    30

Elapsed time is 249.166982 seconds.

chan =

    31

Elapsed time is 249.806624 seconds.

chan =

    32

Elapsed time is 248.805659 seconds.

chan =

    33

Elapsed time is 247.687434 seconds.

chan =

    34

Elapsed time is 243.845836 seconds.

chan =

    35

Elapsed time is 248.939911 seconds.

chan =

    36

Elapsed time is 266.139120 seconds.

chan =

    37

Elapsed time is 266.027994 seconds.

chan =

    38

Elapsed time is 266.031871 seconds.

chan =

    39

Elapsed time is 265.350634 seconds.

chan =

    40

Elapsed time is 266.394788 seconds.

chan =

    41

Elapsed time is 265.844390 seconds.

chan =

    42

Elapsed time is 266.381496 seconds.

chan =

    43

Elapsed time is 254.117471 seconds.

chan =

    44

Elapsed time is 256.490274 seconds.

chan =

    45

Elapsed time is 266.237725 seconds.

chan =

    46

Elapsed time is 264.501214 seconds.

chan =

    47

Elapsed time is 266.238185 seconds.

chan =

    48

Elapsed time is 257.476746 seconds.

chan =

    49

Elapsed time is 258.901414 seconds.

chan =

    50

Elapsed time is 254.330726 seconds.

chan =

    51

Elapsed time is 264.895330 seconds.

chan =

    52

Elapsed time is 265.902983 seconds.

chan =

    53

Elapsed time is 262.122570 seconds.

chan =

    54

Elapsed time is 261.064430 seconds.

chan =

    55

Elapsed time is 264.888846 seconds.

chan =

    56

Elapsed time is 265.292065 seconds.

chan =

    57

Elapsed time is 262.373310 seconds.

chan =

    58

Elapsed time is 255.722176 seconds.

chan =

    59

Elapsed time is 262.886607 seconds.

chan =

    60

Elapsed time is 263.920601 seconds.

chan =

    61

Elapsed time is 264.778828 seconds.

chan =

    62

Elapsed time is 265.702532 seconds.

chan =

    63

Elapsed time is 257.890420 seconds.

chan =

    64

Elapsed time is 259.015343 seconds.

chan =

    65

Elapsed time is 245.455141 seconds.

chan =

    66

Elapsed time is 244.085550 seconds.

chan =

    67

Elapsed time is 244.874895 seconds.

chan =

    68

Elapsed time is 243.407458 seconds.

chan =

    69

Elapsed time is 245.326990 seconds.

chan =

    70

Elapsed time is 259.634079 seconds.

chan =

    71

Elapsed time is 244.169525 seconds.

chan =

    72

Elapsed time is 243.714208 seconds.

chan =

    73

Elapsed time is 260.157153 seconds.

chan =

    74

Elapsed time is 260.129313 seconds.

chan =

    75

Elapsed time is 260.903725 seconds.

chan =

    76

Elapsed time is 260.580951 seconds.

chan =

    77

Elapsed time is 260.304697 seconds.

chan =

    78

Elapsed time is 260.072613 seconds.

chan =

    79

Elapsed time is 260.169979 seconds.

chan =

    80

Elapsed time is 259.437507 seconds.

chan =

    81

Elapsed time is 259.523528 seconds.

chan =

    82

Elapsed time is 258.610816 seconds.

chan =

    83

Elapsed time is 259.477463 seconds.

chan =

    84

Elapsed time is 258.806759 seconds.

chan =

    85

Elapsed time is 258.748980 seconds.

chan =

    86

Elapsed time is 235.845406 seconds.
attempting saving
save success: /projects/p31578/dtf8829/QuestConnect/CHANDAT/chanDat_ECoG20_059.mat
working on TF
encoding done
encoding RT done
retrieval 1 done
retrieval 2 done
attempting saving
save success: /projects/p31578/dtf8829/QuestConnect/CHANDAT/chanDat_ECoG20_059.mat
working on ISPC
channel: 1 took 0 minutes
channel: 2 took 0 minutes
channel: 3 took 0 minutes
channel: 4 took 0 minutes
channel: 5 took 0 minutes
channel: 6 took 0 minutes
channel: 7 took 0 minutes
channel: 8 took 0 minutes
channel: 9 took 0 minutes
channel: 10 took 0 minutes
channel: 11 took 0 minutes
channel: 12 took 0 minutes
channel: 13 took 0 minutes
channel: 14 took 0 minutes
channel: 15 took 0 minutes
channel: 16 took 0 minutes
channel: 17 took 0 minutes
channel: 18 took 0 minutes
channel: 19 took 0 minutes
channel: 20 took 0 minutes
channel: 21 took 0 minutes
channel: 22 took 0 minutes
channel: 23 took 0 minutes
channel: 24 took 0 minutes
channel: 25 took 0 minutes
channel: 26 took 0 minutes
channel: 27 took 0 minutes
channel: 28 took 0 minutes
channel: 29 took 0 minutes
channel: 30 took 0 minutes
channel: 31 took 0 minutes
channel: 32 took 0 minutes
channel: 33 took 0 minutes
channel: 34 took 0 minutes
channel: 35 took 0 minutes
channel: 36 took 0 minutes
channel: 37 took 0 minutes
channel: 38 took 0 minutes
channel: 39 took 0 minutes
channel: 40 took 0 minutes
channel: 41 took 0 minutes
channel: 42 took 0 minutes
channel: 43 took 0 minutes
channel: 44 took 0 minutes
channel: 45 took 0 minutes
channel: 46 took 0 minutes
channel: 47 took 0 minutes
channel: 48 took 0 minutes
channel: 49 took 0 minutes
channel: 50 took 0 minutes
channel: 51 took 0 minutes
channel: 52 took 0 minutes
channel: 53 took 0 minutes
channel: 54 took 0 minutes
channel: 55 took 0 minutes
channel: 56 took 0 minutes
channel: 57 took 0 minutes
channel: 58 took 0 minutes
channel: 59 took 0 minutes
channel: 60 took 4 minutes
channel: 61 took 4 minutes
channel: 62 took 3.7 minutes
channel: 63 took 3.8 minutes
channel: 64 took 3.8 minutes
channel: 65 took 3.8 minutes
channel: 66 took 3.8 minutes
channel: 67 took 3.8 minutes
channel: 68 took 3.8 minutes
channel: 69 took 3.6 minutes
channel: 70 took 4.9 minutes
channel: 71 took 5.6 minutes
channel: 72 took 5.5 minutes
channel: 73 took 5.6 minutes
channel: 74 took 5.5 minutes
channel: 75 took 5.5 minutes
channel: 76 took 5.1 minutes
channel: 77 took 3.4 minutes
channel: 78 took 3.4 minutes
channel: 79 took 3.4 minutes
channel: 80 took 3.4 minutes
channel: 81 took 4.4 minutes
channel: 82 took 4.4 minutes
channel: 83 took 4.4 minutes
channel: 84 took 4.4 minutes
channel: 85 took 4.4 minutes
channel: 86 took 4.6 minutes
attempting saving
save success: /projects/p31578/dtf8829/QuestConnect/CHANDAT/chanDat_ECoG20_059.mat
Elapsed time is 281.514035 seconds.
