getting started: 1437
attempting file: 1437
going for ECoG20 83
data loaded: ECoG20 83
HFB already done

chan =

     1

Elapsed time is 286.784116 seconds.

chan =

     2

Elapsed time is 284.303947 seconds.

chan =

     3

Elapsed time is 283.267601 seconds.

chan =

     4

Elapsed time is 285.149133 seconds.

chan =

     5

Elapsed time is 284.384970 seconds.

chan =

     6

Elapsed time is 284.704088 seconds.

chan =

     7

Elapsed time is 283.582011 seconds.

chan =

     8

Elapsed time is 283.584412 seconds.

chan =

     9

Elapsed time is 280.918972 seconds.

chan =

    10

Elapsed time is 282.554885 seconds.

chan =

    11

Elapsed time is 280.542166 seconds.

chan =

    12

Elapsed time is 282.807802 seconds.

chan =

    13

Elapsed time is 275.948893 seconds.

chan =

    14

Elapsed time is 267.105962 seconds.

chan =

    15

Elapsed time is 268.637534 seconds.

chan =

    16

Elapsed time is 255.803721 seconds.

chan =

    17

Elapsed time is 312.451284 seconds.

chan =

    18

Elapsed time is 308.164144 seconds.

chan =

    19

Elapsed time is 296.948621 seconds.

chan =

    20

Elapsed time is 295.305709 seconds.

chan =

    21

Elapsed time is 290.297694 seconds.

chan =

    22

Elapsed time is 287.378973 seconds.

chan =

    23

Elapsed time is 286.704010 seconds.

chan =

    24

Elapsed time is 289.193016 seconds.

chan =

    25

Elapsed time is 288.001858 seconds.

chan =

    26

Elapsed time is 287.502881 seconds.

chan =

    27

Elapsed time is 285.682723 seconds.

chan =

    28

Elapsed time is 286.492539 seconds.

chan =

    29

Elapsed time is 285.110673 seconds.

chan =

    30

Elapsed time is 286.676421 seconds.

chan =

    31

Elapsed time is 289.004898 seconds.

chan =

    32

Elapsed time is 285.757692 seconds.

chan =

    33

Elapsed time is 293.059732 seconds.

chan =

    34

Elapsed time is 284.188448 seconds.

chan =

    35

Elapsed time is 299.621470 seconds.

chan =

    36

Elapsed time is 305.709073 seconds.

chan =

    37

Elapsed time is 307.260335 seconds.

chan =

    38

Elapsed time is 303.453968 seconds.

chan =

    39

Elapsed time is 305.564424 seconds.

chan =

    40

Elapsed time is 302.597689 seconds.

chan =

    41

Elapsed time is 303.850940 seconds.

chan =

    42

Elapsed time is 291.933751 seconds.

chan =

    43

Elapsed time is 306.966411 seconds.

chan =

    44

Elapsed time is 302.141043 seconds.

chan =

    45

Elapsed time is 304.306145 seconds.

chan =

    46

Elapsed time is 293.366188 seconds.

chan =

    47

Elapsed time is 298.886113 seconds.

chan =

    48

Elapsed time is 294.042471 seconds.

chan =

    49

Elapsed time is 302.264937 seconds.

chan =

    50

Elapsed time is 299.150464 seconds.

chan =

    51

Elapsed time is 296.378755 seconds.

chan =

    52

Elapsed time is 306.778149 seconds.

chan =

    53

Elapsed time is 300.217454 seconds.

chan =

    54

Elapsed time is 302.101177 seconds.

chan =

    55

Elapsed time is 292.663868 seconds.

chan =

    56

Elapsed time is 304.090573 seconds.

chan =

    57

Elapsed time is 299.925834 seconds.

chan =

    58

Elapsed time is 301.648725 seconds.

chan =

    59

Elapsed time is 294.260169 seconds.

chan =

    60

Elapsed time is 295.103620 seconds.

chan =

    61

Elapsed time is 284.470095 seconds.

chan =

    62

Elapsed time is 285.649421 seconds.

chan =

    63

Elapsed time is 284.724105 seconds.

chan =

    64

Elapsed time is 286.667905 seconds.

chan =

    65

Elapsed time is 287.066135 seconds.

chan =

    66

Elapsed time is 286.850425 seconds.

chan =

    67

Elapsed time is 285.321751 seconds.

chan =

    68

Elapsed time is 284.966616 seconds.

chan =

    69

Elapsed time is 286.449425 seconds.

chan =

    70

Elapsed time is 285.578844 seconds.

chan =

    71

Elapsed time is 288.672099 seconds.

chan =

    72

Elapsed time is 284.909507 seconds.

chan =

    73

Elapsed time is 291.352660 seconds.

chan =

    74

Elapsed time is 283.501248 seconds.

chan =

    75

Elapsed time is 289.313709 seconds.

chan =

    76

Elapsed time is 283.892970 seconds.

chan =

    77

Elapsed time is 287.809994 seconds.

chan =

    78

Elapsed time is 284.206484 seconds.

chan =

    79

Elapsed time is 286.048738 seconds.

chan =

    80

Elapsed time is 284.819901 seconds.

chan =

    81

Elapsed time is 285.742182 seconds.

chan =

    82

Elapsed time is 283.643586 seconds.

chan =

    83

Elapsed time is 285.018584 seconds.

chan =

    84

Elapsed time is 283.715323 seconds.

chan =

    85

Elapsed time is 284.526073 seconds.

chan =

    86

Elapsed time is 283.652207 seconds.
attempting saving
save success: /projects/p31578/dtf8829/QuestConnect/CHANDAT/chanDat_ECoG20_083.mat
working on TF
encoding done
encoding RT done
retrieval 1 done
retrieval 2 done
attempting saving
save success: /projects/p31578/dtf8829/QuestConnect/CHANDAT/chanDat_ECoG20_083.mat
working on ISPC
channel: 1 took 0 minutes
channel: 2 took 0 minutes
channel: 3 took 0 minutes
channel: 4 took 0 minutes
channel: 5 took 0 minutes
channel: 6 took 0 minutes
channel: 7 took 0 minutes
channel: 8 took 0 minutes
channel: 9 took 0 minutes
channel: 10 took 0 minutes
channel: 11 took 0 minutes
channel: 12 took 0 minutes
channel: 13 took 0 minutes
channel: 14 took 0 minutes
channel: 15 took 0 minutes
channel: 16 took 0 minutes
channel: 17 took 0 minutes
channel: 18 took 0 minutes
channel: 19 took 0 minutes
channel: 20 took 0 minutes
channel: 21 took 0 minutes
channel: 22 took 0 minutes
channel: 23 took 0 minutes
channel: 24 took 0 minutes
channel: 25 took 0 minutes
channel: 26 took 0 minutes
channel: 27 took 0 minutes
channel: 28 took 0 minutes
channel: 29 took 0 minutes
channel: 30 took 0 minutes
channel: 31 took 0 minutes
channel: 32 took 0 minutes
channel: 33 took 0 minutes
channel: 34 took 0 minutes
channel: 35 took 0 minutes
channel: 36 took 0 minutes
channel: 37 took 0 minutes
channel: 38 took 0 minutes
channel: 39 took 0 minutes
channel: 40 took 0 minutes
channel: 41 took 0 minutes
channel: 42 took 0 minutes
channel: 43 took 0 minutes
channel: 44 took 0 minutes
channel: 45 took 0 minutes
channel: 46 took 0 minutes
channel: 47 took 0 minutes
channel: 48 took 0 minutes
channel: 49 took 0 minutes
channel: 50 took 0 minutes
channel: 51 took 0 minutes
channel: 52 took 0 minutes
channel: 53 took 0 minutes
channel: 54 took 0 minutes
channel: 55 took 0 minutes
channel: 56 took 0 minutes
channel: 57 took 0 minutes
channel: 58 took 0 minutes
channel: 59 took 0 minutes
channel: 60 took 0 minutes
channel: 61 took 0 minutes
channel: 62 took 0 minutes
channel: 63 took 0 minutes
channel: 64 took 0 minutes
channel: 65 took 0 minutes
channel: 66 took 0 minutes
channel: 67 took 0 minutes
channel: 68 took 0 minutes
channel: 69 took 0 minutes
channel: 70 took 0 minutes
channel: 71 took 0 minutes
channel: 72 took 0 minutes
channel: 73 took 0 minutes
channel: 74 took 0 minutes
channel: 75 took 0 minutes
channel: 76 took 0 minutes
channel: 77 took 0 minutes
channel: 78 took 0 minutes
channel: 79 took 0 minutes
channel: 80 took 0 minutes
channel: 81 took 0 minutes
channel: 82 took 0 minutes
channel: 83 took 0 minutes
channel: 84 took 4 minutes
channel: 85 took 4.2 minutes
channel: 86 took 5 minutes
attempting saving
save success: /projects/p31578/dtf8829/QuestConnect/CHANDAT/chanDat_ECoG20_083.mat
Elapsed time is 303.577119 seconds.
