getting started: 1382
attempting file: 1382
going for ECoG20 28
data loaded: ECoG20 28
HFB already done

chan =

     1

Elapsed time is 216.447861 seconds.

chan =

     2

Elapsed time is 212.510543 seconds.

chan =

     3

Elapsed time is 211.979309 seconds.

chan =

     4

Elapsed time is 212.302832 seconds.

chan =

     5

Elapsed time is 209.531802 seconds.

chan =

     6

Elapsed time is 212.423108 seconds.

chan =

     7

Elapsed time is 213.178557 seconds.

chan =

     8

Elapsed time is 211.667452 seconds.

chan =

     9

Elapsed time is 209.282751 seconds.

chan =

    10

Elapsed time is 212.779565 seconds.

chan =

    11

Elapsed time is 211.159434 seconds.

chan =

    12

Elapsed time is 213.502865 seconds.

chan =

    13

Elapsed time is 208.641558 seconds.

chan =

    14

Elapsed time is 211.663832 seconds.

chan =

    15

Elapsed time is 211.275732 seconds.

chan =

    16

Elapsed time is 213.488520 seconds.

chan =

    17

Elapsed time is 211.316463 seconds.

chan =

    18

Elapsed time is 210.751585 seconds.

chan =

    19

Elapsed time is 208.812850 seconds.

chan =

    20

Elapsed time is 210.644988 seconds.

chan =

    21

Elapsed time is 213.904005 seconds.

chan =

    22

Elapsed time is 210.446043 seconds.

chan =

    23

Elapsed time is 213.134379 seconds.

chan =

    24

Elapsed time is 214.098628 seconds.

chan =

    25

Elapsed time is 214.166333 seconds.

chan =

    26

Elapsed time is 214.064509 seconds.

chan =

    27

Elapsed time is 210.872303 seconds.

chan =

    28

Elapsed time is 211.542569 seconds.

chan =

    29

Elapsed time is 211.495233 seconds.

chan =

    30

Elapsed time is 215.037668 seconds.

chan =

    31

Elapsed time is 212.118970 seconds.

chan =

    32

Elapsed time is 210.680411 seconds.

chan =

    33

Elapsed time is 208.197097 seconds.

chan =

    34

Elapsed time is 210.103727 seconds.

chan =

    35

Elapsed time is 213.154070 seconds.

chan =

    36

Elapsed time is 210.599151 seconds.

chan =

    37

Elapsed time is 210.422176 seconds.

chan =

    38

Elapsed time is 209.485979 seconds.

chan =

    39

Elapsed time is 207.989570 seconds.

chan =

    40

Elapsed time is 209.968225 seconds.

chan =

    41

Elapsed time is 209.814422 seconds.

chan =

    42

Elapsed time is 212.565398 seconds.

chan =

    43

Elapsed time is 211.487612 seconds.

chan =

    44

Elapsed time is 211.270953 seconds.

chan =

    45

Elapsed time is 209.808119 seconds.

chan =

    46

Elapsed time is 189.538511 seconds.

chan =

    47

Elapsed time is 198.435939 seconds.

chan =

    48

Elapsed time is 199.341063 seconds.

chan =

    49

Elapsed time is 189.958744 seconds.

chan =

    50

Elapsed time is 185.712084 seconds.

chan =

    51

Elapsed time is 216.629163 seconds.

chan =

    52

Elapsed time is 205.850085 seconds.

chan =

    53

Elapsed time is 211.892974 seconds.

chan =

    54

Elapsed time is 213.479969 seconds.

chan =

    55

Elapsed time is 216.868601 seconds.

chan =

    56

Elapsed time is 212.904152 seconds.

chan =

    57

Elapsed time is 216.272863 seconds.

chan =

    58

Elapsed time is 200.254939 seconds.

chan =

    59

Elapsed time is 197.525003 seconds.

chan =

    60

Elapsed time is 201.517436 seconds.

chan =

    61

Elapsed time is 197.011211 seconds.

chan =

    62

Elapsed time is 212.985352 seconds.

chan =

    63

Elapsed time is 212.682977 seconds.

chan =

    64

Elapsed time is 210.102065 seconds.

chan =

    65

Elapsed time is 212.931731 seconds.

chan =

    66

Elapsed time is 210.395412 seconds.

chan =

    67

Elapsed time is 196.540099 seconds.

chan =

    68

Elapsed time is 209.598693 seconds.

chan =

    69

Elapsed time is 208.877884 seconds.

chan =

    70

Elapsed time is 215.576121 seconds.

chan =

    71

Elapsed time is 214.274801 seconds.

chan =

    72

Elapsed time is 207.734042 seconds.

chan =

    73

Elapsed time is 194.449530 seconds.

chan =

    74

Elapsed time is 214.254441 seconds.

chan =

    75

Elapsed time is 202.600388 seconds.

chan =

    76

Elapsed time is 187.995666 seconds.

chan =

    77

Elapsed time is 182.835439 seconds.

chan =

    78

Elapsed time is 179.349887 seconds.

chan =

    79

Elapsed time is 182.185851 seconds.

chan =

    80

Elapsed time is 182.266722 seconds.

chan =

    81

Elapsed time is 183.476809 seconds.

chan =

    82

Elapsed time is 200.970476 seconds.

chan =

    83

Elapsed time is 211.701998 seconds.

chan =

    84

Elapsed time is 198.982886 seconds.

chan =

    85

Elapsed time is 184.275384 seconds.

chan =

    86

Elapsed time is 182.622062 seconds.
attempting saving
save success: /projects/p31578/dtf8829/QuestConnect/CHANDAT/chanDat_ECoG20_028.mat
working on TF
encoding done
encoding RT done
retrieval 1 done
retrieval 2 done
attempting saving
save success: /projects/p31578/dtf8829/QuestConnect/CHANDAT/chanDat_ECoG20_028.mat
working on ISPC
channel: 1 took 0 minutes
channel: 2 took 0 minutes
channel: 3 took 0 minutes
channel: 4 took 0 minutes
channel: 5 took 0 minutes
channel: 6 took 0 minutes
channel: 7 took 0 minutes
channel: 8 took 0 minutes
channel: 9 took 0 minutes
channel: 10 took 0 minutes
channel: 11 took 0 minutes
channel: 12 took 0 minutes
channel: 13 took 0 minutes
channel: 14 took 0 minutes
channel: 15 took 0 minutes
channel: 16 took 0 minutes
channel: 17 took 0 minutes
channel: 18 took 0 minutes
channel: 19 took 0 minutes
channel: 20 took 0 minutes
channel: 21 took 0 minutes
channel: 22 took 0 minutes
channel: 23 took 0 minutes
channel: 24 took 0 minutes
channel: 25 took 0 minutes
channel: 26 took 0 minutes
channel: 27 took 0 minutes
channel: 28 took 0 minutes
channel: 29 took 3.2 minutes
channel: 30 took 3.1 minutes
channel: 31 took 3.1 minutes
channel: 32 took 3.1 minutes
channel: 33 took 3.1 minutes
channel: 34 took 3.1 minutes
channel: 35 took 3.1 minutes
channel: 36 took 3.1 minutes
channel: 37 took 3.1 minutes
channel: 38 took 3.1 minutes
channel: 39 took 3.1 minutes
channel: 40 took 3.1 minutes
channel: 41 took 3.1 minutes
channel: 42 took 3.1 minutes
channel: 43 took 3.1 minutes
channel: 44 took 3.1 minutes
channel: 45 took 3.1 minutes
channel: 46 took 3.1 minutes
channel: 47 took 3.1 minutes
channel: 48 took 3.1 minutes
channel: 49 took 3.1 minutes
channel: 50 took 3.1 minutes
channel: 51 took 3.1 minutes
channel: 52 took 3.1 minutes
channel: 53 took 3.1 minutes
channel: 54 took 3.1 minutes
channel: 55 took 3.1 minutes
channel: 56 took 3.1 minutes
channel: 57 took 3.1 minutes
channel: 58 took 3.1 minutes
channel: 59 took 3.1 minutes
channel: 60 took 3.1 minutes
channel: 61 took 3.1 minutes
channel: 62 took 3.1 minutes
channel: 63 took 3.1 minutes
channel: 64 took 3.1 minutes
channel: 65 took 3 minutes
channel: 66 took 3 minutes
channel: 67 took 3 minutes
channel: 68 took 3 minutes
channel: 69 took 3 minutes
channel: 70 took 3.1 minutes
channel: 71 took 3 minutes
channel: 72 took 3 minutes
channel: 73 took 3 minutes
channel: 74 took 3 minutes
channel: 75 took 3 minutes
channel: 76 took 3.1 minutes
channel: 77 took 3.6 minutes
channel: 78 took 3.6 minutes
channel: 79 took 3.6 minutes
channel: 80 took 3.6 minutes
channel: 81 took 3.6 minutes
channel: 82 took 3.4 minutes
channel: 83 took 3.5 minutes
channel: 84 took 3.6 minutes
channel: 85 took 3.6 minutes
channel: 86 took 3.5 minutes
attempting saving
save success: /projects/p31578/dtf8829/QuestConnect/CHANDAT/chanDat_ECoG20_028.mat
Elapsed time is 213.056813 seconds.
