getting started: 1362
attempting file: 1362
going for ECoG20 8
data loaded: ECoG20 8
HFB already done

chan =

     1

Elapsed time is 236.794678 seconds.

chan =

     2

Elapsed time is 226.789569 seconds.

chan =

     3

Elapsed time is 226.978239 seconds.

chan =

     4

Elapsed time is 225.342677 seconds.

chan =

     5

Elapsed time is 225.273527 seconds.

chan =

     6

Elapsed time is 223.282602 seconds.

chan =

     7

Elapsed time is 227.002796 seconds.

chan =

     8

Elapsed time is 220.813090 seconds.

chan =

     9

Elapsed time is 223.130791 seconds.

chan =

    10

Elapsed time is 222.318738 seconds.

chan =

    11

Elapsed time is 217.760979 seconds.

chan =

    12

Elapsed time is 221.091111 seconds.

chan =

    13

Elapsed time is 218.212134 seconds.

chan =

    14

Elapsed time is 219.500566 seconds.

chan =

    15

Elapsed time is 219.364605 seconds.

chan =

    16

Elapsed time is 215.646296 seconds.

chan =

    17

Elapsed time is 219.461474 seconds.

chan =

    18

Elapsed time is 221.802610 seconds.

chan =

    19

Elapsed time is 220.200386 seconds.

chan =

    20

Elapsed time is 218.141019 seconds.

chan =

    21

Elapsed time is 219.449911 seconds.

chan =

    22

Elapsed time is 222.436714 seconds.

chan =

    23

Elapsed time is 216.293396 seconds.

chan =

    24

Elapsed time is 218.878213 seconds.

chan =

    25

Elapsed time is 216.139250 seconds.

chan =

    26

Elapsed time is 218.506493 seconds.

chan =

    27

Elapsed time is 216.054422 seconds.

chan =

    28

Elapsed time is 221.843604 seconds.

chan =

    29

Elapsed time is 218.814037 seconds.

chan =

    30

Elapsed time is 220.506814 seconds.

chan =

    31

Elapsed time is 220.263870 seconds.

chan =

    32

Elapsed time is 215.475755 seconds.

chan =

    33

Elapsed time is 216.971034 seconds.

chan =

    34

Elapsed time is 222.637315 seconds.

chan =

    35

Elapsed time is 222.771213 seconds.

chan =

    36

Elapsed time is 218.022868 seconds.

chan =

    37

Elapsed time is 220.838220 seconds.

chan =

    38

Elapsed time is 222.478370 seconds.

chan =

    39

Elapsed time is 220.432868 seconds.

chan =

    40

Elapsed time is 218.401493 seconds.

chan =

    41

Elapsed time is 216.671564 seconds.

chan =

    42

Elapsed time is 221.695682 seconds.

chan =

    43

Elapsed time is 221.439666 seconds.

chan =

    44

Elapsed time is 219.334295 seconds.

chan =

    45

Elapsed time is 222.757433 seconds.

chan =

    46

Elapsed time is 220.986939 seconds.

chan =

    47

Elapsed time is 217.313985 seconds.

chan =

    48

Elapsed time is 219.293731 seconds.

chan =

    49

Elapsed time is 222.180542 seconds.

chan =

    50

Elapsed time is 225.424392 seconds.

chan =

    51

Elapsed time is 221.882139 seconds.

chan =

    52

Elapsed time is 224.535591 seconds.

chan =

    53

Elapsed time is 222.709041 seconds.

chan =

    54

Elapsed time is 228.168883 seconds.

chan =

    55

Elapsed time is 235.502440 seconds.

chan =

    56

Elapsed time is 236.391752 seconds.

chan =

    57

Elapsed time is 236.765996 seconds.

chan =

    58

Elapsed time is 241.963359 seconds.

chan =

    59

Elapsed time is 221.073994 seconds.

chan =

    60

Elapsed time is 230.429233 seconds.

chan =

    61

Elapsed time is 236.218361 seconds.

chan =

    62

Elapsed time is 236.676234 seconds.

chan =

    63

Elapsed time is 236.835275 seconds.

chan =

    64

Elapsed time is 236.313195 seconds.

chan =

    65

Elapsed time is 226.842389 seconds.

chan =

    66

Elapsed time is 236.793689 seconds.

chan =

    67

Elapsed time is 219.070580 seconds.

chan =

    68

Elapsed time is 215.357393 seconds.

chan =

    69

Elapsed time is 221.426685 seconds.

chan =

    70

Elapsed time is 214.553049 seconds.

chan =

    71

Elapsed time is 213.011687 seconds.

chan =

    72

Elapsed time is 218.015465 seconds.

chan =

    73

Elapsed time is 230.442267 seconds.

chan =

    74

Elapsed time is 230.937211 seconds.

chan =

    75

Elapsed time is 236.631397 seconds.

chan =

    76

Elapsed time is 224.848830 seconds.

chan =

    77

Elapsed time is 209.729095 seconds.

chan =

    78

Elapsed time is 225.140525 seconds.

chan =

    79

Elapsed time is 228.590170 seconds.

chan =

    80

Elapsed time is 224.963930 seconds.

chan =

    81

Elapsed time is 218.796074 seconds.

chan =

    82

Elapsed time is 209.454968 seconds.

chan =

    83

Elapsed time is 208.769255 seconds.

chan =

    84

Elapsed time is 208.520749 seconds.

chan =

    85

Elapsed time is 208.209988 seconds.

chan =

    86

Elapsed time is 207.621295 seconds.
attempting saving
save success: /projects/p31578/dtf8829/QuestConnect/CHANDAT/chanDat_ECoG20_008.mat
working on TF
encoding done
encoding RT done
retrieval 1 done
retrieval 2 done
attempting saving
save success: /projects/p31578/dtf8829/QuestConnect/CHANDAT/chanDat_ECoG20_008.mat
working on ISPC
channel: 1 took 0 minutes
channel: 2 took 0 minutes
channel: 3 took 0 minutes
channel: 4 took 0 minutes
channel: 5 took 0 minutes
channel: 6 took 0 minutes
channel: 7 took 0 minutes
channel: 8 took 0 minutes
channel: 9 took 3.3 minutes
channel: 10 took 3.2 minutes
channel: 11 took 3.2 minutes
channel: 12 took 3.2 minutes
channel: 13 took 3.2 minutes
channel: 14 took 3.2 minutes
channel: 15 took 3.2 minutes
channel: 16 took 3.2 minutes
channel: 17 took 3.2 minutes
channel: 18 took 3.2 minutes
channel: 19 took 3.2 minutes
channel: 20 took 3.2 minutes
channel: 21 took 3.2 minutes
channel: 22 took 3.2 minutes
channel: 23 took 3.2 minutes
channel: 24 took 3.2 minutes
channel: 25 took 3.2 minutes
channel: 26 took 3.2 minutes
channel: 27 took 3.2 minutes
channel: 28 took 3.1 minutes
channel: 29 took 3.2 minutes
channel: 30 took 3.2 minutes
channel: 31 took 3.2 minutes
channel: 32 took 3.2 minutes
channel: 33 took 3.2 minutes
channel: 34 took 3.1 minutes
channel: 35 took 3.2 minutes
channel: 36 took 3.2 minutes
channel: 37 took 3.2 minutes
channel: 38 took 3.2 minutes
channel: 39 took 3.2 minutes
channel: 40 took 3.2 minutes
channel: 41 took 3.1 minutes
channel: 42 took 3.2 minutes
channel: 43 took 3.2 minutes
channel: 44 took 3.2 minutes
channel: 45 took 3.1 minutes
channel: 46 took 3.2 minutes
channel: 47 took 3.2 minutes
channel: 48 took 3.2 minutes
channel: 49 took 3.2 minutes
channel: 50 took 3.1 minutes
channel: 51 took 3.2 minutes
channel: 52 took 3.2 minutes
channel: 53 took 3.1 minutes
channel: 54 took 3.1 minutes
channel: 55 took 3.2 minutes
channel: 56 took 3.2 minutes
channel: 57 took 3.1 minutes
channel: 58 took 3.2 minutes
channel: 59 took 3.2 minutes
channel: 60 took 3.2 minutes
channel: 61 took 3.2 minutes
channel: 62 took 3.2 minutes
channel: 63 took 3.2 minutes
channel: 64 took 3.2 minutes
channel: 65 took 3.2 minutes
channel: 66 took 3.2 minutes
channel: 67 took 3.2 minutes
channel: 68 took 3.2 minutes
channel: 69 took 3.1 minutes
channel: 70 took 3.1 minutes
channel: 71 took 3.1 minutes
channel: 72 took 3.1 minutes
channel: 73 took 3.1 minutes
channel: 74 took 3.1 minutes
channel: 75 took 3.1 minutes
channel: 76 took 3.1 minutes
channel: 77 took 3.1 minutes
channel: 78 took 3.1 minutes
channel: 79 took 3.2 minutes
channel: 80 took 3.2 minutes
channel: 81 took 3.1 minutes
channel: 82 took 3.1 minutes
channel: 83 took 3.1 minutes
channel: 84 took 3.1 minutes
channel: 85 took 3.2 minutes
channel: 86 took 3.1 minutes
attempting saving
save success: /projects/p31578/dtf8829/QuestConnect/CHANDAT/chanDat_ECoG20_008.mat
Elapsed time is 190.810996 seconds.
