getting started: 1430
attempting file: 1430
going for ECoG20 76
data loaded: ECoG20 76
HFB already done

chan =

     1

Elapsed time is 302.809296 seconds.

chan =

     2

Elapsed time is 299.316460 seconds.

chan =

     3

Elapsed time is 299.074831 seconds.

chan =

     4

Elapsed time is 300.272339 seconds.

chan =

     5

Elapsed time is 301.022364 seconds.

chan =

     6

Elapsed time is 300.738815 seconds.

chan =

     7

Elapsed time is 302.247592 seconds.

chan =

     8

Elapsed time is 299.862217 seconds.

chan =

     9

Elapsed time is 299.723807 seconds.

chan =

    10

Elapsed time is 298.452636 seconds.

chan =

    11

Elapsed time is 299.058815 seconds.

chan =

    12

Elapsed time is 298.573373 seconds.

chan =

    13

Elapsed time is 299.812293 seconds.

chan =

    14

Elapsed time is 298.780786 seconds.

chan =

    15

Elapsed time is 297.952597 seconds.

chan =

    16

Elapsed time is 300.447107 seconds.

chan =

    17

Elapsed time is 296.713814 seconds.

chan =

    18

Elapsed time is 291.182308 seconds.

chan =

    19

Elapsed time is 287.689324 seconds.

chan =

    20

Elapsed time is 281.652062 seconds.

chan =

    21

Elapsed time is 280.433631 seconds.

chan =

    22

Elapsed time is 273.297923 seconds.

chan =

    23

Elapsed time is 271.364114 seconds.

chan =

    24

Elapsed time is 264.875239 seconds.

chan =

    25

Elapsed time is 260.941892 seconds.

chan =

    26

Elapsed time is 256.112273 seconds.

chan =

    27

Elapsed time is 250.536598 seconds.

chan =

    28

Elapsed time is 247.393198 seconds.

chan =

    29

Elapsed time is 248.658032 seconds.

chan =

    30

Elapsed time is 247.238859 seconds.

chan =

    31

Elapsed time is 247.587787 seconds.

chan =

    32

Elapsed time is 246.667669 seconds.

chan =

    33

Elapsed time is 247.014017 seconds.

chan =

    34

Elapsed time is 242.252957 seconds.

chan =

    35

Elapsed time is 244.681971 seconds.

chan =

    36

Elapsed time is 261.315303 seconds.

chan =

    37

Elapsed time is 264.664253 seconds.

chan =

    38

Elapsed time is 262.725450 seconds.

chan =

    39

Elapsed time is 263.689701 seconds.

chan =

    40

Elapsed time is 263.248525 seconds.

chan =

    41

Elapsed time is 264.086019 seconds.

chan =

    42

Elapsed time is 264.714457 seconds.

chan =

    43

Elapsed time is 259.356126 seconds.

chan =

    44

Elapsed time is 247.842628 seconds.

chan =

    45

Elapsed time is 264.571885 seconds.

chan =

    46

Elapsed time is 262.383740 seconds.

chan =

    47

Elapsed time is 264.406680 seconds.

chan =

    48

Elapsed time is 261.410370 seconds.

chan =

    49

Elapsed time is 249.739121 seconds.

chan =

    50

Elapsed time is 256.695554 seconds.

chan =

    51

Elapsed time is 259.263369 seconds.

chan =

    52

Elapsed time is 262.063337 seconds.

chan =

    53

Elapsed time is 261.934585 seconds.

chan =

    54

Elapsed time is 259.364016 seconds.

chan =

    55

Elapsed time is 261.664614 seconds.

chan =

    56

Elapsed time is 262.575226 seconds.

chan =

    57

Elapsed time is 261.454690 seconds.

chan =

    58

Elapsed time is 258.863934 seconds.

chan =

    59

Elapsed time is 253.866486 seconds.

chan =

    60

Elapsed time is 261.415224 seconds.

chan =

    61

Elapsed time is 262.882124 seconds.

chan =

    62

Elapsed time is 262.228686 seconds.

chan =

    63

Elapsed time is 261.420134 seconds.

chan =

    64

Elapsed time is 258.694260 seconds.

chan =

    65

Elapsed time is 247.682868 seconds.

chan =

    66

Elapsed time is 242.885279 seconds.

chan =

    67

Elapsed time is 243.302322 seconds.

chan =

    68

Elapsed time is 241.541301 seconds.

chan =

    69

Elapsed time is 242.905510 seconds.

chan =

    70

Elapsed time is 250.935994 seconds.

chan =

    71

Elapsed time is 251.183352 seconds.

chan =

    72

Elapsed time is 241.672072 seconds.

chan =

    73

Elapsed time is 249.369654 seconds.

chan =

    74

Elapsed time is 257.483594 seconds.

chan =

    75

Elapsed time is 259.463359 seconds.

chan =

    76

Elapsed time is 258.301589 seconds.

chan =

    77

Elapsed time is 259.071470 seconds.

chan =

    78

Elapsed time is 257.616156 seconds.

chan =

    79

Elapsed time is 258.284523 seconds.

chan =

    80

Elapsed time is 257.801705 seconds.

chan =

    81

Elapsed time is 257.364989 seconds.

chan =

    82

Elapsed time is 256.146805 seconds.

chan =

    83

Elapsed time is 257.493378 seconds.

chan =

    84

Elapsed time is 256.466351 seconds.

chan =

    85

Elapsed time is 257.811947 seconds.

chan =

    86

Elapsed time is 252.203489 seconds.
attempting saving
save success: /projects/p31578/dtf8829/QuestConnect/CHANDAT/chanDat_ECoG20_076.mat
working on TF
encoding done
encoding RT done
retrieval 1 done
retrieval 2 done
attempting saving
save success: /projects/p31578/dtf8829/QuestConnect/CHANDAT/chanDat_ECoG20_076.mat
working on ISPC
channel: 1 took 0 minutes
channel: 2 took 0 minutes
channel: 3 took 0 minutes
channel: 4 took 0 minutes
channel: 5 took 0 minutes
channel: 6 took 0 minutes
channel: 7 took 0 minutes
channel: 8 took 0 minutes
channel: 9 took 0 minutes
channel: 10 took 0 minutes
channel: 11 took 0 minutes
channel: 12 took 0 minutes
channel: 13 took 0 minutes
channel: 14 took 0 minutes
channel: 15 took 0 minutes
channel: 16 took 0 minutes
channel: 17 took 0 minutes
channel: 18 took 0 minutes
channel: 19 took 0 minutes
channel: 20 took 0 minutes
channel: 21 took 0 minutes
channel: 22 took 0 minutes
channel: 23 took 0 minutes
channel: 24 took 0 minutes
channel: 25 took 0 minutes
channel: 26 took 0 minutes
channel: 27 took 0 minutes
channel: 28 took 0 minutes
channel: 29 took 0 minutes
channel: 30 took 0 minutes
channel: 31 took 0 minutes
channel: 32 took 0 minutes
channel: 33 took 0 minutes
channel: 34 took 0 minutes
channel: 35 took 0 minutes
channel: 36 took 0 minutes
channel: 37 took 0 minutes
channel: 38 took 0 minutes
channel: 39 took 0 minutes
channel: 40 took 0 minutes
channel: 41 took 0 minutes
channel: 42 took 0 minutes
channel: 43 took 0 minutes
channel: 44 took 0 minutes
channel: 45 took 0 minutes
channel: 46 took 0 minutes
channel: 47 took 0 minutes
channel: 48 took 0 minutes
channel: 49 took 0 minutes
channel: 50 took 0 minutes
channel: 51 took 0 minutes
channel: 52 took 0 minutes
channel: 53 took 0 minutes
channel: 54 took 0 minutes
channel: 55 took 0 minutes
channel: 56 took 0 minutes
channel: 57 took 0 minutes
channel: 58 took 0 minutes
channel: 59 took 0 minutes
channel: 60 took 0 minutes
channel: 61 took 0 minutes
channel: 62 took 0 minutes
channel: 63 took 0 minutes
channel: 64 took 0 minutes
channel: 65 took 0 minutes
channel: 66 took 0 minutes
channel: 67 took 0 minutes
channel: 68 took 0 minutes
channel: 69 took 0 minutes
channel: 70 took 0 minutes
channel: 71 took 0 minutes
channel: 72 took 0 minutes
channel: 73 took 0 minutes
channel: 74 took 0 minutes
channel: 75 took 0 minutes
channel: 76 took 0 minutes
channel: 77 took 4 minutes
channel: 78 took 4 minutes
channel: 79 took 3.9 minutes
channel: 80 took 3.7 minutes
channel: 81 took 3.8 minutes
channel: 82 took 3.8 minutes
channel: 83 took 3.8 minutes
channel: 84 took 3.8 minutes
channel: 85 took 3.8 minutes
channel: 86 took 3.7 minutes
attempting saving
save success: /projects/p31578/dtf8829/QuestConnect/CHANDAT/chanDat_ECoG20_076.mat
Elapsed time is 226.904829 seconds.
