getting started: 1435
attempting file: 1435
going for ECoG20 81
data loaded: ECoG20 81
HFB already done

chan =

     1

Elapsed time is 292.607813 seconds.

chan =

     2

Elapsed time is 283.838289 seconds.

chan =

     3

Elapsed time is 287.764305 seconds.

chan =

     4

Elapsed time is 286.200687 seconds.

chan =

     5

Elapsed time is 283.819608 seconds.

chan =

     6

Elapsed time is 288.991114 seconds.

chan =

     7

Elapsed time is 285.170381 seconds.

chan =

     8

Elapsed time is 286.653961 seconds.

chan =

     9

Elapsed time is 282.070226 seconds.

chan =

    10

Elapsed time is 287.082490 seconds.

chan =

    11

Elapsed time is 283.925839 seconds.

chan =

    12

Elapsed time is 287.082172 seconds.

chan =

    13

Elapsed time is 278.977618 seconds.

chan =

    14

Elapsed time is 276.210791 seconds.

chan =

    15

Elapsed time is 275.281890 seconds.

chan =

    16

Elapsed time is 272.799243 seconds.

chan =

    17

Elapsed time is 318.633161 seconds.

chan =

    18

Elapsed time is 313.545275 seconds.

chan =

    19

Elapsed time is 302.594405 seconds.

chan =

    20

Elapsed time is 305.181962 seconds.

chan =

    21

Elapsed time is 290.909867 seconds.

chan =

    22

Elapsed time is 301.796437 seconds.

chan =

    23

Elapsed time is 292.054001 seconds.

chan =

    24

Elapsed time is 300.511359 seconds.

chan =

    25

Elapsed time is 292.567145 seconds.

chan =

    26

Elapsed time is 296.480149 seconds.

chan =

    27

Elapsed time is 290.711947 seconds.

chan =

    28

Elapsed time is 295.890749 seconds.

chan =

    29

Elapsed time is 291.220540 seconds.

chan =

    30

Elapsed time is 294.827092 seconds.

chan =

    31

Elapsed time is 290.686475 seconds.

chan =

    32

Elapsed time is 293.785512 seconds.

chan =

    33

Elapsed time is 292.177836 seconds.

chan =

    34

Elapsed time is 296.401951 seconds.

chan =

    35

Elapsed time is 312.572512 seconds.

chan =

    36

Elapsed time is 314.598500 seconds.

chan =

    37

Elapsed time is 312.380232 seconds.

chan =

    38

Elapsed time is 311.759484 seconds.

chan =

    39

Elapsed time is 308.973929 seconds.

chan =

    40

Elapsed time is 311.333585 seconds.

chan =

    41

Elapsed time is 295.031457 seconds.

chan =

    42

Elapsed time is 310.695766 seconds.

chan =

    43

Elapsed time is 308.112479 seconds.

chan =

    44

Elapsed time is 310.609234 seconds.

chan =

    45

Elapsed time is 301.449443 seconds.

chan =

    46

Elapsed time is 306.365441 seconds.

chan =

    47

Elapsed time is 299.868799 seconds.

chan =

    48

Elapsed time is 308.418463 seconds.

chan =

    49

Elapsed time is 304.517303 seconds.

chan =

    50

Elapsed time is 301.957864 seconds.

chan =

    51

Elapsed time is 312.045165 seconds.

chan =

    52

Elapsed time is 305.976706 seconds.

chan =

    53

Elapsed time is 307.648077 seconds.

chan =

    54

Elapsed time is 299.136864 seconds.

chan =

    55

Elapsed time is 310.328024 seconds.

chan =

    56

Elapsed time is 306.403936 seconds.

chan =

    57

Elapsed time is 309.624323 seconds.

chan =

    58

Elapsed time is 302.503890 seconds.

chan =

    59

Elapsed time is 299.839008 seconds.

chan =

    60

Elapsed time is 290.535400 seconds.

chan =

    61

Elapsed time is 293.191008 seconds.

chan =

    62

Elapsed time is 290.478379 seconds.

chan =

    63

Elapsed time is 291.551715 seconds.

chan =

    64

Elapsed time is 293.500004 seconds.

chan =

    65

Elapsed time is 292.134406 seconds.

chan =

    66

Elapsed time is 292.269222 seconds.

chan =

    67

Elapsed time is 291.579419 seconds.

chan =

    68

Elapsed time is 291.566970 seconds.

chan =

    69

Elapsed time is 290.640844 seconds.

chan =

    70

Elapsed time is 292.513815 seconds.

chan =

    71

Elapsed time is 291.159833 seconds.

chan =

    72

Elapsed time is 293.232241 seconds.

chan =

    73

Elapsed time is 290.517209 seconds.

chan =

    74

Elapsed time is 290.261568 seconds.

chan =

    75

Elapsed time is 290.102376 seconds.

chan =

    76

Elapsed time is 291.717867 seconds.

chan =

    77

Elapsed time is 291.385670 seconds.

chan =

    78

Elapsed time is 291.209522 seconds.

chan =

    79

Elapsed time is 288.787882 seconds.

chan =

    80

Elapsed time is 292.847119 seconds.

chan =

    81

Elapsed time is 287.601208 seconds.

chan =

    82

Elapsed time is 291.764576 seconds.

chan =

    83

Elapsed time is 287.505166 seconds.

chan =

    84

Elapsed time is 291.990182 seconds.

chan =

    85

Elapsed time is 277.276521 seconds.

chan =

    86

Elapsed time is 261.994962 seconds.
attempting saving
save success: /projects/p31578/dtf8829/QuestConnect/CHANDAT/chanDat_ECoG20_081.mat
working on TF
encoding done
encoding RT done
retrieval 1 done
retrieval 2 done
attempting saving
save success: /projects/p31578/dtf8829/QuestConnect/CHANDAT/chanDat_ECoG20_081.mat
working on ISPC
channel: 1 took 0 minutes
channel: 2 took 0 minutes
channel: 3 took 0 minutes
channel: 4 took 0 minutes
channel: 5 took 0 minutes
channel: 6 took 0 minutes
channel: 7 took 0 minutes
channel: 8 took 0 minutes
channel: 9 took 0 minutes
channel: 10 took 0 minutes
channel: 11 took 0 minutes
channel: 12 took 0 minutes
channel: 13 took 0 minutes
channel: 14 took 0 minutes
channel: 15 took 0 minutes
channel: 16 took 0 minutes
channel: 17 took 0 minutes
channel: 18 took 0 minutes
channel: 19 took 0 minutes
channel: 20 took 0 minutes
channel: 21 took 0 minutes
channel: 22 took 0 minutes
channel: 23 took 0 minutes
channel: 24 took 0 minutes
channel: 25 took 0 minutes
channel: 26 took 0 minutes
channel: 27 took 0 minutes
channel: 28 took 0 minutes
channel: 29 took 0 minutes
channel: 30 took 0 minutes
channel: 31 took 0 minutes
channel: 32 took 0 minutes
channel: 33 took 0 minutes
channel: 34 took 0 minutes
channel: 35 took 0 minutes
channel: 36 took 0 minutes
channel: 37 took 0 minutes
channel: 38 took 0 minutes
channel: 39 took 0 minutes
channel: 40 took 0 minutes
channel: 41 took 0 minutes
channel: 42 took 0 minutes
channel: 43 took 0 minutes
channel: 44 took 0 minutes
channel: 45 took 0 minutes
channel: 46 took 0 minutes
channel: 47 took 0 minutes
channel: 48 took 0 minutes
channel: 49 took 0 minutes
channel: 50 took 0 minutes
channel: 51 took 0 minutes
channel: 52 took 0 minutes
channel: 53 took 0 minutes
channel: 54 took 0 minutes
channel: 55 took 0 minutes
channel: 56 took 0 minutes
channel: 57 took 0 minutes
channel: 58 took 0 minutes
channel: 59 took 0 minutes
channel: 60 took 0 minutes
channel: 61 took 0 minutes
channel: 62 took 0 minutes
channel: 63 took 0 minutes
channel: 64 took 0 minutes
channel: 65 took 0 minutes
channel: 66 took 0 minutes
channel: 67 took 0 minutes
channel: 68 took 0 minutes
channel: 69 took 0 minutes
channel: 70 took 0 minutes
channel: 71 took 0 minutes
channel: 72 took 0 minutes
channel: 73 took 0 minutes
channel: 74 took 0 minutes
channel: 75 took 0 minutes
channel: 76 took 0 minutes
channel: 77 took 0 minutes
channel: 78 took 0 minutes
channel: 79 took 0 minutes
channel: 80 took 0 minutes
channel: 81 took 0 minutes
channel: 82 took 5 minutes
channel: 83 took 5.1 minutes
channel: 84 took 5.1 minutes
channel: 85 took 5.1 minutes
channel: 86 took 5 minutes
attempting saving
save success: /projects/p31578/dtf8829/QuestConnect/CHANDAT/chanDat_ECoG20_081.mat
Elapsed time is 305.580386 seconds.
