getting started: 1434
attempting file: 1434
going for ECoG20 80
data loaded: ECoG20 80
HFB already done

chan =

     1

Elapsed time is 286.976744 seconds.

chan =

     2

Elapsed time is 282.068659 seconds.

chan =

     3

Elapsed time is 282.497725 seconds.

chan =

     4

Elapsed time is 281.120588 seconds.

chan =

     5

Elapsed time is 281.809470 seconds.

chan =

     6

Elapsed time is 281.164023 seconds.

chan =

     7

Elapsed time is 282.936981 seconds.

chan =

     8

Elapsed time is 281.907146 seconds.

chan =

     9

Elapsed time is 280.669437 seconds.

chan =

    10

Elapsed time is 281.422088 seconds.

chan =

    11

Elapsed time is 280.904352 seconds.

chan =

    12

Elapsed time is 283.353928 seconds.

chan =

    13

Elapsed time is 279.000021 seconds.

chan =

    14

Elapsed time is 267.121887 seconds.

chan =

    15

Elapsed time is 271.254879 seconds.

chan =

    16

Elapsed time is 256.737463 seconds.

chan =

    17

Elapsed time is 326.073918 seconds.

chan =

    18

Elapsed time is 311.267128 seconds.

chan =

    19

Elapsed time is 301.560263 seconds.

chan =

    20

Elapsed time is 298.591648 seconds.

chan =

    21

Elapsed time is 291.094776 seconds.

chan =

    22

Elapsed time is 292.663751 seconds.

chan =

    23

Elapsed time is 290.474312 seconds.

chan =

    24

Elapsed time is 291.597455 seconds.

chan =

    25

Elapsed time is 290.435715 seconds.

chan =

    26

Elapsed time is 289.176220 seconds.

chan =

    27

Elapsed time is 287.467632 seconds.

chan =

    28

Elapsed time is 286.633377 seconds.

chan =

    29

Elapsed time is 287.919466 seconds.

chan =

    30

Elapsed time is 289.370489 seconds.

chan =

    31

Elapsed time is 289.078952 seconds.

chan =

    32

Elapsed time is 287.174169 seconds.

chan =

    33

Elapsed time is 289.414168 seconds.

chan =

    34

Elapsed time is 285.747395 seconds.

chan =

    35

Elapsed time is 304.825436 seconds.

chan =

    36

Elapsed time is 302.042658 seconds.

chan =

    37

Elapsed time is 310.844019 seconds.

chan =

    38

Elapsed time is 302.801676 seconds.

chan =

    39

Elapsed time is 306.236654 seconds.

chan =

    40

Elapsed time is 303.949302 seconds.

chan =

    41

Elapsed time is 301.400811 seconds.

chan =

    42

Elapsed time is 290.503164 seconds.

chan =

    43

Elapsed time is 305.988401 seconds.

chan =

    44

Elapsed time is 302.999962 seconds.

chan =

    45

Elapsed time is 306.699913 seconds.

chan =

    46

Elapsed time is 293.255684 seconds.

chan =

    47

Elapsed time is 300.994018 seconds.

chan =

    48

Elapsed time is 297.685775 seconds.

chan =

    49

Elapsed time is 304.416484 seconds.

chan =

    50

Elapsed time is 296.620594 seconds.

chan =

    51

Elapsed time is 298.197041 seconds.

chan =

    52

Elapsed time is 303.705010 seconds.

chan =

    53

Elapsed time is 299.807518 seconds.

chan =

    54

Elapsed time is 299.854394 seconds.

chan =

    55

Elapsed time is 294.356483 seconds.

chan =

    56

Elapsed time is 306.283851 seconds.

chan =

    57

Elapsed time is 299.794095 seconds.

chan =

    58

Elapsed time is 305.564880 seconds.

chan =

    59

Elapsed time is 295.146266 seconds.

chan =

    60

Elapsed time is 296.054004 seconds.

chan =

    61

Elapsed time is 284.895691 seconds.

chan =

    62

Elapsed time is 288.942029 seconds.

chan =

    63

Elapsed time is 285.993063 seconds.

chan =

    64

Elapsed time is 289.590119 seconds.

chan =

    65

Elapsed time is 288.897879 seconds.

chan =

    66

Elapsed time is 288.348282 seconds.

chan =

    67

Elapsed time is 287.857122 seconds.

chan =

    68

Elapsed time is 288.014501 seconds.

chan =

    69

Elapsed time is 287.147663 seconds.

chan =

    70

Elapsed time is 288.087510 seconds.

chan =

    71

Elapsed time is 286.974463 seconds.

chan =

    72

Elapsed time is 287.552265 seconds.

chan =

    73

Elapsed time is 287.980693 seconds.

chan =

    74

Elapsed time is 285.507292 seconds.

chan =

    75

Elapsed time is 288.226231 seconds.

chan =

    76

Elapsed time is 285.767708 seconds.

chan =

    77

Elapsed time is 290.343842 seconds.

chan =

    78

Elapsed time is 285.515395 seconds.

chan =

    79

Elapsed time is 290.176558 seconds.

chan =

    80

Elapsed time is 284.829396 seconds.

chan =

    81

Elapsed time is 289.587993 seconds.

chan =

    82

Elapsed time is 283.394973 seconds.

chan =

    83

Elapsed time is 288.347905 seconds.

chan =

    84

Elapsed time is 283.458866 seconds.

chan =

    85

Elapsed time is 287.285310 seconds.

chan =

    86

Elapsed time is 282.186691 seconds.
attempting saving
save success: /projects/p31578/dtf8829/QuestConnect/CHANDAT/chanDat_ECoG20_080.mat
working on TF
encoding done
encoding RT done
retrieval 1 done
retrieval 2 done
attempting saving
save success: /projects/p31578/dtf8829/QuestConnect/CHANDAT/chanDat_ECoG20_080.mat
working on ISPC
channel: 1 took 0 minutes
channel: 2 took 0 minutes
channel: 3 took 0 minutes
channel: 4 took 0 minutes
channel: 5 took 0 minutes
channel: 6 took 0 minutes
channel: 7 took 0 minutes
channel: 8 took 0 minutes
channel: 9 took 0 minutes
channel: 10 took 0 minutes
channel: 11 took 0 minutes
channel: 12 took 0 minutes
channel: 13 took 0 minutes
channel: 14 took 0 minutes
channel: 15 took 0 minutes
channel: 16 took 0 minutes
channel: 17 took 0 minutes
channel: 18 took 0 minutes
channel: 19 took 0 minutes
channel: 20 took 0 minutes
channel: 21 took 0 minutes
channel: 22 took 0 minutes
channel: 23 took 0 minutes
channel: 24 took 0 minutes
channel: 25 took 0 minutes
channel: 26 took 0 minutes
channel: 27 took 0 minutes
channel: 28 took 0 minutes
channel: 29 took 0 minutes
channel: 30 took 0 minutes
channel: 31 took 0 minutes
channel: 32 took 0 minutes
channel: 33 took 0 minutes
channel: 34 took 0 minutes
channel: 35 took 0 minutes
channel: 36 took 0 minutes
channel: 37 took 0 minutes
channel: 38 took 0 minutes
channel: 39 took 0 minutes
channel: 40 took 0 minutes
channel: 41 took 0 minutes
channel: 42 took 0 minutes
channel: 43 took 0 minutes
channel: 44 took 0 minutes
channel: 45 took 0 minutes
channel: 46 took 0 minutes
channel: 47 took 0 minutes
channel: 48 took 0 minutes
channel: 49 took 0 minutes
channel: 50 took 0 minutes
channel: 51 took 0 minutes
channel: 52 took 0 minutes
channel: 53 took 0 minutes
channel: 54 took 0 minutes
channel: 55 took 0 minutes
channel: 56 took 0 minutes
channel: 57 took 0 minutes
channel: 58 took 0 minutes
channel: 59 took 0 minutes
channel: 60 took 0 minutes
channel: 61 took 0 minutes
channel: 62 took 0 minutes
channel: 63 took 0 minutes
channel: 64 took 0 minutes
channel: 65 took 0 minutes
channel: 66 took 0 minutes
channel: 67 took 0 minutes
channel: 68 took 0 minutes
channel: 69 took 0 minutes
channel: 70 took 0 minutes
channel: 71 took 0 minutes
channel: 72 took 0 minutes
channel: 73 took 0 minutes
channel: 74 took 0 minutes
channel: 75 took 0 minutes
channel: 76 took 0 minutes
channel: 77 took 0 minutes
channel: 78 took 0 minutes
channel: 79 took 0 minutes
channel: 80 took 0 minutes
channel: 81 took 4.2 minutes
channel: 82 took 4.6 minutes
channel: 83 took 5.1 minutes
channel: 84 took 5.1 minutes
channel: 85 took 5.1 minutes
channel: 86 took 5.1 minutes
attempting saving
save success: /projects/p31578/dtf8829/QuestConnect/CHANDAT/chanDat_ECoG20_080.mat
Elapsed time is 311.394316 seconds.
