getting started: 1397
attempting file: 1397
going for ECoG20 43
data loaded: ECoG20 43
HFB already done

chan =

     1

Elapsed time is 309.604888 seconds.

chan =

     2

Elapsed time is 306.317596 seconds.

chan =

     3

Elapsed time is 306.016140 seconds.

chan =

     4

Elapsed time is 304.059268 seconds.

chan =

     5

Elapsed time is 306.282672 seconds.

chan =

     6

Elapsed time is 304.588859 seconds.

chan =

     7

Elapsed time is 306.260414 seconds.

chan =

     8

Elapsed time is 304.746261 seconds.

chan =

     9

Elapsed time is 304.768396 seconds.

chan =

    10

Elapsed time is 312.993893 seconds.

chan =

    11

Elapsed time is 295.628295 seconds.

chan =

    12

Elapsed time is 253.043056 seconds.

chan =

    13

Elapsed time is 246.667221 seconds.

chan =

    14

Elapsed time is 259.199204 seconds.

chan =

    15

Elapsed time is 296.960096 seconds.

chan =

    16

Elapsed time is 301.063648 seconds.

chan =

    17

Elapsed time is 303.102857 seconds.

chan =

    18

Elapsed time is 303.336783 seconds.

chan =

    19

Elapsed time is 295.694041 seconds.

chan =

    20

Elapsed time is 288.277497 seconds.

chan =

    21

Elapsed time is 283.736315 seconds.

chan =

    22

Elapsed time is 279.098543 seconds.

chan =

    23

Elapsed time is 277.683281 seconds.

chan =

    24

Elapsed time is 274.203279 seconds.

chan =

    25

Elapsed time is 273.663673 seconds.

chan =

    26

Elapsed time is 273.503614 seconds.

chan =

    27

Elapsed time is 273.753109 seconds.

chan =

    28

Elapsed time is 275.761543 seconds.

chan =

    29

Elapsed time is 277.652090 seconds.

chan =

    30

Elapsed time is 276.913154 seconds.

chan =

    31

Elapsed time is 277.481926 seconds.

chan =

    32

Elapsed time is 276.449342 seconds.

chan =

    33

Elapsed time is 276.458148 seconds.

chan =

    34

Elapsed time is 276.521724 seconds.

chan =

    35

Elapsed time is 278.878406 seconds.

chan =

    36

Elapsed time is 277.820155 seconds.

chan =

    37

Elapsed time is 276.932565 seconds.

chan =

    38

Elapsed time is 276.274271 seconds.

chan =

    39

Elapsed time is 277.448225 seconds.

chan =

    40

Elapsed time is 276.187442 seconds.

chan =

    41

Elapsed time is 276.889818 seconds.

chan =

    42

Elapsed time is 276.129772 seconds.

chan =

    43

Elapsed time is 283.281601 seconds.

chan =

    44

Elapsed time is 293.548505 seconds.

chan =

    45

Elapsed time is 289.117040 seconds.

chan =

    46

Elapsed time is 273.774728 seconds.

chan =

    47

Elapsed time is 282.347595 seconds.

chan =

    48

Elapsed time is 282.950358 seconds.

chan =

    49

Elapsed time is 276.076999 seconds.

chan =

    50

Elapsed time is 284.841155 seconds.

chan =

    51

Elapsed time is 285.573930 seconds.

chan =

    52

Elapsed time is 283.748575 seconds.

chan =

    53

Elapsed time is 285.348647 seconds.

chan =

    54

Elapsed time is 275.262190 seconds.

chan =

    55

Elapsed time is 278.919365 seconds.

chan =

    56

Elapsed time is 281.970640 seconds.

chan =

    57

Elapsed time is 281.541482 seconds.

chan =

    58

Elapsed time is 280.237943 seconds.

chan =

    59

Elapsed time is 269.184693 seconds.

chan =

    60

Elapsed time is 270.013616 seconds.

chan =

    61

Elapsed time is 272.392010 seconds.

chan =

    62

Elapsed time is 257.942165 seconds.

chan =

    63

Elapsed time is 253.531759 seconds.

chan =

    64

Elapsed time is 249.265247 seconds.

chan =

    65

Elapsed time is 245.451196 seconds.

chan =

    66

Elapsed time is 244.421861 seconds.

chan =

    67

Elapsed time is 248.173438 seconds.

chan =

    68

Elapsed time is 259.105668 seconds.

chan =

    69

Elapsed time is 245.551691 seconds.

chan =

    70

Elapsed time is 245.761842 seconds.

chan =

    71

Elapsed time is 260.389908 seconds.

chan =

    72

Elapsed time is 261.328587 seconds.

chan =

    73

Elapsed time is 261.281805 seconds.

chan =

    74

Elapsed time is 259.983152 seconds.

chan =

    75

Elapsed time is 261.660366 seconds.

chan =

    76

Elapsed time is 261.486688 seconds.

chan =

    77

Elapsed time is 261.479597 seconds.

chan =

    78

Elapsed time is 259.695205 seconds.

chan =

    79

Elapsed time is 260.477341 seconds.

chan =

    80

Elapsed time is 260.742814 seconds.

chan =

    81

Elapsed time is 261.259962 seconds.

chan =

    82

Elapsed time is 259.697612 seconds.

chan =

    83

Elapsed time is 261.808451 seconds.

chan =

    84

Elapsed time is 261.453383 seconds.

chan =

    85

Elapsed time is 262.422188 seconds.

chan =

    86

Elapsed time is 254.552401 seconds.
attempting saving
save success: /projects/p31578/dtf8829/QuestConnect/CHANDAT/chanDat_ECoG20_043.mat
working on TF
encoding done
encoding RT done
retrieval 1 done
retrieval 2 done
attempting saving
save success: /projects/p31578/dtf8829/QuestConnect/CHANDAT/chanDat_ECoG20_043.mat
working on ISPC
channel: 1 took 0 minutes
channel: 2 took 0 minutes
channel: 3 took 0 minutes
channel: 4 took 0 minutes
channel: 5 took 0 minutes
channel: 6 took 0 minutes
channel: 7 took 0 minutes
channel: 8 took 0 minutes
channel: 9 took 0 minutes
channel: 10 took 0 minutes
channel: 11 took 0 minutes
channel: 12 took 0 minutes
channel: 13 took 0 minutes
channel: 14 took 0 minutes
channel: 15 took 0 minutes
channel: 16 took 0 minutes
channel: 17 took 0 minutes
channel: 18 took 0 minutes
channel: 19 took 0 minutes
channel: 20 took 0 minutes
channel: 21 took 0 minutes
channel: 22 took 0 minutes
channel: 23 took 0 minutes
channel: 24 took 0 minutes
channel: 25 took 0 minutes
channel: 26 took 0 minutes
channel: 27 took 0 minutes
channel: 28 took 0 minutes
channel: 29 took 0 minutes
channel: 30 took 0 minutes
channel: 31 took 0 minutes
channel: 32 took 0 minutes
channel: 33 took 0 minutes
channel: 34 took 0 minutes
channel: 35 took 0 minutes
channel: 36 took 0 minutes
channel: 37 took 0 minutes
channel: 38 took 0 minutes
channel: 39 took 0 minutes
channel: 40 took 0 minutes
channel: 41 took 0 minutes
channel: 42 took 0 minutes
channel: 43 took 0 minutes
channel: 44 took 4.2 minutes
channel: 45 took 4 minutes
channel: 46 took 4.1 minutes
channel: 47 took 4.1 minutes
channel: 48 took 4.1 minutes
channel: 49 took 4.1 minutes
channel: 50 took 4.1 minutes
channel: 51 took 4 minutes
channel: 52 took 4 minutes
channel: 53 took 4 minutes
channel: 54 took 3.8 minutes
channel: 55 took 3.7 minutes
channel: 56 took 3.7 minutes
channel: 57 took 3.6 minutes
channel: 58 took 3.7 minutes
channel: 59 took 3.6 minutes
channel: 60 took 3.7 minutes
channel: 61 took 3.6 minutes
channel: 62 took 3.7 minutes
channel: 63 took 3.6 minutes
channel: 64 took 3.7 minutes
channel: 65 took 3.7 minutes
channel: 66 took 3.7 minutes
channel: 67 took 3.7 minutes
channel: 68 took 3.7 minutes
channel: 69 took 3.6 minutes
channel: 70 took 3.7 minutes
channel: 71 took 4.6 minutes
channel: 72 took 4.4 minutes
channel: 73 took 4.9 minutes
channel: 74 took 4.9 minutes
channel: 75 took 4.9 minutes
channel: 76 took 3.9 minutes
channel: 77 took 3.8 minutes
channel: 78 took 3.8 minutes
channel: 79 took 3.8 minutes
channel: 80 took 3.8 minutes
channel: 81 took 4 minutes
channel: 82 took 4 minutes
channel: 83 took 3.4 minutes
channel: 84 took 3.4 minutes
channel: 85 took 3.7 minutes
channel: 86 took 3.9 minutes
attempting saving
save success: /projects/p31578/dtf8829/QuestConnect/CHANDAT/chanDat_ECoG20_043.mat
Elapsed time is 242.267853 seconds.
