getting started: 1436
attempting file: 1436
going for ECoG20 82
data loaded: ECoG20 82
HFB already done

chan =

     1

Elapsed time is 284.705902 seconds.

chan =

     2

Elapsed time is 281.886310 seconds.

chan =

     3

Elapsed time is 281.282692 seconds.

chan =

     4

Elapsed time is 280.369623 seconds.

chan =

     5

Elapsed time is 281.363823 seconds.

chan =

     6

Elapsed time is 280.091506 seconds.

chan =

     7

Elapsed time is 282.714677 seconds.

chan =

     8

Elapsed time is 280.319674 seconds.

chan =

     9

Elapsed time is 279.720263 seconds.

chan =

    10

Elapsed time is 279.460373 seconds.

chan =

    11

Elapsed time is 279.317611 seconds.

chan =

    12

Elapsed time is 280.450933 seconds.

chan =

    13

Elapsed time is 277.220419 seconds.

chan =

    14

Elapsed time is 266.356753 seconds.

chan =

    15

Elapsed time is 272.994388 seconds.

chan =

    16

Elapsed time is 258.729482 seconds.

chan =

    17

Elapsed time is 304.426265 seconds.

chan =

    18

Elapsed time is 308.982806 seconds.

chan =

    19

Elapsed time is 302.134152 seconds.

chan =

    20

Elapsed time is 294.433552 seconds.

chan =

    21

Elapsed time is 291.389283 seconds.

chan =

    22

Elapsed time is 291.434245 seconds.

chan =

    23

Elapsed time is 291.069951 seconds.

chan =

    24

Elapsed time is 289.062498 seconds.

chan =

    25

Elapsed time is 290.291064 seconds.

chan =

    26

Elapsed time is 290.425900 seconds.

chan =

    27

Elapsed time is 289.642651 seconds.

chan =

    28

Elapsed time is 287.671216 seconds.

chan =

    29

Elapsed time is 287.506231 seconds.

chan =

    30

Elapsed time is 287.233025 seconds.

chan =

    31

Elapsed time is 291.619599 seconds.

chan =

    32

Elapsed time is 286.014888 seconds.

chan =

    33

Elapsed time is 295.292282 seconds.

chan =

    34

Elapsed time is 285.453853 seconds.

chan =

    35

Elapsed time is 299.850594 seconds.

chan =

    36

Elapsed time is 304.771482 seconds.

chan =

    37

Elapsed time is 308.945726 seconds.

chan =

    38

Elapsed time is 305.085969 seconds.

chan =

    39

Elapsed time is 306.048796 seconds.

chan =

    40

Elapsed time is 303.419243 seconds.

chan =

    41

Elapsed time is 306.475936 seconds.

chan =

    42

Elapsed time is 293.907840 seconds.

chan =

    43

Elapsed time is 309.216092 seconds.

chan =

    44

Elapsed time is 303.701869 seconds.

chan =

    45

Elapsed time is 308.068025 seconds.

chan =

    46

Elapsed time is 296.363301 seconds.

chan =

    47

Elapsed time is 301.651212 seconds.

chan =

    48

Elapsed time is 295.441471 seconds.

chan =

    49

Elapsed time is 304.580277 seconds.

chan =

    50

Elapsed time is 298.749756 seconds.

chan =

    51

Elapsed time is 297.861086 seconds.

chan =

    52

Elapsed time is 304.966671 seconds.

chan =

    53

Elapsed time is 301.661274 seconds.

chan =

    54

Elapsed time is 303.048185 seconds.

chan =

    55

Elapsed time is 294.611582 seconds.

chan =

    56

Elapsed time is 306.787421 seconds.

chan =

    57

Elapsed time is 302.245544 seconds.

chan =

    58

Elapsed time is 307.015147 seconds.

chan =

    59

Elapsed time is 296.845566 seconds.

chan =

    60

Elapsed time is 296.242716 seconds.

chan =

    61

Elapsed time is 286.297845 seconds.

chan =

    62

Elapsed time is 289.775044 seconds.

chan =

    63

Elapsed time is 286.786390 seconds.

chan =

    64

Elapsed time is 288.994445 seconds.

chan =

    65

Elapsed time is 288.936019 seconds.

chan =

    66

Elapsed time is 290.366579 seconds.

chan =

    67

Elapsed time is 289.379492 seconds.

chan =

    68

Elapsed time is 288.130832 seconds.

chan =

    69

Elapsed time is 288.291922 seconds.

chan =

    70

Elapsed time is 289.001971 seconds.

chan =

    71

Elapsed time is 288.359258 seconds.

chan =

    72

Elapsed time is 287.792902 seconds.

chan =

    73

Elapsed time is 289.188053 seconds.

chan =

    74

Elapsed time is 286.585848 seconds.

chan =

    75

Elapsed time is 288.721619 seconds.

chan =

    76

Elapsed time is 285.126905 seconds.

chan =

    77

Elapsed time is 291.503014 seconds.

chan =

    78

Elapsed time is 286.433324 seconds.

chan =

    79

Elapsed time is 290.955908 seconds.

chan =

    80

Elapsed time is 284.082836 seconds.

chan =

    81

Elapsed time is 290.530771 seconds.

chan =

    82

Elapsed time is 284.400716 seconds.

chan =

    83

Elapsed time is 289.131271 seconds.

chan =

    84

Elapsed time is 282.669978 seconds.

chan =

    85

Elapsed time is 288.074574 seconds.

chan =

    86

Elapsed time is 282.758739 seconds.
attempting saving
save success: /projects/p31578/dtf8829/QuestConnect/CHANDAT/chanDat_ECoG20_082.mat
working on TF
encoding done
encoding RT done
retrieval 1 done
retrieval 2 done
attempting saving
save success: /projects/p31578/dtf8829/QuestConnect/CHANDAT/chanDat_ECoG20_082.mat
working on ISPC
channel: 1 took 0 minutes
channel: 2 took 0 minutes
channel: 3 took 0 minutes
channel: 4 took 0 minutes
channel: 5 took 0 minutes
channel: 6 took 0 minutes
channel: 7 took 0 minutes
channel: 8 took 0 minutes
channel: 9 took 0 minutes
channel: 10 took 0 minutes
channel: 11 took 0 minutes
channel: 12 took 0 minutes
channel: 13 took 0 minutes
channel: 14 took 0 minutes
channel: 15 took 0 minutes
channel: 16 took 0 minutes
channel: 17 took 0 minutes
channel: 18 took 0 minutes
channel: 19 took 0 minutes
channel: 20 took 0 minutes
channel: 21 took 0 minutes
channel: 22 took 0 minutes
channel: 23 took 0 minutes
channel: 24 took 0 minutes
channel: 25 took 0 minutes
channel: 26 took 0 minutes
channel: 27 took 0 minutes
channel: 28 took 0 minutes
channel: 29 took 0 minutes
channel: 30 took 0 minutes
channel: 31 took 0 minutes
channel: 32 took 0 minutes
channel: 33 took 0 minutes
channel: 34 took 0 minutes
channel: 35 took 0 minutes
channel: 36 took 0 minutes
channel: 37 took 0 minutes
channel: 38 took 0 minutes
channel: 39 took 0 minutes
channel: 40 took 0 minutes
channel: 41 took 0 minutes
channel: 42 took 0 minutes
channel: 43 took 0 minutes
channel: 44 took 0 minutes
channel: 45 took 0 minutes
channel: 46 took 0 minutes
channel: 47 took 0 minutes
channel: 48 took 0 minutes
channel: 49 took 0 minutes
channel: 50 took 0 minutes
channel: 51 took 0 minutes
channel: 52 took 0 minutes
channel: 53 took 0 minutes
channel: 54 took 0 minutes
channel: 55 took 0 minutes
channel: 56 took 0 minutes
channel: 57 took 0 minutes
channel: 58 took 0 minutes
channel: 59 took 0 minutes
channel: 60 took 0 minutes
channel: 61 took 0 minutes
channel: 62 took 0 minutes
channel: 63 took 0 minutes
channel: 64 took 0 minutes
channel: 65 took 0 minutes
channel: 66 took 0 minutes
channel: 67 took 0 minutes
channel: 68 took 0 minutes
channel: 69 took 0 minutes
channel: 70 took 0 minutes
channel: 71 took 0 minutes
channel: 72 took 0 minutes
channel: 73 took 0 minutes
channel: 74 took 0 minutes
channel: 75 took 0 minutes
channel: 76 took 0 minutes
channel: 77 took 0 minutes
channel: 78 took 0 minutes
channel: 79 took 0 minutes
channel: 80 took 0 minutes
channel: 81 took 0 minutes
channel: 82 took 0 minutes
channel: 83 took 4.1 minutes
channel: 84 took 4.6 minutes
channel: 85 took 5 minutes
channel: 86 took 5 minutes
attempting saving
save success: /projects/p31578/dtf8829/QuestConnect/CHANDAT/chanDat_ECoG20_082.mat
Elapsed time is 307.618426 seconds.
