getting started: 1405
attempting file: 1405
going for ECoG20 51
data loaded: ECoG20 51
HFB already done

chan =

     1

Elapsed time is 205.007727 seconds.

chan =

     2

Elapsed time is 200.180462 seconds.

chan =

     3

Elapsed time is 199.728438 seconds.

chan =

     4

Elapsed time is 200.500791 seconds.

chan =

     5

Elapsed time is 202.503460 seconds.

chan =

     6

Elapsed time is 203.060755 seconds.

chan =

     7

Elapsed time is 202.778468 seconds.

chan =

     8

Elapsed time is 200.636143 seconds.

chan =

     9

Elapsed time is 199.597194 seconds.

chan =

    10

Elapsed time is 198.946344 seconds.

chan =

    11

Elapsed time is 199.310908 seconds.

chan =

    12

Elapsed time is 200.969534 seconds.

chan =

    13

Elapsed time is 198.604928 seconds.

chan =

    14

Elapsed time is 197.420385 seconds.

chan =

    15

Elapsed time is 199.700750 seconds.

chan =

    16

Elapsed time is 197.340471 seconds.

chan =

    17

Elapsed time is 197.576749 seconds.

chan =

    18

Elapsed time is 198.485493 seconds.

chan =

    19

Elapsed time is 196.582817 seconds.

chan =

    20

Elapsed time is 199.812702 seconds.

chan =

    21

Elapsed time is 199.084521 seconds.

chan =

    22

Elapsed time is 196.679995 seconds.

chan =

    23

Elapsed time is 199.474036 seconds.

chan =

    24

Elapsed time is 200.233548 seconds.

chan =

    25

Elapsed time is 198.873402 seconds.

chan =

    26

Elapsed time is 200.186266 seconds.

chan =

    27

Elapsed time is 198.136707 seconds.

chan =

    28

Elapsed time is 197.053287 seconds.

chan =

    29

Elapsed time is 197.299561 seconds.

chan =

    30

Elapsed time is 195.696279 seconds.

chan =

    31

Elapsed time is 195.974876 seconds.

chan =

    32

Elapsed time is 196.723210 seconds.

chan =

    33

Elapsed time is 197.771522 seconds.

chan =

    34

Elapsed time is 197.647805 seconds.

chan =

    35

Elapsed time is 197.383767 seconds.

chan =

    36

Elapsed time is 196.432347 seconds.

chan =

    37

Elapsed time is 196.272981 seconds.

chan =

    38

Elapsed time is 194.885124 seconds.

chan =

    39

Elapsed time is 194.368773 seconds.

chan =

    40

Elapsed time is 195.274344 seconds.

chan =

    41

Elapsed time is 195.995318 seconds.

chan =

    42

Elapsed time is 196.846603 seconds.

chan =

    43

Elapsed time is 197.120518 seconds.

chan =

    44

Elapsed time is 196.733485 seconds.

chan =

    45

Elapsed time is 196.249033 seconds.

chan =

    46

Elapsed time is 195.940043 seconds.

chan =

    47

Elapsed time is 194.951217 seconds.

chan =

    48

Elapsed time is 195.830165 seconds.

chan =

    49

Elapsed time is 194.985760 seconds.

chan =

    50

Elapsed time is 195.844851 seconds.

chan =

    51

Elapsed time is 194.797844 seconds.

chan =

    52

Elapsed time is 195.920816 seconds.

chan =

    53

Elapsed time is 196.768349 seconds.

chan =

    54

Elapsed time is 198.096300 seconds.

chan =

    55

Elapsed time is 196.717695 seconds.

chan =

    56

Elapsed time is 198.777255 seconds.

chan =

    57

Elapsed time is 197.085339 seconds.

chan =

    58

Elapsed time is 196.818388 seconds.

chan =

    59

Elapsed time is 194.690318 seconds.

chan =

    60

Elapsed time is 195.253877 seconds.

chan =

    61

Elapsed time is 194.865767 seconds.

chan =

    62

Elapsed time is 192.743939 seconds.

chan =

    63

Elapsed time is 195.007476 seconds.

chan =

    64

Elapsed time is 194.685745 seconds.

chan =

    65

Elapsed time is 195.248609 seconds.

chan =

    66

Elapsed time is 195.375833 seconds.

chan =

    67

Elapsed time is 195.176829 seconds.

chan =

    68

Elapsed time is 195.546030 seconds.

chan =

    69

Elapsed time is 196.035454 seconds.

chan =

    70

Elapsed time is 197.444662 seconds.

chan =

    71

Elapsed time is 196.714118 seconds.

chan =

    72

Elapsed time is 196.767198 seconds.

chan =

    73

Elapsed time is 196.638709 seconds.

chan =

    74

Elapsed time is 194.861398 seconds.

chan =

    75

Elapsed time is 195.908694 seconds.

chan =

    76

Elapsed time is 197.009328 seconds.

chan =

    77

Elapsed time is 194.815534 seconds.

chan =

    78

Elapsed time is 195.244833 seconds.

chan =

    79

Elapsed time is 196.838004 seconds.

chan =

    80

Elapsed time is 196.520611 seconds.

chan =

    81

Elapsed time is 195.155461 seconds.

chan =

    82

Elapsed time is 195.206169 seconds.

chan =

    83

Elapsed time is 196.764083 seconds.

chan =

    84

Elapsed time is 194.143812 seconds.

chan =

    85

Elapsed time is 194.850362 seconds.

chan =

    86

Elapsed time is 195.080734 seconds.
attempting saving
save success: /projects/p31578/dtf8829/QuestConnect/CHANDAT/chanDat_ECoG20_051.mat
working on TF
encoding done
encoding RT done
retrieval 1 done
retrieval 2 done
attempting saving
save success: /projects/p31578/dtf8829/QuestConnect/CHANDAT/chanDat_ECoG20_051.mat
working on ISPC
channel: 1 took 0 minutes
channel: 2 took 0 minutes
channel: 3 took 0 minutes
channel: 4 took 0 minutes
channel: 5 took 0 minutes
channel: 6 took 0 minutes
channel: 7 took 0 minutes
channel: 8 took 0 minutes
channel: 9 took 0 minutes
channel: 10 took 0 minutes
channel: 11 took 0 minutes
channel: 12 took 0 minutes
channel: 13 took 0 minutes
channel: 14 took 0 minutes
channel: 15 took 0 minutes
channel: 16 took 0 minutes
channel: 17 took 0 minutes
channel: 18 took 0 minutes
channel: 19 took 0 minutes
channel: 20 took 0 minutes
channel: 21 took 0 minutes
channel: 22 took 0 minutes
channel: 23 took 0 minutes
channel: 24 took 0 minutes
channel: 25 took 0 minutes
channel: 26 took 0 minutes
channel: 27 took 0 minutes
channel: 28 took 0 minutes
channel: 29 took 0 minutes
channel: 30 took 0 minutes
channel: 31 took 0 minutes
channel: 32 took 0 minutes
channel: 33 took 0 minutes
channel: 34 took 0 minutes
channel: 35 took 0 minutes
channel: 36 took 0 minutes
channel: 37 took 0 minutes
channel: 38 took 0 minutes
channel: 39 took 0 minutes
channel: 40 took 0 minutes
channel: 41 took 0 minutes
channel: 42 took 0 minutes
channel: 43 took 0 minutes
channel: 44 took 0 minutes
channel: 45 took 0 minutes
channel: 46 took 0 minutes
channel: 47 took 0 minutes
channel: 48 took 0 minutes
channel: 49 took 0 minutes
channel: 50 took 0 minutes
channel: 51 took 0 minutes
channel: 52 took 3.4 minutes
channel: 53 took 3.4 minutes
channel: 54 took 3.4 minutes
channel: 55 took 3.4 minutes
channel: 56 took 3.4 minutes
channel: 57 took 3.4 minutes
channel: 58 took 3.4 minutes
channel: 59 took 3.3 minutes
channel: 60 took 3.3 minutes
channel: 61 took 3.4 minutes
channel: 62 took 3.3 minutes
channel: 63 took 3.4 minutes
channel: 64 took 3.4 minutes
channel: 65 took 3.3 minutes
channel: 66 took 3.3 minutes
channel: 67 took 3.4 minutes
channel: 68 took 3.4 minutes
channel: 69 took 3.3 minutes
channel: 70 took 3.4 minutes
channel: 71 took 3.4 minutes
channel: 72 took 3.4 minutes
channel: 73 took 3.4 minutes
channel: 74 took 3.3 minutes
channel: 75 took 3.3 minutes
channel: 76 took 3.4 minutes
channel: 77 took 3.3 minutes
channel: 78 took 3.3 minutes
channel: 79 took 3.3 minutes
channel: 80 took 3.3 minutes
channel: 81 took 3.3 minutes
channel: 82 took 3.3 minutes
channel: 83 took 3.4 minutes
channel: 84 took 3.4 minutes
channel: 85 took 3.4 minutes
channel: 86 took 3.3 minutes
attempting saving
save success: /projects/p31578/dtf8829/QuestConnect/CHANDAT/chanDat_ECoG20_051.mat
Elapsed time is 204.336549 seconds.
