getting started: 1403
attempting file: 1403
going for ECoG20 49
data loaded: ECoG20 49
HFB already done

chan =

     1

Elapsed time is 310.847372 seconds.

chan =

     2

Elapsed time is 307.618613 seconds.

chan =

     3

Elapsed time is 307.066353 seconds.

chan =

     4

Elapsed time is 306.104447 seconds.

chan =

     5

Elapsed time is 307.780509 seconds.

chan =

     6

Elapsed time is 306.358222 seconds.

chan =

     7

Elapsed time is 306.930066 seconds.

chan =

     8

Elapsed time is 307.319900 seconds.

chan =

     9

Elapsed time is 303.075781 seconds.

chan =

    10

Elapsed time is 309.625216 seconds.

chan =

    11

Elapsed time is 294.784831 seconds.

chan =

    12

Elapsed time is 252.391197 seconds.

chan =

    13

Elapsed time is 242.309562 seconds.

chan =

    14

Elapsed time is 259.572180 seconds.

chan =

    15

Elapsed time is 298.477897 seconds.

chan =

    16

Elapsed time is 301.576901 seconds.

chan =

    17

Elapsed time is 304.523696 seconds.

chan =

    18

Elapsed time is 304.891539 seconds.

chan =

    19

Elapsed time is 295.906621 seconds.

chan =

    20

Elapsed time is 288.570858 seconds.

chan =

    21

Elapsed time is 284.450899 seconds.

chan =

    22

Elapsed time is 280.836133 seconds.

chan =

    23

Elapsed time is 277.760216 seconds.

chan =

    24

Elapsed time is 274.738335 seconds.

chan =

    25

Elapsed time is 273.546599 seconds.

chan =

    26

Elapsed time is 274.811539 seconds.

chan =

    27

Elapsed time is 274.097295 seconds.

chan =

    28

Elapsed time is 277.350131 seconds.

chan =

    29

Elapsed time is 278.735723 seconds.

chan =

    30

Elapsed time is 279.322258 seconds.

chan =

    31

Elapsed time is 278.269917 seconds.

chan =

    32

Elapsed time is 278.859761 seconds.

chan =

    33

Elapsed time is 277.733715 seconds.

chan =

    34

Elapsed time is 278.130435 seconds.

chan =

    35

Elapsed time is 277.729034 seconds.

chan =

    36

Elapsed time is 275.625875 seconds.

chan =

    37

Elapsed time is 274.740439 seconds.

chan =

    38

Elapsed time is 274.938964 seconds.

chan =

    39

Elapsed time is 274.687246 seconds.

chan =

    40

Elapsed time is 274.451778 seconds.

chan =

    41

Elapsed time is 274.960267 seconds.

chan =

    42

Elapsed time is 274.581254 seconds.

chan =

    43

Elapsed time is 280.656583 seconds.

chan =

    44

Elapsed time is 291.976803 seconds.

chan =

    45

Elapsed time is 287.128902 seconds.

chan =

    46

Elapsed time is 272.455470 seconds.

chan =

    47

Elapsed time is 279.634319 seconds.

chan =

    48

Elapsed time is 280.862453 seconds.

chan =

    49

Elapsed time is 274.265989 seconds.

chan =

    50

Elapsed time is 283.133616 seconds.

chan =

    51

Elapsed time is 284.059376 seconds.

chan =

    52

Elapsed time is 282.396752 seconds.

chan =

    53

Elapsed time is 285.451568 seconds.

chan =

    54

Elapsed time is 275.913198 seconds.

chan =

    55

Elapsed time is 279.528900 seconds.

chan =

    56

Elapsed time is 281.761607 seconds.

chan =

    57

Elapsed time is 281.704963 seconds.

chan =

    58

Elapsed time is 281.020348 seconds.

chan =

    59

Elapsed time is 270.500904 seconds.

chan =

    60

Elapsed time is 270.317318 seconds.

chan =

    61

Elapsed time is 272.919975 seconds.

chan =

    62

Elapsed time is 258.881373 seconds.

chan =

    63

Elapsed time is 254.274778 seconds.

chan =

    64

Elapsed time is 249.088593 seconds.

chan =

    65

Elapsed time is 245.680910 seconds.

chan =

    66

Elapsed time is 245.732099 seconds.

chan =

    67

Elapsed time is 248.970410 seconds.

chan =

    68

Elapsed time is 259.699593 seconds.

chan =

    69

Elapsed time is 245.605020 seconds.

chan =

    70

Elapsed time is 246.504454 seconds.

chan =

    71

Elapsed time is 261.577015 seconds.

chan =

    72

Elapsed time is 261.426564 seconds.

chan =

    73

Elapsed time is 262.079126 seconds.

chan =

    74

Elapsed time is 260.803581 seconds.

chan =

    75

Elapsed time is 262.575494 seconds.

chan =

    76

Elapsed time is 261.380928 seconds.

chan =

    77

Elapsed time is 262.230884 seconds.

chan =

    78

Elapsed time is 260.561957 seconds.

chan =

    79

Elapsed time is 261.243308 seconds.

chan =

    80

Elapsed time is 261.014541 seconds.

chan =

    81

Elapsed time is 262.262927 seconds.

chan =

    82

Elapsed time is 261.237613 seconds.

chan =

    83

Elapsed time is 263.190214 seconds.

chan =

    84

Elapsed time is 261.494106 seconds.

chan =

    85

Elapsed time is 262.784462 seconds.

chan =

    86

Elapsed time is 255.361964 seconds.
attempting saving
save success: /projects/p31578/dtf8829/QuestConnect/CHANDAT/chanDat_ECoG20_049.mat
working on TF
encoding done
encoding RT done
retrieval 1 done
retrieval 2 done
attempting saving
save success: /projects/p31578/dtf8829/QuestConnect/CHANDAT/chanDat_ECoG20_049.mat
working on ISPC
channel: 1 took 0 minutes
channel: 2 took 0 minutes
channel: 3 took 0 minutes
channel: 4 took 0 minutes
channel: 5 took 0 minutes
channel: 6 took 0 minutes
channel: 7 took 0 minutes
channel: 8 took 0 minutes
channel: 9 took 0 minutes
channel: 10 took 0 minutes
channel: 11 took 0 minutes
channel: 12 took 0 minutes
channel: 13 took 0 minutes
channel: 14 took 0 minutes
channel: 15 took 0 minutes
channel: 16 took 0 minutes
channel: 17 took 0 minutes
channel: 18 took 0 minutes
channel: 19 took 0 minutes
channel: 20 took 0 minutes
channel: 21 took 0 minutes
channel: 22 took 0 minutes
channel: 23 took 0 minutes
channel: 24 took 0 minutes
channel: 25 took 0 minutes
channel: 26 took 0 minutes
channel: 27 took 0 minutes
channel: 28 took 0 minutes
channel: 29 took 0 minutes
channel: 30 took 0 minutes
channel: 31 took 0 minutes
channel: 32 took 0 minutes
channel: 33 took 0 minutes
channel: 34 took 0 minutes
channel: 35 took 0 minutes
channel: 36 took 0 minutes
channel: 37 took 0 minutes
channel: 38 took 0 minutes
channel: 39 took 0 minutes
channel: 40 took 0 minutes
channel: 41 took 0 minutes
channel: 42 took 0 minutes
channel: 43 took 0 minutes
channel: 44 took 0 minutes
channel: 45 took 0 minutes
channel: 46 took 0 minutes
channel: 47 took 0 minutes
channel: 48 took 0 minutes
channel: 49 took 0 minutes
channel: 50 took 4.2 minutes
channel: 51 took 4 minutes
channel: 52 took 4 minutes
channel: 53 took 4 minutes
channel: 54 took 4 minutes
channel: 55 took 4 minutes
channel: 56 took 4 minutes
channel: 57 took 4 minutes
channel: 58 took 3.9 minutes
channel: 59 took 3.9 minutes
channel: 60 took 3.7 minutes
channel: 61 took 3.7 minutes
channel: 62 took 3.6 minutes
channel: 63 took 3.6 minutes
channel: 64 took 3.6 minutes
channel: 65 took 3.6 minutes
channel: 66 took 3.6 minutes
channel: 67 took 3.6 minutes
channel: 68 took 3.6 minutes
channel: 69 took 3.6 minutes
channel: 70 took 3.6 minutes
channel: 71 took 3.6 minutes
channel: 72 took 3.6 minutes
channel: 73 took 3.7 minutes
channel: 74 took 3.6 minutes
channel: 75 took 3.6 minutes
channel: 76 took 3.6 minutes
channel: 77 took 4.4 minutes
channel: 78 took 4.2 minutes
channel: 79 took 4.8 minutes
channel: 80 took 4.9 minutes
channel: 81 took 4.9 minutes
channel: 82 took 4.1 minutes
channel: 83 took 4 minutes
channel: 84 took 3.7 minutes
channel: 85 took 3.6 minutes
channel: 86 took 3.9 minutes
attempting saving
save success: /projects/p31578/dtf8829/QuestConnect/CHANDAT/chanDat_ECoG20_049.mat
Elapsed time is 237.312611 seconds.
