getting started: 1433
attempting file: 1433
going for ECoG20 79
data loaded: ECoG20 79
HFB already done

chan =

     1

Elapsed time is 285.767249 seconds.

chan =

     2

Elapsed time is 282.290548 seconds.

chan =

     3

Elapsed time is 282.230489 seconds.

chan =

     4

Elapsed time is 280.658870 seconds.

chan =

     5

Elapsed time is 282.605284 seconds.

chan =

     6

Elapsed time is 281.944255 seconds.

chan =

     7

Elapsed time is 283.657289 seconds.

chan =

     8

Elapsed time is 282.278704 seconds.

chan =

     9

Elapsed time is 280.928752 seconds.

chan =

    10

Elapsed time is 281.567341 seconds.

chan =

    11

Elapsed time is 280.368725 seconds.

chan =

    12

Elapsed time is 282.890427 seconds.

chan =

    13

Elapsed time is 277.754108 seconds.

chan =

    14

Elapsed time is 268.128590 seconds.

chan =

    15

Elapsed time is 272.703792 seconds.

chan =

    16

Elapsed time is 260.061849 seconds.

chan =

    17

Elapsed time is 326.936368 seconds.

chan =

    18

Elapsed time is 311.945254 seconds.

chan =

    19

Elapsed time is 301.970147 seconds.

chan =

    20

Elapsed time is 299.517426 seconds.

chan =

    21

Elapsed time is 292.082904 seconds.

chan =

    22

Elapsed time is 292.894007 seconds.

chan =

    23

Elapsed time is 291.943285 seconds.

chan =

    24

Elapsed time is 293.105036 seconds.

chan =

    25

Elapsed time is 290.652428 seconds.

chan =

    26

Elapsed time is 292.742199 seconds.

chan =

    27

Elapsed time is 290.579634 seconds.

chan =

    28

Elapsed time is 290.864310 seconds.

chan =

    29

Elapsed time is 287.360493 seconds.

chan =

    30

Elapsed time is 288.835074 seconds.

chan =

    31

Elapsed time is 288.421342 seconds.

chan =

    32

Elapsed time is 289.368247 seconds.

chan =

    33

Elapsed time is 288.887213 seconds.

chan =

    34

Elapsed time is 287.968986 seconds.

chan =

    35

Elapsed time is 304.624113 seconds.

chan =

    36

Elapsed time is 306.785863 seconds.

chan =

    37

Elapsed time is 314.399838 seconds.

chan =

    38

Elapsed time is 302.610195 seconds.

chan =

    39

Elapsed time is 311.408833 seconds.

chan =

    40

Elapsed time is 304.982451 seconds.

chan =

    41

Elapsed time is 303.013713 seconds.

chan =

    42

Elapsed time is 296.786019 seconds.

chan =

    43

Elapsed time is 308.938332 seconds.

chan =

    44

Elapsed time is 304.011146 seconds.

chan =

    45

Elapsed time is 307.702350 seconds.

chan =

    46

Elapsed time is 294.359143 seconds.

chan =

    47

Elapsed time is 300.583275 seconds.

chan =

    48

Elapsed time is 303.316778 seconds.

chan =

    49

Elapsed time is 305.626768 seconds.

chan =

    50

Elapsed time is 299.457591 seconds.

chan =

    51

Elapsed time is 302.542685 seconds.

chan =

    52

Elapsed time is 305.711509 seconds.

chan =

    53

Elapsed time is 301.334911 seconds.

chan =

    54

Elapsed time is 299.274301 seconds.

chan =

    55

Elapsed time is 298.191464 seconds.

chan =

    56

Elapsed time is 304.100683 seconds.

chan =

    57

Elapsed time is 304.902532 seconds.

chan =

    58

Elapsed time is 303.786195 seconds.

chan =

    59

Elapsed time is 299.109699 seconds.

chan =

    60

Elapsed time is 292.703225 seconds.

chan =

    61

Elapsed time is 286.422784 seconds.

chan =

    62

Elapsed time is 292.948518 seconds.

chan =

    63

Elapsed time is 285.479611 seconds.

chan =

    64

Elapsed time is 293.848354 seconds.

chan =

    65

Elapsed time is 287.374459 seconds.

chan =

    66

Elapsed time is 291.848175 seconds.

chan =

    67

Elapsed time is 287.846925 seconds.

chan =

    68

Elapsed time is 290.023798 seconds.

chan =

    69

Elapsed time is 287.020419 seconds.

chan =

    70

Elapsed time is 290.698342 seconds.

chan =

    71

Elapsed time is 289.097140 seconds.

chan =

    72

Elapsed time is 290.243935 seconds.

chan =

    73

Elapsed time is 288.153884 seconds.

chan =

    74

Elapsed time is 288.087281 seconds.

chan =

    75

Elapsed time is 287.853738 seconds.

chan =

    76

Elapsed time is 289.153705 seconds.

chan =

    77

Elapsed time is 287.521889 seconds.

chan =

    78

Elapsed time is 289.101621 seconds.

chan =

    79

Elapsed time is 285.789171 seconds.

chan =

    80

Elapsed time is 286.850421 seconds.

chan =

    81

Elapsed time is 287.124565 seconds.

chan =

    82

Elapsed time is 284.732007 seconds.

chan =

    83

Elapsed time is 288.516626 seconds.

chan =

    84

Elapsed time is 285.325610 seconds.

chan =

    85

Elapsed time is 289.176630 seconds.

chan =

    86

Elapsed time is 275.116797 seconds.
attempting saving
save success: /projects/p31578/dtf8829/QuestConnect/CHANDAT/chanDat_ECoG20_079.mat
working on TF
encoding done
encoding RT done
retrieval 1 done
retrieval 2 done
attempting saving
save success: /projects/p31578/dtf8829/QuestConnect/CHANDAT/chanDat_ECoG20_079.mat
working on ISPC
channel: 1 took 0 minutes
channel: 2 took 0 minutes
channel: 3 took 0 minutes
channel: 4 took 0 minutes
channel: 5 took 0 minutes
channel: 6 took 0 minutes
channel: 7 took 0 minutes
channel: 8 took 0 minutes
channel: 9 took 0 minutes
channel: 10 took 0 minutes
channel: 11 took 0 minutes
channel: 12 took 0 minutes
channel: 13 took 0 minutes
channel: 14 took 0 minutes
channel: 15 took 0 minutes
channel: 16 took 0 minutes
channel: 17 took 0 minutes
channel: 18 took 0 minutes
channel: 19 took 0 minutes
channel: 20 took 0 minutes
channel: 21 took 0 minutes
channel: 22 took 0 minutes
channel: 23 took 0 minutes
channel: 24 took 0 minutes
channel: 25 took 0 minutes
channel: 26 took 0 minutes
channel: 27 took 0 minutes
channel: 28 took 0 minutes
channel: 29 took 0 minutes
channel: 30 took 0 minutes
channel: 31 took 0 minutes
channel: 32 took 0 minutes
channel: 33 took 0 minutes
channel: 34 took 0 minutes
channel: 35 took 0 minutes
channel: 36 took 0 minutes
channel: 37 took 0 minutes
channel: 38 took 0 minutes
channel: 39 took 0 minutes
channel: 40 took 0 minutes
channel: 41 took 0 minutes
channel: 42 took 0 minutes
channel: 43 took 0 minutes
channel: 44 took 0 minutes
channel: 45 took 0 minutes
channel: 46 took 0 minutes
channel: 47 took 0 minutes
channel: 48 took 0 minutes
channel: 49 took 0 minutes
channel: 50 took 0 minutes
channel: 51 took 0 minutes
channel: 52 took 0 minutes
channel: 53 took 0 minutes
channel: 54 took 0 minutes
channel: 55 took 0 minutes
channel: 56 took 0 minutes
channel: 57 took 0 minutes
channel: 58 took 0 minutes
channel: 59 took 0 minutes
channel: 60 took 0 minutes
channel: 61 took 0 minutes
channel: 62 took 0 minutes
channel: 63 took 0 minutes
channel: 64 took 0 minutes
channel: 65 took 0 minutes
channel: 66 took 0 minutes
channel: 67 took 0 minutes
channel: 68 took 0 minutes
channel: 69 took 0 minutes
channel: 70 took 0 minutes
channel: 71 took 0 minutes
channel: 72 took 0 minutes
channel: 73 took 0 minutes
channel: 74 took 0 minutes
channel: 75 took 0 minutes
channel: 76 took 0 minutes
channel: 77 took 0 minutes
channel: 78 took 0 minutes
channel: 79 took 0 minutes
channel: 80 took 4 minutes
channel: 81 took 5 minutes
channel: 82 took 5 minutes
channel: 83 took 5 minutes
channel: 84 took 5 minutes
channel: 85 took 4.9 minutes
channel: 86 took 4.9 minutes
attempting saving
save success: /projects/p31578/dtf8829/QuestConnect/CHANDAT/chanDat_ECoG20_079.mat
Elapsed time is 299.188933 seconds.
