getting started: 1399
attempting file: 1399
going for ECoG20 45
data loaded: ECoG20 45
HFB already done

chan =

     1

Elapsed time is 309.487233 seconds.

chan =

     2

Elapsed time is 306.218787 seconds.

chan =

     3

Elapsed time is 305.572884 seconds.

chan =

     4

Elapsed time is 304.443482 seconds.

chan =

     5

Elapsed time is 306.832992 seconds.

chan =

     6

Elapsed time is 304.735027 seconds.

chan =

     7

Elapsed time is 306.283470 seconds.

chan =

     8

Elapsed time is 304.799936 seconds.

chan =

     9

Elapsed time is 305.146101 seconds.

chan =

    10

Elapsed time is 311.326170 seconds.

chan =

    11

Elapsed time is 295.468661 seconds.

chan =

    12

Elapsed time is 252.993246 seconds.

chan =

    13

Elapsed time is 245.085108 seconds.

chan =

    14

Elapsed time is 256.876768 seconds.

chan =

    15

Elapsed time is 296.974888 seconds.

chan =

    16

Elapsed time is 301.303578 seconds.

chan =

    17

Elapsed time is 303.948729 seconds.

chan =

    18

Elapsed time is 305.245242 seconds.

chan =

    19

Elapsed time is 294.895324 seconds.

chan =

    20

Elapsed time is 289.614599 seconds.

chan =

    21

Elapsed time is 282.850844 seconds.

chan =

    22

Elapsed time is 277.884160 seconds.

chan =

    23

Elapsed time is 274.027275 seconds.

chan =

    24

Elapsed time is 271.105603 seconds.

chan =

    25

Elapsed time is 269.586812 seconds.

chan =

    26

Elapsed time is 270.320093 seconds.

chan =

    27

Elapsed time is 268.933020 seconds.

chan =

    28

Elapsed time is 272.339264 seconds.

chan =

    29

Elapsed time is 273.604999 seconds.

chan =

    30

Elapsed time is 274.539185 seconds.

chan =

    31

Elapsed time is 272.853063 seconds.

chan =

    32

Elapsed time is 274.554225 seconds.

chan =

    33

Elapsed time is 272.747622 seconds.

chan =

    34

Elapsed time is 274.540048 seconds.

chan =

    35

Elapsed time is 274.300105 seconds.

chan =

    36

Elapsed time is 275.406447 seconds.

chan =

    37

Elapsed time is 273.136678 seconds.

chan =

    38

Elapsed time is 274.440136 seconds.

chan =

    39

Elapsed time is 273.558487 seconds.

chan =

    40

Elapsed time is 274.354955 seconds.

chan =

    41

Elapsed time is 273.702078 seconds.

chan =

    42

Elapsed time is 274.475607 seconds.

chan =

    43

Elapsed time is 273.453960 seconds.

chan =

    44

Elapsed time is 290.879801 seconds.

chan =

    45

Elapsed time is 289.863815 seconds.

chan =

    46

Elapsed time is 273.427291 seconds.

chan =

    47

Elapsed time is 272.759745 seconds.

chan =

    48

Elapsed time is 281.222835 seconds.

chan =

    49

Elapsed time is 271.917056 seconds.

chan =

    50

Elapsed time is 282.934650 seconds.

chan =

    51

Elapsed time is 282.120707 seconds.

chan =

    52

Elapsed time is 281.940638 seconds.

chan =

    53

Elapsed time is 283.768812 seconds.

chan =

    54

Elapsed time is 281.822242 seconds.

chan =

    55

Elapsed time is 272.305669 seconds.

chan =

    56

Elapsed time is 283.008443 seconds.

chan =

    57

Elapsed time is 280.794948 seconds.

chan =

    58

Elapsed time is 281.148520 seconds.

chan =

    59

Elapsed time is 273.451199 seconds.

chan =

    60

Elapsed time is 270.953648 seconds.

chan =

    61

Elapsed time is 270.685201 seconds.

chan =

    62

Elapsed time is 261.131710 seconds.

chan =

    63

Elapsed time is 254.887553 seconds.

chan =

    64

Elapsed time is 251.396360 seconds.

chan =

    65

Elapsed time is 244.070716 seconds.

chan =

    66

Elapsed time is 244.916192 seconds.

chan =

    67

Elapsed time is 244.933145 seconds.

chan =

    68

Elapsed time is 257.203941 seconds.

chan =

    69

Elapsed time is 249.261531 seconds.

chan =

    70

Elapsed time is 244.224846 seconds.

chan =

    71

Elapsed time is 253.498585 seconds.

chan =

    72

Elapsed time is 260.240374 seconds.

chan =

    73

Elapsed time is 260.078909 seconds.

chan =

    74

Elapsed time is 259.208803 seconds.

chan =

    75

Elapsed time is 260.637766 seconds.

chan =

    76

Elapsed time is 260.928774 seconds.

chan =

    77

Elapsed time is 260.445755 seconds.

chan =

    78

Elapsed time is 260.183613 seconds.

chan =

    79

Elapsed time is 260.413598 seconds.

chan =

    80

Elapsed time is 259.354060 seconds.

chan =

    81

Elapsed time is 261.638950 seconds.

chan =

    82

Elapsed time is 259.993767 seconds.

chan =

    83

Elapsed time is 261.342092 seconds.

chan =

    84

Elapsed time is 261.412104 seconds.

chan =

    85

Elapsed time is 260.487715 seconds.

chan =

    86

Elapsed time is 259.502447 seconds.
attempting saving
save success: /projects/p31578/dtf8829/QuestConnect/CHANDAT/chanDat_ECoG20_045.mat
working on TF
encoding done
encoding RT done
retrieval 1 done
retrieval 2 done
attempting saving
save success: /projects/p31578/dtf8829/QuestConnect/CHANDAT/chanDat_ECoG20_045.mat
working on ISPC
channel: 1 took 0 minutes
channel: 2 took 0 minutes
channel: 3 took 0 minutes
channel: 4 took 0 minutes
channel: 5 took 0 minutes
channel: 6 took 0 minutes
channel: 7 took 0 minutes
channel: 8 took 0 minutes
channel: 9 took 0 minutes
channel: 10 took 0 minutes
channel: 11 took 0 minutes
channel: 12 took 0 minutes
channel: 13 took 0 minutes
channel: 14 took 0 minutes
channel: 15 took 0 minutes
channel: 16 took 0 minutes
channel: 17 took 0 minutes
channel: 18 took 0 minutes
channel: 19 took 0 minutes
channel: 20 took 0 minutes
channel: 21 took 0 minutes
channel: 22 took 0 minutes
channel: 23 took 0 minutes
channel: 24 took 0 minutes
channel: 25 took 0 minutes
channel: 26 took 0 minutes
channel: 27 took 0 minutes
channel: 28 took 0 minutes
channel: 29 took 0 minutes
channel: 30 took 0 minutes
channel: 31 took 0 minutes
channel: 32 took 0 minutes
channel: 33 took 0 minutes
channel: 34 took 0 minutes
channel: 35 took 0 minutes
channel: 36 took 0 minutes
channel: 37 took 0 minutes
channel: 38 took 0 minutes
channel: 39 took 0 minutes
channel: 40 took 0 minutes
channel: 41 took 0 minutes
channel: 42 took 0 minutes
channel: 43 took 0 minutes
channel: 44 took 0 minutes
channel: 45 took 0 minutes
channel: 46 took 4.2 minutes
channel: 47 took 4 minutes
channel: 48 took 4 minutes
channel: 49 took 4 minutes
channel: 50 took 4 minutes
channel: 51 took 4 minutes
channel: 52 took 4 minutes
channel: 53 took 4 minutes
channel: 54 took 4 minutes
channel: 55 took 4 minutes
channel: 56 took 3.8 minutes
channel: 57 took 3.7 minutes
channel: 58 took 3.7 minutes
channel: 59 took 3.6 minutes
channel: 60 took 3.6 minutes
channel: 61 took 3.6 minutes
channel: 62 took 3.6 minutes
channel: 63 took 3.6 minutes
channel: 64 took 3.6 minutes
channel: 65 took 3.6 minutes
channel: 66 took 3.6 minutes
channel: 67 took 3.6 minutes
channel: 68 took 3.6 minutes
channel: 69 took 3.7 minutes
channel: 70 took 3.7 minutes
channel: 71 took 3.6 minutes
channel: 72 took 3.6 minutes
channel: 73 took 3.7 minutes
channel: 74 took 4.5 minutes
channel: 75 took 4.6 minutes
channel: 76 took 4.9 minutes
channel: 77 took 4.9 minutes
channel: 78 took 4.6 minutes
channel: 79 took 3.8 minutes
channel: 80 took 3.8 minutes
channel: 81 took 3.7 minutes
channel: 82 took 3.8 minutes
channel: 83 took 3.7 minutes
channel: 84 took 3.9 minutes
channel: 85 took 3.9 minutes
channel: 86 took 3.3 minutes
attempting saving
save success: /projects/p31578/dtf8829/QuestConnect/CHANDAT/chanDat_ECoG20_045.mat
Elapsed time is 204.571584 seconds.
