getting started: 1412
attempting file: 1412
going for ECoG20 58
data loaded: ECoG20 58
HFB already done

chan =

     1

Elapsed time is 302.693907 seconds.

chan =

     2

Elapsed time is 298.466594 seconds.

chan =

     3

Elapsed time is 300.152868 seconds.

chan =

     4

Elapsed time is 299.805189 seconds.

chan =

     5

Elapsed time is 301.220224 seconds.

chan =

     6

Elapsed time is 300.951413 seconds.

chan =

     7

Elapsed time is 302.338015 seconds.

chan =

     8

Elapsed time is 301.125102 seconds.

chan =

     9

Elapsed time is 300.824890 seconds.

chan =

    10

Elapsed time is 299.684339 seconds.

chan =

    11

Elapsed time is 301.356781 seconds.

chan =

    12

Elapsed time is 300.356698 seconds.

chan =

    13

Elapsed time is 300.430359 seconds.

chan =

    14

Elapsed time is 299.968940 seconds.

chan =

    15

Elapsed time is 298.529774 seconds.

chan =

    16

Elapsed time is 301.692582 seconds.

chan =

    17

Elapsed time is 297.453184 seconds.

chan =

    18

Elapsed time is 291.248111 seconds.

chan =

    19

Elapsed time is 288.458480 seconds.

chan =

    20

Elapsed time is 282.423220 seconds.

chan =

    21

Elapsed time is 281.142103 seconds.

chan =

    22

Elapsed time is 273.878967 seconds.

chan =

    23

Elapsed time is 272.072212 seconds.

chan =

    24

Elapsed time is 265.264821 seconds.

chan =

    25

Elapsed time is 261.373348 seconds.

chan =

    26

Elapsed time is 256.320033 seconds.

chan =

    27

Elapsed time is 250.862840 seconds.

chan =

    28

Elapsed time is 248.512946 seconds.

chan =

    29

Elapsed time is 249.375705 seconds.

chan =

    30

Elapsed time is 247.977771 seconds.

chan =

    31

Elapsed time is 248.417381 seconds.

chan =

    32

Elapsed time is 247.348980 seconds.

chan =

    33

Elapsed time is 247.481233 seconds.

chan =

    34

Elapsed time is 243.141055 seconds.

chan =

    35

Elapsed time is 246.282531 seconds.

chan =

    36

Elapsed time is 262.656360 seconds.

chan =

    37

Elapsed time is 265.634015 seconds.

chan =

    38

Elapsed time is 263.185599 seconds.

chan =

    39

Elapsed time is 264.324395 seconds.

chan =

    40

Elapsed time is 265.021825 seconds.

chan =

    41

Elapsed time is 264.548603 seconds.

chan =

    42

Elapsed time is 265.599418 seconds.

chan =

    43

Elapsed time is 258.705193 seconds.

chan =

    44

Elapsed time is 250.393526 seconds.

chan =

    45

Elapsed time is 265.328185 seconds.

chan =

    46

Elapsed time is 263.116565 seconds.

chan =

    47

Elapsed time is 265.555171 seconds.

chan =

    48

Elapsed time is 260.611085 seconds.

chan =

    49

Elapsed time is 251.944480 seconds.

chan =

    50

Elapsed time is 255.309051 seconds.

chan =

    51

Elapsed time is 262.207594 seconds.

chan =

    52

Elapsed time is 262.921714 seconds.

chan =

    53

Elapsed time is 262.289293 seconds.

chan =

    54

Elapsed time is 259.732805 seconds.

chan =

    55

Elapsed time is 263.223581 seconds.

chan =

    56

Elapsed time is 262.580846 seconds.

chan =

    57

Elapsed time is 261.362030 seconds.

chan =

    58

Elapsed time is 258.421354 seconds.

chan =

    59

Elapsed time is 253.851491 seconds.

chan =

    60

Elapsed time is 261.742130 seconds.

chan =

    61

Elapsed time is 262.966379 seconds.

chan =

    62

Elapsed time is 262.238184 seconds.

chan =

    63

Elapsed time is 259.845003 seconds.

chan =

    64

Elapsed time is 260.115408 seconds.

chan =

    65

Elapsed time is 246.181806 seconds.

chan =

    66

Elapsed time is 242.815963 seconds.

chan =

    67

Elapsed time is 243.877310 seconds.

chan =

    68

Elapsed time is 242.059201 seconds.

chan =

    69

Elapsed time is 243.596761 seconds.

chan =

    70

Elapsed time is 253.828219 seconds.

chan =

    71

Elapsed time is 249.518045 seconds.

chan =

    72

Elapsed time is 242.207939 seconds.

chan =

    73

Elapsed time is 252.062753 seconds.

chan =

    74

Elapsed time is 258.386616 seconds.

chan =

    75

Elapsed time is 260.163660 seconds.

chan =

    76

Elapsed time is 258.867966 seconds.

chan =

    77

Elapsed time is 259.780370 seconds.

chan =

    78

Elapsed time is 257.983657 seconds.

chan =

    79

Elapsed time is 259.199803 seconds.

chan =

    80

Elapsed time is 259.235159 seconds.

chan =

    81

Elapsed time is 258.472965 seconds.

chan =

    82

Elapsed time is 257.005068 seconds.

chan =

    83

Elapsed time is 258.334619 seconds.

chan =

    84

Elapsed time is 256.637497 seconds.

chan =

    85

Elapsed time is 258.665381 seconds.

chan =

    86

Elapsed time is 248.477341 seconds.
attempting saving
save success: /projects/p31578/dtf8829/QuestConnect/CHANDAT/chanDat_ECoG20_058.mat
working on TF
encoding done
encoding RT done
retrieval 1 done
retrieval 2 done
attempting saving
save success: /projects/p31578/dtf8829/QuestConnect/CHANDAT/chanDat_ECoG20_058.mat
working on ISPC
channel: 1 took 0 minutes
channel: 2 took 0 minutes
channel: 3 took 0 minutes
channel: 4 took 0 minutes
channel: 5 took 0 minutes
channel: 6 took 0 minutes
channel: 7 took 0 minutes
channel: 8 took 0 minutes
channel: 9 took 0 minutes
channel: 10 took 0 minutes
channel: 11 took 0 minutes
channel: 12 took 0 minutes
channel: 13 took 0 minutes
channel: 14 took 0 minutes
channel: 15 took 0 minutes
channel: 16 took 0 minutes
channel: 17 took 0 minutes
channel: 18 took 0 minutes
channel: 19 took 0 minutes
channel: 20 took 0 minutes
channel: 21 took 0 minutes
channel: 22 took 0 minutes
channel: 23 took 0 minutes
channel: 24 took 0 minutes
channel: 25 took 0 minutes
channel: 26 took 0 minutes
channel: 27 took 0 minutes
channel: 28 took 0 minutes
channel: 29 took 0 minutes
channel: 30 took 0 minutes
channel: 31 took 0 minutes
channel: 32 took 0 minutes
channel: 33 took 0 minutes
channel: 34 took 0 minutes
channel: 35 took 0 minutes
channel: 36 took 0 minutes
channel: 37 took 0 minutes
channel: 38 took 0 minutes
channel: 39 took 0 minutes
channel: 40 took 0 minutes
channel: 41 took 0 minutes
channel: 42 took 0 minutes
channel: 43 took 0 minutes
channel: 44 took 0 minutes
channel: 45 took 0 minutes
channel: 46 took 0 minutes
channel: 47 took 0 minutes
channel: 48 took 0 minutes
channel: 49 took 0 minutes
channel: 50 took 0 minutes
channel: 51 took 0 minutes
channel: 52 took 0 minutes
channel: 53 took 0 minutes
channel: 54 took 0 minutes
channel: 55 took 0 minutes
channel: 56 took 0 minutes
channel: 57 took 0 minutes
channel: 58 took 0 minutes
channel: 59 took 4 minutes
channel: 60 took 4 minutes
channel: 61 took 3.9 minutes
channel: 62 took 3.7 minutes
channel: 63 took 3.8 minutes
channel: 64 took 3.7 minutes
channel: 65 took 3.8 minutes
channel: 66 took 3.8 minutes
channel: 67 took 3.8 minutes
channel: 68 took 3.7 minutes
channel: 69 took 3.8 minutes
channel: 70 took 5.5 minutes
channel: 71 took 5.5 minutes
channel: 72 took 5.5 minutes
channel: 73 took 5.5 minutes
channel: 74 took 5.4 minutes
channel: 75 took 5.5 minutes
channel: 76 took 4.3 minutes
channel: 77 took 3.4 minutes
channel: 78 took 3.4 minutes
channel: 79 took 3.4 minutes
channel: 80 took 3.7 minutes
channel: 81 took 4.4 minutes
channel: 82 took 4.4 minutes
channel: 83 took 4.4 minutes
channel: 84 took 4.4 minutes
channel: 85 took 4.5 minutes
channel: 86 took 4.5 minutes
attempting saving
save success: /projects/p31578/dtf8829/QuestConnect/CHANDAT/chanDat_ECoG20_058.mat
Elapsed time is 274.502758 seconds.
