getting started: 1383
attempting file: 1383
going for ECoG20 29
data loaded: ECoG20 29
HFB already done

chan =

     1

Elapsed time is 223.625358 seconds.

chan =

     2

Elapsed time is 218.635787 seconds.

chan =

     3

Elapsed time is 219.842683 seconds.

chan =

     4

Elapsed time is 218.926201 seconds.

chan =

     5

Elapsed time is 217.390974 seconds.

chan =

     6

Elapsed time is 217.597204 seconds.

chan =

     7

Elapsed time is 221.565288 seconds.

chan =

     8

Elapsed time is 217.811264 seconds.

chan =

     9

Elapsed time is 216.327230 seconds.

chan =

    10

Elapsed time is 217.460720 seconds.

chan =

    11

Elapsed time is 219.350691 seconds.

chan =

    12

Elapsed time is 218.065134 seconds.

chan =

    13

Elapsed time is 215.330771 seconds.

chan =

    14

Elapsed time is 218.994600 seconds.

chan =

    15

Elapsed time is 221.092519 seconds.

chan =

    16

Elapsed time is 217.433322 seconds.

chan =

    17

Elapsed time is 216.939298 seconds.

chan =

    18

Elapsed time is 217.363426 seconds.

chan =

    19

Elapsed time is 217.017591 seconds.

chan =

    20

Elapsed time is 219.886510 seconds.

chan =

    21

Elapsed time is 217.511734 seconds.

chan =

    22

Elapsed time is 216.668645 seconds.

chan =

    23

Elapsed time is 223.351999 seconds.

chan =

    24

Elapsed time is 222.347840 seconds.

chan =

    25

Elapsed time is 218.854029 seconds.

chan =

    26

Elapsed time is 218.895291 seconds.

chan =

    27

Elapsed time is 216.884893 seconds.

chan =

    28

Elapsed time is 217.735661 seconds.

chan =

    29

Elapsed time is 220.867333 seconds.

chan =

    30

Elapsed time is 217.937800 seconds.

chan =

    31

Elapsed time is 215.564319 seconds.

chan =

    32

Elapsed time is 212.835312 seconds.

chan =

    33

Elapsed time is 214.305994 seconds.

chan =

    34

Elapsed time is 216.633892 seconds.

chan =

    35

Elapsed time is 215.980496 seconds.

chan =

    36

Elapsed time is 215.375079 seconds.

chan =

    37

Elapsed time is 216.252332 seconds.

chan =

    38

Elapsed time is 213.737401 seconds.

chan =

    39

Elapsed time is 213.923073 seconds.

chan =

    40

Elapsed time is 215.382549 seconds.

chan =

    41

Elapsed time is 215.161873 seconds.

chan =

    42

Elapsed time is 217.939461 seconds.

chan =

    43

Elapsed time is 216.564312 seconds.

chan =

    44

Elapsed time is 211.579156 seconds.

chan =

    45

Elapsed time is 189.777053 seconds.

chan =

    46

Elapsed time is 203.020939 seconds.

chan =

    47

Elapsed time is 201.708381 seconds.

chan =

    48

Elapsed time is 190.193271 seconds.

chan =

    49

Elapsed time is 198.903762 seconds.

chan =

    50

Elapsed time is 225.278005 seconds.

chan =

    51

Elapsed time is 207.968370 seconds.

chan =

    52

Elapsed time is 222.136608 seconds.

chan =

    53

Elapsed time is 222.651448 seconds.

chan =

    54

Elapsed time is 224.271180 seconds.

chan =

    55

Elapsed time is 219.995651 seconds.

chan =

    56

Elapsed time is 217.130913 seconds.

chan =

    57

Elapsed time is 200.138698 seconds.

chan =

    58

Elapsed time is 204.345105 seconds.

chan =

    59

Elapsed time is 204.028518 seconds.

chan =

    60

Elapsed time is 215.860255 seconds.

chan =

    61

Elapsed time is 220.089590 seconds.

chan =

    62

Elapsed time is 219.499626 seconds.

chan =

    63

Elapsed time is 214.713465 seconds.

chan =

    64

Elapsed time is 221.221981 seconds.

chan =

    65

Elapsed time is 200.288588 seconds.

chan =

    66

Elapsed time is 215.041602 seconds.

chan =

    67

Elapsed time is 212.751994 seconds.

chan =

    68

Elapsed time is 222.002047 seconds.

chan =

    69

Elapsed time is 221.534526 seconds.

chan =

    70

Elapsed time is 215.983007 seconds.

chan =

    71

Elapsed time is 197.539486 seconds.

chan =

    72

Elapsed time is 222.044869 seconds.

chan =

    73

Elapsed time is 206.045106 seconds.

chan =

    74

Elapsed time is 189.134921 seconds.

chan =

    75

Elapsed time is 184.819433 seconds.

chan =

    76

Elapsed time is 184.424910 seconds.

chan =

    77

Elapsed time is 185.731483 seconds.

chan =

    78

Elapsed time is 182.960405 seconds.

chan =

    79

Elapsed time is 190.781724 seconds.

chan =

    80

Elapsed time is 205.349686 seconds.

chan =

    81

Elapsed time is 219.215498 seconds.

chan =

    82

Elapsed time is 198.997288 seconds.

chan =

    83

Elapsed time is 187.331040 seconds.

chan =

    84

Elapsed time is 184.544731 seconds.

chan =

    85

Elapsed time is 183.231179 seconds.

chan =

    86

Elapsed time is 181.895531 seconds.
attempting saving
save success: /projects/p31578/dtf8829/QuestConnect/CHANDAT/chanDat_ECoG20_029.mat
working on TF
encoding done
encoding RT done
retrieval 1 done
retrieval 2 done
attempting saving
save success: /projects/p31578/dtf8829/QuestConnect/CHANDAT/chanDat_ECoG20_029.mat
working on ISPC
channel: 1 took 0 minutes
channel: 2 took 0 minutes
channel: 3 took 0 minutes
channel: 4 took 0 minutes
channel: 5 took 0 minutes
channel: 6 took 0 minutes
channel: 7 took 0 minutes
channel: 8 took 0 minutes
channel: 9 took 0 minutes
channel: 10 took 0 minutes
channel: 11 took 0 minutes
channel: 12 took 0 minutes
channel: 13 took 0 minutes
channel: 14 took 0 minutes
channel: 15 took 0 minutes
channel: 16 took 0 minutes
channel: 17 took 0 minutes
channel: 18 took 0 minutes
channel: 19 took 0 minutes
channel: 20 took 0 minutes
channel: 21 took 0 minutes
channel: 22 took 0 minutes
channel: 23 took 0 minutes
channel: 24 took 0 minutes
channel: 25 took 0 minutes
channel: 26 took 0 minutes
channel: 27 took 0 minutes
channel: 28 took 0 minutes
channel: 29 took 0 minutes
channel: 30 took 3.1 minutes
channel: 31 took 3.1 minutes
channel: 32 took 3.1 minutes
channel: 33 took 3.1 minutes
channel: 34 took 3.1 minutes
channel: 35 took 3.1 minutes
channel: 36 took 3.1 minutes
channel: 37 took 3.1 minutes
channel: 38 took 3.1 minutes
channel: 39 took 3.1 minutes
channel: 40 took 3.1 minutes
channel: 41 took 3.1 minutes
channel: 42 took 3.1 minutes
channel: 43 took 3 minutes
channel: 44 took 3.1 minutes
channel: 45 took 3.1 minutes
channel: 46 took 3.1 minutes
channel: 47 took 3.1 minutes
channel: 48 took 3.1 minutes
channel: 49 took 3.1 minutes
channel: 50 took 3.1 minutes
channel: 51 took 3.1 minutes
channel: 52 took 3.1 minutes
channel: 53 took 3.1 minutes
channel: 54 took 3.1 minutes
channel: 55 took 3.1 minutes
channel: 56 took 3.1 minutes
channel: 57 took 3.1 minutes
channel: 58 took 3.1 minutes
channel: 59 took 3.1 minutes
channel: 60 took 3.1 minutes
channel: 61 took 3.1 minutes
channel: 62 took 3.1 minutes
channel: 63 took 3.1 minutes
channel: 64 took 3 minutes
channel: 65 took 3 minutes
channel: 66 took 3 minutes
channel: 67 took 3 minutes
channel: 68 took 3 minutes
channel: 69 took 3 minutes
channel: 70 took 3 minutes
channel: 71 took 3 minutes
channel: 72 took 3 minutes
channel: 73 took 3 minutes
channel: 74 took 3 minutes
channel: 75 took 3.1 minutes
channel: 76 took 3.6 minutes
channel: 77 took 3.6 minutes
channel: 78 took 3.5 minutes
channel: 79 took 3.6 minutes
channel: 80 took 3.5 minutes
channel: 81 took 3.4 minutes
channel: 82 took 3.5 minutes
channel: 83 took 3.6 minutes
channel: 84 took 3.6 minutes
channel: 85 took 3.4 minutes
channel: 86 took 3.5 minutes
attempting saving
save success: /projects/p31578/dtf8829/QuestConnect/CHANDAT/chanDat_ECoG20_029.mat
Elapsed time is 215.289546 seconds.
