getting started: 2923
attempting file: 2923
going for OH30 22
data loaded: OH30 22
HFB already done

chan =

     1

Elapsed time is 615.756871 seconds.

chan =

     2

Elapsed time is 599.916247 seconds.

chan =

     3

Elapsed time is 596.811524 seconds.

chan =

     4

Elapsed time is 598.801424 seconds.

chan =

     5

Elapsed time is 595.556632 seconds.

chan =

     6

Elapsed time is 596.856150 seconds.

chan =

     7

Elapsed time is 591.674872 seconds.

chan =

     8

Elapsed time is 593.754604 seconds.

chan =

     9

Elapsed time is 589.010429 seconds.

chan =

    10

Elapsed time is 590.077482 seconds.

chan =

    11

Elapsed time is 588.384902 seconds.

chan =

    12

Elapsed time is 591.340055 seconds.

chan =

    13

Elapsed time is 587.466547 seconds.

chan =

    14

Elapsed time is 595.033874 seconds.

chan =

    15

Elapsed time is 588.305925 seconds.

chan =

    16

Elapsed time is 592.339362 seconds.

chan =

    17

Elapsed time is 585.053022 seconds.

chan =

    18

Elapsed time is 590.822847 seconds.

chan =

    19

Elapsed time is 583.509569 seconds.

chan =

    20

Elapsed time is 587.548318 seconds.

chan =

    21

Elapsed time is 586.981521 seconds.

chan =

    22

Elapsed time is 589.417958 seconds.

chan =

    23

Elapsed time is 587.191396 seconds.

chan =

    24

Elapsed time is 588.692291 seconds.

chan =

    25

Elapsed time is 586.761118 seconds.

chan =

    26

Elapsed time is 586.405970 seconds.

chan =

    27

Elapsed time is 580.643779 seconds.

chan =

    28

Elapsed time is 588.430051 seconds.

chan =

    29

Elapsed time is 583.267801 seconds.

chan =

    30

Elapsed time is 588.224412 seconds.

chan =

    31

Elapsed time is 584.263842 seconds.

chan =

    32

Elapsed time is 590.010428 seconds.

chan =

    33

Elapsed time is 588.028586 seconds.

chan =

    34

Elapsed time is 588.459405 seconds.

chan =

    35

Elapsed time is 584.987748 seconds.

chan =

    36

Elapsed time is 589.704315 seconds.

chan =

    37

Elapsed time is 581.241029 seconds.

chan =

    38

Elapsed time is 586.603970 seconds.

chan =

    39

Elapsed time is 583.233584 seconds.

chan =

    40

Elapsed time is 589.968575 seconds.

chan =

    41

Elapsed time is 584.664048 seconds.

chan =

    42

Elapsed time is 588.786587 seconds.

chan =

    43

Elapsed time is 582.012247 seconds.

chan =

    44

Elapsed time is 585.589491 seconds.

chan =

    45

Elapsed time is 582.009058 seconds.

chan =

    46

Elapsed time is 587.705814 seconds.

chan =

    47

Elapsed time is 582.215957 seconds.

chan =

    48

Elapsed time is 583.910156 seconds.

chan =

    49

Elapsed time is 585.968305 seconds.

chan =

    50

Elapsed time is 591.412525 seconds.

chan =

    51

Elapsed time is 585.609735 seconds.

chan =

    52

Elapsed time is 592.337531 seconds.

chan =

    53

Elapsed time is 586.187378 seconds.

chan =

    54

Elapsed time is 589.253578 seconds.

chan =

    55

Elapsed time is 587.792486 seconds.

chan =

    56

Elapsed time is 589.486837 seconds.

chan =

    57

Elapsed time is 584.076769 seconds.

chan =

    58

Elapsed time is 592.107872 seconds.

chan =

    59

Elapsed time is 581.315778 seconds.

chan =

    60

Elapsed time is 589.728788 seconds.

chan =

    61

Elapsed time is 581.020283 seconds.

chan =

    62

Elapsed time is 590.009935 seconds.

chan =

    63

Elapsed time is 585.217339 seconds.

chan =

    64

Elapsed time is 591.605442 seconds.

chan =

    65

Elapsed time is 581.859700 seconds.

chan =

    66

Elapsed time is 589.504947 seconds.

chan =

    67

Elapsed time is 580.956059 seconds.

chan =

    68

Elapsed time is 590.078816 seconds.

chan =

    69

Elapsed time is 585.147192 seconds.

chan =

    70

Elapsed time is 587.433254 seconds.

chan =

    71

Elapsed time is 584.870028 seconds.

chan =

    72

Elapsed time is 589.059034 seconds.

chan =

    73

Elapsed time is 585.600225 seconds.

chan =

    74

Elapsed time is 590.034757 seconds.

chan =

    75

Elapsed time is 583.333984 seconds.

chan =

    76

Elapsed time is 590.651206 seconds.

chan =

    77

Elapsed time is 582.315618 seconds.

chan =

    78

Elapsed time is 592.328401 seconds.

chan =

    79

Elapsed time is 584.675356 seconds.

chan =

    80

Elapsed time is 588.992137 seconds.

chan =

    81

Elapsed time is 588.017013 seconds.

chan =

    82

Elapsed time is 590.379934 seconds.

chan =

    83

Elapsed time is 587.474207 seconds.

chan =

    84

Elapsed time is 592.121115 seconds.

chan =

    85

Elapsed time is 581.679594 seconds.

chan =

    86

Elapsed time is 587.372471 seconds.

chan =

    87

Elapsed time is 580.601228 seconds.

chan =

    88

Elapsed time is 587.915707 seconds.

chan =

    89

Elapsed time is 587.126192 seconds.

chan =

    90

Elapsed time is 587.534196 seconds.

chan =

    91

Elapsed time is 587.661231 seconds.

chan =

    92

Elapsed time is 593.492033 seconds.

chan =

    93

Elapsed time is 585.415298 seconds.

chan =

    94

Elapsed time is 588.124085 seconds.

chan =

    95

Elapsed time is 588.033702 seconds.

chan =

    96

Elapsed time is 589.622328 seconds.

chan =

    97

Elapsed time is 583.919065 seconds.

chan =

    98

Elapsed time is 590.395394 seconds.

chan =

    99

Elapsed time is 584.043269 seconds.

chan =

   100

Elapsed time is 591.248516 seconds.

chan =

   101

Elapsed time is 585.222060 seconds.

chan =

   102

Elapsed time is 588.465836 seconds.

chan =

   103

Elapsed time is 586.771631 seconds.

chan =

   104

Elapsed time is 587.793847 seconds.

chan =

   105

Elapsed time is 587.917778 seconds.

chan =

   106

Elapsed time is 591.387691 seconds.

chan =

   107

Elapsed time is 590.084176 seconds.

chan =

   108

Elapsed time is 595.701490 seconds.

chan =

   109

Elapsed time is 587.384199 seconds.

chan =

   110

Elapsed time is 578.935689 seconds.

chan =

   111

Elapsed time is 576.363716 seconds.

chan =

   112

Elapsed time is 578.383467 seconds.

chan =

   113

Elapsed time is 578.376536 seconds.

chan =

   114

Elapsed time is 579.065617 seconds.

chan =

   115

Elapsed time is 575.428063 seconds.

chan =

   116

