getting started: 2962
attempting file: 2962
going for OH30 61
data loaded: OH30 61
HFB already done

chan =

     1

Elapsed time is 530.489090 seconds.

chan =

     2

Elapsed time is 530.104160 seconds.

chan =

     3

Elapsed time is 543.310999 seconds.

chan =

     4

Elapsed time is 543.869048 seconds.

chan =

     5

Elapsed time is 546.778148 seconds.

chan =

     6

Elapsed time is 538.241948 seconds.

chan =

     7

Elapsed time is 517.507988 seconds.

chan =

     8

Elapsed time is 499.822983 seconds.

chan =

     9

Elapsed time is 479.153967 seconds.

chan =

    10

Elapsed time is 472.527563 seconds.

chan =

    11

Elapsed time is 474.436132 seconds.

chan =

    12

Elapsed time is 472.725153 seconds.

chan =

    13

Elapsed time is 472.188685 seconds.

chan =

    14

Elapsed time is 476.141432 seconds.

chan =

    15

Elapsed time is 506.578348 seconds.

chan =

    16

Elapsed time is 516.122759 seconds.

chan =

    17

Elapsed time is 514.251258 seconds.

chan =

    18

Elapsed time is 529.084751 seconds.

chan =

    19

Elapsed time is 530.865468 seconds.

chan =

    20

Elapsed time is 543.361903 seconds.

chan =

    21

Elapsed time is 543.996629 seconds.

chan =

    22

Elapsed time is 548.247181 seconds.

chan =

    23

Elapsed time is 538.933620 seconds.

chan =

    24

Elapsed time is 539.461253 seconds.

chan =

    25

Elapsed time is 526.626194 seconds.

chan =

    26

Elapsed time is 546.934375 seconds.

chan =

    27

Elapsed time is 526.112840 seconds.

chan =

    28

Elapsed time is 512.681269 seconds.

chan =

    29

Elapsed time is 489.137795 seconds.

chan =

    30

Elapsed time is 478.061373 seconds.

chan =

    31

Elapsed time is 477.480051 seconds.

chan =

    32

Elapsed time is 477.979305 seconds.

chan =

    33

Elapsed time is 475.219407 seconds.

chan =

    34

Elapsed time is 477.834242 seconds.

chan =

    35

Elapsed time is 477.946395 seconds.

chan =

    36

Elapsed time is 478.259598 seconds.

chan =

    37

Elapsed time is 477.428543 seconds.

chan =

    38

Elapsed time is 477.402283 seconds.

chan =

    39

Elapsed time is 474.524557 seconds.

chan =

    40

Elapsed time is 478.270897 seconds.

chan =

    41

Elapsed time is 477.310089 seconds.

chan =

    42

Elapsed time is 475.377265 seconds.

chan =

    43

Elapsed time is 475.799628 seconds.

chan =

    44

Elapsed time is 473.768941 seconds.

chan =

    45

Elapsed time is 471.930909 seconds.

chan =

    46

Elapsed time is 472.301398 seconds.

chan =

    47

Elapsed time is 472.675278 seconds.

chan =

    48

Elapsed time is 469.505981 seconds.

chan =

    49

Elapsed time is 476.147081 seconds.

chan =

    50

Elapsed time is 476.748471 seconds.

chan =

    51

Elapsed time is 502.391145 seconds.

chan =

    52

Elapsed time is 533.624337 seconds.

chan =

    53

Elapsed time is 518.335994 seconds.

chan =

    54

Elapsed time is 529.575028 seconds.

chan =

    55

Elapsed time is 528.113613 seconds.

chan =

    56

Elapsed time is 503.208054 seconds.

chan =

    57

Elapsed time is 519.109908 seconds.

chan =

    58

Elapsed time is 513.465118 seconds.

chan =

    59

Elapsed time is 458.298394 seconds.

chan =

    60

Elapsed time is 465.446883 seconds.

chan =

    61

Elapsed time is 500.521625 seconds.

chan =

    62

Elapsed time is 501.276137 seconds.

chan =

    63

Elapsed time is 451.704365 seconds.

chan =

    64

Elapsed time is 455.801879 seconds.

chan =

    65

Elapsed time is 456.331337 seconds.

chan =

    66

Elapsed time is 455.850005 seconds.

chan =

    67

Elapsed time is 455.063690 seconds.

chan =

    68

Elapsed time is 456.806786 seconds.

chan =

    69

Elapsed time is 457.710631 seconds.

chan =

    70

Elapsed time is 449.032683 seconds.

chan =

    71

Elapsed time is 442.557556 seconds.

chan =

    72

Elapsed time is 443.158494 seconds.

chan =

    73

Elapsed time is 444.172988 seconds.

chan =

    74

Elapsed time is 445.223803 seconds.

chan =

    75

Elapsed time is 441.753444 seconds.

chan =

    76

Elapsed time is 440.420297 seconds.

chan =

    77

Elapsed time is 438.899904 seconds.

chan =

    78

Elapsed time is 441.699077 seconds.

chan =

    79

Elapsed time is 439.562228 seconds.

chan =

    80

Elapsed time is 440.177878 seconds.

chan =

    81

Elapsed time is 443.343444 seconds.

chan =

    82

Elapsed time is 478.881428 seconds.

chan =

    83

Elapsed time is 481.181579 seconds.

chan =

    84

Elapsed time is 481.081684 seconds.

chan =

    85

Elapsed time is 479.727125 seconds.

chan =

    86

Elapsed time is 477.925616 seconds.

chan =

    87

Elapsed time is 476.443032 seconds.

chan =

    88

Elapsed time is 476.485380 seconds.

chan =

    89

Elapsed time is 478.191751 seconds.

chan =

    90

Elapsed time is 477.950329 seconds.

chan =

    91

Elapsed time is 477.896961 seconds.

chan =

    92

Elapsed time is 475.243768 seconds.

chan =

    93

Elapsed time is 474.850269 seconds.

chan =

    94

Elapsed time is 474.609533 seconds.

chan =

    95

Elapsed time is 476.616628 seconds.

chan =

    96

Elapsed time is 472.271713 seconds.

chan =

    97

Elapsed time is 471.586509 seconds.

chan =

    98

Elapsed time is 471.331087 seconds.

chan =

    99

Elapsed time is 473.068634 seconds.

chan =

   100

Elapsed time is 470.840513 seconds.

chan =

   101

Elapsed time is 470.664628 seconds.

chan =

   102

Elapsed time is 469.960526 seconds.

chan =

   103

Elapsed time is 467.229593 seconds.

chan =

   104

Elapsed time is 462.614648 seconds.

chan =

   105

Elapsed time is 462.213152 seconds.

chan =

   106

Elapsed time is 462.567145 seconds.

chan =

   107

Elapsed time is 461.772026 seconds.

chan =

   108

Elapsed time is 460.487287 seconds.

chan =

   109

Elapsed time is 459.394302 seconds.

chan =

   110

Elapsed time is 460.844875 seconds.

chan =

   111

Elapsed time is 461.972336 seconds.

chan =

   112

Elapsed time is 461.877849 seconds.

chan =

   113

Elapsed time is 463.273619 seconds.

chan =

   114

Elapsed time is 461.401244 seconds.

chan =

   115

Elapsed time is 460.081122 seconds.

chan =

   116

Elapsed time is 458.899390 seconds.

chan =

   117

Elapsed time is 458.866477 seconds.

chan =

   118

Elapsed time is 455.494961 seconds.

chan =

   119

Elapsed time is 463.290580 seconds.

chan =

   120

Elapsed time is 463.290051 seconds.

chan =

   121

Elapsed time is 464.281985 seconds.

chan =

   122

Elapsed time is 463.524744 seconds.

chan =

   123

Elapsed time is 462.336110 seconds.

chan =

   124

Elapsed time is 461.369057 seconds.

chan =

   125

Elapsed time is 463.658696 seconds.

chan =

   126

Elapsed time is 465.083948 seconds.

chan =

   127

Elapsed time is 464.258152 seconds.

chan =

   128

Elapsed time is 461.959336 seconds.

chan =

   129

Elapsed time is 461.811101 seconds.

chan =

   130

Elapsed time is 461.972795 seconds.

chan =

   131

Elapsed time is 459.131179 seconds.

chan =

   132

Elapsed time is 461.672028 seconds.

chan =

   133

Elapsed time is 464.198611 seconds.

chan =

   134

Elapsed time is 465.401174 seconds.

chan =

   135

Elapsed time is 464.088928 seconds.

chan =

   136

Elapsed time is 463.490761 seconds.

chan =

   137

Elapsed time is 461.802326 seconds.

chan =

   138

Elapsed time is 445.678217 seconds.

chan =

   139

Elapsed time is 418.138565 seconds.
attempting saving
save success: /projects/p31578/dtf8829/QuestConnect/CHANDAT/chanDat_OH30_061.mat
working on TF
encoding done
encoding RT done
