getting started: 2932
attempting file: 2932
going for OH30 31
data loaded: OH30 31
HFB already done

chan =

     1

Elapsed time is 410.307917 seconds.

chan =

     2

Elapsed time is 417.455548 seconds.

chan =

     3

Elapsed time is 420.845053 seconds.

chan =

     4

Elapsed time is 415.771136 seconds.

chan =

     5

Elapsed time is 437.519350 seconds.

chan =

     6

Elapsed time is 449.143544 seconds.

chan =

     7

Elapsed time is 442.343100 seconds.

chan =

     8

Elapsed time is 438.326350 seconds.

chan =

     9

Elapsed time is 445.035472 seconds.

chan =

    10

Elapsed time is 437.724331 seconds.

chan =

    11

Elapsed time is 440.599379 seconds.

chan =

    12

Elapsed time is 436.700635 seconds.

chan =

    13

Elapsed time is 434.638929 seconds.

chan =

    14

Elapsed time is 442.472336 seconds.

chan =

    15

Elapsed time is 436.760577 seconds.

chan =

    16

Elapsed time is 431.706530 seconds.

chan =

    17

Elapsed time is 420.940217 seconds.

chan =

    18

Elapsed time is 425.008882 seconds.

chan =

    19

Elapsed time is 434.921552 seconds.

chan =

    20

Elapsed time is 480.250019 seconds.

chan =

    21

Elapsed time is 467.034313 seconds.

chan =

    22

Elapsed time is 462.450401 seconds.

chan =

    23

Elapsed time is 457.554744 seconds.

chan =

    24

Elapsed time is 466.770501 seconds.

chan =

    25

Elapsed time is 479.425597 seconds.

chan =

    26

Elapsed time is 452.115703 seconds.

chan =

    27

Elapsed time is 456.726160 seconds.

chan =

    28

Elapsed time is 433.865120 seconds.

chan =

    29

Elapsed time is 429.455119 seconds.

chan =

    30

Elapsed time is 451.503596 seconds.

chan =

    31

Elapsed time is 433.278827 seconds.

chan =

    32

Elapsed time is 415.391825 seconds.

chan =

    33

Elapsed time is 441.862880 seconds.

chan =

    34

Elapsed time is 463.266188 seconds.

chan =

    35

Elapsed time is 413.873350 seconds.

chan =

    36

Elapsed time is 421.271737 seconds.

chan =

    37

Elapsed time is 415.964455 seconds.

chan =

    38

Elapsed time is 409.336858 seconds.

chan =

    39

Elapsed time is 411.916780 seconds.

chan =

    40

Elapsed time is 414.392497 seconds.

chan =

    41

Elapsed time is 418.331692 seconds.

chan =

    42

Elapsed time is 413.344519 seconds.

chan =

    43

Elapsed time is 418.335924 seconds.

chan =

    44

Elapsed time is 406.842523 seconds.

chan =

    45

Elapsed time is 412.246638 seconds.

chan =

    46

Elapsed time is 410.089539 seconds.

chan =

    47

Elapsed time is 414.978497 seconds.

chan =

    48

Elapsed time is 409.628494 seconds.

chan =

    49

Elapsed time is 420.433501 seconds.

chan =

    50

Elapsed time is 411.461676 seconds.

chan =

    51

Elapsed time is 417.092311 seconds.

chan =

    52

Elapsed time is 413.891703 seconds.

chan =

    53

Elapsed time is 413.879407 seconds.

chan =

    54

Elapsed time is 403.004352 seconds.

chan =

    55

Elapsed time is 409.993305 seconds.

chan =

    56

Elapsed time is 416.239483 seconds.

chan =

    57

Elapsed time is 415.557586 seconds.

chan =

    58

Elapsed time is 412.114962 seconds.

chan =

    59

Elapsed time is 409.749234 seconds.

chan =

    60

Elapsed time is 405.345254 seconds.

chan =

    61

Elapsed time is 400.592451 seconds.

chan =

    62

Elapsed time is 396.126545 seconds.

chan =

    63

Elapsed time is 395.623581 seconds.

chan =

    64

Elapsed time is 394.391630 seconds.

chan =

    65

Elapsed time is 397.279180 seconds.

chan =

    66

Elapsed time is 394.391616 seconds.

chan =

    67

Elapsed time is 396.414362 seconds.

chan =

    68

Elapsed time is 400.736233 seconds.

chan =

    69

Elapsed time is 390.744893 seconds.

chan =

    70

Elapsed time is 390.493116 seconds.

chan =

    71

Elapsed time is 393.940677 seconds.

chan =

    72

Elapsed time is 394.198767 seconds.

chan =

    73

Elapsed time is 391.349883 seconds.

chan =

    74

Elapsed time is 394.427086 seconds.

chan =

    75

Elapsed time is 391.835410 seconds.

chan =

    76

Elapsed time is 391.710931 seconds.

chan =

    77

Elapsed time is 392.442645 seconds.

chan =

    78

Elapsed time is 392.024562 seconds.

chan =

    79

Elapsed time is 385.529078 seconds.

chan =

    80

Elapsed time is 398.219251 seconds.

chan =

    81

Elapsed time is 391.506681 seconds.

chan =

    82

Elapsed time is 390.384131 seconds.

chan =

    83

Elapsed time is 397.436769 seconds.

chan =

    84

Elapsed time is 398.298454 seconds.

chan =

    85

Elapsed time is 390.846171 seconds.

chan =

    86

Elapsed time is 394.562369 seconds.

chan =

    87

Elapsed time is 392.416196 seconds.

chan =

    88

Elapsed time is 393.985183 seconds.

chan =

    89

Elapsed time is 394.179895 seconds.

chan =

    90

Elapsed time is 393.765162 seconds.

chan =

    91

Elapsed time is 397.032474 seconds.

chan =

    92

Elapsed time is 390.885612 seconds.

chan =

    93

Elapsed time is 390.845412 seconds.

chan =

    94

Elapsed time is 383.345311 seconds.

chan =

    95

Elapsed time is 391.344822 seconds.

chan =

    96

Elapsed time is 387.870864 seconds.

chan =

    97

Elapsed time is 386.252862 seconds.

chan =

    98

Elapsed time is 392.822515 seconds.

chan =

    99

Elapsed time is 385.673220 seconds.

chan =

   100

Elapsed time is 394.305403 seconds.

chan =

   101

Elapsed time is 391.661551 seconds.

chan =

   102

Elapsed time is 386.614436 seconds.

chan =

   103

Elapsed time is 394.029505 seconds.

chan =

   104

Elapsed time is 391.310004 seconds.

chan =

   105

Elapsed time is 392.073124 seconds.

chan =

   106

Elapsed time is 383.975625 seconds.

chan =

   107

Elapsed time is 394.822720 seconds.

chan =

   108

Elapsed time is 391.184680 seconds.

chan =

   109

Elapsed time is 389.052500 seconds.

chan =

   110

Elapsed time is 385.667180 seconds.

chan =

   111

Elapsed time is 390.466619 seconds.

chan =

   112

Elapsed time is 384.064937 seconds.

chan =

   113

Elapsed time is 387.109472 seconds.

chan =

   114

Elapsed time is 386.452201 seconds.

chan =

   115

Elapsed time is 447.434114 seconds.

chan =

   116

Elapsed time is 544.295931 seconds.

chan =

   117

Elapsed time is 556.913397 seconds.

chan =

   118

Elapsed time is 541.179674 seconds.

chan =

   119

Elapsed time is 556.370421 seconds.

chan =

   120

Elapsed time is 552.858527 seconds.

chan =

   121

Elapsed time is 553.427809 seconds.

chan =

   122

Elapsed time is 558.327465 seconds.

chan =

   123

Elapsed time is 561.272219 seconds.

chan =

   124

Elapsed time is 535.754879 seconds.

chan =

   125

Elapsed time is 517.878884 seconds.

chan =

   126

Elapsed time is 514.553495 seconds.

chan =

   127

Elapsed time is 511.721667 seconds.

chan =

   128

Elapsed time is 394.794162 seconds.

chan =

   129

Elapsed time is 345.889497 seconds.

chan =

   130

Elapsed time is 351.256311 seconds.

chan =

   131

Elapsed time is 352.154426 seconds.

chan =

   132

Elapsed time is 360.808817 seconds.

chan =

   133

Elapsed time is 359.084252 seconds.

chan =

   134

Elapsed time is 360.727930 seconds.

chan =

   135

Elapsed time is 358.467320 seconds.

chan =

   136

Elapsed time is 354.330238 seconds.

chan =

   137

Elapsed time is 346.293288 seconds.

chan =

   138

Elapsed time is 358.795271 seconds.

chan =

   139

Elapsed time is 351.727041 seconds.
attempting saving
save success: /projects/p31578/dtf8829/QuestConnect/CHANDAT/chanDat_OH30_031.mat
working on TF
encoding done
encoding RT done
