getting started: 2959
attempting file: 2959
going for OH30 58
data loaded: OH30 58
HFB already done

chan =

     1

Elapsed time is 487.125868 seconds.

chan =

     2

Elapsed time is 492.334744 seconds.

chan =

     3

Elapsed time is 483.418078 seconds.

chan =

     4

Elapsed time is 506.721099 seconds.

chan =

     5

Elapsed time is 515.548135 seconds.

chan =

     6

Elapsed time is 516.585440 seconds.

chan =

     7

Elapsed time is 514.570697 seconds.

chan =

     8

Elapsed time is 512.384216 seconds.

chan =

     9

Elapsed time is 509.965324 seconds.

chan =

    10

Elapsed time is 507.175980 seconds.

chan =

    11

Elapsed time is 511.061706 seconds.

chan =

    12

Elapsed time is 508.416321 seconds.

chan =

    13

Elapsed time is 506.900943 seconds.

chan =

    14

Elapsed time is 514.187857 seconds.

chan =

    15

Elapsed time is 510.602006 seconds.

chan =

    16

Elapsed time is 492.796264 seconds.

chan =

    17

Elapsed time is 451.947184 seconds.

chan =

    18

Elapsed time is 523.454592 seconds.

chan =

    19

Elapsed time is 527.897559 seconds.

chan =

    20

Elapsed time is 511.899027 seconds.

chan =

    21

Elapsed time is 530.418340 seconds.

chan =

    22

Elapsed time is 524.719839 seconds.

chan =

    23

Elapsed time is 490.360700 seconds.

chan =

    24

Elapsed time is 507.888031 seconds.

chan =

    25

Elapsed time is 483.892561 seconds.

chan =

    26

Elapsed time is 480.895270 seconds.

chan =

    27

Elapsed time is 473.409430 seconds.

chan =

    28

Elapsed time is 487.408162 seconds.

chan =

    29

Elapsed time is 491.812965 seconds.

chan =

    30

Elapsed time is 497.688685 seconds.

chan =

    31

Elapsed time is 524.213592 seconds.

chan =

    32

Elapsed time is 508.728272 seconds.

chan =

    33

Elapsed time is 474.832844 seconds.

chan =

    34

Elapsed time is 517.250595 seconds.

chan =

    35

Elapsed time is 519.984699 seconds.

chan =

    36

Elapsed time is 493.670585 seconds.

chan =

    37

Elapsed time is 522.361441 seconds.

chan =

    38

Elapsed time is 508.746264 seconds.

chan =

    39

Elapsed time is 475.932262 seconds.

chan =

    40

Elapsed time is 523.202729 seconds.

chan =

    41

Elapsed time is 518.228617 seconds.

chan =

    42

Elapsed time is 507.139729 seconds.

chan =

    43

Elapsed time is 524.603168 seconds.

chan =

    44

Elapsed time is 490.727381 seconds.

chan =

    45

Elapsed time is 448.559557 seconds.

chan =

    46

Elapsed time is 454.651242 seconds.

chan =

    47

Elapsed time is 452.393671 seconds.

chan =

    48

Elapsed time is 449.140423 seconds.

chan =

    49

Elapsed time is 450.100040 seconds.

chan =

    50

Elapsed time is 438.082365 seconds.

chan =

    51

Elapsed time is 438.689054 seconds.

chan =

    52

Elapsed time is 441.550610 seconds.

chan =

    53

Elapsed time is 439.901210 seconds.

chan =

    54

Elapsed time is 440.726692 seconds.

chan =

    55

Elapsed time is 440.066859 seconds.

chan =

    56

Elapsed time is 444.621378 seconds.

chan =

    57

Elapsed time is 441.102598 seconds.

chan =

    58

Elapsed time is 441.009359 seconds.

chan =

    59

Elapsed time is 439.519165 seconds.

chan =

    60

Elapsed time is 436.658900 seconds.

chan =

    61

Elapsed time is 423.509355 seconds.

chan =

    62

Elapsed time is 425.705572 seconds.

chan =

    63

Elapsed time is 426.961410 seconds.

chan =

    64

Elapsed time is 432.266296 seconds.

chan =

    65

Elapsed time is 433.745658 seconds.

chan =

    66

Elapsed time is 436.828142 seconds.

chan =

    67

Elapsed time is 441.219281 seconds.

chan =

    68

Elapsed time is 439.997784 seconds.

chan =

    69

Elapsed time is 439.907615 seconds.

chan =

    70

Elapsed time is 436.206354 seconds.

chan =

    71

Elapsed time is 434.063880 seconds.

chan =

    72

Elapsed time is 420.192232 seconds.

chan =

    73

Elapsed time is 416.463519 seconds.

chan =

    74

Elapsed time is 417.831208 seconds.

chan =

    75

Elapsed time is 411.853858 seconds.

chan =

    76

Elapsed time is 414.964548 seconds.

chan =

    77

Elapsed time is 414.897688 seconds.

chan =

    78

Elapsed time is 414.137023 seconds.

chan =

    79

Elapsed time is 409.117862 seconds.

chan =

    80

Elapsed time is 412.289381 seconds.

chan =

    81

Elapsed time is 411.613822 seconds.

chan =

    82

Elapsed time is 410.956399 seconds.

chan =

    83

Elapsed time is 413.632468 seconds.

chan =

    84

Elapsed time is 417.917562 seconds.

chan =

    85

Elapsed time is 421.987773 seconds.

chan =

    86

Elapsed time is 418.023778 seconds.

chan =

    87

Elapsed time is 420.242379 seconds.

chan =

    88

Elapsed time is 424.856670 seconds.

chan =

    89

Elapsed time is 425.203045 seconds.

chan =

    90

Elapsed time is 425.082905 seconds.

chan =

    91

Elapsed time is 420.697418 seconds.

chan =

    92

Elapsed time is 420.372628 seconds.

chan =

    93

Elapsed time is 421.579865 seconds.

chan =

    94

Elapsed time is 419.412435 seconds.

chan =

    95

Elapsed time is 422.153646 seconds.

chan =

    96

Elapsed time is 422.155893 seconds.

chan =

    97

Elapsed time is 421.968530 seconds.

chan =

    98

Elapsed time is 420.883788 seconds.

chan =

    99

Elapsed time is 420.963442 seconds.

chan =

   100

Elapsed time is 391.784818 seconds.

chan =

   101

Elapsed time is 387.443757 seconds.

chan =

   102

Elapsed time is 384.585820 seconds.

chan =

   103

Elapsed time is 385.890262 seconds.

chan =

   104

Elapsed time is 386.026647 seconds.

chan =

   105

Elapsed time is 383.845031 seconds.

chan =

   106

Elapsed time is 384.791810 seconds.

chan =

   107

Elapsed time is 383.967607 seconds.

chan =

   108

Elapsed time is 383.588940 seconds.

chan =

   109

Elapsed time is 382.252605 seconds.

chan =

   110

Elapsed time is 383.147806 seconds.

chan =

   111

Elapsed time is 382.334584 seconds.

chan =

   112

Elapsed time is 385.751059 seconds.

chan =

   113

Elapsed time is 385.514949 seconds.

chan =

   114

Elapsed time is 384.826922 seconds.

chan =

   115

Elapsed time is 383.139747 seconds.

chan =

   116

Elapsed time is 385.090838 seconds.

chan =

   117

Elapsed time is 385.392121 seconds.

chan =

   118

Elapsed time is 381.315824 seconds.

chan =

   119

Elapsed time is 386.816217 seconds.

chan =

   120

Elapsed time is 388.501672 seconds.

chan =

   121

Elapsed time is 387.940411 seconds.

chan =

   122

Elapsed time is 388.038942 seconds.

chan =

   123

Elapsed time is 384.654188 seconds.

chan =

   124

Elapsed time is 387.340169 seconds.

chan =

   125

Elapsed time is 378.680374 seconds.

chan =

   126

Elapsed time is 371.669129 seconds.

chan =

   127

Elapsed time is 355.134895 seconds.

chan =

   128

Elapsed time is 343.636657 seconds.

chan =

   129

Elapsed time is 338.435405 seconds.

chan =

   130

Elapsed time is 342.701906 seconds.

chan =

   131

Elapsed time is 336.427795 seconds.

chan =

   132

Elapsed time is 566.414724 seconds.

chan =

   133

Elapsed time is 612.833845 seconds.

chan =

   134

Elapsed time is 615.203742 seconds.

chan =

   135

Elapsed time is 611.975889 seconds.

chan =

   136

Elapsed time is 612.665089 seconds.

chan =

   137

Elapsed time is 608.253687 seconds.

chan =

   138

Elapsed time is 609.337906 seconds.

chan =

   139

Elapsed time is 603.061578 seconds.
attempting saving
save success: /projects/p31578/dtf8829/QuestConnect/CHANDAT/chanDat_OH30_058.mat
working on TF
encoding done
encoding RT done
