getting started: 2700
attempting file: 2700
going for NM04 63
data loaded: NM04 63
HFB already done

chan =

     1

Elapsed time is 253.019826 seconds.

chan =

     2

Elapsed time is 254.000176 seconds.

chan =

     3

Elapsed time is 258.967329 seconds.

chan =

     4

Elapsed time is 258.360411 seconds.

chan =

     5

Elapsed time is 256.638775 seconds.

chan =

     6

Elapsed time is 256.458013 seconds.

chan =

     7

Elapsed time is 244.088704 seconds.

chan =

     8

Elapsed time is 255.840449 seconds.

chan =

     9

Elapsed time is 270.615931 seconds.

chan =

    10

Elapsed time is 285.495501 seconds.

chan =

    11

Elapsed time is 285.863772 seconds.

chan =

    12

Elapsed time is 282.786766 seconds.

chan =

    13

Elapsed time is 290.554601 seconds.

chan =

    14

Elapsed time is 307.967934 seconds.

chan =

    15

Elapsed time is 305.712930 seconds.

chan =

    16

Elapsed time is 307.559392 seconds.

chan =

    17

Elapsed time is 304.671855 seconds.

chan =

    18

Elapsed time is 308.697877 seconds.

chan =

    19

Elapsed time is 304.758388 seconds.

chan =

    20

Elapsed time is 308.127222 seconds.

chan =

    21

Elapsed time is 303.253052 seconds.

chan =

    22

Elapsed time is 307.838890 seconds.

chan =

    23

Elapsed time is 306.265893 seconds.

chan =

    24

Elapsed time is 307.749245 seconds.

chan =

    25

Elapsed time is 304.647707 seconds.

chan =

    26

Elapsed time is 308.156524 seconds.

chan =

    27

Elapsed time is 303.635319 seconds.

chan =

    28

Elapsed time is 303.639586 seconds.

chan =

    29

Elapsed time is 302.974483 seconds.

chan =

    30

Elapsed time is 303.653584 seconds.

chan =

    31

Elapsed time is 285.120614 seconds.

chan =

    32

Elapsed time is 297.274119 seconds.

chan =

    33

Elapsed time is 282.869687 seconds.

chan =

    34

Elapsed time is 295.739917 seconds.

chan =

    35

Elapsed time is 287.273326 seconds.

chan =

    36

Elapsed time is 291.679868 seconds.

chan =

    37

Elapsed time is 281.188832 seconds.

chan =

    38

Elapsed time is 283.156824 seconds.

chan =

    39

Elapsed time is 279.721427 seconds.

chan =

    40

Elapsed time is 302.249409 seconds.

chan =

    41

Elapsed time is 298.743839 seconds.

chan =

    42

Elapsed time is 282.564694 seconds.

chan =

    43

Elapsed time is 298.328238 seconds.

chan =

    44

Elapsed time is 299.825589 seconds.

chan =

    45

Elapsed time is 292.003749 seconds.

chan =

    46

Elapsed time is 299.930262 seconds.

chan =

    47

Elapsed time is 302.371199 seconds.

chan =

    48

Elapsed time is 299.082128 seconds.

chan =

    49

Elapsed time is 290.992841 seconds.

chan =

    50

Elapsed time is 289.989823 seconds.

chan =

    51

Elapsed time is 298.759729 seconds.

chan =

    52

Elapsed time is 350.672962 seconds.

chan =

    53

Elapsed time is 363.712798 seconds.

chan =

    54

Elapsed time is 366.598897 seconds.

chan =

    55

Elapsed time is 367.062533 seconds.

chan =

    56

Elapsed time is 366.982591 seconds.

chan =

    57

Elapsed time is 364.185635 seconds.

chan =

    58

Elapsed time is 369.592587 seconds.

chan =

    59

Elapsed time is 363.773411 seconds.

chan =

    60

Elapsed time is 367.468297 seconds.

chan =

    61

Elapsed time is 356.363867 seconds.

chan =

    62

Elapsed time is 365.682380 seconds.

chan =

    63

Elapsed time is 365.717925 seconds.

chan =

    64

Elapsed time is 366.156944 seconds.

chan =

    65

Elapsed time is 359.968847 seconds.

chan =

    66

Elapsed time is 365.171267 seconds.

chan =

    67

Elapsed time is 365.838264 seconds.

chan =

    68

Elapsed time is 367.384737 seconds.

chan =

    69

Elapsed time is 365.307762 seconds.

chan =

    70

Elapsed time is 358.368055 seconds.

chan =

    71

Elapsed time is 363.867186 seconds.

chan =

    72

Elapsed time is 369.259515 seconds.

chan =

    73

Elapsed time is 364.470832 seconds.

chan =

    74

Elapsed time is 367.889186 seconds.

chan =

    75

Elapsed time is 364.392919 seconds.

chan =

    76

Elapsed time is 367.756508 seconds.

chan =

    77

Elapsed time is 365.170483 seconds.

chan =

    78

Elapsed time is 367.530306 seconds.

chan =

    79

Elapsed time is 367.413009 seconds.

chan =

    80

Elapsed time is 367.368947 seconds.

chan =

    81

Elapsed time is 362.970121 seconds.

chan =

    82

Elapsed time is 371.774343 seconds.

chan =

    83

Elapsed time is 365.171096 seconds.

chan =

    84

Elapsed time is 369.344729 seconds.

chan =

    85

Elapsed time is 366.964110 seconds.

chan =

    86

Elapsed time is 371.714665 seconds.

chan =

    87

Elapsed time is 362.104829 seconds.

chan =

    88

Elapsed time is 370.599145 seconds.

chan =

    89

Elapsed time is 372.266057 seconds.

chan =

    90

Elapsed time is 370.819221 seconds.

chan =

    91

Elapsed time is 359.120967 seconds.
attempting saving
save success: /projects/p31578/dtf8829/QuestConnect/CHANDAT/chanDat_NM04_063.mat
working on TF
encoding done
encoding RT done
retrieval 1 done
retrieval 2 done
attempting saving
save success: /projects/p31578/dtf8829/QuestConnect/CHANDAT/chanDat_NM04_063.mat
working on ISPC
channel: 1 took 0 minutes
channel: 2 took 0 minutes
channel: 3 took 0 minutes
channel: 4 took 0 minutes
channel: 5 took 0 minutes
channel: 6 took 0 minutes
channel: 7 took 0 minutes
channel: 8 took 0 minutes
channel: 9 took 0 minutes
channel: 10 took 0 minutes
channel: 11 took 0 minutes
channel: 12 took 0 minutes
channel: 13 took 0 minutes
channel: 14 took 0 minutes
channel: 15 took 0 minutes
channel: 16 took 0 minutes
channel: 17 took 0 minutes
channel: 18 took 0 minutes
channel: 19 took 0 minutes
channel: 20 took 0 minutes
channel: 21 took 0 minutes
channel: 22 took 0 minutes
channel: 23 took 0 minutes
channel: 24 took 0 minutes
channel: 25 took 0 minutes
channel: 26 took 0 minutes
channel: 27 took 0 minutes
channel: 28 took 0 minutes
channel: 29 took 0 minutes
channel: 30 took 0 minutes
channel: 31 took 0 minutes
channel: 32 took 0 minutes
channel: 33 took 0 minutes
channel: 34 took 0 minutes
channel: 35 took 0 minutes
channel: 36 took 0 minutes
channel: 37 took 0 minutes
channel: 38 took 0 minutes
channel: 39 took 0 minutes
channel: 40 took 0 minutes
channel: 41 took 0 minutes
channel: 42 took 0 minutes
channel: 43 took 0 minutes
channel: 44 took 0 minutes
channel: 45 took 0 minutes
channel: 46 took 0 minutes
channel: 47 took 0 minutes
channel: 48 took 0 minutes
channel: 49 took 0 minutes
channel: 50 took 0 minutes
channel: 51 took 0 minutes
channel: 52 took 0 minutes
channel: 53 took 0 minutes
channel: 54 took 0 minutes
channel: 55 took 0 minutes
channel: 56 took 0 minutes
channel: 57 took 0 minutes
channel: 58 took 0 minutes
channel: 59 took 0 minutes
channel: 60 took 0 minutes
channel: 61 took 0 minutes
channel: 62 took 0 minutes
channel: 63 took 0 minutes
channel: 64 took 5.1 minutes
channel: 65 took 5 minutes
channel: 66 took 4.9 minutes
channel: 67 took 4.9 minutes
channel: 68 took 4.9 minutes
channel: 69 took 5 minutes
channel: 70 took 5 minutes
channel: 71 took 4.9 minutes
channel: 72 took 4.9 minutes
channel: 73 took 4.7 minutes
channel: 74 took 4.9 minutes
channel: 75 took 4.9 minutes
channel: 76 took 4.8 minutes
channel: 77 took 4.9 minutes
channel: 78 took 4.7 minutes
channel: 79 took 4.8 minutes
channel: 80 took 5 minutes
channel: 81 took 5 minutes
channel: 82 took 4.9 minutes
channel: 83 took 4.9 minutes
channel: 84 took 4.9 minutes
channel: 85 took 4.9 minutes
channel: 86 took 4.9 minutes
channel: 87 took 4.9 minutes
channel: 88 took 4.9 minutes
channel: 89 took 4.9 minutes
channel: 90 took 4.7 minutes
channel: 91 took 4.4 minutes
attempting saving
save success: /projects/p31578/dtf8829/QuestConnect/CHANDAT/chanDat_NM04_063.mat
Elapsed time is 269.045187 seconds.
