getting started: 2916
attempting file: 2916
going for OH30 15
data loaded: OH30 15
HFB already done

chan =

     1

Elapsed time is 609.031522 seconds.

chan =

     2

Elapsed time is 594.926298 seconds.

chan =

     3

Elapsed time is 589.691866 seconds.

chan =

     4

Elapsed time is 590.468121 seconds.

chan =

     5

Elapsed time is 588.199796 seconds.

chan =

     6

Elapsed time is 587.287435 seconds.

chan =

     7

Elapsed time is 588.293814 seconds.

chan =

     8

Elapsed time is 587.429548 seconds.

chan =

     9

Elapsed time is 586.760882 seconds.

chan =

    10

Elapsed time is 583.745355 seconds.

chan =

    11

Elapsed time is 586.884922 seconds.

chan =

    12

Elapsed time is 589.122711 seconds.

chan =

    13

Elapsed time is 589.925429 seconds.

chan =

    14

Elapsed time is 588.072288 seconds.

chan =

    15

Elapsed time is 586.332506 seconds.

chan =

    16

Elapsed time is 588.800388 seconds.

chan =

    17

Elapsed time is 584.645965 seconds.

chan =

    18

Elapsed time is 588.004289 seconds.

chan =

    19

Elapsed time is 584.790774 seconds.

chan =

    20

Elapsed time is 587.404054 seconds.

chan =

    21

Elapsed time is 588.705446 seconds.

chan =

    22

Elapsed time is 588.486050 seconds.

chan =

    23

Elapsed time is 590.495324 seconds.

chan =

    24

Elapsed time is 586.233149 seconds.

chan =

    25

Elapsed time is 589.474290 seconds.

chan =

    26

Elapsed time is 584.223270 seconds.

chan =

    27

Elapsed time is 578.885002 seconds.

chan =

    28

Elapsed time is 584.120459 seconds.

chan =

    29

Elapsed time is 582.561382 seconds.

chan =

    30

Elapsed time is 582.273209 seconds.

chan =

    31

Elapsed time is 582.582710 seconds.

chan =

    32

Elapsed time is 584.413351 seconds.

chan =

    33

Elapsed time is 585.173756 seconds.

chan =

    34

Elapsed time is 583.977671 seconds.

chan =

    35

Elapsed time is 583.837486 seconds.

chan =

    36

Elapsed time is 583.585673 seconds.

chan =

    37

Elapsed time is 582.200493 seconds.

chan =

    38

Elapsed time is 577.456534 seconds.

chan =

    39

Elapsed time is 578.934848 seconds.

chan =

    40

Elapsed time is 584.479347 seconds.

chan =

    41

Elapsed time is 582.887413 seconds.

chan =

    42

Elapsed time is 583.865915 seconds.

chan =

    43

Elapsed time is 581.297595 seconds.

chan =

    44

Elapsed time is 582.838000 seconds.

chan =

    45

Elapsed time is 578.997050 seconds.

chan =

    46

Elapsed time is 582.828333 seconds.

chan =

    47

Elapsed time is 577.128159 seconds.

chan =

    48

Elapsed time is 577.455706 seconds.

chan =

    49

Elapsed time is 582.901256 seconds.

chan =

    50

Elapsed time is 583.418248 seconds.

chan =

    51

Elapsed time is 586.060717 seconds.

chan =

    52

Elapsed time is 584.640219 seconds.

chan =

    53

Elapsed time is 583.320492 seconds.

chan =

    54

Elapsed time is 582.867357 seconds.

chan =

    55

Elapsed time is 583.216031 seconds.

chan =

    56

Elapsed time is 583.072325 seconds.

chan =

    57

Elapsed time is 581.040026 seconds.

chan =

    58

Elapsed time is 580.602297 seconds.

chan =

    59

Elapsed time is 578.925343 seconds.

chan =

    60

Elapsed time is 578.404923 seconds.

chan =

    61

Elapsed time is 576.788404 seconds.

chan =

    62

Elapsed time is 578.112641 seconds.

chan =

    63

Elapsed time is 575.426841 seconds.

chan =

    64

Elapsed time is 581.564776 seconds.

chan =

    65

Elapsed time is 582.592527 seconds.

chan =

    66

Elapsed time is 575.985360 seconds.

chan =

    67

Elapsed time is 577.433253 seconds.

chan =

    68

Elapsed time is 585.345943 seconds.

chan =

    69

Elapsed time is 581.645270 seconds.

chan =

    70

Elapsed time is 580.193525 seconds.

chan =

    71

Elapsed time is 583.196568 seconds.

chan =

    72

Elapsed time is 584.101393 seconds.

chan =

    73

Elapsed time is 584.727805 seconds.

chan =

    74

Elapsed time is 584.128026 seconds.

chan =

    75

Elapsed time is 580.963773 seconds.

chan =

    76

Elapsed time is 582.863710 seconds.

chan =

    77

Elapsed time is 579.351863 seconds.

chan =

    78

Elapsed time is 582.323277 seconds.

chan =

    79

Elapsed time is 584.650456 seconds.

chan =

    80

Elapsed time is 582.027143 seconds.

chan =

    81

Elapsed time is 581.603751 seconds.

chan =

    82

Elapsed time is 584.683020 seconds.

chan =

    83

Elapsed time is 583.756419 seconds.

chan =

    84

Elapsed time is 585.407630 seconds.

chan =

    85

Elapsed time is 585.458065 seconds.

chan =

    86

Elapsed time is 577.652038 seconds.

chan =

    87

Elapsed time is 578.721989 seconds.

chan =

    88

Elapsed time is 580.728008 seconds.

chan =

    89

Elapsed time is 582.850269 seconds.

chan =

    90

Elapsed time is 581.425300 seconds.

chan =

    91

Elapsed time is 581.394689 seconds.

chan =

    92

Elapsed time is 587.090982 seconds.

chan =

    93

Elapsed time is 584.023481 seconds.

chan =

    94

Elapsed time is 579.116050 seconds.

chan =

    95

Elapsed time is 587.615876 seconds.

chan =

    96

Elapsed time is 589.239634 seconds.

chan =

    97

Elapsed time is 584.783121 seconds.

chan =

    98

Elapsed time is 586.025642 seconds.

chan =

    99

Elapsed time is 582.457517 seconds.

chan =

   100

Elapsed time is 587.548007 seconds.

chan =

   101

Elapsed time is 582.090233 seconds.

chan =

   102

Elapsed time is 586.666348 seconds.

chan =

   103

Elapsed time is 581.688589 seconds.

chan =

   104

Elapsed time is 587.422460 seconds.

chan =

   105

Elapsed time is 581.931009 seconds.

chan =

   106

Elapsed time is 583.511975 seconds.

chan =

   107

Elapsed time is 587.066490 seconds.

chan =

   108

Elapsed time is 586.970152 seconds.

chan =

   109

Elapsed time is 586.130313 seconds.

chan =

   110

Elapsed time is 586.236599 seconds.

chan =

   111

Elapsed time is 571.353684 seconds.

chan =

   112

Elapsed time is 576.895392 seconds.

chan =

   113

Elapsed time is 573.098259 seconds.

chan =

   114

Elapsed time is 576.923320 seconds.

chan =

   115

Elapsed time is 571.653281 seconds.

chan =

   116

Elapsed time is 571.196592 seconds.

chan =

   117

