getting started: 2833
attempting file: 2833
going for OH27 39
data loaded: OH27 39
HFB already done

chan =

     1

Elapsed time is 245.780494 seconds.

chan =

     2

Elapsed time is 244.441492 seconds.

chan =

     3

Elapsed time is 244.713581 seconds.

chan =

     4

Elapsed time is 241.498279 seconds.

chan =

     5

Elapsed time is 239.282142 seconds.

chan =

     6

Elapsed time is 242.726838 seconds.

chan =

     7

Elapsed time is 242.682422 seconds.

chan =

     8

Elapsed time is 239.439089 seconds.

chan =

     9

Elapsed time is 242.417256 seconds.

chan =

    10

Elapsed time is 243.011618 seconds.

chan =

    11

Elapsed time is 241.545126 seconds.

chan =

    12

Elapsed time is 241.964563 seconds.

chan =

    13

Elapsed time is 243.041115 seconds.

chan =

    14

Elapsed time is 243.658607 seconds.

chan =

    15

Elapsed time is 247.045232 seconds.

chan =

    16

Elapsed time is 240.241569 seconds.

chan =

    17

Elapsed time is 239.233162 seconds.

chan =

    18

Elapsed time is 242.424443 seconds.

chan =

    19

Elapsed time is 240.713938 seconds.

chan =

    20

Elapsed time is 236.332540 seconds.

chan =

    21

Elapsed time is 239.079240 seconds.

chan =

    22

Elapsed time is 237.004706 seconds.

chan =

    23

Elapsed time is 239.066070 seconds.

chan =

    24

Elapsed time is 236.461289 seconds.

chan =

    25

Elapsed time is 239.585039 seconds.

chan =

    26

Elapsed time is 235.613975 seconds.

chan =

    27

Elapsed time is 238.411067 seconds.

chan =

    28

Elapsed time is 236.930351 seconds.

chan =

    29

Elapsed time is 236.688361 seconds.

chan =

    30

Elapsed time is 235.753093 seconds.

chan =

    31

Elapsed time is 242.099415 seconds.

chan =

    32

Elapsed time is 246.280753 seconds.

chan =

    33

Elapsed time is 248.289576 seconds.

chan =

    34

Elapsed time is 235.615825 seconds.

chan =

    35

Elapsed time is 242.851445 seconds.

chan =

    36

Elapsed time is 236.605952 seconds.

chan =

    37

Elapsed time is 244.580678 seconds.

chan =

    38

Elapsed time is 244.287833 seconds.

chan =

    39

Elapsed time is 245.500850 seconds.

chan =

    40

Elapsed time is 234.758703 seconds.

chan =

    41

Elapsed time is 235.713816 seconds.

chan =

    42

Elapsed time is 240.160869 seconds.

chan =

    43

Elapsed time is 235.559573 seconds.

chan =

    44

Elapsed time is 236.568099 seconds.

chan =

    45

Elapsed time is 235.261549 seconds.

chan =

    46

Elapsed time is 231.770312 seconds.

chan =

    47

Elapsed time is 235.945965 seconds.

chan =

    48

Elapsed time is 233.552654 seconds.

chan =

    49

Elapsed time is 234.517628 seconds.

chan =

    50

Elapsed time is 230.811767 seconds.

chan =

    51

Elapsed time is 233.430577 seconds.

chan =

    52

Elapsed time is 236.059628 seconds.

chan =

    53

Elapsed time is 233.614753 seconds.

chan =

    54

Elapsed time is 229.091672 seconds.

chan =

    55

Elapsed time is 228.499822 seconds.

chan =

    56

Elapsed time is 230.530212 seconds.

chan =

    57

Elapsed time is 229.943725 seconds.

chan =

    58

Elapsed time is 234.144823 seconds.

chan =

    59

Elapsed time is 235.722968 seconds.

chan =

    60

Elapsed time is 231.550653 seconds.

chan =

    61

Elapsed time is 235.801843 seconds.

chan =

    62

Elapsed time is 233.584898 seconds.

chan =

    63

Elapsed time is 234.987591 seconds.

chan =

    64

Elapsed time is 236.221304 seconds.

chan =

    65

Elapsed time is 236.635826 seconds.

chan =

    66

Elapsed time is 230.229278 seconds.

chan =

    67

Elapsed time is 230.275789 seconds.

chan =

    68

Elapsed time is 232.810525 seconds.

chan =

    69

Elapsed time is 233.468438 seconds.

chan =

    70

Elapsed time is 236.689011 seconds.

chan =

    71

Elapsed time is 237.388553 seconds.

chan =

    72

Elapsed time is 238.657017 seconds.

chan =

    73

Elapsed time is 236.407189 seconds.

chan =

    74

Elapsed time is 237.044343 seconds.

chan =

    75

Elapsed time is 236.761387 seconds.

chan =

    76

Elapsed time is 235.556552 seconds.

chan =

    77

Elapsed time is 236.612281 seconds.

chan =

    78

Elapsed time is 237.484453 seconds.

chan =

    79

Elapsed time is 237.054246 seconds.

chan =

    80

Elapsed time is 232.697359 seconds.

chan =

    81

Elapsed time is 236.258819 seconds.

chan =

    82

Elapsed time is 238.808275 seconds.

chan =

    83

Elapsed time is 236.795086 seconds.

chan =

    84

Elapsed time is 233.928072 seconds.

chan =

    85

Elapsed time is 237.842453 seconds.

chan =

    86

Elapsed time is 233.585779 seconds.

chan =

    87

Elapsed time is 232.296960 seconds.

chan =

    88

Elapsed time is 229.864851 seconds.

chan =

    89

Elapsed time is 228.461008 seconds.

chan =

    90

Elapsed time is 228.682960 seconds.

chan =

    91

Elapsed time is 228.539232 seconds.

chan =

    92

Elapsed time is 230.009476 seconds.

chan =

    93

Elapsed time is 232.353138 seconds.

chan =

    94

Elapsed time is 229.004671 seconds.

chan =

    95

Elapsed time is 230.239810 seconds.

chan =

    96

Elapsed time is 233.004295 seconds.

chan =

    97

Elapsed time is 234.507889 seconds.

chan =

    98

Elapsed time is 229.644866 seconds.

chan =

    99

Elapsed time is 230.354586 seconds.

chan =

   100

Elapsed time is 232.326982 seconds.

chan =

   101

Elapsed time is 239.075633 seconds.

chan =

   102

Elapsed time is 241.696217 seconds.

chan =

   103

Elapsed time is 241.439413 seconds.

chan =

   104

Elapsed time is 240.374848 seconds.

chan =

   105

Elapsed time is 241.338261 seconds.

chan =

   106

Elapsed time is 237.197415 seconds.

