getting started: 2812
attempting file: 2812
going for OH27 18
data loaded: OH27 18
HFB already done

chan =

     1

Elapsed time is 241.405614 seconds.

chan =

     2

Elapsed time is 239.207631 seconds.

chan =

     3

Elapsed time is 247.851979 seconds.

chan =

     4

Elapsed time is 245.740465 seconds.

chan =

     5

Elapsed time is 231.686185 seconds.

chan =

     6

Elapsed time is 219.364237 seconds.

chan =

     7

Elapsed time is 243.690893 seconds.

chan =

     8

Elapsed time is 257.859399 seconds.

chan =

     9

Elapsed time is 254.499045 seconds.

chan =

    10

Elapsed time is 257.210952 seconds.

chan =

    11

Elapsed time is 271.392998 seconds.

chan =

    12

Elapsed time is 269.054854 seconds.

chan =

    13

Elapsed time is 269.359890 seconds.

chan =

    14

Elapsed time is 269.222135 seconds.

chan =

    15

Elapsed time is 256.963499 seconds.

chan =

    16

Elapsed time is 260.917498 seconds.

chan =

    17

Elapsed time is 261.351592 seconds.

chan =

    18

Elapsed time is 257.810104 seconds.

chan =

    19

Elapsed time is 259.614978 seconds.

chan =

    20

Elapsed time is 261.164227 seconds.

chan =

    21

Elapsed time is 260.936581 seconds.

chan =

    22

Elapsed time is 262.607769 seconds.

chan =

    23

Elapsed time is 264.309577 seconds.

chan =

    24

Elapsed time is 258.059807 seconds.

chan =

    25

Elapsed time is 262.712416 seconds.

chan =

    26

Elapsed time is 259.420517 seconds.

chan =

    27

Elapsed time is 262.554852 seconds.

chan =

    28

Elapsed time is 260.619981 seconds.

chan =

    29

Elapsed time is 259.634009 seconds.

chan =

    30

Elapsed time is 261.099268 seconds.

chan =

    31

Elapsed time is 257.784510 seconds.

chan =

    32

Elapsed time is 265.822214 seconds.

chan =

    33

Elapsed time is 277.071083 seconds.

chan =

    34

Elapsed time is 274.329882 seconds.

chan =

    35

Elapsed time is 276.502062 seconds.

chan =

    36

Elapsed time is 275.421335 seconds.

chan =

    37

Elapsed time is 268.712523 seconds.

chan =

    38

Elapsed time is 265.098879 seconds.

chan =

    39

Elapsed time is 276.435022 seconds.

chan =

    40

Elapsed time is 267.452920 seconds.

chan =

    41

Elapsed time is 279.043262 seconds.

chan =

    42

Elapsed time is 272.884016 seconds.

chan =

    43

Elapsed time is 250.776239 seconds.

chan =

    44

Elapsed time is 273.542486 seconds.

chan =

    45

Elapsed time is 275.894453 seconds.

chan =

    46

Elapsed time is 275.274240 seconds.

chan =

    47

Elapsed time is 267.296291 seconds.

chan =

    48

Elapsed time is 263.598596 seconds.

chan =

    49

Elapsed time is 253.060458 seconds.

chan =

    50

Elapsed time is 255.101838 seconds.

chan =

    51

Elapsed time is 256.625818 seconds.

chan =

    52

Elapsed time is 252.497609 seconds.

chan =

    53

Elapsed time is 251.591584 seconds.

chan =

    54

Elapsed time is 252.880331 seconds.

chan =

    55

Elapsed time is 251.962752 seconds.

chan =

    56

Elapsed time is 249.544360 seconds.

chan =

    57

Elapsed time is 257.519716 seconds.

chan =

    58

Elapsed time is 260.714689 seconds.

chan =

    59

Elapsed time is 265.069300 seconds.

chan =

    60

Elapsed time is 260.117481 seconds.

chan =

    61

Elapsed time is 253.955662 seconds.

chan =

    62

Elapsed time is 254.050220 seconds.

chan =

    63

Elapsed time is 254.879123 seconds.

chan =

    64

Elapsed time is 249.247634 seconds.

chan =

    65

Elapsed time is 251.772524 seconds.

chan =

    66

Elapsed time is 252.980213 seconds.

chan =

    67

Elapsed time is 257.230250 seconds.

chan =

    68

Elapsed time is 255.921990 seconds.

chan =

    69

Elapsed time is 250.186142 seconds.

chan =

    70

Elapsed time is 253.330026 seconds.

chan =

    71

Elapsed time is 252.281395 seconds.

chan =

    72

Elapsed time is 252.245159 seconds.

chan =

    73

Elapsed time is 255.245322 seconds.

chan =

    74

Elapsed time is 249.385888 seconds.

chan =

    75

Elapsed time is 254.203113 seconds.

chan =

    76

Elapsed time is 244.865624 seconds.

chan =

    77

Elapsed time is 245.759749 seconds.

chan =

    78

Elapsed time is 248.238194 seconds.

chan =

    79

Elapsed time is 248.813922 seconds.

chan =

    80

Elapsed time is 249.182833 seconds.

chan =

    81

Elapsed time is 251.800583 seconds.

chan =

    82

Elapsed time is 247.960249 seconds.

chan =

    83

Elapsed time is 249.342805 seconds.

chan =

    84

Elapsed time is 244.606722 seconds.

chan =

    85

Elapsed time is 249.000186 seconds.

chan =

    86

Elapsed time is 245.227140 seconds.

chan =

    87

Elapsed time is 246.682625 seconds.

chan =

    88

Elapsed time is 245.144326 seconds.

chan =

    89

Elapsed time is 248.293961 seconds.

chan =

    90

Elapsed time is 251.351397 seconds.

chan =

    91

Elapsed time is 248.473580 seconds.

chan =

    92

Elapsed time is 248.478438 seconds.

chan =

    93

Elapsed time is 251.108483 seconds.

chan =

    94

Elapsed time is 250.198943 seconds.

chan =

    95

Elapsed time is 251.565092 seconds.

chan =

    96

Elapsed time is 250.776736 seconds.

chan =

    97

Elapsed time is 251.163628 seconds.

chan =

    98

Elapsed time is 247.028867 seconds.

chan =

    99

Elapsed time is 246.081621 seconds.

chan =

   100

Elapsed time is 247.523048 seconds.

chan =

   101

Elapsed time is 253.257549 seconds.

chan =

   102

Elapsed time is 252.664629 seconds.

chan =

   103

Elapsed time is 254.106408 seconds.

chan =

   104

Elapsed time is 253.505442 seconds.

chan =

   105

Elapsed time is 248.661257 seconds.

chan =

   106

Elapsed time is 243.141295 seconds.

