getting started: 2920
attempting file: 2920
going for OH30 19
data loaded: OH30 19
HFB already done

chan =

     1

Elapsed time is 617.827813 seconds.

chan =

     2

Elapsed time is 603.213872 seconds.

chan =

     3

Elapsed time is 599.543123 seconds.

chan =

     4

Elapsed time is 599.991185 seconds.

chan =

     5

Elapsed time is 594.466328 seconds.

chan =

     6

Elapsed time is 597.348126 seconds.

chan =

     7

Elapsed time is 594.238379 seconds.

chan =

     8

Elapsed time is 599.013577 seconds.

chan =

     9

Elapsed time is 598.982147 seconds.

chan =

    10

Elapsed time is 595.578058 seconds.

chan =

    11

Elapsed time is 595.306517 seconds.

chan =

    12

Elapsed time is 596.010089 seconds.

chan =

    13

Elapsed time is 592.353624 seconds.

chan =

    14

Elapsed time is 598.376879 seconds.

chan =

    15

Elapsed time is 590.946881 seconds.

chan =

    16

Elapsed time is 593.129744 seconds.

chan =

    17

Elapsed time is 591.719581 seconds.

chan =

    18

Elapsed time is 594.217977 seconds.

chan =

    19

Elapsed time is 590.447843 seconds.

chan =

    20

Elapsed time is 594.103126 seconds.

chan =

    21

Elapsed time is 595.217902 seconds.

chan =

    22

Elapsed time is 594.153296 seconds.

chan =

    23

Elapsed time is 593.733285 seconds.

chan =

    24

Elapsed time is 595.124884 seconds.

chan =

    25

Elapsed time is 591.468783 seconds.

chan =

    26

Elapsed time is 592.109249 seconds.

chan =

    27

Elapsed time is 588.392483 seconds.

chan =

    28

Elapsed time is 591.047952 seconds.

chan =

    29

Elapsed time is 589.341569 seconds.

chan =

    30

Elapsed time is 591.011326 seconds.

chan =

    31

Elapsed time is 589.998324 seconds.

chan =

    32

Elapsed time is 594.315598 seconds.

chan =

    33

Elapsed time is 593.845756 seconds.

chan =

    34

Elapsed time is 588.574590 seconds.

chan =

    35

Elapsed time is 591.357537 seconds.

chan =

    36

Elapsed time is 590.433869 seconds.

chan =

    37

Elapsed time is 587.459573 seconds.

chan =

    38

Elapsed time is 589.457174 seconds.

chan =

    39

Elapsed time is 591.235473 seconds.

chan =

    40

Elapsed time is 595.775415 seconds.

chan =

    41

Elapsed time is 591.385287 seconds.

chan =

    42

Elapsed time is 592.862674 seconds.

chan =

    43

Elapsed time is 587.988676 seconds.

chan =

    44

Elapsed time is 591.505168 seconds.

chan =

    45

Elapsed time is 591.828215 seconds.

chan =

    46

Elapsed time is 590.253431 seconds.

chan =

    47

Elapsed time is 587.353284 seconds.

chan =

    48

Elapsed time is 590.347164 seconds.

chan =

    49

Elapsed time is 590.064647 seconds.

chan =

    50

Elapsed time is 600.067880 seconds.

chan =

    51

Elapsed time is 588.797322 seconds.

chan =

    52

Elapsed time is 594.462916 seconds.

chan =

    53

Elapsed time is 586.721497 seconds.

chan =

    54

Elapsed time is 593.156393 seconds.

chan =

    55

Elapsed time is 587.640616 seconds.

chan =

    56

Elapsed time is 592.619212 seconds.

chan =

    57

Elapsed time is 587.922132 seconds.

chan =

    58

Elapsed time is 592.650461 seconds.

chan =

    59

Elapsed time is 585.231508 seconds.

chan =

    60

Elapsed time is 590.646712 seconds.

chan =

    61

Elapsed time is 585.240598 seconds.

chan =

    62

Elapsed time is 591.857417 seconds.

chan =

    63

Elapsed time is 588.738325 seconds.

chan =

    64

Elapsed time is 594.172170 seconds.

chan =

    65

Elapsed time is 585.794977 seconds.

chan =

    66

Elapsed time is 591.194184 seconds.

chan =

    67

Elapsed time is 590.697562 seconds.

chan =

    68

Elapsed time is 593.897083 seconds.

chan =

    69

Elapsed time is 589.906832 seconds.

chan =

    70

Elapsed time is 593.431842 seconds.

chan =

    71

Elapsed time is 588.698892 seconds.

chan =

    72

Elapsed time is 594.044450 seconds.

chan =

    73

Elapsed time is 592.133206 seconds.

chan =

    74

Elapsed time is 594.746186 seconds.

chan =

    75

Elapsed time is 589.680508 seconds.

chan =

    76

Elapsed time is 593.081406 seconds.

chan =

    77

Elapsed time is 589.720259 seconds.

chan =

    78

Elapsed time is 595.563130 seconds.

chan =

    79

Elapsed time is 588.278397 seconds.

chan =

    80

Elapsed time is 593.724756 seconds.

chan =

    81

Elapsed time is 591.441673 seconds.

chan =

    82

Elapsed time is 593.179702 seconds.

chan =

    83

Elapsed time is 593.682560 seconds.

chan =

    84

Elapsed time is 595.474553 seconds.

chan =

    85

Elapsed time is 591.402635 seconds.

chan =

    86

Elapsed time is 590.849828 seconds.

chan =

    87

Elapsed time is 590.465808 seconds.

chan =

    88

Elapsed time is 595.852457 seconds.

chan =

    89

Elapsed time is 595.947291 seconds.

chan =

    90

Elapsed time is 595.486238 seconds.

chan =

    91

Elapsed time is 599.002706 seconds.

chan =

    92

Elapsed time is 595.103689 seconds.

chan =

    93

Elapsed time is 594.361879 seconds.

chan =

    94

Elapsed time is 593.167462 seconds.

chan =

    95

Elapsed time is 592.812902 seconds.

chan =

    96

Elapsed time is 594.534507 seconds.

chan =

    97

Elapsed time is 592.415292 seconds.

chan =

    98

Elapsed time is 593.404657 seconds.

chan =

    99

Elapsed time is 596.051210 seconds.

chan =

   100

Elapsed time is 594.522999 seconds.

chan =

   101

Elapsed time is 594.442980 seconds.

chan =

   102

Elapsed time is 590.886988 seconds.

chan =

   103

Elapsed time is 592.586555 seconds.

chan =

   104

Elapsed time is 597.197354 seconds.

chan =

   105

Elapsed time is 593.896037 seconds.

chan =

   106

Elapsed time is 600.567733 seconds.

chan =

   107

Elapsed time is 600.256610 seconds.

chan =

   108

Elapsed time is 602.286998 seconds.

chan =

   109

Elapsed time is 582.280436 seconds.

chan =

   110

Elapsed time is 583.366387 seconds.

chan =

   111

Elapsed time is 583.540870 seconds.

chan =

   112

Elapsed time is 586.483081 seconds.

chan =

   113

Elapsed time is 584.893752 seconds.

chan =

   114

Elapsed time is 584.655499 seconds.

chan =

   115

