getting started: 2936
attempting file: 2936
going for OH30 35
data loaded: OH30 35
HFB already done

chan =

     1

Elapsed time is 556.779028 seconds.

chan =

     2

Elapsed time is 567.876919 seconds.

chan =

     3

Elapsed time is 564.107784 seconds.

chan =

     4

Elapsed time is 564.776540 seconds.

chan =

     5

Elapsed time is 569.843872 seconds.

chan =

     6

Elapsed time is 568.028540 seconds.

chan =

     7

Elapsed time is 544.188923 seconds.

chan =

     8

Elapsed time is 520.853308 seconds.

chan =

     9

Elapsed time is 500.605127 seconds.

chan =

    10

Elapsed time is 511.801104 seconds.

chan =

    11

Elapsed time is 672.891109 seconds.

chan =

    12

Elapsed time is 634.765877 seconds.

chan =

    13

Elapsed time is 631.368212 seconds.

chan =

    14

Elapsed time is 455.329557 seconds.

chan =

    15

Elapsed time is 721.099002 seconds.

chan =

    16

Elapsed time is 750.414689 seconds.

chan =

    17

Elapsed time is 878.512291 seconds.

chan =

    18

Elapsed time is 876.226416 seconds.

chan =

    19

Elapsed time is 741.513512 seconds.

chan =

    20

Elapsed time is 903.627227 seconds.

chan =

    21

Elapsed time is 904.524989 seconds.

chan =

    22

Elapsed time is 901.958211 seconds.

chan =

    23

Elapsed time is 900.727055 seconds.

chan =

    24

Elapsed time is 899.611837 seconds.

chan =

    25

Elapsed time is 904.825906 seconds.

chan =

    26

Elapsed time is 901.371610 seconds.

chan =

    27

Elapsed time is 904.387089 seconds.

chan =

    28

Elapsed time is 901.396494 seconds.

chan =

    29

Elapsed time is 882.609148 seconds.

chan =

    30

Elapsed time is 770.583263 seconds.

chan =

    31

Elapsed time is 531.873439 seconds.

chan =

    32

Elapsed time is 864.631402 seconds.

chan =

    33

Elapsed time is 856.933225 seconds.

chan =

    34

Elapsed time is 858.302263 seconds.

chan =

    35

Elapsed time is 858.779983 seconds.

chan =

    36

Elapsed time is 853.106381 seconds.

chan =

    37

Elapsed time is 847.889534 seconds.

chan =

    38

Elapsed time is 848.366482 seconds.

chan =

    39

Elapsed time is 851.096756 seconds.

chan =

    40

Elapsed time is 851.667831 seconds.

chan =

    41

Elapsed time is 847.394028 seconds.

chan =

    42

Elapsed time is 855.905509 seconds.

chan =

    43

Elapsed time is 858.429377 seconds.

chan =

    44

Elapsed time is 860.884030 seconds.

chan =

    45

Elapsed time is 847.881756 seconds.

chan =

    46

Elapsed time is 848.776880 seconds.

chan =

    47

Elapsed time is 850.277845 seconds.

chan =

    48

Elapsed time is 837.319437 seconds.

chan =

    49

Elapsed time is 821.504496 seconds.

chan =

    50

Elapsed time is 817.838961 seconds.

chan =

    51

Elapsed time is 814.658148 seconds.

chan =

    52

Elapsed time is 821.737305 seconds.

chan =

    53

Elapsed time is 817.964323 seconds.

chan =

    54

Elapsed time is 820.883629 seconds.

chan =

    55

Elapsed time is 816.510199 seconds.

chan =

    56

Elapsed time is 828.452652 seconds.

chan =

    57

Elapsed time is 815.119091 seconds.

chan =

    58

Elapsed time is 829.591990 seconds.

chan =

    59

Elapsed time is 826.403772 seconds.

chan =

    60

Elapsed time is 834.414314 seconds.

chan =

    61

Elapsed time is 814.747629 seconds.

chan =

    62

Elapsed time is 825.442473 seconds.

chan =

    63

Elapsed time is 826.059014 seconds.

chan =

    64

Elapsed time is 816.076870 seconds.

chan =

    65

Elapsed time is 803.932619 seconds.

chan =

    66

Elapsed time is 805.031259 seconds.

chan =

    67

Elapsed time is 791.972022 seconds.

chan =

    68

Elapsed time is 811.823175 seconds.

chan =

    69

Elapsed time is 602.506737 seconds.

chan =

    70

Elapsed time is 488.291481 seconds.

chan =

    71

Elapsed time is 488.041827 seconds.

chan =

    72

Elapsed time is 494.726482 seconds.

chan =

    73

Elapsed time is 494.432206 seconds.

chan =

    74

Elapsed time is 495.371850 seconds.

chan =

    75

Elapsed time is 490.410459 seconds.

chan =

    76

Elapsed time is 492.093871 seconds.

chan =

    77

Elapsed time is 490.961847 seconds.

chan =

    78

Elapsed time is 491.565171 seconds.

chan =

    79

Elapsed time is 484.575763 seconds.

chan =

    80

Elapsed time is 488.985423 seconds.

chan =

    81

Elapsed time is 487.505027 seconds.

chan =

    82

Elapsed time is 490.175623 seconds.

chan =

    83

Elapsed time is 487.090677 seconds.

chan =

    84

Elapsed time is 492.123338 seconds.

chan =

    85

Elapsed time is 486.218840 seconds.

chan =

    86

Elapsed time is 484.284184 seconds.

chan =

    87

Elapsed time is 491.696916 seconds.

chan =

    88

Elapsed time is 485.273642 seconds.

chan =

    89

Elapsed time is 489.276615 seconds.

chan =

    90

Elapsed time is 488.511061 seconds.

chan =

    91

Elapsed time is 480.369314 seconds.

chan =

    92

Elapsed time is 487.131881 seconds.

chan =

    93

Elapsed time is 486.249814 seconds.

chan =

    94

Elapsed time is 486.216973 seconds.

chan =

    95

Elapsed time is 483.967537 seconds.

chan =

    96

Elapsed time is 483.590215 seconds.

chan =

    97

Elapsed time is 485.949338 seconds.

chan =

    98

Elapsed time is 482.864581 seconds.

chan =

    99

