getting started: 2867
attempting file: 2867
going for OH27 73
data loaded: OH27 73
HFB already done

chan =

     1

Elapsed time is 290.238669 seconds.

chan =

     2

Elapsed time is 284.387767 seconds.

chan =

     3

Elapsed time is 284.445063 seconds.

chan =

     4

Elapsed time is 284.939157 seconds.

chan =

     5

Elapsed time is 290.442148 seconds.

chan =

     6

Elapsed time is 285.734096 seconds.

chan =

     7

Elapsed time is 284.951624 seconds.

chan =

     8

Elapsed time is 285.890725 seconds.

chan =

     9

Elapsed time is 284.312924 seconds.

chan =

    10

Elapsed time is 285.545064 seconds.

chan =

    11

Elapsed time is 284.695148 seconds.

chan =

    12

Elapsed time is 285.545935 seconds.

chan =

    13

Elapsed time is 283.733508 seconds.

chan =

    14

Elapsed time is 284.254135 seconds.

chan =

    15

Elapsed time is 283.326418 seconds.

chan =

    16

Elapsed time is 281.788169 seconds.

chan =

    17

Elapsed time is 282.263471 seconds.

chan =

    18

Elapsed time is 283.501985 seconds.

chan =

    19

Elapsed time is 283.014971 seconds.

chan =

    20

Elapsed time is 278.741897 seconds.

chan =

    21

Elapsed time is 280.291848 seconds.

chan =

    22

Elapsed time is 279.339232 seconds.

chan =

    23

Elapsed time is 275.383606 seconds.

chan =

    24

Elapsed time is 273.274979 seconds.

chan =

    25

Elapsed time is 263.714729 seconds.

chan =

    26

Elapsed time is 267.872724 seconds.

chan =

    27

Elapsed time is 270.101160 seconds.

chan =

    28

Elapsed time is 256.424323 seconds.

chan =

    29

Elapsed time is 274.577350 seconds.

chan =

    30

Elapsed time is 281.087676 seconds.

chan =

    31

Elapsed time is 280.013021 seconds.

chan =

    32

Elapsed time is 276.877505 seconds.

chan =

    33

Elapsed time is 279.902311 seconds.

chan =

    34

Elapsed time is 280.971650 seconds.

chan =

    35

Elapsed time is 279.246138 seconds.

chan =

    36

Elapsed time is 279.961161 seconds.

chan =

    37

Elapsed time is 279.247924 seconds.

chan =

    38

Elapsed time is 274.068395 seconds.

chan =

    39

Elapsed time is 277.718342 seconds.

chan =

    40

Elapsed time is 277.917342 seconds.

chan =

    41

Elapsed time is 268.615516 seconds.

chan =

    42

Elapsed time is 258.609861 seconds.

chan =

    43

Elapsed time is 262.415022 seconds.

chan =

    44

Elapsed time is 255.593474 seconds.

chan =

    45

Elapsed time is 247.426722 seconds.

chan =

    46

Elapsed time is 241.354393 seconds.

chan =

    47

Elapsed time is 241.815975 seconds.

chan =

    48

Elapsed time is 226.848925 seconds.

chan =

    49

Elapsed time is 224.921323 seconds.

chan =

    50

Elapsed time is 225.557196 seconds.

chan =

    51

Elapsed time is 225.522442 seconds.

chan =

    52

Elapsed time is 241.865197 seconds.

chan =

    53

Elapsed time is 255.491003 seconds.

chan =

    54

Elapsed time is 256.776813 seconds.

chan =

    55

Elapsed time is 245.300515 seconds.

chan =

    56

Elapsed time is 228.683364 seconds.

chan =

    57

Elapsed time is 226.288345 seconds.

chan =

    58

Elapsed time is 228.458013 seconds.

chan =

    59

Elapsed time is 227.519508 seconds.

chan =

    60

Elapsed time is 229.164593 seconds.

chan =

    61

Elapsed time is 228.921098 seconds.

chan =

    62

Elapsed time is 227.156485 seconds.

chan =

    63

Elapsed time is 225.492440 seconds.

chan =

    64

Elapsed time is 227.642390 seconds.

chan =

    65

Elapsed time is 228.532355 seconds.

chan =

    66

Elapsed time is 230.786501 seconds.

chan =

    67

Elapsed time is 229.275389 seconds.

chan =

    68

Elapsed time is 232.121668 seconds.

chan =

    69

Elapsed time is 229.972687 seconds.

chan =

    70

Elapsed time is 228.455898 seconds.

chan =

    71

Elapsed time is 232.500410 seconds.

chan =

    72

Elapsed time is 231.167846 seconds.

chan =

    73

Elapsed time is 231.003376 seconds.

chan =

    74

Elapsed time is 229.647397 seconds.

chan =

    75

Elapsed time is 230.110493 seconds.

chan =

    76

Elapsed time is 228.476810 seconds.

chan =

    77

Elapsed time is 226.366557 seconds.

chan =

    78

Elapsed time is 228.124265 seconds.

chan =

    79

Elapsed time is 230.794706 seconds.

chan =

    80

Elapsed time is 229.384599 seconds.

chan =

    81

Elapsed time is 228.882412 seconds.

chan =

    82

Elapsed time is 230.755351 seconds.

chan =

    83

Elapsed time is 226.561011 seconds.

chan =

    84

Elapsed time is 228.689436 seconds.

chan =

    85

Elapsed time is 225.892585 seconds.

chan =

    86

Elapsed time is 223.186459 seconds.

chan =

    87

Elapsed time is 234.473729 seconds.

chan =

    88

Elapsed time is 300.256998 seconds.

chan =

    89

Elapsed time is 304.946892 seconds.

chan =

    90

Elapsed time is 306.236417 seconds.

chan =

    91

Elapsed time is 305.734070 seconds.

chan =

    92

Elapsed time is 300.616277 seconds.

chan =

    93

Elapsed time is 305.720382 seconds.

chan =

    94

Elapsed time is 307.465197 seconds.

chan =

    95

Elapsed time is 302.262415 seconds.

chan =

    96

Elapsed time is 299.864860 seconds.

chan =

    97

Elapsed time is 304.663654 seconds.

chan =

    98

Elapsed time is 303.438513 seconds.

chan =

    99

Elapsed time is 297.935613 seconds.

chan =

   100

Elapsed time is 303.883374 seconds.

chan =

   101

Elapsed time is 303.045409 seconds.

chan =

   102

Elapsed time is 304.374085 seconds.

chan =

   103

Elapsed time is 302.693660 seconds.

chan =

   104

Elapsed time is 295.362596 seconds.

chan =

   105

Elapsed time is 298.127063 seconds.

chan =

   106

Elapsed time is 304.594577 seconds.

