getting started: 2706
attempting file: 2706
going for NM04 69
data loaded: NM04 69
HFB already done

chan =

     1

Elapsed time is 217.705516 seconds.

chan =

     2

Elapsed time is 215.392302 seconds.

chan =

     3

Elapsed time is 216.217015 seconds.

chan =

     4

Elapsed time is 214.696660 seconds.

chan =

     5

Elapsed time is 214.639721 seconds.

chan =

     6

Elapsed time is 215.737537 seconds.

chan =

     7

Elapsed time is 216.594769 seconds.

chan =

     8

Elapsed time is 217.214290 seconds.

chan =

     9

Elapsed time is 216.430372 seconds.

chan =

    10

Elapsed time is 215.754832 seconds.

chan =

    11

Elapsed time is 217.519126 seconds.

chan =

    12

Elapsed time is 216.708423 seconds.

chan =

    13

Elapsed time is 218.307353 seconds.

chan =

    14

Elapsed time is 216.388901 seconds.

chan =

    15

Elapsed time is 216.050369 seconds.

chan =

    16

Elapsed time is 215.513563 seconds.

chan =

    17

Elapsed time is 215.997075 seconds.

chan =

    18

Elapsed time is 215.718843 seconds.

chan =

    19

Elapsed time is 214.044069 seconds.

chan =

    20

Elapsed time is 211.473018 seconds.

chan =

    21

Elapsed time is 209.675523 seconds.

chan =

    22

Elapsed time is 211.328304 seconds.

chan =

    23

Elapsed time is 210.888012 seconds.

chan =

    24

Elapsed time is 211.556150 seconds.

chan =

    25

Elapsed time is 212.753304 seconds.

chan =

    26

Elapsed time is 212.131426 seconds.

chan =

    27

Elapsed time is 212.739152 seconds.

chan =

    28

Elapsed time is 212.380232 seconds.

chan =

    29

Elapsed time is 212.936871 seconds.

chan =

    30

Elapsed time is 211.545028 seconds.

chan =

    31

Elapsed time is 211.026786 seconds.

chan =

    32

Elapsed time is 211.553444 seconds.

chan =

    33

Elapsed time is 212.025274 seconds.

chan =

    34

Elapsed time is 211.635945 seconds.

chan =

    35

Elapsed time is 213.074606 seconds.

chan =

    36

Elapsed time is 211.326593 seconds.

chan =

    37

Elapsed time is 221.409405 seconds.

chan =

    38

Elapsed time is 226.686489 seconds.

chan =

    39

Elapsed time is 243.769062 seconds.

chan =

    40

Elapsed time is 238.892999 seconds.

chan =

    41

Elapsed time is 222.889266 seconds.

chan =

    42

Elapsed time is 224.130715 seconds.

chan =

    43

Elapsed time is 250.464205 seconds.

chan =

    44

Elapsed time is 250.955586 seconds.

chan =

    45

Elapsed time is 234.323451 seconds.

chan =

    46

Elapsed time is 220.242659 seconds.

chan =

    47

Elapsed time is 239.794267 seconds.

chan =

    48

Elapsed time is 250.037672 seconds.

chan =

    49

Elapsed time is 248.934117 seconds.

chan =

    50

Elapsed time is 234.459503 seconds.

chan =

    51

Elapsed time is 227.351220 seconds.

chan =

    52

Elapsed time is 250.785284 seconds.

chan =

    53

Elapsed time is 239.193070 seconds.

chan =

    54

Elapsed time is 217.318200 seconds.

chan =

    55

Elapsed time is 217.645083 seconds.

chan =

    56

Elapsed time is 213.459874 seconds.

chan =

    57

Elapsed time is 221.856168 seconds.

chan =

    58

Elapsed time is 221.747740 seconds.

chan =

    59

Elapsed time is 224.434000 seconds.

chan =

    60

Elapsed time is 223.276884 seconds.

chan =

    61

Elapsed time is 211.001477 seconds.

chan =

    62

Elapsed time is 208.608161 seconds.

chan =

    63

Elapsed time is 209.574472 seconds.

chan =

    64

Elapsed time is 208.185038 seconds.

chan =

    65

Elapsed time is 208.876204 seconds.

chan =

    66

Elapsed time is 207.366734 seconds.

chan =

    67

Elapsed time is 208.846043 seconds.

chan =

    68

Elapsed time is 211.018208 seconds.

chan =

    69

Elapsed time is 214.569084 seconds.

chan =

    70

Elapsed time is 208.812771 seconds.

chan =

    71

Elapsed time is 208.424692 seconds.

chan =

    72

Elapsed time is 208.474832 seconds.

chan =

    73

Elapsed time is 207.356099 seconds.

chan =

    74

Elapsed time is 207.033819 seconds.

chan =

    75

Elapsed time is 208.826642 seconds.

chan =

    76

Elapsed time is 207.820343 seconds.

chan =

    77

Elapsed time is 208.520652 seconds.

chan =

    78

Elapsed time is 208.577422 seconds.

chan =

    79

Elapsed time is 209.467504 seconds.

chan =

    80

Elapsed time is 208.139579 seconds.

chan =

    81

Elapsed time is 208.098362 seconds.

chan =

    82

Elapsed time is 209.023625 seconds.

chan =

    83

Elapsed time is 208.861508 seconds.

chan =

    84

Elapsed time is 207.588161 seconds.

chan =

    85

Elapsed time is 209.231687 seconds.

chan =

    86

Elapsed time is 208.173362 seconds.

chan =

    87

Elapsed time is 208.321025 seconds.

chan =

    88

Elapsed time is 207.872702 seconds.

chan =

    89

Elapsed time is 208.987706 seconds.

chan =

    90

Elapsed time is 207.891762 seconds.

chan =

    91

Elapsed time is 207.311343 seconds.
attempting saving
save success: /projects/p31578/dtf8829/QuestConnect/CHANDAT/chanDat_NM04_069.mat
working on TF
encoding done
encoding RT done
retrieval 1 done
retrieval 2 done
attempting saving
save success: /projects/p31578/dtf8829/QuestConnect/CHANDAT/chanDat_NM04_069.mat
working on ISPC
channel: 1 took 0 minutes
channel: 2 took 0 minutes
channel: 3 took 0 minutes
channel: 4 took 0 minutes
channel: 5 took 0 minutes
channel: 6 took 0 minutes
channel: 7 took 0 minutes
channel: 8 took 0 minutes
channel: 9 took 0 minutes
channel: 10 took 0 minutes
channel: 11 took 0 minutes
channel: 12 took 0 minutes
channel: 13 took 0 minutes
channel: 14 took 0 minutes
channel: 15 took 0 minutes
channel: 16 took 0 minutes
channel: 17 took 0 minutes
channel: 18 took 0 minutes
channel: 19 took 0 minutes
channel: 20 took 0 minutes
channel: 21 took 0 minutes
channel: 22 took 0 minutes
channel: 23 took 0 minutes
channel: 24 took 0 minutes
channel: 25 took 0 minutes
channel: 26 took 0 minutes
channel: 27 took 0 minutes
channel: 28 took 0 minutes
channel: 29 took 0 minutes
channel: 30 took 0 minutes
channel: 31 took 0 minutes
channel: 32 took 0 minutes
channel: 33 took 0 minutes
channel: 34 took 0 minutes
channel: 35 took 0 minutes
channel: 36 took 0 minutes
channel: 37 took 0 minutes
channel: 38 took 0 minutes
channel: 39 took 0 minutes
channel: 40 took 0 minutes
channel: 41 took 0 minutes
channel: 42 took 0 minutes
channel: 43 took 0 minutes
channel: 44 took 0 minutes
channel: 45 took 0 minutes
channel: 46 took 0 minutes
channel: 47 took 0 minutes
channel: 48 took 0 minutes
channel: 49 took 0 minutes
channel: 50 took 0 minutes
channel: 51 took 0 minutes
channel: 52 took 0 minutes
channel: 53 took 0 minutes
channel: 54 took 0 minutes
channel: 55 took 0 minutes
channel: 56 took 0 minutes
channel: 57 took 0 minutes
channel: 58 took 0 minutes
channel: 59 took 0 minutes
channel: 60 took 0 minutes
channel: 61 took 0 minutes
channel: 62 took 0 minutes
channel: 63 took 0 minutes
channel: 64 took 0 minutes
channel: 65 took 0 minutes
channel: 66 took 0 minutes
channel: 67 took 0 minutes
channel: 68 took 0 minutes
channel: 69 took 0 minutes
channel: 70 took 3.3 minutes
channel: 71 took 3.3 minutes
channel: 72 took 3.3 minutes
channel: 73 took 3.2 minutes
channel: 74 took 3.3 minutes
channel: 75 took 3.3 minutes
channel: 76 took 3.3 minutes
channel: 77 took 3.2 minutes
channel: 78 took 3.2 minutes
channel: 79 took 3.3 minutes
channel: 80 took 3.2 minutes
channel: 81 took 3.3 minutes
channel: 82 took 3.3 minutes
channel: 83 took 3.3 minutes
channel: 84 took 3.3 minutes
channel: 85 took 3.3 minutes
channel: 86 took 3.3 minutes
channel: 87 took 3.3 minutes
channel: 88 took 3.3 minutes
channel: 89 took 3.3 minutes
channel: 90 took 3.3 minutes
channel: 91 took 3.3 minutes
attempting saving
save success: /projects/p31578/dtf8829/QuestConnect/CHANDAT/chanDat_NM04_069.mat
Elapsed time is 199.384559 seconds.
