getting started: 2961
attempting file: 2961
going for OH30 60
data loaded: OH30 60
HFB already done

chan =

     1

Elapsed time is 462.505913 seconds.

chan =

     2

Elapsed time is 490.936137 seconds.

chan =

     3

Elapsed time is 483.198364 seconds.

chan =

     4

Elapsed time is 504.755714 seconds.

chan =

     5

Elapsed time is 531.479417 seconds.

chan =

     6

Elapsed time is 530.295467 seconds.

chan =

     7

Elapsed time is 517.288947 seconds.

chan =

     8

Elapsed time is 510.305916 seconds.

chan =

     9

Elapsed time is 507.389960 seconds.

chan =

    10

Elapsed time is 497.409040 seconds.

chan =

    11

Elapsed time is 499.937864 seconds.

chan =

    12

Elapsed time is 492.426105 seconds.

chan =

    13

Elapsed time is 498.946550 seconds.

chan =

    14

Elapsed time is 502.398883 seconds.

chan =

    15

Elapsed time is 505.514028 seconds.

chan =

    16

Elapsed time is 499.094525 seconds.

chan =

    17

Elapsed time is 474.691578 seconds.

chan =

    18

Elapsed time is 535.221716 seconds.

chan =

    19

Elapsed time is 520.381289 seconds.

chan =

    20

Elapsed time is 537.659652 seconds.

chan =

    21

Elapsed time is 519.973611 seconds.

chan =

    22

Elapsed time is 502.854665 seconds.

chan =

    23

Elapsed time is 514.403402 seconds.

chan =

    24

Elapsed time is 518.948013 seconds.

chan =

    25

Elapsed time is 523.198336 seconds.

chan =

    26

Elapsed time is 518.297057 seconds.

chan =

    27

Elapsed time is 502.879744 seconds.

chan =

    28

Elapsed time is 500.870208 seconds.

chan =

    29

Elapsed time is 507.769176 seconds.

chan =

    30

Elapsed time is 497.129375 seconds.

chan =

    31

Elapsed time is 505.860697 seconds.

chan =

    32

Elapsed time is 501.282096 seconds.

chan =

    33

Elapsed time is 498.688238 seconds.

chan =

    34

Elapsed time is 502.966250 seconds.

chan =

    35

Elapsed time is 496.715919 seconds.

chan =

    36

Elapsed time is 506.770299 seconds.

chan =

    37

Elapsed time is 503.280829 seconds.

chan =

    38

Elapsed time is 491.398620 seconds.

chan =

    39

Elapsed time is 492.832558 seconds.

chan =

    40

Elapsed time is 497.678761 seconds.

chan =

    41

Elapsed time is 495.151627 seconds.

chan =

    42

Elapsed time is 493.197988 seconds.

chan =

    43

Elapsed time is 485.604540 seconds.

chan =

    44

Elapsed time is 494.702298 seconds.

chan =

    45

Elapsed time is 493.826010 seconds.

chan =

    46

Elapsed time is 487.466123 seconds.

chan =

    47

Elapsed time is 483.450507 seconds.

chan =

    48

Elapsed time is 482.009860 seconds.

chan =

    49

Elapsed time is 492.314478 seconds.

chan =

    50

Elapsed time is 482.064100 seconds.

chan =

    51

Elapsed time is 485.725989 seconds.

chan =

    52

Elapsed time is 487.539171 seconds.

chan =

    53

Elapsed time is 478.316507 seconds.

chan =

    54

Elapsed time is 487.711971 seconds.

chan =

    55

Elapsed time is 485.713413 seconds.

chan =

    56

Elapsed time is 485.478751 seconds.

chan =

    57

Elapsed time is 489.621818 seconds.

chan =

    58

Elapsed time is 485.103090 seconds.

chan =

    59

Elapsed time is 488.360071 seconds.

chan =

    60

Elapsed time is 487.310402 seconds.

chan =

    61

Elapsed time is 471.510836 seconds.

chan =

    62

Elapsed time is 468.688592 seconds.

chan =

    63

Elapsed time is 459.657906 seconds.

chan =

    64

Elapsed time is 443.361075 seconds.

chan =

    65

Elapsed time is 442.935128 seconds.

chan =

    66

Elapsed time is 436.480628 seconds.

chan =

    67

Elapsed time is 440.558338 seconds.

chan =

    68

Elapsed time is 444.443789 seconds.

chan =

    69

Elapsed time is 448.294705 seconds.

chan =

    70

Elapsed time is 442.260645 seconds.

chan =

    71

Elapsed time is 446.125972 seconds.

chan =

    72

Elapsed time is 443.620595 seconds.

chan =

    73

Elapsed time is 442.461066 seconds.

chan =

    74

Elapsed time is 435.577219 seconds.

chan =

    75

Elapsed time is 438.835842 seconds.

chan =

    76

Elapsed time is 439.309336 seconds.

chan =

    77

Elapsed time is 437.781738 seconds.

chan =

    78

Elapsed time is 436.653067 seconds.

chan =

    79

Elapsed time is 431.214383 seconds.

chan =

    80

Elapsed time is 432.411149 seconds.

chan =

    81

Elapsed time is 420.505648 seconds.

chan =

    82

Elapsed time is 427.334533 seconds.

chan =

    83

Elapsed time is 429.524136 seconds.

chan =

    84

Elapsed time is 426.822039 seconds.

chan =

    85

Elapsed time is 428.600212 seconds.

chan =

    86

Elapsed time is 427.419142 seconds.

chan =

    87

Elapsed time is 428.795683 seconds.

chan =

    88

Elapsed time is 430.022526 seconds.

chan =

    89

Elapsed time is 431.165462 seconds.

chan =

    90

Elapsed time is 429.281899 seconds.

chan =

    91

Elapsed time is 431.197453 seconds.

chan =

    92

Elapsed time is 432.021666 seconds.

chan =

    93

Elapsed time is 426.167447 seconds.

chan =

    94

Elapsed time is 423.977934 seconds.

chan =

    95

Elapsed time is 429.782664 seconds.

chan =

    96

Elapsed time is 430.087035 seconds.

chan =

    97

Elapsed time is 411.340132 seconds.

chan =

    98

Elapsed time is 403.099915 seconds.

chan =

    99

Elapsed time is 406.992217 seconds.

chan =

   100

Elapsed time is 400.546203 seconds.

chan =

   101

Elapsed time is 400.721437 seconds.

chan =

   102

Elapsed time is 400.364327 seconds.

chan =

   103

Elapsed time is 405.821470 seconds.

chan =

   104

Elapsed time is 402.865056 seconds.

chan =

   105

Elapsed time is 406.558242 seconds.

chan =

   106

Elapsed time is 405.778132 seconds.

chan =

   107

Elapsed time is 405.046973 seconds.

chan =

   108

Elapsed time is 403.332427 seconds.

chan =

   109

Elapsed time is 404.036826 seconds.

chan =

   110

Elapsed time is 404.823561 seconds.

chan =

   111

Elapsed time is 403.147516 seconds.

chan =

   112

Elapsed time is 405.304579 seconds.

chan =

   113

Elapsed time is 405.320051 seconds.

chan =

   114

Elapsed time is 402.830973 seconds.

chan =

   115

Elapsed time is 403.603186 seconds.

chan =

   116

Elapsed time is 402.602878 seconds.

chan =

   117

Elapsed time is 404.504084 seconds.

chan =

   118

Elapsed time is 394.844216 seconds.

chan =

   119

Elapsed time is 400.638711 seconds.

chan =

   120

Elapsed time is 402.850141 seconds.

chan =

   121

Elapsed time is 408.355243 seconds.

chan =

   122

Elapsed time is 406.152652 seconds.

chan =

   123

Elapsed time is 405.469535 seconds.

chan =

   124

Elapsed time is 404.147870 seconds.

chan =

   125

Elapsed time is 383.695731 seconds.

chan =

   126

Elapsed time is 375.553556 seconds.

chan =

   127

Elapsed time is 377.239828 seconds.

chan =

   128

Elapsed time is 372.640827 seconds.

chan =

   129

Elapsed time is 374.002223 seconds.

chan =

   130

Elapsed time is 372.123242 seconds.

chan =

   131

Elapsed time is 372.027325 seconds.

chan =

   132

Elapsed time is 370.386696 seconds.

chan =

   133

Elapsed time is 377.675963 seconds.

chan =

   134

Elapsed time is 372.212205 seconds.

chan =

   135

Elapsed time is 376.110287 seconds.

chan =

   136

Elapsed time is 370.869528 seconds.

chan =

   137

Elapsed time is 373.367434 seconds.

chan =

   138

Elapsed time is 372.069366 seconds.

chan =

   139

Elapsed time is 377.764245 seconds.
attempting saving
save success: /projects/p31578/dtf8829/QuestConnect/CHANDAT/chanDat_OH30_060.mat
working on TF
encoding done
encoding RT done
