getting started: 2933
attempting file: 2933
going for OH30 32
data loaded: OH30 32
HFB already done

chan =

     1

Elapsed time is 410.342794 seconds.

chan =

     2

Elapsed time is 417.559274 seconds.

chan =

     3

Elapsed time is 420.006758 seconds.

chan =

     4

Elapsed time is 414.695447 seconds.

chan =

     5

Elapsed time is 435.748845 seconds.

chan =

     6

Elapsed time is 447.186319 seconds.

chan =

     7

Elapsed time is 441.339785 seconds.

chan =

     8

Elapsed time is 437.904122 seconds.

chan =

     9

Elapsed time is 444.778084 seconds.

chan =

    10

Elapsed time is 438.633021 seconds.

chan =

    11

Elapsed time is 440.163345 seconds.

chan =

    12

Elapsed time is 438.345033 seconds.

chan =

    13

Elapsed time is 433.953059 seconds.

chan =

    14

Elapsed time is 442.740437 seconds.

chan =

    15

Elapsed time is 435.860621 seconds.

chan =

    16

Elapsed time is 432.481416 seconds.

chan =

    17

Elapsed time is 420.192749 seconds.

chan =

    18

Elapsed time is 426.248898 seconds.

chan =

    19

Elapsed time is 434.257785 seconds.

chan =

    20

Elapsed time is 481.456731 seconds.

chan =

    21

Elapsed time is 466.220599 seconds.

chan =

    22

Elapsed time is 462.983296 seconds.

chan =

    23

Elapsed time is 456.579202 seconds.

chan =

    24

Elapsed time is 469.048652 seconds.

chan =

    25

Elapsed time is 479.180069 seconds.

chan =

    26

Elapsed time is 452.589761 seconds.

chan =

    27

Elapsed time is 457.370054 seconds.

chan =

    28

Elapsed time is 432.353381 seconds.

chan =

    29

Elapsed time is 427.068930 seconds.

chan =

    30

Elapsed time is 451.004094 seconds.

chan =

    31

Elapsed time is 432.485255 seconds.

chan =

    32

Elapsed time is 412.500027 seconds.

chan =

    33

Elapsed time is 440.256625 seconds.

chan =

    34

Elapsed time is 461.965666 seconds.

chan =

    35

Elapsed time is 413.136417 seconds.

chan =

    36

Elapsed time is 417.879044 seconds.

chan =

    37

Elapsed time is 413.760437 seconds.

chan =

    38

Elapsed time is 404.912282 seconds.

chan =

    39

Elapsed time is 408.246194 seconds.

chan =

    40

Elapsed time is 414.212687 seconds.

chan =

    41

Elapsed time is 411.615961 seconds.

chan =

    42

Elapsed time is 414.623810 seconds.

chan =

    43

Elapsed time is 413.302895 seconds.

chan =

    44

Elapsed time is 404.449755 seconds.

chan =

    45

Elapsed time is 409.223613 seconds.

chan =

    46

Elapsed time is 412.469804 seconds.

chan =

    47

Elapsed time is 409.821880 seconds.

chan =

    48

Elapsed time is 409.351033 seconds.

chan =

    49

Elapsed time is 419.938034 seconds.

chan =

    50

Elapsed time is 409.099236 seconds.

chan =

    51

Elapsed time is 415.099912 seconds.

chan =

    52

Elapsed time is 413.240147 seconds.

chan =

    53

Elapsed time is 411.601547 seconds.

chan =

    54

Elapsed time is 404.529632 seconds.

chan =

    55

Elapsed time is 404.825765 seconds.

chan =

    56

Elapsed time is 416.014871 seconds.

chan =

    57

Elapsed time is 415.267266 seconds.

chan =

    58

Elapsed time is 413.359045 seconds.

chan =

    59

Elapsed time is 409.084734 seconds.

chan =

    60

Elapsed time is 403.148383 seconds.

chan =

    61

Elapsed time is 396.656720 seconds.

chan =

    62

Elapsed time is 395.597899 seconds.

chan =

    63

Elapsed time is 393.666852 seconds.

chan =

    64

Elapsed time is 392.680346 seconds.

chan =

    65

Elapsed time is 395.388749 seconds.

chan =

    66

Elapsed time is 393.268759 seconds.

chan =

    67

Elapsed time is 390.959321 seconds.

chan =

    68

Elapsed time is 398.887092 seconds.

chan =

    69

Elapsed time is 388.486980 seconds.

chan =

    70

Elapsed time is 388.375859 seconds.

chan =

    71

Elapsed time is 389.772629 seconds.

chan =

    72

Elapsed time is 392.649109 seconds.

chan =

    73

Elapsed time is 389.808343 seconds.

chan =

    74

Elapsed time is 392.384610 seconds.

chan =

    75

Elapsed time is 388.818069 seconds.

chan =

    76

Elapsed time is 389.104733 seconds.

chan =

    77

Elapsed time is 388.714437 seconds.

chan =

    78

Elapsed time is 388.725335 seconds.

chan =

    79

Elapsed time is 381.134655 seconds.

chan =

    80

Elapsed time is 394.645998 seconds.

chan =

    81

Elapsed time is 389.561193 seconds.

chan =

    82

Elapsed time is 385.904010 seconds.

chan =

    83

Elapsed time is 391.380152 seconds.

chan =

    84

Elapsed time is 395.468299 seconds.

chan =

    85

Elapsed time is 387.805788 seconds.

chan =

    86

Elapsed time is 392.036565 seconds.

chan =

    87

Elapsed time is 391.038430 seconds.

chan =

    88

Elapsed time is 392.335513 seconds.

chan =

    89

Elapsed time is 390.769701 seconds.

chan =

    90

Elapsed time is 392.927723 seconds.

chan =

    91

Elapsed time is 393.276798 seconds.

chan =

    92

Elapsed time is 392.581267 seconds.

chan =

    93

Elapsed time is 385.687004 seconds.

chan =

    94

Elapsed time is 388.994010 seconds.

chan =

    95

Elapsed time is 387.079731 seconds.

chan =

    96

Elapsed time is 389.413437 seconds.

chan =

    97

Elapsed time is 383.012192 seconds.

chan =

    98

Elapsed time is 386.503564 seconds.

chan =

    99

Elapsed time is 385.229892 seconds.

chan =

   100

Elapsed time is 389.749743 seconds.

chan =

   101

Elapsed time is 384.099974 seconds.

chan =

   102

Elapsed time is 392.983647 seconds.

chan =

   103

Elapsed time is 383.652878 seconds.

chan =

   104

Elapsed time is 390.966969 seconds.

chan =

   105

Elapsed time is 392.237828 seconds.

chan =

   106

Elapsed time is 384.585617 seconds.

chan =

   107

Elapsed time is 390.152700 seconds.

chan =

   108

Elapsed time is 395.490611 seconds.

chan =

   109

Elapsed time is 381.818230 seconds.

chan =

   110

Elapsed time is 390.303548 seconds.

chan =

   111

Elapsed time is 383.626832 seconds.

chan =

   112

Elapsed time is 388.906099 seconds.

chan =

   113

Elapsed time is 382.455130 seconds.

chan =

   114

Elapsed time is 387.312688 seconds.

chan =

   115

Elapsed time is 379.956986 seconds.

chan =

   116

Elapsed time is 530.180318 seconds.

chan =

   117

Elapsed time is 546.698736 seconds.

chan =

   118

Elapsed time is 542.569446 seconds.

chan =

   119

Elapsed time is 545.432305 seconds.

chan =

   120

Elapsed time is 548.349009 seconds.

chan =

   121

Elapsed time is 553.472507 seconds.

chan =

   122

Elapsed time is 547.733279 seconds.

chan =

   123

Elapsed time is 551.722663 seconds.

chan =

   124

Elapsed time is 537.093832 seconds.

chan =

   125

Elapsed time is 527.349627 seconds.

chan =

   126

Elapsed time is 514.311375 seconds.

chan =

   127

Elapsed time is 510.600649 seconds.

chan =

   128

Elapsed time is 478.364401 seconds.

chan =

   129

Elapsed time is 357.806475 seconds.

chan =

   130

Elapsed time is 339.757610 seconds.

chan =

   131

Elapsed time is 348.967198 seconds.

chan =

   132

Elapsed time is 357.054819 seconds.

chan =

   133

Elapsed time is 357.550928 seconds.

chan =

   134

Elapsed time is 359.239771 seconds.

chan =

   135

Elapsed time is 356.110139 seconds.

chan =

   136

Elapsed time is 355.004723 seconds.

chan =

   137

Elapsed time is 351.543404 seconds.

chan =

   138

Elapsed time is 349.022093 seconds.

chan =

   139

Elapsed time is 352.845721 seconds.
attempting saving
save success: /projects/p31578/dtf8829/QuestConnect/CHANDAT/chanDat_OH30_032.mat
working on TF
encoding done
encoding RT done
