getting started: 2942
attempting file: 2942
going for OH30 41
data loaded: OH30 41
HFB already done

chan =

     1

Elapsed time is 575.466145 seconds.

chan =

     2

Elapsed time is 573.371518 seconds.

chan =

     3

Elapsed time is 582.843182 seconds.

chan =

     4

Elapsed time is 600.101130 seconds.

chan =

     5

Elapsed time is 593.195998 seconds.

chan =

     6

Elapsed time is 591.376377 seconds.

chan =

     7

Elapsed time is 591.872775 seconds.

chan =

     8

Elapsed time is 592.705290 seconds.

chan =

     9

Elapsed time is 590.310286 seconds.

chan =

    10

Elapsed time is 585.616169 seconds.

chan =

    11

Elapsed time is 589.940836 seconds.

chan =

    12

Elapsed time is 590.328905 seconds.

chan =

    13

Elapsed time is 581.687721 seconds.

chan =

    14

Elapsed time is 569.017785 seconds.

chan =

    15

Elapsed time is 568.886073 seconds.

chan =

    16

Elapsed time is 568.275903 seconds.

chan =

    17

Elapsed time is 569.867727 seconds.

chan =

    18

Elapsed time is 570.833093 seconds.

chan =

    19

Elapsed time is 573.788041 seconds.

chan =

    20

Elapsed time is 573.759919 seconds.

chan =

    21

Elapsed time is 573.452534 seconds.

chan =

    22

Elapsed time is 573.259377 seconds.

chan =

    23

Elapsed time is 575.863763 seconds.

chan =

    24

Elapsed time is 574.940347 seconds.

chan =

    25

Elapsed time is 574.495483 seconds.

chan =

    26

Elapsed time is 574.986540 seconds.

chan =

    27

Elapsed time is 575.426796 seconds.

chan =

    28

Elapsed time is 574.502974 seconds.

chan =

    29

Elapsed time is 576.064894 seconds.

chan =

    30

Elapsed time is 574.404278 seconds.

chan =

    31

Elapsed time is 576.822208 seconds.

chan =

    32

Elapsed time is 573.655088 seconds.

chan =

    33

Elapsed time is 572.112456 seconds.

chan =

    34

Elapsed time is 572.179271 seconds.

chan =

    35

Elapsed time is 572.246579 seconds.

chan =

    36

Elapsed time is 571.893333 seconds.

chan =

    37

Elapsed time is 573.347213 seconds.

chan =

    38

Elapsed time is 572.313976 seconds.

chan =

    39

Elapsed time is 569.826021 seconds.

chan =

    40

Elapsed time is 572.161163 seconds.

chan =

    41

Elapsed time is 572.958246 seconds.

chan =

    42

Elapsed time is 572.151782 seconds.

chan =

    43

Elapsed time is 572.742264 seconds.

chan =

    44

Elapsed time is 571.676568 seconds.

chan =

    45

Elapsed time is 573.853211 seconds.

chan =

    46

Elapsed time is 577.086519 seconds.

chan =

    47

Elapsed time is 575.969723 seconds.

chan =

    48

Elapsed time is 574.333770 seconds.

chan =

    49

Elapsed time is 580.046405 seconds.

chan =

    50

Elapsed time is 578.126482 seconds.

chan =

    51

Elapsed time is 577.618663 seconds.

chan =

    52

Elapsed time is 575.282214 seconds.

chan =

    53

Elapsed time is 574.487261 seconds.

chan =

    54

Elapsed time is 575.251985 seconds.

chan =

    55

Elapsed time is 574.356249 seconds.

chan =

    56

Elapsed time is 574.494416 seconds.

chan =

    57

Elapsed time is 576.297596 seconds.

chan =

    58

Elapsed time is 576.952147 seconds.

chan =

    59

Elapsed time is 575.521882 seconds.

chan =

    60

Elapsed time is 571.232575 seconds.

chan =

    61

Elapsed time is 562.327889 seconds.

chan =

    62

Elapsed time is 560.086623 seconds.

chan =

    63

Elapsed time is 556.075083 seconds.

chan =

    64

Elapsed time is 557.097199 seconds.

chan =

    65

Elapsed time is 555.892320 seconds.

chan =

    66

Elapsed time is 556.525650 seconds.

chan =

    67

Elapsed time is 555.695195 seconds.

chan =

    68

Elapsed time is 556.774884 seconds.

chan =

    69

Elapsed time is 561.156873 seconds.

chan =

    70

Elapsed time is 560.351396 seconds.

chan =

    71

Elapsed time is 562.711855 seconds.

chan =

    72

Elapsed time is 564.193178 seconds.

chan =

    73

Elapsed time is 564.219049 seconds.

chan =

    74

Elapsed time is 564.590413 seconds.

chan =

    75

Elapsed time is 562.372632 seconds.

chan =

    76

Elapsed time is 560.870688 seconds.

chan =

    77

Elapsed time is 559.577788 seconds.

chan =

    78

Elapsed time is 561.910918 seconds.

chan =

    79

Elapsed time is 560.451385 seconds.

chan =

    80

Elapsed time is 560.281915 seconds.

chan =

    81

Elapsed time is 559.547489 seconds.

chan =

    82

Elapsed time is 559.615463 seconds.

chan =

    83

Elapsed time is 563.778796 seconds.

chan =

    84

Elapsed time is 564.598999 seconds.

chan =

    85

Elapsed time is 562.521356 seconds.

chan =

    86

Elapsed time is 560.673434 seconds.

chan =

    87

Elapsed time is 563.911024 seconds.

chan =

    88

Elapsed time is 562.599706 seconds.

chan =

    89

Elapsed time is 564.563047 seconds.

chan =

    90

Elapsed time is 564.176590 seconds.

chan =

    91

Elapsed time is 565.413172 seconds.

chan =

    92

Elapsed time is 562.675825 seconds.

chan =

    93

Elapsed time is 561.681434 seconds.

chan =

    94

Elapsed time is 555.174730 seconds.

chan =

    95

Elapsed time is 555.252117 seconds.

chan =

    96

Elapsed time is 553.619263 seconds.

chan =

    97

Elapsed time is 555.242700 seconds.

chan =

    98

Elapsed time is 555.655778 seconds.

chan =

    99

Elapsed time is 556.370632 seconds.

chan =

   100

Elapsed time is 553.574395 seconds.

chan =

   101

Elapsed time is 553.019002 seconds.

chan =

   102

Elapsed time is 552.838437 seconds.

chan =

   103

Elapsed time is 556.092416 seconds.

chan =

   104

Elapsed time is 555.404750 seconds.

chan =

   105

Elapsed time is 555.615710 seconds.

chan =

   106

Elapsed time is 555.846298 seconds.

chan =

   107

Elapsed time is 555.352413 seconds.

chan =

   108

Elapsed time is 553.015441 seconds.

chan =

   109

Elapsed time is 552.773546 seconds.

chan =

   110

Elapsed time is 547.957206 seconds.

chan =

   111

Elapsed time is 549.083082 seconds.

chan =

   112

Elapsed time is 549.065617 seconds.

chan =

   113

Elapsed time is 549.877806 seconds.

chan =

   114

Elapsed time is 547.402712 seconds.

chan =

   115

Elapsed time is 548.951134 seconds.

chan =

   116

Elapsed time is 545.471643 seconds.

chan =

   117

Elapsed time is 547.684428 seconds.

chan =

   118

Elapsed time is 543.136394 seconds.

chan =

   119

Elapsed time is 552.478483 seconds.

chan =

   120

