getting started: 2941
attempting file: 2941
going for OH30 40
data loaded: OH30 40
HFB already done

chan =

     1

Elapsed time is 577.659480 seconds.

chan =

     2

Elapsed time is 576.614257 seconds.

chan =

     3

Elapsed time is 586.167913 seconds.

chan =

     4

Elapsed time is 602.220130 seconds.

chan =

     5

Elapsed time is 594.916471 seconds.

chan =

     6

Elapsed time is 594.063607 seconds.

chan =

     7

Elapsed time is 594.859256 seconds.

chan =

     8

Elapsed time is 593.633646 seconds.

chan =

     9

Elapsed time is 592.782749 seconds.

chan =

    10

Elapsed time is 588.143946 seconds.

chan =

    11

Elapsed time is 591.433500 seconds.

chan =

    12

Elapsed time is 592.412743 seconds.

chan =

    13

Elapsed time is 584.092068 seconds.

chan =

    14

Elapsed time is 570.072906 seconds.

chan =

    15

Elapsed time is 571.944230 seconds.

chan =

    16

Elapsed time is 573.322444 seconds.

chan =

    17

Elapsed time is 574.456203 seconds.

chan =

    18

Elapsed time is 575.231139 seconds.

chan =

    19

Elapsed time is 576.726860 seconds.

chan =

    20

Elapsed time is 577.304406 seconds.

chan =

    21

Elapsed time is 576.943535 seconds.

chan =

    22

Elapsed time is 575.925276 seconds.

chan =

    23

Elapsed time is 574.876556 seconds.

chan =

    24

Elapsed time is 575.216447 seconds.

chan =

    25

Elapsed time is 575.436019 seconds.

chan =

    26

Elapsed time is 571.333166 seconds.

chan =

    27

Elapsed time is 575.019317 seconds.

chan =

    28

Elapsed time is 574.211403 seconds.

chan =

    29

Elapsed time is 576.478806 seconds.

chan =

    30

Elapsed time is 574.280808 seconds.

chan =

    31

Elapsed time is 574.577415 seconds.

chan =

    32

Elapsed time is 572.154610 seconds.

chan =

    33

Elapsed time is 569.014209 seconds.

chan =

    34

Elapsed time is 569.782154 seconds.

chan =

    35

Elapsed time is 571.320067 seconds.

chan =

    36

Elapsed time is 571.694311 seconds.

chan =

    37

Elapsed time is 571.627292 seconds.

chan =

    38

Elapsed time is 573.589091 seconds.

chan =

    39

Elapsed time is 568.282874 seconds.

chan =

    40

Elapsed time is 573.355166 seconds.

chan =

    41

Elapsed time is 572.395246 seconds.

chan =

    42

Elapsed time is 574.813317 seconds.

chan =

    43

Elapsed time is 572.954725 seconds.

chan =

    44

Elapsed time is 573.999189 seconds.

chan =

    45

Elapsed time is 573.870772 seconds.

chan =

    46

Elapsed time is 578.299531 seconds.

chan =

    47

Elapsed time is 578.850145 seconds.

chan =

    48

Elapsed time is 574.976757 seconds.

chan =

    49

Elapsed time is 581.115617 seconds.

chan =

    50

Elapsed time is 579.731919 seconds.

chan =

    51

Elapsed time is 578.297223 seconds.

chan =

    52

Elapsed time is 578.447505 seconds.

chan =

    53

Elapsed time is 575.198586 seconds.

chan =

    54

Elapsed time is 574.619724 seconds.

chan =

    55

Elapsed time is 573.034224 seconds.

chan =

    56

Elapsed time is 576.538227 seconds.

chan =

    57

Elapsed time is 575.952175 seconds.

chan =

    58

Elapsed time is 577.330905 seconds.

chan =

    59

Elapsed time is 575.326860 seconds.

chan =

    60

Elapsed time is 573.774097 seconds.

chan =

    61

Elapsed time is 563.647256 seconds.

chan =

    62

Elapsed time is 561.350374 seconds.

chan =

    63

Elapsed time is 558.906786 seconds.

chan =

    64

Elapsed time is 559.977061 seconds.

chan =

    65

Elapsed time is 558.423785 seconds.

chan =

    66

Elapsed time is 558.770477 seconds.

chan =

    67

Elapsed time is 557.732880 seconds.

chan =

    68

Elapsed time is 558.977646 seconds.

chan =

    69

Elapsed time is 563.284872 seconds.

chan =

    70

Elapsed time is 563.330205 seconds.

chan =

    71

Elapsed time is 563.956014 seconds.

chan =

    72

Elapsed time is 565.380637 seconds.

chan =

    73

Elapsed time is 566.430342 seconds.

chan =

    74

Elapsed time is 565.316401 seconds.

chan =

    75

Elapsed time is 562.970590 seconds.

chan =

    76

Elapsed time is 562.436115 seconds.

chan =

    77

Elapsed time is 561.706660 seconds.

chan =

    78

Elapsed time is 562.970574 seconds.

chan =

    79

Elapsed time is 562.103539 seconds.

chan =

    80

Elapsed time is 561.835267 seconds.

chan =

    81

Elapsed time is 560.971681 seconds.

chan =

    82

Elapsed time is 561.002751 seconds.

chan =

    83

Elapsed time is 565.616914 seconds.

chan =

    84

Elapsed time is 564.188728 seconds.

chan =

    85

Elapsed time is 564.032259 seconds.

chan =

    86

Elapsed time is 562.099530 seconds.

chan =

    87

Elapsed time is 564.768807 seconds.

chan =

    88

Elapsed time is 563.306248 seconds.

chan =

    89

Elapsed time is 566.153521 seconds.

chan =

    90

Elapsed time is 565.604290 seconds.

chan =

    91

Elapsed time is 566.171304 seconds.

chan =

    92

Elapsed time is 563.905894 seconds.

chan =

    93

Elapsed time is 563.745150 seconds.

chan =

    94

Elapsed time is 553.741250 seconds.

chan =

    95

Elapsed time is 557.524152 seconds.

chan =

    96

Elapsed time is 556.041111 seconds.

chan =

    97

Elapsed time is 555.915080 seconds.

chan =

    98

Elapsed time is 557.547792 seconds.

chan =

    99

Elapsed time is 557.547460 seconds.

chan =

   100

Elapsed time is 556.511038 seconds.

chan =

   101

Elapsed time is 555.358570 seconds.

chan =

   102

Elapsed time is 554.102228 seconds.

chan =

   103

Elapsed time is 557.291717 seconds.

chan =

   104

Elapsed time is 556.958441 seconds.

chan =

   105

Elapsed time is 557.773947 seconds.

chan =

   106

Elapsed time is 556.878271 seconds.

chan =

   107

Elapsed time is 557.273156 seconds.

chan =

   108

Elapsed time is 555.300216 seconds.

chan =

   109

Elapsed time is 554.271680 seconds.

chan =

   110

Elapsed time is 549.672941 seconds.

chan =

   111

Elapsed time is 550.316429 seconds.

chan =

   112

Elapsed time is 550.304990 seconds.

chan =

   113

Elapsed time is 551.633574 seconds.

chan =

   114

Elapsed time is 547.110045 seconds.

chan =

   115

Elapsed time is 549.780511 seconds.

chan =

   116

Elapsed time is 547.188533 seconds.

chan =

   117

Elapsed time is 548.325952 seconds.

chan =

   118

Elapsed time is 543.217182 seconds.

chan =

   119

Elapsed time is 552.418037 seconds.

chan =

   120

