getting started: 2900
attempting file: 2900
going for OH27 106
data loaded: OH27 106
HFB already done

chan =

     1

Elapsed time is 329.225551 seconds.

chan =

     2

Elapsed time is 322.597834 seconds.

chan =

     3

Elapsed time is 321.678136 seconds.

chan =

     4

Elapsed time is 323.392029 seconds.

chan =

     5

Elapsed time is 327.322560 seconds.

chan =

     6

Elapsed time is 329.435307 seconds.

chan =

     7

Elapsed time is 328.427823 seconds.

chan =

     8

Elapsed time is 332.641588 seconds.

chan =

     9

Elapsed time is 331.088053 seconds.

chan =

    10

Elapsed time is 326.776750 seconds.

chan =

    11

Elapsed time is 324.293619 seconds.

chan =

    12

Elapsed time is 316.892267 seconds.

chan =

    13

Elapsed time is 310.561778 seconds.

chan =

    14

Elapsed time is 308.697671 seconds.

chan =

    15

Elapsed time is 310.735428 seconds.

chan =

    16

Elapsed time is 312.890341 seconds.

chan =

    17

Elapsed time is 307.498889 seconds.

chan =

    18

Elapsed time is 306.717900 seconds.

chan =

    19

Elapsed time is 307.447780 seconds.

chan =

    20

Elapsed time is 308.729746 seconds.

chan =

    21

Elapsed time is 310.277558 seconds.

chan =

    22

Elapsed time is 313.296197 seconds.

chan =

    23

Elapsed time is 314.328192 seconds.

chan =

    24

Elapsed time is 307.960603 seconds.

chan =

    25

Elapsed time is 304.346690 seconds.

chan =

    26

Elapsed time is 313.119839 seconds.

chan =

    27

Elapsed time is 312.055767 seconds.

chan =

    28

Elapsed time is 303.704163 seconds.

chan =

    29

Elapsed time is 307.708222 seconds.

chan =

    30

Elapsed time is 298.148949 seconds.

chan =

    31

Elapsed time is 295.058590 seconds.

chan =

    32

Elapsed time is 306.126992 seconds.

chan =

    33

Elapsed time is 288.939822 seconds.

chan =

    34

Elapsed time is 302.204696 seconds.

chan =

    35

Elapsed time is 300.615953 seconds.

chan =

    36

Elapsed time is 296.602734 seconds.

chan =

    37

Elapsed time is 280.062359 seconds.

chan =

    38

Elapsed time is 269.504210 seconds.

chan =

    39

Elapsed time is 287.354295 seconds.

chan =

    40

Elapsed time is 286.468731 seconds.

chan =

    41

Elapsed time is 284.294716 seconds.

chan =

    42

Elapsed time is 277.880465 seconds.

chan =

    43

Elapsed time is 267.142787 seconds.

chan =

    44

Elapsed time is 265.458718 seconds.

chan =

    45

Elapsed time is 269.460343 seconds.

chan =

    46

Elapsed time is 280.571777 seconds.

chan =

    47

Elapsed time is 268.756582 seconds.

chan =

    48

Elapsed time is 270.760425 seconds.

chan =

    49

Elapsed time is 283.362105 seconds.

chan =

    50

Elapsed time is 277.185218 seconds.

chan =

    51

Elapsed time is 293.306907 seconds.

chan =

    52

Elapsed time is 289.420735 seconds.

chan =

    53

Elapsed time is 281.593494 seconds.

chan =

    54

Elapsed time is 288.940765 seconds.

chan =

    55

Elapsed time is 280.614793 seconds.

chan =

    56

Elapsed time is 288.274874 seconds.

chan =

    57

Elapsed time is 286.761634 seconds.

chan =

    58

Elapsed time is 292.298014 seconds.

chan =

    59

Elapsed time is 289.454254 seconds.

chan =

    60

Elapsed time is 268.525313 seconds.

chan =

    61

Elapsed time is 275.541975 seconds.

chan =

    62

Elapsed time is 282.997545 seconds.

chan =

    63

Elapsed time is 282.684267 seconds.

chan =

    64

Elapsed time is 269.925242 seconds.

chan =

    65

Elapsed time is 276.296891 seconds.

chan =

    66

Elapsed time is 250.892535 seconds.

chan =

    67

Elapsed time is 259.171494 seconds.

chan =

    68

Elapsed time is 287.534858 seconds.

chan =

    69

Elapsed time is 271.025462 seconds.

chan =

    70

Elapsed time is 280.630600 seconds.

chan =

    71

Elapsed time is 282.222322 seconds.

chan =

    72

Elapsed time is 251.833258 seconds.

chan =

    73

Elapsed time is 278.835137 seconds.

chan =

    74

Elapsed time is 273.696607 seconds.

chan =

    75

Elapsed time is 279.322014 seconds.

chan =

    76

Elapsed time is 276.331523 seconds.

chan =

    77

Elapsed time is 262.364233 seconds.

chan =

    78

Elapsed time is 283.497368 seconds.

chan =

    79

Elapsed time is 278.929401 seconds.

chan =

    80

Elapsed time is 282.277748 seconds.

chan =

    81

Elapsed time is 284.477555 seconds.

chan =

    82

Elapsed time is 257.669895 seconds.

chan =

    83

Elapsed time is 288.885224 seconds.

chan =

    84

Elapsed time is 279.358674 seconds.

chan =

    85

Elapsed time is 282.293403 seconds.

chan =

    86

Elapsed time is 283.351738 seconds.

chan =

    87

Elapsed time is 263.479802 seconds.

chan =

    88

Elapsed time is 253.437190 seconds.

chan =

    89

Elapsed time is 273.876659 seconds.

chan =

    90

Elapsed time is 288.485487 seconds.

chan =

    91

Elapsed time is 279.554047 seconds.

chan =

    92

Elapsed time is 285.064432 seconds.

chan =

    93

Elapsed time is 279.684760 seconds.

chan =

    94

Elapsed time is 283.185198 seconds.

chan =

    95

Elapsed time is 277.466582 seconds.

chan =

    96

Elapsed time is 293.966242 seconds.

chan =

    97

Elapsed time is 286.656545 seconds.

chan =

    98

Elapsed time is 287.801709 seconds.

chan =

    99

Elapsed time is 291.583211 seconds.

chan =

   100

Elapsed time is 296.405364 seconds.

chan =

   101

Elapsed time is 299.720726 seconds.

chan =

   102

Elapsed time is 282.675600 seconds.

chan =

   103

Elapsed time is 289.519999 seconds.

chan =

   104

Elapsed time is 291.752568 seconds.

chan =

   105

Elapsed time is 290.891089 seconds.

chan =

   106

Elapsed time is 282.994093 seconds.

