getting started: 2853
attempting file: 2853
going for OH27 59
data loaded: OH27 59
HFB already done

chan =

     1

Elapsed time is 275.139954 seconds.

chan =

     2

Elapsed time is 278.588881 seconds.

chan =

     3

Elapsed time is 275.940200 seconds.

chan =

     4

Elapsed time is 294.865522 seconds.

chan =

     5

Elapsed time is 293.194954 seconds.

chan =

     6

Elapsed time is 292.911777 seconds.

chan =

     7

Elapsed time is 294.703886 seconds.

chan =

     8

Elapsed time is 290.436067 seconds.

chan =

     9

Elapsed time is 284.822270 seconds.

chan =

    10

Elapsed time is 269.424289 seconds.

chan =

    11

Elapsed time is 272.610526 seconds.

chan =

    12

Elapsed time is 287.363323 seconds.

chan =

    13

Elapsed time is 288.345407 seconds.

chan =

    14

Elapsed time is 288.146271 seconds.

chan =

    15

Elapsed time is 288.119611 seconds.

chan =

    16

Elapsed time is 286.927464 seconds.

chan =

    17

Elapsed time is 287.133714 seconds.

chan =

    18

Elapsed time is 288.432078 seconds.

chan =

    19

Elapsed time is 287.307572 seconds.

chan =

    20

Elapsed time is 288.853661 seconds.

chan =

    21

Elapsed time is 289.621194 seconds.

chan =

    22

Elapsed time is 288.376117 seconds.

chan =

    23

Elapsed time is 288.264558 seconds.

chan =

    24

Elapsed time is 287.518279 seconds.

chan =

    25

Elapsed time is 288.524435 seconds.

chan =

    26

Elapsed time is 286.337112 seconds.

chan =

    27

Elapsed time is 288.771670 seconds.

chan =

    28

Elapsed time is 287.335500 seconds.

chan =

    29

Elapsed time is 288.576794 seconds.

chan =

    30

Elapsed time is 267.675281 seconds.

chan =

    31

Elapsed time is 273.720268 seconds.

chan =

    32

Elapsed time is 260.183652 seconds.

chan =

    33

Elapsed time is 268.697107 seconds.

chan =

    34

Elapsed time is 273.560199 seconds.

chan =

    35

Elapsed time is 261.731907 seconds.

chan =

    36

Elapsed time is 271.159059 seconds.

chan =

    37

Elapsed time is 246.301195 seconds.

chan =

    38

Elapsed time is 256.600143 seconds.

chan =

    39

Elapsed time is 265.249406 seconds.

chan =

    40

Elapsed time is 267.274595 seconds.

chan =

    41

Elapsed time is 262.869964 seconds.

chan =

    42

Elapsed time is 244.295822 seconds.

chan =

    43

Elapsed time is 256.794559 seconds.

chan =

    44

Elapsed time is 271.384012 seconds.

chan =

    45

Elapsed time is 259.525402 seconds.

chan =

    46

Elapsed time is 272.083895 seconds.

chan =

    47

Elapsed time is 271.111890 seconds.

chan =

    48

Elapsed time is 271.651673 seconds.

chan =

    49

Elapsed time is 270.029602 seconds.

chan =

    50

Elapsed time is 245.178131 seconds.

chan =

    51

Elapsed time is 241.883258 seconds.

chan =

    52

Elapsed time is 237.677486 seconds.

chan =

    53

Elapsed time is 428.597628 seconds.

chan =

    54

Elapsed time is 465.106104 seconds.

chan =

    55

Elapsed time is 467.771869 seconds.

chan =

    56

Elapsed time is 467.855106 seconds.

chan =

    57

Elapsed time is 465.850608 seconds.

chan =

    58

Elapsed time is 461.252280 seconds.

chan =

    59

Elapsed time is 465.723373 seconds.

chan =

    60

Elapsed time is 461.179031 seconds.

chan =

    61

Elapsed time is 465.509467 seconds.

chan =

    62

Elapsed time is 463.115254 seconds.

chan =

    63

Elapsed time is 465.235541 seconds.

chan =

    64

Elapsed time is 461.214200 seconds.

chan =

    65

Elapsed time is 463.472223 seconds.

chan =

    66

Elapsed time is 464.030518 seconds.

chan =

    67

Elapsed time is 473.049580 seconds.

chan =

    68

Elapsed time is 470.166495 seconds.

chan =

    69

Elapsed time is 469.165152 seconds.

chan =

    70

Elapsed time is 459.494788 seconds.

chan =

    71

Elapsed time is 467.823099 seconds.

chan =

    72

Elapsed time is 461.981835 seconds.

chan =

    73

Elapsed time is 466.048492 seconds.

chan =

    74

Elapsed time is 462.999853 seconds.

chan =

    75

Elapsed time is 465.436641 seconds.

chan =

    76

Elapsed time is 462.220967 seconds.

chan =

    77

Elapsed time is 465.332821 seconds.

chan =

    78

Elapsed time is 466.844395 seconds.

chan =

    79

Elapsed time is 467.973559 seconds.

chan =

    80

Elapsed time is 464.889138 seconds.

chan =

    81

Elapsed time is 464.492383 seconds.

chan =

    82

Elapsed time is 464.528236 seconds.

chan =

    83

Elapsed time is 470.677484 seconds.

chan =

    84

Elapsed time is 466.010970 seconds.

chan =

    85

Elapsed time is 463.661270 seconds.

chan =

    86

Elapsed time is 463.930511 seconds.

chan =

    87

Elapsed time is 466.219899 seconds.

chan =

    88

Elapsed time is 465.957779 seconds.

chan =

    89

Elapsed time is 469.470716 seconds.

chan =

    90

Elapsed time is 464.141379 seconds.

chan =

    91

Elapsed time is 466.626324 seconds.

chan =

    92

Elapsed time is 459.528745 seconds.

chan =

    93

Elapsed time is 459.236675 seconds.

chan =

    94

Elapsed time is 457.740296 seconds.

chan =

    95

Elapsed time is 463.386973 seconds.

chan =

    96

Elapsed time is 454.500933 seconds.

chan =

    97

Elapsed time is 459.478048 seconds.

chan =

    98

Elapsed time is 457.714251 seconds.

chan =

    99

Elapsed time is 457.478076 seconds.

chan =

   100

Elapsed time is 455.230382 seconds.

chan =

   101

Elapsed time is 460.979173 seconds.

chan =

   102

Elapsed time is 458.997653 seconds.

chan =

   103

Elapsed time is 461.672911 seconds.

chan =

   104

Elapsed time is 461.236152 seconds.

chan =

   105

Elapsed time is 461.609105 seconds.

chan =

   106

Elapsed time is 457.668566 seconds.

