getting started: 2672
attempting file: 2672
going for NM04 35
data loaded: NM04 35
HFB already done

chan =

     1

Elapsed time is 225.549391 seconds.

chan =

     2

Elapsed time is 221.924709 seconds.

chan =

     3

Elapsed time is 220.199575 seconds.

chan =

     4

Elapsed time is 219.478188 seconds.

chan =

     5

Elapsed time is 218.773712 seconds.

chan =

     6

Elapsed time is 223.118347 seconds.

chan =

     7

Elapsed time is 218.879800 seconds.

chan =

     8

Elapsed time is 218.446497 seconds.

chan =

     9

Elapsed time is 220.478239 seconds.

chan =

    10

Elapsed time is 215.784460 seconds.

chan =

    11

Elapsed time is 219.126164 seconds.

chan =

    12

Elapsed time is 220.731581 seconds.

chan =

    13

Elapsed time is 221.166016 seconds.

chan =

    14

Elapsed time is 220.479756 seconds.

chan =

    15

Elapsed time is 219.925143 seconds.

chan =

    16

Elapsed time is 217.381282 seconds.

chan =

    17

Elapsed time is 215.551729 seconds.

chan =

    18

Elapsed time is 216.476095 seconds.

chan =

    19

Elapsed time is 217.084671 seconds.

chan =

    20

Elapsed time is 217.735854 seconds.

chan =

    21

Elapsed time is 218.743059 seconds.

chan =

    22

Elapsed time is 216.261090 seconds.

chan =

    23

Elapsed time is 217.958408 seconds.

chan =

    24

Elapsed time is 218.053196 seconds.

chan =

    25

Elapsed time is 216.961069 seconds.

chan =

    26

Elapsed time is 217.579548 seconds.

chan =

    27

Elapsed time is 215.653516 seconds.

chan =

    28

Elapsed time is 219.558241 seconds.

chan =

    29

Elapsed time is 217.520232 seconds.

chan =

    30

Elapsed time is 217.688399 seconds.

chan =

    31

Elapsed time is 219.409076 seconds.

chan =

    32

Elapsed time is 216.796538 seconds.

chan =

    33

Elapsed time is 217.886772 seconds.

chan =

    34

Elapsed time is 218.113842 seconds.

chan =

    35

Elapsed time is 217.298019 seconds.

chan =

    36

Elapsed time is 220.969901 seconds.

chan =

    37

Elapsed time is 236.131496 seconds.

chan =

    38

Elapsed time is 237.771339 seconds.

chan =

    39

Elapsed time is 237.476949 seconds.

chan =

    40

Elapsed time is 238.359515 seconds.

chan =

    41

Elapsed time is 239.118799 seconds.

chan =

    42

Elapsed time is 238.986491 seconds.

chan =

    43

Elapsed time is 235.464368 seconds.

chan =

    44

Elapsed time is 234.832334 seconds.

chan =

    45

Elapsed time is 233.086803 seconds.

chan =

    46

Elapsed time is 233.012810 seconds.

chan =

    47

Elapsed time is 221.136178 seconds.

chan =

    48

Elapsed time is 232.063955 seconds.

chan =

    49

Elapsed time is 234.663888 seconds.

chan =

    50

Elapsed time is 230.783013 seconds.

chan =

    51

Elapsed time is 233.999327 seconds.

chan =

    52

Elapsed time is 231.267896 seconds.

chan =

    53

Elapsed time is 235.605656 seconds.

chan =

    54

Elapsed time is 254.388539 seconds.

chan =

    55

Elapsed time is 224.778601 seconds.

chan =

    56

Elapsed time is 253.814964 seconds.

chan =

    57

Elapsed time is 243.153313 seconds.

chan =

    58

Elapsed time is 229.592084 seconds.

chan =

    59

Elapsed time is 230.230665 seconds.

chan =

    60

Elapsed time is 248.832068 seconds.

chan =

    61

Elapsed time is 227.183300 seconds.

chan =

    62

Elapsed time is 215.281640 seconds.

chan =

    63

Elapsed time is 213.560233 seconds.

chan =

    64

Elapsed time is 210.561730 seconds.

chan =

    65

Elapsed time is 213.992131 seconds.

chan =

    66

Elapsed time is 213.222478 seconds.

chan =

    67

Elapsed time is 213.207982 seconds.

chan =

    68

Elapsed time is 213.165698 seconds.

chan =

    69

Elapsed time is 212.750911 seconds.

chan =

    70

Elapsed time is 213.198897 seconds.

chan =

    71

Elapsed time is 212.303117 seconds.

chan =

    72

Elapsed time is 212.986521 seconds.

chan =

    73

Elapsed time is 212.507887 seconds.

chan =

    74

Elapsed time is 211.869031 seconds.

chan =

    75

Elapsed time is 210.510413 seconds.

chan =

    76

Elapsed time is 211.392070 seconds.

chan =

    77

Elapsed time is 212.387963 seconds.

chan =

    78

Elapsed time is 211.774839 seconds.

chan =

    79

Elapsed time is 212.072781 seconds.

chan =

    80

Elapsed time is 211.996660 seconds.

chan =

    81

Elapsed time is 210.854984 seconds.

chan =

    82

Elapsed time is 213.677567 seconds.

chan =

    83

Elapsed time is 211.750969 seconds.

chan =

    84

Elapsed time is 212.844935 seconds.

chan =

    85

Elapsed time is 212.428807 seconds.

chan =

    86

Elapsed time is 213.960828 seconds.

chan =

    87

Elapsed time is 214.664721 seconds.

chan =

    88

Elapsed time is 212.701051 seconds.

chan =

    89

Elapsed time is 212.869274 seconds.

chan =

    90

Elapsed time is 212.802397 seconds.

chan =

    91

Elapsed time is 212.065823 seconds.
attempting saving
save success: /projects/p31578/dtf8829/QuestConnect/CHANDAT/chanDat_NM04_035.mat
working on TF
encoding done
encoding RT done
retrieval 1 done
retrieval 2 done
attempting saving
save success: /projects/p31578/dtf8829/QuestConnect/CHANDAT/chanDat_NM04_035.mat
working on ISPC
channel: 1 took 0 minutes
channel: 2 took 0 minutes
channel: 3 took 0 minutes
channel: 4 took 0 minutes
channel: 5 took 0 minutes
channel: 6 took 0 minutes
channel: 7 took 0 minutes
channel: 8 took 0 minutes
channel: 9 took 0 minutes
channel: 10 took 0 minutes
channel: 11 took 0 minutes
channel: 12 took 0 minutes
channel: 13 took 0 minutes
channel: 14 took 0 minutes
channel: 15 took 0 minutes
channel: 16 took 0 minutes
channel: 17 took 0 minutes
channel: 18 took 0 minutes
channel: 19 took 0 minutes
channel: 20 took 0 minutes
channel: 21 took 0 minutes
channel: 22 took 0 minutes
channel: 23 took 0 minutes
channel: 24 took 0 minutes
channel: 25 took 0 minutes
channel: 26 took 0 minutes
channel: 27 took 0 minutes
channel: 28 took 0 minutes
channel: 29 took 0 minutes
channel: 30 took 0 minutes
channel: 31 took 0 minutes
channel: 32 took 0 minutes
channel: 33 took 0 minutes
channel: 34 took 0 minutes
channel: 35 took 0 minutes
channel: 36 took 3.2 minutes
channel: 37 took 3.2 minutes
channel: 38 took 3.2 minutes
channel: 39 took 3.2 minutes
channel: 40 took 3.3 minutes
channel: 41 took 3.3 minutes
channel: 42 took 3.3 minutes
channel: 43 took 3.2 minutes
channel: 44 took 3.2 minutes
channel: 45 took 3.3 minutes
channel: 46 took 3.3 minutes
channel: 47 took 3.3 minutes
channel: 48 took 3.2 minutes
channel: 49 took 3.2 minutes
channel: 50 took 3.2 minutes
channel: 51 took 3.3 minutes
channel: 52 took 3.2 minutes
channel: 53 took 3.3 minutes
channel: 54 took 3.2 minutes
channel: 55 took 3.2 minutes
channel: 56 took 3.2 minutes
channel: 57 took 3.3 minutes
channel: 58 took 3.2 minutes
channel: 59 took 3.3 minutes
channel: 60 took 3.3 minutes
channel: 61 took 3.3 minutes
channel: 62 took 3.2 minutes
channel: 63 took 3.3 minutes
channel: 64 took 3.3 minutes
channel: 65 took 3.3 minutes
channel: 66 took 3.3 minutes
channel: 67 took 3.3 minutes
channel: 68 took 3.2 minutes
channel: 69 took 3.2 minutes
channel: 70 took 3.2 minutes
channel: 71 took 3.3 minutes
channel: 72 took 3.3 minutes
channel: 73 took 3.2 minutes
channel: 74 took 3.3 minutes
channel: 75 took 3.3 minutes
channel: 76 took 3.3 minutes
channel: 77 took 3.3 minutes
channel: 78 took 3.3 minutes
channel: 79 took 3.3 minutes
channel: 80 took 3.3 minutes
channel: 81 took 3.2 minutes
channel: 82 took 3.3 minutes
channel: 83 took 3.3 minutes
channel: 84 took 3.2 minutes
channel: 85 took 3.3 minutes
channel: 86 took 3.3 minutes
channel: 87 took 3.3 minutes
channel: 88 took 3.3 minutes
channel: 89 took 3.3 minutes
channel: 90 took 3.3 minutes
channel: 91 took 3.3 minutes
attempting saving
save success: /projects/p31578/dtf8829/QuestConnect/CHANDAT/chanDat_NM04_035.mat
Elapsed time is 200.667740 seconds.
