getting started: 2925
attempting file: 2925
going for OH30 24
data loaded: OH30 24
HFB already done

chan =

     1

Elapsed time is 614.310804 seconds.

chan =

     2

Elapsed time is 609.042519 seconds.

chan =

     3

Elapsed time is 601.573054 seconds.

chan =

     4

Elapsed time is 602.507318 seconds.

chan =

     5

Elapsed time is 598.552386 seconds.

chan =

     6

Elapsed time is 601.099339 seconds.

chan =

     7

Elapsed time is 596.331936 seconds.

chan =

     8

Elapsed time is 600.306732 seconds.

chan =

     9

Elapsed time is 595.459799 seconds.

chan =

    10

Elapsed time is 597.445195 seconds.

chan =

    11

Elapsed time is 595.496016 seconds.

chan =

    12

Elapsed time is 598.643985 seconds.

chan =

    13

Elapsed time is 593.286081 seconds.

chan =

    14

Elapsed time is 599.301572 seconds.

chan =

    15

Elapsed time is 593.597470 seconds.

chan =

    16

Elapsed time is 595.869939 seconds.

chan =

    17

Elapsed time is 595.073719 seconds.

chan =

    18

Elapsed time is 596.291839 seconds.

chan =

    19

Elapsed time is 594.304419 seconds.

chan =

    20

Elapsed time is 596.407574 seconds.

chan =

    21

Elapsed time is 595.731921 seconds.

chan =

    22

Elapsed time is 597.506058 seconds.

chan =

    23

Elapsed time is 594.156997 seconds.

chan =

    24

Elapsed time is 597.596565 seconds.

chan =

    25

Elapsed time is 593.832385 seconds.

chan =

    26

Elapsed time is 592.817242 seconds.

chan =

    27

Elapsed time is 592.498815 seconds.

chan =

    28

Elapsed time is 595.673614 seconds.

chan =

    29

Elapsed time is 593.683574 seconds.

chan =

    30

Elapsed time is 592.506905 seconds.

chan =

    31

Elapsed time is 596.491985 seconds.

chan =

    32

Elapsed time is 597.289334 seconds.

chan =

    33

Elapsed time is 597.818472 seconds.

chan =

    34

Elapsed time is 593.389168 seconds.

chan =

    35

Elapsed time is 596.724675 seconds.

chan =

    36

Elapsed time is 595.864056 seconds.

chan =

    37

Elapsed time is 592.602143 seconds.

chan =

    38

Elapsed time is 592.423645 seconds.

chan =

    39

Elapsed time is 594.654544 seconds.

chan =

    40

Elapsed time is 597.516713 seconds.

chan =

    41

Elapsed time is 598.664433 seconds.

chan =

    42

Elapsed time is 594.573967 seconds.

chan =

    43

Elapsed time is 596.679492 seconds.

chan =

    44

Elapsed time is 591.501100 seconds.

chan =

    45

Elapsed time is 598.106099 seconds.

chan =

    46

Elapsed time is 587.558542 seconds.

chan =

    47

Elapsed time is 595.918856 seconds.

chan =

    48

Elapsed time is 587.732982 seconds.

chan =

    49

Elapsed time is 601.030897 seconds.

chan =

    50

Elapsed time is 598.434702 seconds.

chan =

    51

Elapsed time is 598.264359 seconds.

chan =

    52

Elapsed time is 597.254690 seconds.

chan =

    53

Elapsed time is 596.747048 seconds.

chan =

    54

Elapsed time is 595.910688 seconds.

chan =

    55

Elapsed time is 597.606853 seconds.

chan =

    56

Elapsed time is 595.931498 seconds.

chan =

    57

Elapsed time is 596.640331 seconds.

chan =

    58

Elapsed time is 593.997822 seconds.

chan =

    59

Elapsed time is 594.129790 seconds.

chan =

    60

Elapsed time is 591.982487 seconds.

chan =

    61

Elapsed time is 594.064947 seconds.

chan =

    62

Elapsed time is 595.762012 seconds.

chan =

    63

Elapsed time is 594.068824 seconds.

chan =

    64

Elapsed time is 593.503480 seconds.

chan =

    65

Elapsed time is 591.878784 seconds.

chan =

    66

Elapsed time is 592.414149 seconds.

chan =

    67

Elapsed time is 591.238572 seconds.

chan =

    68

Elapsed time is 594.161734 seconds.

chan =

    69

Elapsed time is 593.563499 seconds.

chan =

    70

Elapsed time is 593.338839 seconds.

chan =

    71

Elapsed time is 592.751795 seconds.

chan =

    72

Elapsed time is 594.426292 seconds.

chan =

    73

Elapsed time is 593.755031 seconds.

chan =

    74

Elapsed time is 595.431273 seconds.

chan =

    75

Elapsed time is 597.385544 seconds.

chan =

    76

Elapsed time is 595.088456 seconds.

chan =

    77

Elapsed time is 595.424977 seconds.

chan =

    78

Elapsed time is 596.915359 seconds.

chan =

    79

Elapsed time is 594.718614 seconds.

chan =

    80

Elapsed time is 598.548001 seconds.

chan =

    81

Elapsed time is 594.553902 seconds.

chan =

    82

Elapsed time is 593.112762 seconds.

chan =

    83

Elapsed time is 598.016454 seconds.

chan =

    84

Elapsed time is 592.568772 seconds.

chan =

    85

Elapsed time is 594.102082 seconds.

chan =

    86

Elapsed time is 591.183743 seconds.

chan =

    87

Elapsed time is 594.399503 seconds.

chan =

    88

Elapsed time is 597.271913 seconds.

chan =

    89

Elapsed time is 596.409410 seconds.

chan =

    90

Elapsed time is 601.251000 seconds.

chan =

    91

Elapsed time is 599.500279 seconds.

chan =

    92

Elapsed time is 595.911711 seconds.

chan =

    93

Elapsed time is 597.002987 seconds.

chan =

    94

Elapsed time is 598.562207 seconds.

chan =

    95

Elapsed time is 600.403471 seconds.

chan =

    96

Elapsed time is 596.699019 seconds.

chan =

    97

Elapsed time is 594.724214 seconds.

chan =

    98

Elapsed time is 602.410970 seconds.

chan =

    99

Elapsed time is 599.707501 seconds.

chan =

   100

Elapsed time is 602.331052 seconds.

chan =

   101

Elapsed time is 593.377318 seconds.

chan =

   102

Elapsed time is 599.355612 seconds.

chan =

   103

Elapsed time is 597.484881 seconds.

chan =

   104

Elapsed time is 602.324159 seconds.

chan =

   105

Elapsed time is 602.466035 seconds.

chan =

   106

Elapsed time is 605.207459 seconds.

chan =

   107

Elapsed time is 603.218774 seconds.

chan =

   108

Elapsed time is 595.515634 seconds.

chan =

   109

Elapsed time is 584.088905 seconds.

chan =

   110

Elapsed time is 585.115888 seconds.

chan =

   111

Elapsed time is 586.140327 seconds.

chan =

   112

Elapsed time is 587.704254 seconds.

chan =

   113

Elapsed time is 588.311803 seconds.

chan =

   114

