getting started: 2848
attempting file: 2848
going for OH27 54
data loaded: OH27 54
HFB already done

chan =

     1

Elapsed time is 226.620970 seconds.

chan =

     2

Elapsed time is 223.920259 seconds.

chan =

     3

Elapsed time is 224.643814 seconds.

chan =

     4

Elapsed time is 226.411208 seconds.

chan =

     5

Elapsed time is 224.969413 seconds.

chan =

     6

Elapsed time is 225.275593 seconds.

chan =

     7

Elapsed time is 225.667867 seconds.

chan =

     8

Elapsed time is 223.707351 seconds.

chan =

     9

Elapsed time is 223.725337 seconds.

chan =

    10

Elapsed time is 224.568857 seconds.

chan =

    11

Elapsed time is 225.306205 seconds.

chan =

    12

Elapsed time is 225.952744 seconds.

chan =

    13

Elapsed time is 223.690304 seconds.

chan =

    14

Elapsed time is 225.858823 seconds.

chan =

    15

Elapsed time is 223.668917 seconds.

chan =

    16

Elapsed time is 223.907301 seconds.

chan =

    17

Elapsed time is 222.971252 seconds.

chan =

    18

Elapsed time is 226.255979 seconds.

chan =

    19

Elapsed time is 222.451457 seconds.

chan =

    20

Elapsed time is 225.315210 seconds.

chan =

    21

Elapsed time is 224.050584 seconds.

chan =

    22

Elapsed time is 225.096277 seconds.

chan =

    23

Elapsed time is 224.288474 seconds.

chan =

    24

Elapsed time is 225.092567 seconds.

chan =

    25

Elapsed time is 223.887656 seconds.

chan =

    26

Elapsed time is 223.717207 seconds.

chan =

    27

Elapsed time is 223.106454 seconds.

chan =

    28

Elapsed time is 224.522041 seconds.

chan =

    29

Elapsed time is 223.789879 seconds.

chan =

    30

Elapsed time is 224.755539 seconds.

chan =

    31

Elapsed time is 224.383333 seconds.

chan =

    32

Elapsed time is 224.135127 seconds.

chan =

    33

Elapsed time is 223.622248 seconds.

chan =

    34

Elapsed time is 225.921629 seconds.

chan =

    35

Elapsed time is 226.043488 seconds.

chan =

    36

Elapsed time is 225.682346 seconds.

chan =

    37

Elapsed time is 225.801882 seconds.

chan =

    38

Elapsed time is 225.563438 seconds.

chan =

    39

Elapsed time is 224.478806 seconds.

chan =

    40

Elapsed time is 225.880513 seconds.

chan =

    41

Elapsed time is 225.356802 seconds.

chan =

    42

Elapsed time is 225.761811 seconds.

chan =

    43

Elapsed time is 223.411051 seconds.

chan =

    44

Elapsed time is 226.238603 seconds.

chan =

    45

Elapsed time is 225.950501 seconds.

chan =

    46

Elapsed time is 225.848585 seconds.

chan =

    47

Elapsed time is 223.638073 seconds.

chan =

    48

Elapsed time is 225.561524 seconds.

chan =

    49

Elapsed time is 220.462022 seconds.

chan =

    50

Elapsed time is 220.237236 seconds.

chan =

    51

Elapsed time is 220.578485 seconds.

chan =

    52

Elapsed time is 221.305035 seconds.

chan =

    53

Elapsed time is 222.260199 seconds.

chan =

    54

Elapsed time is 221.721014 seconds.

chan =

    55

Elapsed time is 221.089444 seconds.

chan =

    56

Elapsed time is 221.835870 seconds.

chan =

    57

Elapsed time is 220.534665 seconds.

chan =

    58

Elapsed time is 222.496631 seconds.

chan =

    59

Elapsed time is 220.469982 seconds.

chan =

    60

Elapsed time is 222.577998 seconds.

chan =

    61

Elapsed time is 222.156315 seconds.

chan =

    62

Elapsed time is 221.509496 seconds.

chan =

    63

Elapsed time is 222.582843 seconds.

chan =

    64

Elapsed time is 221.281159 seconds.

chan =

    65

Elapsed time is 219.823273 seconds.

chan =

    66

Elapsed time is 223.407267 seconds.

chan =

    67

Elapsed time is 222.995188 seconds.

chan =

    68

Elapsed time is 222.242095 seconds.

chan =

    69

Elapsed time is 222.311886 seconds.

chan =

    70

Elapsed time is 221.091913 seconds.

chan =

    71

Elapsed time is 221.858066 seconds.

chan =

    72

Elapsed time is 222.896281 seconds.

chan =

    73

Elapsed time is 222.257924 seconds.

chan =

    74

Elapsed time is 221.984328 seconds.

chan =

    75

Elapsed time is 223.162725 seconds.

chan =

    76

Elapsed time is 221.193498 seconds.

chan =

    77

Elapsed time is 222.621924 seconds.

chan =

    78

Elapsed time is 224.381728 seconds.

chan =

    79

Elapsed time is 224.216380 seconds.

chan =

    80

Elapsed time is 223.533755 seconds.

chan =

    81

Elapsed time is 223.385218 seconds.

chan =

    82

Elapsed time is 224.236127 seconds.

chan =

    83

Elapsed time is 223.970049 seconds.

chan =

    84

Elapsed time is 224.333795 seconds.

chan =

    85

Elapsed time is 219.989673 seconds.

chan =

    86

Elapsed time is 218.287686 seconds.

chan =

    87

Elapsed time is 219.582040 seconds.

chan =

    88

Elapsed time is 217.151943 seconds.

chan =

    89

Elapsed time is 220.450426 seconds.

chan =

    90

Elapsed time is 221.898807 seconds.

chan =

    91

Elapsed time is 218.619502 seconds.

chan =

    92

Elapsed time is 216.730581 seconds.

chan =

    93

Elapsed time is 217.169861 seconds.

chan =

    94

Elapsed time is 216.329133 seconds.

chan =

    95

Elapsed time is 216.328296 seconds.

chan =

    96

Elapsed time is 215.924135 seconds.

chan =

    97

Elapsed time is 215.801468 seconds.

chan =

    98

Elapsed time is 215.447721 seconds.

chan =

    99

Elapsed time is 214.900126 seconds.

chan =

   100

Elapsed time is 216.189426 seconds.

chan =

   101

Elapsed time is 218.304426 seconds.

chan =

   102

Elapsed time is 217.578823 seconds.

chan =

   103

Elapsed time is 217.844053 seconds.

chan =

   104

Elapsed time is 216.789955 seconds.

chan =

   105

Elapsed time is 217.363355 seconds.

chan =

   106

Elapsed time is 217.140589 seconds.

