getting started: 2823
attempting file: 2823
going for OH27 29
data loaded: OH27 29
HFB already done

chan =

     1

Elapsed time is 240.413497 seconds.

chan =

     2

Elapsed time is 234.812812 seconds.

chan =

     3

Elapsed time is 234.407285 seconds.

chan =

     4

Elapsed time is 238.568192 seconds.

chan =

     5

Elapsed time is 239.135477 seconds.

chan =

     6

Elapsed time is 237.767706 seconds.

chan =

     7

Elapsed time is 238.463055 seconds.

chan =

     8

Elapsed time is 237.465008 seconds.

chan =

     9

Elapsed time is 238.210773 seconds.

chan =

    10

Elapsed time is 236.696842 seconds.

chan =

    11

Elapsed time is 237.509874 seconds.

chan =

    12

Elapsed time is 236.118228 seconds.

chan =

    13

Elapsed time is 236.233061 seconds.

chan =

    14

Elapsed time is 237.192014 seconds.

chan =

    15

Elapsed time is 236.815019 seconds.

chan =

    16

Elapsed time is 232.895707 seconds.

chan =

    17

Elapsed time is 233.635417 seconds.

chan =

    18

Elapsed time is 238.210632 seconds.

chan =

    19

Elapsed time is 236.968305 seconds.

chan =

    20

Elapsed time is 239.150306 seconds.

chan =

    21

Elapsed time is 237.492556 seconds.

chan =

    22

Elapsed time is 233.520235 seconds.

chan =

    23

Elapsed time is 237.542447 seconds.

chan =

    24

Elapsed time is 236.797554 seconds.

chan =

    25

Elapsed time is 235.382505 seconds.

chan =

    26

Elapsed time is 234.054752 seconds.

chan =

    27

Elapsed time is 235.538032 seconds.

chan =

    28

Elapsed time is 236.431775 seconds.

chan =

    29

Elapsed time is 235.822924 seconds.

chan =

    30

Elapsed time is 237.228091 seconds.

chan =

    31

Elapsed time is 237.461629 seconds.

chan =

    32

Elapsed time is 237.824548 seconds.

chan =

    33

Elapsed time is 238.590672 seconds.

chan =

    34

Elapsed time is 244.716381 seconds.

chan =

    35

Elapsed time is 243.523704 seconds.

chan =

    36

Elapsed time is 240.107314 seconds.

chan =

    37

Elapsed time is 239.902676 seconds.

chan =

    38

Elapsed time is 244.287150 seconds.

chan =

    39

Elapsed time is 242.955180 seconds.

chan =

    40

Elapsed time is 241.597014 seconds.

chan =

    41

Elapsed time is 242.626021 seconds.

chan =

    42

Elapsed time is 241.688669 seconds.

chan =

    43

Elapsed time is 235.965670 seconds.

chan =

    44

Elapsed time is 239.993277 seconds.

chan =

    45

Elapsed time is 242.004021 seconds.

chan =

    46

Elapsed time is 243.284395 seconds.

chan =

    47

Elapsed time is 238.055924 seconds.

chan =

    48

Elapsed time is 241.410815 seconds.

chan =

    49

Elapsed time is 240.241851 seconds.

chan =

    50

Elapsed time is 239.076619 seconds.

chan =

    51

Elapsed time is 242.796640 seconds.

chan =

    52

Elapsed time is 242.518418 seconds.

chan =

    53

Elapsed time is 243.061569 seconds.

chan =

    54

Elapsed time is 246.879299 seconds.

chan =

    55

Elapsed time is 243.877907 seconds.

chan =

    56

Elapsed time is 244.679465 seconds.

chan =

    57

Elapsed time is 237.218076 seconds.

chan =

    58

Elapsed time is 239.694263 seconds.

chan =

    59

Elapsed time is 240.496900 seconds.

chan =

    60

Elapsed time is 240.804204 seconds.

chan =

    61

Elapsed time is 244.144072 seconds.

chan =

    62

Elapsed time is 242.308969 seconds.

chan =

    63

Elapsed time is 241.751832 seconds.

chan =

    64

Elapsed time is 241.837810 seconds.

chan =

    65

Elapsed time is 238.987107 seconds.

chan =

    66

Elapsed time is 243.504722 seconds.

chan =

    67

Elapsed time is 242.137321 seconds.

chan =

    68

Elapsed time is 243.073271 seconds.

chan =

    69

Elapsed time is 242.721937 seconds.

chan =

    70

Elapsed time is 240.519270 seconds.

chan =

    71

Elapsed time is 244.209700 seconds.

chan =

    72

Elapsed time is 243.447384 seconds.

chan =

    73

Elapsed time is 242.515164 seconds.

chan =

    74

Elapsed time is 239.846104 seconds.

chan =

    75

Elapsed time is 241.911859 seconds.

chan =

    76

Elapsed time is 240.703424 seconds.

chan =

    77

Elapsed time is 242.463001 seconds.

chan =

    78

Elapsed time is 243.079805 seconds.

chan =

    79

Elapsed time is 244.676986 seconds.

chan =

    80

Elapsed time is 240.389626 seconds.

chan =

    81

Elapsed time is 242.888489 seconds.

chan =

    82

Elapsed time is 241.222906 seconds.

chan =

    83

Elapsed time is 243.138305 seconds.

chan =

    84

Elapsed time is 242.506804 seconds.

chan =

    85

Elapsed time is 240.291415 seconds.

chan =

    86

Elapsed time is 239.679286 seconds.

chan =

    87

Elapsed time is 239.777134 seconds.

chan =

    88

Elapsed time is 237.807110 seconds.

chan =

    89

Elapsed time is 238.702134 seconds.

chan =

    90

Elapsed time is 241.431992 seconds.

chan =

    91

Elapsed time is 242.623636 seconds.

chan =

    92

Elapsed time is 241.814551 seconds.

chan =

    93

Elapsed time is 243.024709 seconds.

chan =

    94

Elapsed time is 242.709648 seconds.

chan =

    95

Elapsed time is 229.607887 seconds.

chan =

    96

Elapsed time is 212.165867 seconds.

chan =

    97

Elapsed time is 229.582152 seconds.

chan =

    98

Elapsed time is 229.409791 seconds.

chan =

    99

Elapsed time is 226.971852 seconds.

chan =

   100

Elapsed time is 228.670437 seconds.

chan =

   101

Elapsed time is 214.314654 seconds.

chan =

   102

Elapsed time is 181.095352 seconds.

chan =

   103

Elapsed time is 180.646179 seconds.

chan =

   104

Elapsed time is 181.528367 seconds.

chan =

   105

Elapsed time is 180.312950 seconds.

chan =

   106

Elapsed time is 180.862858 seconds.

