getting started: 2684
attempting file: 2684
going for NM04 47
data loaded: NM04 47
HFB already done

chan =

     1

Elapsed time is 278.771082 seconds.

chan =

     2

Elapsed time is 278.422299 seconds.

chan =

     3

Elapsed time is 278.574286 seconds.

chan =

     4

Elapsed time is 281.273606 seconds.

chan =

     5

Elapsed time is 278.662330 seconds.

chan =

     6

Elapsed time is 286.745954 seconds.

chan =

     7

Elapsed time is 301.636580 seconds.

chan =

     8

Elapsed time is 303.911541 seconds.

chan =

     9

Elapsed time is 304.788134 seconds.

chan =

    10

Elapsed time is 306.495814 seconds.

chan =

    11

Elapsed time is 307.235110 seconds.

chan =

    12

Elapsed time is 305.301403 seconds.

chan =

    13

Elapsed time is 305.129841 seconds.

chan =

    14

Elapsed time is 308.393563 seconds.

chan =

    15

Elapsed time is 304.073510 seconds.

chan =

    16

Elapsed time is 303.781247 seconds.

chan =

    17

Elapsed time is 296.629264 seconds.

chan =

    18

Elapsed time is 300.229542 seconds.

chan =

    19

Elapsed time is 300.013675 seconds.

chan =

    20

Elapsed time is 295.071505 seconds.

chan =

    21

Elapsed time is 294.516310 seconds.

chan =

    22

Elapsed time is 297.594191 seconds.

chan =

    23

Elapsed time is 299.451421 seconds.

chan =

    24

Elapsed time is 301.185621 seconds.

chan =

    25

Elapsed time is 298.054818 seconds.

chan =

    26

Elapsed time is 293.666484 seconds.

chan =

    27

Elapsed time is 284.837325 seconds.

chan =

    28

Elapsed time is 281.510114 seconds.

chan =

    29

Elapsed time is 301.202058 seconds.

chan =

    30

Elapsed time is 296.733354 seconds.

chan =

    31

Elapsed time is 299.297609 seconds.

chan =

    32

Elapsed time is 301.869211 seconds.

chan =

    33

Elapsed time is 288.267315 seconds.

chan =

    34

Elapsed time is 289.501089 seconds.

chan =

    35

Elapsed time is 298.142921 seconds.

chan =

    36

Elapsed time is 302.089968 seconds.

chan =

    37

Elapsed time is 301.604518 seconds.

chan =

    38

Elapsed time is 301.947508 seconds.

chan =

    39

Elapsed time is 295.527147 seconds.

chan =

    40

Elapsed time is 297.715222 seconds.

chan =

    41

Elapsed time is 301.508177 seconds.

chan =

    42

Elapsed time is 302.216448 seconds.

chan =

    43

Elapsed time is 300.535610 seconds.

chan =

    44

Elapsed time is 297.197937 seconds.

chan =

    45

Elapsed time is 296.050700 seconds.

chan =

    46

Elapsed time is 298.727321 seconds.

chan =

    47

Elapsed time is 300.045369 seconds.

chan =

    48

Elapsed time is 294.281419 seconds.

chan =

    49

Elapsed time is 297.228972 seconds.

chan =

    50

Elapsed time is 298.759386 seconds.

chan =

    51

Elapsed time is 299.643363 seconds.

chan =

    52

Elapsed time is 300.225164 seconds.

chan =

    53

Elapsed time is 298.036261 seconds.

chan =

    54

Elapsed time is 299.856857 seconds.

chan =

    55

Elapsed time is 297.925618 seconds.

chan =

    56

Elapsed time is 301.841219 seconds.

chan =

    57

Elapsed time is 301.753588 seconds.

chan =

    58

Elapsed time is 300.599335 seconds.

chan =

    59

Elapsed time is 299.754632 seconds.

chan =

    60

Elapsed time is 299.212697 seconds.

chan =

    61

Elapsed time is 298.435679 seconds.

chan =

    62

Elapsed time is 299.602418 seconds.

chan =

    63

Elapsed time is 290.500847 seconds.

chan =

    64

Elapsed time is 297.282013 seconds.

chan =

    65

Elapsed time is 298.721710 seconds.

chan =

    66

Elapsed time is 302.047973 seconds.

chan =

    67

Elapsed time is 298.698850 seconds.

chan =

    68

Elapsed time is 298.533951 seconds.

chan =

    69

Elapsed time is 296.143844 seconds.

chan =

    70

Elapsed time is 300.910155 seconds.

chan =

    71

Elapsed time is 300.581323 seconds.

chan =

    72

Elapsed time is 300.064889 seconds.

chan =

    73

Elapsed time is 298.110120 seconds.

chan =

    74

Elapsed time is 294.537455 seconds.

chan =

    75

Elapsed time is 298.659935 seconds.

chan =

    76

Elapsed time is 300.258647 seconds.

chan =

    77

Elapsed time is 294.018280 seconds.

chan =

    78

Elapsed time is 300.575461 seconds.

chan =

    79

Elapsed time is 294.615035 seconds.

chan =

    80

Elapsed time is 299.242074 seconds.

chan =

    81

Elapsed time is 294.835707 seconds.

chan =

    82

Elapsed time is 299.238067 seconds.

chan =

    83

Elapsed time is 301.285246 seconds.

chan =

    84

Elapsed time is 298.106354 seconds.

chan =

    85

Elapsed time is 300.461712 seconds.

chan =

    86

Elapsed time is 299.772374 seconds.

chan =

    87

Elapsed time is 300.588480 seconds.

chan =

    88

Elapsed time is 298.315679 seconds.

chan =

    89

Elapsed time is 293.413939 seconds.

chan =

    90

Elapsed time is 301.610864 seconds.

chan =

    91

Elapsed time is 297.747330 seconds.
attempting saving
save success: /projects/p31578/dtf8829/QuestConnect/CHANDAT/chanDat_NM04_047.mat
working on TF
encoding done
encoding RT done
retrieval 1 done
retrieval 2 done
attempting saving
save success: /projects/p31578/dtf8829/QuestConnect/CHANDAT/chanDat_NM04_047.mat
working on ISPC
channel: 1 took 0 minutes
channel: 2 took 0 minutes
channel: 3 took 0 minutes
channel: 4 took 0 minutes
channel: 5 took 0 minutes
channel: 6 took 0 minutes
channel: 7 took 0 minutes
channel: 8 took 0 minutes
channel: 9 took 0 minutes
channel: 10 took 0 minutes
channel: 11 took 0 minutes
channel: 12 took 0 minutes
channel: 13 took 0 minutes
channel: 14 took 0 minutes
channel: 15 took 0 minutes
channel: 16 took 0 minutes
channel: 17 took 0 minutes
channel: 18 took 0 minutes
channel: 19 took 0 minutes
channel: 20 took 0 minutes
channel: 21 took 0 minutes
channel: 22 took 0 minutes
channel: 23 took 0 minutes
channel: 24 took 0 minutes
channel: 25 took 0 minutes
channel: 26 took 0 minutes
channel: 27 took 0 minutes
channel: 28 took 0 minutes
channel: 29 took 0 minutes
channel: 30 took 0 minutes
channel: 31 took 0 minutes
channel: 32 took 0 minutes
channel: 33 took 0 minutes
channel: 34 took 0 minutes
channel: 35 took 0 minutes
channel: 36 took 0 minutes
channel: 37 took 0 minutes
channel: 38 took 0 minutes
channel: 39 took 0 minutes
channel: 40 took 0 minutes
channel: 41 took 0 minutes
channel: 42 took 0 minutes
channel: 43 took 0 minutes
channel: 44 took 0 minutes
channel: 45 took 0 minutes
channel: 46 took 0 minutes
channel: 47 took 0 minutes
channel: 48 took 4.7 minutes
channel: 49 took 4.5 minutes
channel: 50 took 4.5 minutes
channel: 51 took 4.7 minutes
channel: 52 took 4.6 minutes
channel: 53 took 4.7 minutes
channel: 54 took 4.6 minutes
channel: 55 took 4.2 minutes
channel: 56 took 4.6 minutes
channel: 57 took 4.6 minutes
channel: 58 took 4.7 minutes
channel: 59 took 4.7 minutes
channel: 60 took 4.5 minutes
channel: 61 took 4.7 minutes
channel: 62 took 4.7 minutes
channel: 63 took 4.7 minutes
channel: 64 took 4.7 minutes
channel: 65 took 4.4 minutes
channel: 66 took 4.6 minutes
channel: 67 took 4.6 minutes
channel: 68 took 4.6 minutes
channel: 69 took 4.7 minutes
channel: 70 took 4.4 minutes
channel: 71 took 4.5 minutes
channel: 72 took 4.6 minutes
channel: 73 took 4.5 minutes
channel: 74 took 4.6 minutes
channel: 75 took 4.5 minutes
channel: 76 took 4.2 minutes
channel: 77 took 4.5 minutes
channel: 78 took 4.5 minutes
channel: 79 took 4.6 minutes
channel: 80 took 4.5 minutes
channel: 81 took 4.3 minutes
channel: 82 took 4.5 minutes
channel: 83 took 4.5 minutes
channel: 84 took 4.5 minutes
channel: 85 took 4.5 minutes
channel: 86 took 4.4 minutes
channel: 87 took 4.5 minutes
channel: 88 took 4.5 minutes
channel: 89 took 4.5 minutes
channel: 90 took 4.6 minutes
channel: 91 took 4.4 minutes
attempting saving
save success: /projects/p31578/dtf8829/QuestConnect/CHANDAT/chanDat_NM04_047.mat
Elapsed time is 270.836553 seconds.
