getting started: 2862
attempting file: 2862
going for OH27 68
data loaded: OH27 68
HFB already done

chan =

     1

Elapsed time is 241.542699 seconds.

chan =

     2

Elapsed time is 243.784414 seconds.

chan =

     3

Elapsed time is 245.051160 seconds.

chan =

     4

Elapsed time is 238.162070 seconds.

chan =

     5

Elapsed time is 245.782080 seconds.

chan =

     6

Elapsed time is 247.109767 seconds.

chan =

     7

Elapsed time is 246.746028 seconds.

chan =

     8

Elapsed time is 241.962926 seconds.

chan =

     9

Elapsed time is 244.720930 seconds.

chan =

    10

Elapsed time is 243.231554 seconds.

chan =

    11

Elapsed time is 244.520048 seconds.

chan =

    12

Elapsed time is 241.675945 seconds.

chan =

    13

Elapsed time is 241.255486 seconds.

chan =

    14

Elapsed time is 245.331164 seconds.

chan =

    15

Elapsed time is 242.531591 seconds.

chan =

    16

Elapsed time is 244.197422 seconds.

chan =

    17

Elapsed time is 242.412665 seconds.

chan =

    18

Elapsed time is 240.735500 seconds.

chan =

    19

Elapsed time is 244.900257 seconds.

chan =

    20

Elapsed time is 246.555386 seconds.

chan =

    21

Elapsed time is 245.640640 seconds.

chan =

    22

Elapsed time is 245.371495 seconds.

chan =

    23

Elapsed time is 245.049347 seconds.

chan =

    24

Elapsed time is 245.165711 seconds.

chan =

    25

Elapsed time is 243.674490 seconds.

chan =

    26

Elapsed time is 242.151291 seconds.

chan =

    27

Elapsed time is 243.525731 seconds.

chan =

    28

Elapsed time is 243.990098 seconds.

chan =

    29

Elapsed time is 246.577954 seconds.

chan =

    30

Elapsed time is 245.401390 seconds.

chan =

    31

Elapsed time is 243.480051 seconds.

chan =

    32

Elapsed time is 250.133647 seconds.

chan =

    33

Elapsed time is 267.942318 seconds.

chan =

    34

Elapsed time is 269.385526 seconds.

chan =

    35

Elapsed time is 258.273592 seconds.

chan =

    36

Elapsed time is 269.519411 seconds.

chan =

    37

Elapsed time is 266.217745 seconds.

chan =

    38

Elapsed time is 269.151936 seconds.

chan =

    39

Elapsed time is 268.818117 seconds.

chan =

    40

Elapsed time is 267.376010 seconds.

chan =

    41

Elapsed time is 269.177197 seconds.

chan =

    42

Elapsed time is 249.240154 seconds.

chan =

    43

Elapsed time is 221.691794 seconds.

chan =

    44

Elapsed time is 261.485617 seconds.

chan =

    45

Elapsed time is 256.514863 seconds.

chan =

    46

Elapsed time is 259.822506 seconds.

chan =

    47

Elapsed time is 260.183650 seconds.

chan =

    48

Elapsed time is 261.998025 seconds.

chan =

    49

Elapsed time is 228.751218 seconds.

chan =

    50

Elapsed time is 220.872495 seconds.

chan =

    51

Elapsed time is 231.415108 seconds.

chan =

    52

Elapsed time is 218.133123 seconds.

chan =

    53

Elapsed time is 227.309942 seconds.

chan =

    54

Elapsed time is 238.671366 seconds.

chan =

    55

Elapsed time is 240.392428 seconds.

chan =

    56

Elapsed time is 247.314456 seconds.

chan =

    57

Elapsed time is 248.301183 seconds.

chan =

    58

Elapsed time is 249.354172 seconds.

chan =

    59

Elapsed time is 242.705786 seconds.

chan =

    60

Elapsed time is 244.720323 seconds.

chan =

    61

Elapsed time is 247.541526 seconds.

chan =

    62

Elapsed time is 247.913911 seconds.

chan =

    63

Elapsed time is 233.880508 seconds.

chan =

    64

Elapsed time is 243.074710 seconds.

chan =

    65

Elapsed time is 237.161964 seconds.

chan =

    66

Elapsed time is 246.761992 seconds.

chan =

    67

Elapsed time is 247.285587 seconds.

chan =

    68

Elapsed time is 238.714783 seconds.

chan =

    69

Elapsed time is 244.110784 seconds.

chan =

    70

Elapsed time is 244.392254 seconds.

chan =

    71

Elapsed time is 242.460790 seconds.

chan =

    72

Elapsed time is 247.679040 seconds.

chan =

    73

Elapsed time is 236.713449 seconds.

chan =

    74

Elapsed time is 244.633608 seconds.

chan =

    75

Elapsed time is 244.143146 seconds.

chan =

    76

Elapsed time is 240.782355 seconds.

chan =

    77

Elapsed time is 248.980020 seconds.

chan =

    78

Elapsed time is 241.586052 seconds.

chan =

    79

Elapsed time is 245.322751 seconds.

chan =

    80

Elapsed time is 242.468737 seconds.

chan =

    81

Elapsed time is 241.453152 seconds.

chan =

    82

Elapsed time is 242.677345 seconds.

chan =

    83

Elapsed time is 238.462228 seconds.

chan =

    84

Elapsed time is 220.977252 seconds.

chan =

    85

Elapsed time is 238.823573 seconds.

chan =

    86

Elapsed time is 242.436003 seconds.

chan =

    87

Elapsed time is 239.827396 seconds.

chan =

    88

Elapsed time is 242.225541 seconds.

chan =

    89

Elapsed time is 237.579876 seconds.

chan =

    90

Elapsed time is 242.459453 seconds.

chan =

    91

Elapsed time is 243.440239 seconds.

chan =

    92

Elapsed time is 239.505597 seconds.

chan =

    93

Elapsed time is 246.760031 seconds.

chan =

    94

Elapsed time is 239.996940 seconds.

chan =

    95

Elapsed time is 243.252498 seconds.

chan =

    96

Elapsed time is 248.003153 seconds.

chan =

    97

Elapsed time is 238.313065 seconds.

chan =

    98

Elapsed time is 243.925066 seconds.

chan =

    99

Elapsed time is 235.883364 seconds.

chan =

   100

Elapsed time is 240.805342 seconds.

chan =

   101

Elapsed time is 247.241912 seconds.

chan =

   102

Elapsed time is 244.733881 seconds.

chan =

   103

Elapsed time is 245.244441 seconds.

chan =

   104

Elapsed time is 238.781675 seconds.

chan =

   105

Elapsed time is 245.428032 seconds.

chan =

   106

Elapsed time is 243.861219 seconds.

