getting started: 2985
attempting file: 2985
going for OH30 84
data loaded: OH30 84
HFB already done

chan =

     1

Elapsed time is 533.648203 seconds.

chan =

     2

Elapsed time is 525.719176 seconds.

chan =

     3

Elapsed time is 536.819918 seconds.

chan =

     4

Elapsed time is 538.646177 seconds.

chan =

     5

Elapsed time is 544.201518 seconds.

chan =

     6

Elapsed time is 541.419324 seconds.

chan =

     7

Elapsed time is 539.431870 seconds.

chan =

     8

Elapsed time is 537.843768 seconds.

chan =

     9

Elapsed time is 541.874448 seconds.

chan =

    10

Elapsed time is 536.247056 seconds.

chan =

    11

Elapsed time is 538.232189 seconds.

chan =

    12

Elapsed time is 537.848250 seconds.

chan =

    13

Elapsed time is 538.620193 seconds.

chan =

    14

Elapsed time is 536.254427 seconds.

chan =

    15

Elapsed time is 540.843905 seconds.

chan =

    16

Elapsed time is 539.058601 seconds.

chan =

    17

Elapsed time is 536.186732 seconds.

chan =

    18

Elapsed time is 535.997420 seconds.

chan =

    19

Elapsed time is 539.992187 seconds.

chan =

    20

Elapsed time is 536.395940 seconds.

chan =

    21

Elapsed time is 537.437771 seconds.

chan =

    22

Elapsed time is 533.715984 seconds.

chan =

    23

Elapsed time is 538.909868 seconds.

chan =

    24

Elapsed time is 532.871036 seconds.

chan =

    25

Elapsed time is 539.437478 seconds.

chan =

    26

Elapsed time is 535.578315 seconds.

chan =

    27

Elapsed time is 538.971984 seconds.

chan =

    28

Elapsed time is 535.592821 seconds.

chan =

    29

Elapsed time is 538.146877 seconds.

chan =

    30

Elapsed time is 535.654938 seconds.

chan =

    31

Elapsed time is 536.191169 seconds.

chan =

    32

Elapsed time is 534.884105 seconds.

chan =

    33

Elapsed time is 537.261710 seconds.

chan =

    34

Elapsed time is 532.609265 seconds.

chan =

    35

Elapsed time is 538.147692 seconds.

chan =

    36

Elapsed time is 536.498264 seconds.

chan =

    37

Elapsed time is 537.034384 seconds.

chan =

    38

Elapsed time is 534.252170 seconds.

chan =

    39

Elapsed time is 535.940207 seconds.

chan =

    40

Elapsed time is 534.722425 seconds.

chan =

    41

Elapsed time is 534.766797 seconds.

chan =

    42

Elapsed time is 534.378290 seconds.

chan =

    43

Elapsed time is 536.865341 seconds.

chan =

    44

Elapsed time is 537.826848 seconds.

chan =

    45

Elapsed time is 536.456363 seconds.

chan =

    46

Elapsed time is 534.928844 seconds.

chan =

    47

Elapsed time is 535.601110 seconds.

chan =

    48

Elapsed time is 531.747234 seconds.

chan =

    49

Elapsed time is 540.450390 seconds.

chan =

    50

Elapsed time is 540.225375 seconds.

chan =

    51

Elapsed time is 539.461417 seconds.

chan =

    52

Elapsed time is 539.667551 seconds.

chan =

    53

Elapsed time is 538.034479 seconds.

chan =

    54

Elapsed time is 540.785295 seconds.

chan =

    55

Elapsed time is 539.058116 seconds.

chan =

    56

Elapsed time is 540.014703 seconds.

chan =

    57

Elapsed time is 536.089373 seconds.

chan =

    58

Elapsed time is 538.943898 seconds.

chan =

    59

Elapsed time is 535.381333 seconds.

chan =

    60

Elapsed time is 537.677253 seconds.

chan =

    61

Elapsed time is 537.231294 seconds.

chan =

    62

Elapsed time is 533.756373 seconds.

chan =

    63

Elapsed time is 530.186348 seconds.

chan =

    64

Elapsed time is 526.292767 seconds.

chan =

    65

Elapsed time is 528.976587 seconds.

chan =

    66

Elapsed time is 527.388618 seconds.

chan =

    67

Elapsed time is 524.921606 seconds.

chan =

    68

Elapsed time is 528.133632 seconds.

chan =

    69

Elapsed time is 528.722183 seconds.

chan =

    70

Elapsed time is 526.148939 seconds.

chan =

    71

Elapsed time is 529.402217 seconds.

chan =

    72

Elapsed time is 527.392650 seconds.

chan =

    73

Elapsed time is 528.445370 seconds.

chan =

    74

Elapsed time is 531.524155 seconds.

chan =

    75

Elapsed time is 527.760624 seconds.

chan =

    76

Elapsed time is 528.972822 seconds.

chan =

    77

Elapsed time is 527.617929 seconds.

chan =

    78

Elapsed time is 527.407983 seconds.

chan =

    79

Elapsed time is 528.956611 seconds.

chan =

    80

Elapsed time is 526.573326 seconds.

chan =

    81

Elapsed time is 527.862190 seconds.

chan =

    82

Elapsed time is 526.447323 seconds.

chan =

    83

Elapsed time is 530.705505 seconds.

chan =

    84

Elapsed time is 528.625932 seconds.

chan =

    85

Elapsed time is 527.635796 seconds.

chan =

    86

Elapsed time is 529.490320 seconds.

chan =

    87

Elapsed time is 527.421115 seconds.

chan =

    88

Elapsed time is 529.711106 seconds.

chan =

    89

Elapsed time is 530.847673 seconds.

chan =

    90

Elapsed time is 529.145282 seconds.

chan =

    91

Elapsed time is 532.049300 seconds.

chan =

    92

Elapsed time is 527.603184 seconds.

chan =

    93

Elapsed time is 528.965372 seconds.

chan =

    94

Elapsed time is 525.425820 seconds.

chan =

    95

Elapsed time is 531.363200 seconds.

chan =

    96

Elapsed time is 527.734728 seconds.

chan =

    97

Elapsed time is 528.661018 seconds.

chan =

    98

Elapsed time is 530.435750 seconds.

chan =

    99

Elapsed time is 528.210363 seconds.

chan =

   100

Elapsed time is 528.398939 seconds.

chan =

   101

Elapsed time is 522.880033 seconds.

chan =

   102

Elapsed time is 525.889471 seconds.

chan =

   103

Elapsed time is 524.565774 seconds.

chan =

   104

Elapsed time is 526.085660 seconds.

chan =

   105

Elapsed time is 524.538571 seconds.

chan =

   106

Elapsed time is 527.781230 seconds.

chan =

   107

Elapsed time is 522.340779 seconds.

chan =

   108

Elapsed time is 523.765149 seconds.

chan =

   109

Elapsed time is 522.061884 seconds.

chan =

   110

Elapsed time is 525.639818 seconds.

chan =

   111

Elapsed time is 522.651561 seconds.

chan =

   112

Elapsed time is 524.451841 seconds.

chan =

   113

Elapsed time is 526.141351 seconds.

chan =

   114

Elapsed time is 523.405885 seconds.

chan =

   115

Elapsed time is 523.998509 seconds.

chan =

   116

Elapsed time is 520.654031 seconds.

chan =

   117

Elapsed time is 526.154491 seconds.

chan =

   118

Elapsed time is 517.837575 seconds.

chan =

   119

Elapsed time is 527.826301 seconds.

chan =

   120

Elapsed time is 522.873318 seconds.

chan =

   121

Elapsed time is 526.586521 seconds.

chan =

   122

Elapsed time is 523.207209 seconds.

chan =

   123

Elapsed time is 519.927097 seconds.

chan =

   124

Elapsed time is 520.126926 seconds.

chan =

   125

Elapsed time is 518.327954 seconds.

chan =

   126

Elapsed time is 519.354165 seconds.

chan =

   127

Elapsed time is 518.726156 seconds.

chan =

   128

