getting started: 2922
attempting file: 2922
going for OH30 21
data loaded: OH30 21
HFB already done

chan =

     1

Elapsed time is 615.094595 seconds.

chan =

     2

Elapsed time is 600.099417 seconds.

chan =

     3

Elapsed time is 594.381710 seconds.

chan =

     4

Elapsed time is 596.298280 seconds.

chan =

     5

Elapsed time is 590.415166 seconds.

chan =

     6

Elapsed time is 594.401705 seconds.

chan =

     7

Elapsed time is 588.786374 seconds.

chan =

     8

Elapsed time is 591.219318 seconds.

chan =

     9

Elapsed time is 591.138306 seconds.

chan =

    10

Elapsed time is 589.019033 seconds.

chan =

    11

Elapsed time is 585.937973 seconds.

chan =

    12

Elapsed time is 589.852580 seconds.

chan =

    13

Elapsed time is 584.829774 seconds.

chan =

    14

Elapsed time is 589.028824 seconds.

chan =

    15

Elapsed time is 582.628285 seconds.

chan =

    16

Elapsed time is 583.061220 seconds.

chan =

    17

Elapsed time is 582.448845 seconds.

chan =

    18

Elapsed time is 587.165058 seconds.

chan =

    19

Elapsed time is 578.261486 seconds.

chan =

    20

Elapsed time is 585.057100 seconds.

chan =

    21

Elapsed time is 583.924355 seconds.

chan =

    22

Elapsed time is 587.409000 seconds.

chan =

    23

Elapsed time is 586.182469 seconds.

chan =

    24

Elapsed time is 585.698990 seconds.

chan =

    25

Elapsed time is 585.794786 seconds.

chan =

    26

Elapsed time is 583.976482 seconds.

chan =

    27

Elapsed time is 577.586851 seconds.

chan =

    28

Elapsed time is 586.639938 seconds.

chan =

    29

Elapsed time is 579.736540 seconds.

chan =

    30

Elapsed time is 584.634265 seconds.

chan =

    31

Elapsed time is 580.831195 seconds.

chan =

    32

Elapsed time is 586.637227 seconds.

chan =

    33

Elapsed time is 582.849207 seconds.

chan =

    34

Elapsed time is 587.135782 seconds.

chan =

    35

Elapsed time is 582.400415 seconds.

chan =

    36

Elapsed time is 588.389578 seconds.

chan =

    37

Elapsed time is 581.679707 seconds.

chan =

    38

Elapsed time is 582.368840 seconds.

chan =

    39

Elapsed time is 577.805081 seconds.

chan =

    40

Elapsed time is 587.990308 seconds.

chan =

    41

Elapsed time is 580.001131 seconds.

chan =

    42

Elapsed time is 586.906486 seconds.

chan =

    43

Elapsed time is 580.847391 seconds.

chan =

    44

Elapsed time is 584.232794 seconds.

chan =

    45

Elapsed time is 578.817135 seconds.

chan =

    46

Elapsed time is 585.422057 seconds.

chan =

    47

Elapsed time is 576.243511 seconds.

chan =

    48

Elapsed time is 580.257955 seconds.

chan =

    49

Elapsed time is 583.086109 seconds.

chan =

    50

Elapsed time is 586.428037 seconds.

chan =

    51

Elapsed time is 582.815218 seconds.

chan =

    52

Elapsed time is 585.519672 seconds.

chan =

    53

Elapsed time is 581.592593 seconds.

chan =

    54

Elapsed time is 584.228027 seconds.

chan =

    55

Elapsed time is 582.267973 seconds.

chan =

    56

Elapsed time is 585.557829 seconds.

chan =

    57

Elapsed time is 579.975265 seconds.

chan =

    58

Elapsed time is 584.711251 seconds.

chan =

    59

Elapsed time is 577.916480 seconds.

chan =

    60

Elapsed time is 581.137024 seconds.

chan =

    61

Elapsed time is 576.935191 seconds.

chan =

    62

Elapsed time is 582.494670 seconds.

chan =

    63

Elapsed time is 575.659270 seconds.

chan =

    64

Elapsed time is 582.726023 seconds.

chan =

    65

Elapsed time is 578.805776 seconds.

chan =

    66

Elapsed time is 578.511975 seconds.

chan =

    67

Elapsed time is 574.401000 seconds.

chan =

    68

Elapsed time is 585.917070 seconds.

chan =

    69

Elapsed time is 577.887575 seconds.

chan =

    70

Elapsed time is 582.166476 seconds.

chan =

    71

Elapsed time is 580.030208 seconds.

chan =

    72

Elapsed time is 582.771822 seconds.

chan =

    73

Elapsed time is 580.668233 seconds.

chan =

    74

Elapsed time is 585.901421 seconds.

chan =

    75

Elapsed time is 579.339297 seconds.

chan =

    76

Elapsed time is 583.860498 seconds.

chan =

    77

Elapsed time is 578.156839 seconds.

chan =

    78

Elapsed time is 586.179784 seconds.

chan =

    79

Elapsed time is 582.562660 seconds.

chan =

    80

Elapsed time is 584.796231 seconds.

chan =

    81

Elapsed time is 581.487842 seconds.

chan =

    82

Elapsed time is 587.609077 seconds.

chan =

    83

Elapsed time is 582.466886 seconds.

chan =

    84

Elapsed time is 587.768996 seconds.

chan =

    85

Elapsed time is 583.154817 seconds.

chan =

    86

Elapsed time is 579.045639 seconds.

chan =

    87

Elapsed time is 578.283084 seconds.

chan =

    88

Elapsed time is 583.621652 seconds.

chan =

    89

Elapsed time is 584.050479 seconds.

chan =

    90

Elapsed time is 586.710836 seconds.

chan =

    91

Elapsed time is 583.038664 seconds.

chan =

    92

Elapsed time is 587.349428 seconds.

chan =

    93

Elapsed time is 580.153893 seconds.

chan =

    94

Elapsed time is 580.820855 seconds.

chan =

    95

Elapsed time is 583.592176 seconds.

chan =

    96

Elapsed time is 587.736246 seconds.

chan =

    97

Elapsed time is 586.411726 seconds.

chan =

    98

Elapsed time is 587.932955 seconds.

chan =

    99

Elapsed time is 581.363281 seconds.

chan =

   100

Elapsed time is 590.381103 seconds.

chan =

   101

Elapsed time is 582.449236 seconds.

chan =

   102

Elapsed time is 588.076297 seconds.

chan =

   103

Elapsed time is 581.641032 seconds.

chan =

   104

Elapsed time is 587.206889 seconds.

chan =

   105

Elapsed time is 579.755149 seconds.

chan =

   106

Elapsed time is 587.582576 seconds.

chan =

   107

Elapsed time is 583.068968 seconds.

chan =

   108

Elapsed time is 587.583390 seconds.

chan =

   109

Elapsed time is 583.809644 seconds.

chan =

   110

Elapsed time is 582.952032 seconds.

chan =

   111

Elapsed time is 571.013269 seconds.

chan =

   112

Elapsed time is 577.416125 seconds.

chan =

   113

Elapsed time is 573.962179 seconds.

chan =

   114

Elapsed time is 578.627935 seconds.

chan =

   115

Elapsed time is 571.005056 seconds.

chan =

   116

Elapsed time is 574.449866 seconds.

chan =

   117

