getting started: 2835
attempting file: 2835
going for OH27 41
data loaded: OH27 41
HFB already done

chan =

     1

Elapsed time is 245.997405 seconds.

chan =

     2

Elapsed time is 256.135671 seconds.

chan =

     3

Elapsed time is 252.339614 seconds.

chan =

     4

Elapsed time is 254.428396 seconds.

chan =

     5

Elapsed time is 262.572455 seconds.

chan =

     6

Elapsed time is 257.105865 seconds.

chan =

     7

Elapsed time is 263.992670 seconds.

chan =

     8

Elapsed time is 266.717333 seconds.

chan =

     9

Elapsed time is 264.493356 seconds.

chan =

    10

Elapsed time is 272.552311 seconds.

chan =

    11

Elapsed time is 268.473994 seconds.

chan =

    12

Elapsed time is 266.644134 seconds.

chan =

    13

Elapsed time is 269.988662 seconds.

chan =

    14

Elapsed time is 270.566759 seconds.

chan =

    15

Elapsed time is 266.492690 seconds.

chan =

    16

Elapsed time is 268.437196 seconds.

chan =

    17

Elapsed time is 263.535211 seconds.

chan =

    18

Elapsed time is 265.984352 seconds.

chan =

    19

Elapsed time is 264.421975 seconds.

chan =

    20

Elapsed time is 266.236945 seconds.

chan =

    21

Elapsed time is 263.172000 seconds.

chan =

    22

Elapsed time is 266.177374 seconds.

chan =

    23

Elapsed time is 265.076472 seconds.

chan =

    24

Elapsed time is 265.515458 seconds.

chan =

    25

Elapsed time is 267.067489 seconds.

chan =

    26

Elapsed time is 264.212250 seconds.

chan =

    27

Elapsed time is 265.332888 seconds.

chan =

    28

Elapsed time is 266.116648 seconds.

chan =

    29

Elapsed time is 268.989394 seconds.

chan =

    30

Elapsed time is 272.650585 seconds.

chan =

    31

Elapsed time is 269.242774 seconds.

chan =

    32

Elapsed time is 273.142554 seconds.

chan =

    33

Elapsed time is 266.116479 seconds.

chan =

    34

Elapsed time is 274.403608 seconds.

chan =

    35

Elapsed time is 269.512441 seconds.

chan =

    36

Elapsed time is 267.338778 seconds.

chan =

    37

Elapsed time is 263.202432 seconds.

chan =

    38

Elapsed time is 268.716333 seconds.

chan =

    39

Elapsed time is 263.723458 seconds.

chan =

    40

Elapsed time is 266.919657 seconds.

chan =

    41

Elapsed time is 264.990192 seconds.

chan =

    42

Elapsed time is 264.301966 seconds.

chan =

    43

Elapsed time is 259.474392 seconds.

chan =

    44

Elapsed time is 261.509286 seconds.

chan =

    45

Elapsed time is 265.410801 seconds.

chan =

    46

Elapsed time is 266.236082 seconds.

chan =

    47

Elapsed time is 271.056932 seconds.

chan =

    48

Elapsed time is 265.081409 seconds.

chan =

    49

Elapsed time is 258.538632 seconds.

chan =

    50

Elapsed time is 262.717019 seconds.

chan =

    51

Elapsed time is 258.700903 seconds.

chan =

    52

Elapsed time is 266.122121 seconds.

chan =

    53

Elapsed time is 263.459330 seconds.

chan =

    54

Elapsed time is 265.692640 seconds.

chan =

    55

Elapsed time is 263.902155 seconds.

chan =

    56

Elapsed time is 268.491722 seconds.

chan =

    57

Elapsed time is 263.148071 seconds.

chan =

    58

Elapsed time is 271.107854 seconds.

chan =

    59

Elapsed time is 265.281039 seconds.

chan =

    60

Elapsed time is 264.392298 seconds.

chan =

    61

Elapsed time is 258.887933 seconds.

chan =

    62

Elapsed time is 265.076352 seconds.

chan =

    63

Elapsed time is 266.520743 seconds.

chan =

    64

Elapsed time is 264.798267 seconds.

chan =

    65

Elapsed time is 269.753314 seconds.

chan =

    66

Elapsed time is 269.930786 seconds.

chan =

    67

Elapsed time is 268.681295 seconds.

chan =

    68

Elapsed time is 270.938038 seconds.

chan =

    69

Elapsed time is 267.454475 seconds.

chan =

    70

Elapsed time is 270.495815 seconds.

chan =

    71

Elapsed time is 267.412146 seconds.

chan =

    72

Elapsed time is 269.108627 seconds.

chan =

    73

Elapsed time is 269.584215 seconds.

chan =

    74

Elapsed time is 266.977019 seconds.

chan =

    75

Elapsed time is 268.524962 seconds.

chan =

    76

Elapsed time is 270.356919 seconds.

chan =

    77

Elapsed time is 265.807590 seconds.

chan =

    78

Elapsed time is 265.223696 seconds.

chan =

    79

Elapsed time is 263.837460 seconds.

chan =

    80

Elapsed time is 260.274126 seconds.

chan =

    81

Elapsed time is 261.034959 seconds.

chan =

    82

Elapsed time is 262.745240 seconds.

chan =

    83

Elapsed time is 260.352536 seconds.

chan =

    84

Elapsed time is 260.489105 seconds.

chan =

    85

Elapsed time is 258.815739 seconds.

chan =

    86

Elapsed time is 264.139391 seconds.

chan =

    87

Elapsed time is 261.654591 seconds.

chan =

    88

Elapsed time is 261.586516 seconds.

chan =

    89

Elapsed time is 262.376131 seconds.

chan =

    90

Elapsed time is 269.340184 seconds.

chan =

    91

Elapsed time is 267.833405 seconds.

chan =

    92

Elapsed time is 266.411293 seconds.

chan =

    93

Elapsed time is 267.273135 seconds.

chan =

    94

Elapsed time is 269.066063 seconds.

chan =

    95

Elapsed time is 269.106204 seconds.

chan =

    96

Elapsed time is 265.486268 seconds.

chan =

    97

Elapsed time is 260.597747 seconds.

chan =

    98

Elapsed time is 264.957051 seconds.

chan =

    99

Elapsed time is 263.571934 seconds.

chan =

   100

Elapsed time is 263.010675 seconds.

chan =

   101

Elapsed time is 269.381671 seconds.

chan =

   102

Elapsed time is 271.556412 seconds.

chan =

   103

Elapsed time is 269.400567 seconds.

chan =

   104

Elapsed time is 263.042435 seconds.

chan =

   105

Elapsed time is 268.969248 seconds.

chan =

   106

Elapsed time is 270.869623 seconds.

