getting started: 2856
attempting file: 2856
going for OH27 62
data loaded: OH27 62
HFB already done

chan =

     1

Elapsed time is 295.630225 seconds.

chan =

     2

Elapsed time is 290.393882 seconds.

chan =

     3

Elapsed time is 290.751787 seconds.

chan =

     4

Elapsed time is 292.804055 seconds.

chan =

     5

Elapsed time is 293.751133 seconds.

chan =

     6

Elapsed time is 291.417430 seconds.

chan =

     7

Elapsed time is 293.859029 seconds.

chan =

     8

Elapsed time is 287.703604 seconds.

chan =

     9

Elapsed time is 287.480294 seconds.

chan =

    10

Elapsed time is 283.539424 seconds.

chan =

    11

Elapsed time is 278.572116 seconds.

chan =

    12

Elapsed time is 265.945148 seconds.

chan =

    13

Elapsed time is 263.121776 seconds.

chan =

    14

Elapsed time is 262.604235 seconds.

chan =

    15

Elapsed time is 262.831264 seconds.

chan =

    16

Elapsed time is 261.212402 seconds.

chan =

    17

Elapsed time is 261.033752 seconds.

chan =

    18

Elapsed time is 262.579111 seconds.

chan =

    19

Elapsed time is 261.298815 seconds.

chan =

    20

Elapsed time is 263.725117 seconds.

chan =

    21

Elapsed time is 263.753676 seconds.

chan =

    22

Elapsed time is 262.748845 seconds.

chan =

    23

Elapsed time is 262.939068 seconds.

chan =

    24

Elapsed time is 261.522239 seconds.

chan =

    25

Elapsed time is 261.833961 seconds.

chan =

    26

Elapsed time is 260.097623 seconds.

chan =

    27

Elapsed time is 260.602222 seconds.

chan =

    28

Elapsed time is 257.160404 seconds.

chan =

    29

Elapsed time is 258.357115 seconds.

chan =

    30

Elapsed time is 257.334059 seconds.

chan =

    31

Elapsed time is 257.184906 seconds.

chan =

    32

Elapsed time is 252.602445 seconds.

chan =

    33

Elapsed time is 260.371322 seconds.

chan =

    34

Elapsed time is 265.578404 seconds.

chan =

    35

Elapsed time is 262.172371 seconds.

chan =

    36

Elapsed time is 251.962161 seconds.

chan =

    37

Elapsed time is 249.111532 seconds.

chan =

    38

Elapsed time is 244.996942 seconds.

chan =

    39

Elapsed time is 227.661272 seconds.

chan =

    40

Elapsed time is 242.891339 seconds.

chan =

    41

Elapsed time is 242.820803 seconds.

chan =

    42

Elapsed time is 235.692195 seconds.

chan =

    43

Elapsed time is 230.449325 seconds.

chan =

    44

Elapsed time is 244.283896 seconds.

chan =

    45

Elapsed time is 236.297202 seconds.

chan =

    46

Elapsed time is 241.358829 seconds.

chan =

    47

Elapsed time is 241.311112 seconds.

chan =

    48

Elapsed time is 222.311747 seconds.

chan =

    49

Elapsed time is 243.725553 seconds.

chan =

    50

Elapsed time is 225.832600 seconds.

chan =

    51

Elapsed time is 218.929928 seconds.

chan =

    52

Elapsed time is 241.984801 seconds.

chan =

    53

Elapsed time is 241.867189 seconds.

chan =

    54

Elapsed time is 240.746145 seconds.

chan =

    55

Elapsed time is 244.162729 seconds.

chan =

    56

Elapsed time is 233.959749 seconds.

chan =

    57

Elapsed time is 225.874572 seconds.

chan =

    58

Elapsed time is 225.614266 seconds.

chan =

    59

Elapsed time is 218.966966 seconds.

chan =

    60

Elapsed time is 219.164972 seconds.

chan =

    61

Elapsed time is 220.529149 seconds.

chan =

    62

Elapsed time is 218.287889 seconds.

chan =

    63

Elapsed time is 218.901461 seconds.

chan =

    64

Elapsed time is 217.668197 seconds.

chan =

    65

Elapsed time is 216.098675 seconds.

chan =

    66

Elapsed time is 219.579141 seconds.

chan =

    67

Elapsed time is 229.231732 seconds.

chan =

    68

Elapsed time is 238.947714 seconds.

chan =

    69

Elapsed time is 232.344398 seconds.

chan =

    70

Elapsed time is 230.142652 seconds.

chan =

    71

Elapsed time is 221.229292 seconds.

chan =

    72

Elapsed time is 220.148775 seconds.

chan =

    73

Elapsed time is 219.963796 seconds.

chan =

    74

Elapsed time is 213.972875 seconds.

chan =

    75

Elapsed time is 211.942983 seconds.

chan =

    76

Elapsed time is 212.092063 seconds.

chan =

    77

Elapsed time is 212.004832 seconds.

chan =

    78

Elapsed time is 214.170577 seconds.

chan =

    79

Elapsed time is 211.910570 seconds.

chan =

    80

Elapsed time is 212.680833 seconds.

chan =

    81

Elapsed time is 212.292027 seconds.

chan =

    82

Elapsed time is 211.950618 seconds.

chan =

    83

Elapsed time is 206.833714 seconds.

chan =

    84

Elapsed time is 328.159144 seconds.

chan =

    85

Elapsed time is 419.238697 seconds.

chan =

    86

Elapsed time is 419.065910 seconds.

chan =

    87

Elapsed time is 417.759917 seconds.

chan =

    88

Elapsed time is 416.635565 seconds.

chan =

    89

Elapsed time is 417.267642 seconds.

chan =

    90

Elapsed time is 420.249228 seconds.

chan =

    91

Elapsed time is 417.999797 seconds.

chan =

    92

Elapsed time is 418.093962 seconds.

chan =

    93

Elapsed time is 414.706096 seconds.

chan =

    94

Elapsed time is 413.873066 seconds.

chan =

    95

Elapsed time is 412.522104 seconds.

chan =

    96

Elapsed time is 408.382120 seconds.

chan =

    97

Elapsed time is 404.261306 seconds.

chan =

    98

Elapsed time is 232.530516 seconds.

chan =

    99

Elapsed time is 229.294600 seconds.

chan =

   100

Elapsed time is 231.101142 seconds.

chan =

   101

Elapsed time is 231.053119 seconds.

chan =

   102

Elapsed time is 246.408270 seconds.

chan =

   103

Elapsed time is 250.229731 seconds.

chan =

   104

Elapsed time is 253.040595 seconds.

chan =

   105

Elapsed time is 243.791753 seconds.

chan =

   106

Elapsed time is 242.359460 seconds.

