getting started: 2682
attempting file: 2682
going for NM04 45
data loaded: NM04 45
HFB already done

chan =

     1

Elapsed time is 295.469110 seconds.

chan =

     2

Elapsed time is 298.480454 seconds.

chan =

     3

Elapsed time is 298.441760 seconds.

chan =

     4

Elapsed time is 293.762916 seconds.

chan =

     5

Elapsed time is 294.278560 seconds.

chan =

     6

Elapsed time is 303.447363 seconds.

chan =

     7

Elapsed time is 301.356325 seconds.

chan =

     8

Elapsed time is 293.379383 seconds.

chan =

     9

Elapsed time is 291.933530 seconds.

chan =

    10

Elapsed time is 293.057706 seconds.

chan =

    11

Elapsed time is 293.567425 seconds.

chan =

    12

Elapsed time is 287.510948 seconds.

chan =

    13

Elapsed time is 291.328946 seconds.

chan =

    14

Elapsed time is 287.643684 seconds.

chan =

    15

Elapsed time is 284.021420 seconds.

chan =

    16

Elapsed time is 277.786287 seconds.

chan =

    17

Elapsed time is 277.873333 seconds.

chan =

    18

Elapsed time is 276.700456 seconds.

chan =

    19

Elapsed time is 276.999949 seconds.

chan =

    20

Elapsed time is 274.638154 seconds.

chan =

    21

Elapsed time is 269.288309 seconds.

chan =

    22

Elapsed time is 271.079896 seconds.

chan =

    23

Elapsed time is 268.481853 seconds.

chan =

    24

Elapsed time is 270.005709 seconds.

chan =

    25

Elapsed time is 269.901198 seconds.

chan =

    26

Elapsed time is 268.917883 seconds.

chan =

    27

Elapsed time is 279.637984 seconds.

chan =

    28

Elapsed time is 286.233334 seconds.

chan =

    29

Elapsed time is 279.159821 seconds.

chan =

    30

Elapsed time is 270.182184 seconds.

chan =

    31

Elapsed time is 274.554422 seconds.

chan =

    32

Elapsed time is 280.475031 seconds.

chan =

    33

Elapsed time is 277.302464 seconds.

chan =

    34

Elapsed time is 277.161920 seconds.

chan =

    35

Elapsed time is 274.319303 seconds.

chan =

    36

Elapsed time is 274.833172 seconds.

chan =

    37

Elapsed time is 274.856957 seconds.

chan =

    38

Elapsed time is 260.004541 seconds.

chan =

    39

Elapsed time is 253.859218 seconds.

chan =

    40

Elapsed time is 276.832128 seconds.

chan =

    41

Elapsed time is 267.367335 seconds.

chan =

    42

Elapsed time is 257.452292 seconds.

chan =

    43

Elapsed time is 263.320605 seconds.

chan =

    44

Elapsed time is 253.042447 seconds.

chan =

    45

Elapsed time is 303.426814 seconds.

chan =

    46

Elapsed time is 425.568604 seconds.

chan =

    47

Elapsed time is 434.068690 seconds.

chan =

    48

Elapsed time is 423.774654 seconds.

chan =

    49

Elapsed time is 422.016336 seconds.

chan =

    50

Elapsed time is 421.844437 seconds.

chan =

    51

Elapsed time is 424.869083 seconds.

chan =

    52

Elapsed time is 425.763244 seconds.

chan =

    53

Elapsed time is 424.145865 seconds.

chan =

    54

Elapsed time is 429.842767 seconds.

chan =

    55

Elapsed time is 421.667133 seconds.

chan =

    56

Elapsed time is 424.556271 seconds.

chan =

    57

Elapsed time is 426.589714 seconds.

chan =

    58

Elapsed time is 428.503760 seconds.

chan =

    59

Elapsed time is 418.993702 seconds.

chan =

    60

Elapsed time is 420.101619 seconds.

chan =

    61

Elapsed time is 418.631260 seconds.

chan =

    62

Elapsed time is 417.746836 seconds.

chan =

    63

Elapsed time is 411.730092 seconds.

chan =

    64

Elapsed time is 417.051191 seconds.

chan =

    65

Elapsed time is 418.028770 seconds.

chan =

    66

Elapsed time is 420.496131 seconds.

chan =

    67

Elapsed time is 421.707611 seconds.

chan =

    68

Elapsed time is 414.529393 seconds.

chan =

    69

Elapsed time is 418.051196 seconds.

chan =

    70

Elapsed time is 417.184376 seconds.

chan =

    71

Elapsed time is 419.200517 seconds.

chan =

    72

Elapsed time is 416.306803 seconds.

chan =

    73

Elapsed time is 419.304587 seconds.

chan =

    74

Elapsed time is 421.067752 seconds.

chan =

    75

Elapsed time is 416.183544 seconds.

chan =

    76

Elapsed time is 325.659274 seconds.

chan =

    77

Elapsed time is 285.357669 seconds.

chan =

    78

Elapsed time is 286.611318 seconds.

chan =

    79

Elapsed time is 286.584619 seconds.

chan =

    80

Elapsed time is 285.740588 seconds.

chan =

    81

Elapsed time is 257.149380 seconds.

chan =

    82

Elapsed time is 285.046641 seconds.

chan =

    83

Elapsed time is 287.165321 seconds.

chan =

    84

Elapsed time is 287.834593 seconds.

chan =

    85

Elapsed time is 286.169626 seconds.

chan =

    86

Elapsed time is 258.326489 seconds.

chan =

    87

Elapsed time is 286.049754 seconds.

chan =

    88

Elapsed time is 286.255721 seconds.

chan =

    89

Elapsed time is 288.061305 seconds.

chan =

    90

Elapsed time is 285.516645 seconds.

chan =

    91

Elapsed time is 264.690499 seconds.
attempting saving
save success: /projects/p31578/dtf8829/QuestConnect/CHANDAT/chanDat_NM04_045.mat
working on TF
encoding done
encoding RT done
retrieval 1 done
retrieval 2 done
attempting saving
save success: /projects/p31578/dtf8829/QuestConnect/CHANDAT/chanDat_NM04_045.mat
working on ISPC
channel: 1 took 0 minutes
channel: 2 took 0 minutes
channel: 3 took 0 minutes
channel: 4 took 0 minutes
channel: 5 took 0 minutes
channel: 6 took 0 minutes
channel: 7 took 0 minutes
channel: 8 took 0 minutes
channel: 9 took 0 minutes
channel: 10 took 0 minutes
channel: 11 took 0 minutes
channel: 12 took 0 minutes
channel: 13 took 0 minutes
channel: 14 took 0 minutes
channel: 15 took 0 minutes
channel: 16 took 0 minutes
channel: 17 took 0 minutes
channel: 18 took 0 minutes
channel: 19 took 0 minutes
channel: 20 took 0 minutes
channel: 21 took 0 minutes
channel: 22 took 0 minutes
channel: 23 took 0 minutes
channel: 24 took 0 minutes
channel: 25 took 0 minutes
channel: 26 took 0 minutes
channel: 27 took 0 minutes
channel: 28 took 0 minutes
channel: 29 took 0 minutes
channel: 30 took 0 minutes
channel: 31 took 0 minutes
channel: 32 took 0 minutes
channel: 33 took 0 minutes
channel: 34 took 0 minutes
channel: 35 took 0 minutes
channel: 36 took 0 minutes
channel: 37 took 0 minutes
channel: 38 took 0 minutes
channel: 39 took 0 minutes
channel: 40 took 0 minutes
channel: 41 took 0 minutes
channel: 42 took 0 minutes
channel: 43 took 0 minutes
channel: 44 took 0 minutes
channel: 45 took 0 minutes
channel: 46 took 3.4 minutes
channel: 47 took 4.5 minutes
channel: 48 took 4.5 minutes
channel: 49 took 4.3 minutes
channel: 50 took 4.3 minutes
channel: 51 took 4.5 minutes
channel: 52 took 4.3 minutes
channel: 53 took 4.5 minutes
channel: 54 took 4.5 minutes
channel: 55 took 4.5 minutes
channel: 56 took 4.5 minutes
channel: 57 took 4.5 minutes
channel: 58 took 4.5 minutes
channel: 59 took 4.5 minutes
channel: 60 took 4.5 minutes
channel: 61 took 4.5 minutes
channel: 62 took 4 minutes
channel: 63 took 3.3 minutes
channel: 64 took 3.3 minutes
channel: 65 took 4.3 minutes
channel: 66 took 4.7 minutes
channel: 67 took 4.6 minutes
channel: 68 took 4.6 minutes
channel: 69 took 4.6 minutes
channel: 70 took 4.6 minutes
channel: 71 took 4.6 minutes
channel: 72 took 4.6 minutes
channel: 73 took 4.6 minutes
channel: 74 took 4.6 minutes
channel: 75 took 4.6 minutes
channel: 76 took 4.6 minutes
channel: 77 took 4.6 minutes
channel: 78 took 4.6 minutes
channel: 79 took 4.6 minutes
channel: 80 took 4.6 minutes
channel: 81 took 4.6 minutes
channel: 82 took 4.6 minutes
channel: 83 took 4.6 minutes
channel: 84 took 4.5 minutes
channel: 85 took 4.6 minutes
channel: 86 took 4.6 minutes
channel: 87 took 4.6 minutes
channel: 88 took 4.6 minutes
channel: 89 took 4.6 minutes
channel: 90 took 4.6 minutes
channel: 91 took 4.5 minutes
attempting saving
save success: /projects/p31578/dtf8829/QuestConnect/CHANDAT/chanDat_NM04_045.mat
Elapsed time is 275.741115 seconds.
