getting started: 2938
attempting file: 2938
going for OH30 37
data loaded: OH30 37
HFB already done

chan =

     1

Elapsed time is 401.991317 seconds.

chan =

     2

Elapsed time is 398.256476 seconds.

chan =

     3

Elapsed time is 398.692590 seconds.

chan =

     4

Elapsed time is 391.813011 seconds.

chan =

     5

Elapsed time is 400.164026 seconds.

chan =

     6

Elapsed time is 400.356129 seconds.

chan =

     7

Elapsed time is 400.819787 seconds.

chan =

     8

Elapsed time is 399.126178 seconds.

chan =

     9

Elapsed time is 399.949318 seconds.

chan =

    10

Elapsed time is 397.228989 seconds.

chan =

    11

Elapsed time is 396.496932 seconds.

chan =

    12

Elapsed time is 396.284829 seconds.

chan =

    13

Elapsed time is 393.253329 seconds.

chan =

    14

Elapsed time is 395.777768 seconds.

chan =

    15

Elapsed time is 395.383758 seconds.

chan =

    16

Elapsed time is 395.629794 seconds.

chan =

    17

Elapsed time is 394.226989 seconds.

chan =

    18

Elapsed time is 396.045295 seconds.

chan =

    19

Elapsed time is 398.284415 seconds.

chan =

    20

Elapsed time is 399.848559 seconds.

chan =

    21

Elapsed time is 397.445080 seconds.

chan =

    22

Elapsed time is 395.626005 seconds.

chan =

    23

Elapsed time is 394.440683 seconds.

chan =

    24

Elapsed time is 395.680317 seconds.

chan =

    25

Elapsed time is 397.786491 seconds.

chan =

    26

Elapsed time is 397.517830 seconds.

chan =

    27

Elapsed time is 397.360742 seconds.

chan =

    28

Elapsed time is 398.556253 seconds.

chan =

    29

Elapsed time is 399.068690 seconds.

chan =

    30

Elapsed time is 396.379057 seconds.

chan =

    31

Elapsed time is 393.713432 seconds.

chan =

    32

Elapsed time is 394.985775 seconds.

chan =

    33

Elapsed time is 394.967340 seconds.

chan =

    34

Elapsed time is 392.562571 seconds.

chan =

    35

Elapsed time is 394.151582 seconds.

chan =

    36

Elapsed time is 395.232540 seconds.

chan =

    37

Elapsed time is 396.155535 seconds.

chan =

    38

Elapsed time is 393.500676 seconds.

chan =

    39

Elapsed time is 392.036351 seconds.

chan =

    40

Elapsed time is 398.613533 seconds.

chan =

    41

Elapsed time is 393.861556 seconds.

chan =

    42

Elapsed time is 394.368894 seconds.

chan =

    43

Elapsed time is 393.327519 seconds.

chan =

    44

Elapsed time is 394.502951 seconds.

chan =

    45

Elapsed time is 394.083022 seconds.

chan =

    46

Elapsed time is 391.530266 seconds.

chan =

    47

Elapsed time is 394.406083 seconds.

chan =

    48

Elapsed time is 388.554962 seconds.

chan =

    49

Elapsed time is 394.800151 seconds.

chan =

    50

Elapsed time is 392.782078 seconds.

chan =

    51

Elapsed time is 393.937299 seconds.

chan =

    52

Elapsed time is 393.819869 seconds.

chan =

    53

Elapsed time is 392.808942 seconds.

chan =

    54

Elapsed time is 393.756082 seconds.

chan =

    55

Elapsed time is 396.438327 seconds.

chan =

    56

Elapsed time is 396.821770 seconds.

chan =

    57

Elapsed time is 394.465874 seconds.

chan =

    58

Elapsed time is 394.093021 seconds.

chan =

    59

Elapsed time is 393.464718 seconds.

chan =

    60

Elapsed time is 393.271860 seconds.

chan =

    61

Elapsed time is 394.769489 seconds.

chan =

    62

Elapsed time is 396.003549 seconds.

chan =

    63

Elapsed time is 392.231246 seconds.

chan =

    64

Elapsed time is 388.438072 seconds.

chan =

    65

Elapsed time is 388.472462 seconds.

chan =

    66

Elapsed time is 388.204659 seconds.

chan =

    67

Elapsed time is 387.069569 seconds.

chan =

    68

Elapsed time is 388.503451 seconds.

chan =

    69

Elapsed time is 391.058070 seconds.

chan =

    70

Elapsed time is 390.754023 seconds.

chan =

    71

Elapsed time is 388.897393 seconds.

chan =

    72

Elapsed time is 388.705492 seconds.

chan =

    73

Elapsed time is 384.688638 seconds.

chan =

    74

Elapsed time is 386.685660 seconds.

chan =

    75

Elapsed time is 383.942865 seconds.

chan =

    76

Elapsed time is 382.907753 seconds.

chan =

    77

Elapsed time is 382.928626 seconds.

chan =

    78

Elapsed time is 384.172676 seconds.

chan =

    79

Elapsed time is 381.674988 seconds.

chan =

    80

Elapsed time is 383.349575 seconds.

chan =

    81

Elapsed time is 382.641736 seconds.

chan =

    82

Elapsed time is 380.961252 seconds.

chan =

    83

Elapsed time is 383.579177 seconds.

chan =

    84

Elapsed time is 385.394142 seconds.

chan =

    85

Elapsed time is 383.385282 seconds.

chan =

    86

Elapsed time is 383.640029 seconds.

chan =

    87

Elapsed time is 383.342414 seconds.

chan =

    88

Elapsed time is 385.296359 seconds.

chan =

    89

Elapsed time is 385.520876 seconds.

chan =

    90

Elapsed time is 386.149102 seconds.

chan =

    91

Elapsed time is 384.827590 seconds.

chan =

    92

Elapsed time is 386.101516 seconds.

chan =

    93

Elapsed time is 383.153053 seconds.

chan =

    94

Elapsed time is 382.956957 seconds.

chan =

    95

Elapsed time is 385.836725 seconds.

chan =

    96

Elapsed time is 385.126304 seconds.

chan =

    97

Elapsed time is 383.782118 seconds.

chan =

    98

Elapsed time is 383.799937 seconds.

chan =

    99

Elapsed time is 382.951050 seconds.

chan =

   100

Elapsed time is 385.543746 seconds.

chan =

   101

Elapsed time is 383.464186 seconds.

chan =

   102

Elapsed time is 383.078148 seconds.

chan =

   103

Elapsed time is 385.253703 seconds.

chan =

   104

Elapsed time is 384.095920 seconds.

chan =

   105

Elapsed time is 384.017802 seconds.

chan =

   106

Elapsed time is 385.650593 seconds.

chan =

   107

Elapsed time is 385.771145 seconds.

chan =

   108

Elapsed time is 384.168627 seconds.

chan =

   109

Elapsed time is 382.116140 seconds.

chan =

   110

Elapsed time is 384.675852 seconds.

chan =

   111

Elapsed time is 385.846302 seconds.

chan =

   112

Elapsed time is 384.486743 seconds.

chan =

   113

Elapsed time is 385.861681 seconds.

chan =

   114

Elapsed time is 385.646273 seconds.

chan =

   115

Elapsed time is 383.703630 seconds.

chan =

   116

Elapsed time is 385.788779 seconds.

chan =

   117

Elapsed time is 384.597951 seconds.

chan =

   118

Elapsed time is 358.966076 seconds.

chan =

   119

Elapsed time is 355.316477 seconds.

chan =

   120

Elapsed time is 354.987128 seconds.

chan =

   121

Elapsed time is 355.044043 seconds.

chan =

   122

Elapsed time is 355.626818 seconds.

chan =

   123

Elapsed time is 354.422239 seconds.

chan =

   124

Elapsed time is 354.785601 seconds.

chan =

   125

Elapsed time is 354.453724 seconds.

chan =

   126

Elapsed time is 354.380644 seconds.

chan =

   127

Elapsed time is 354.273737 seconds.

chan =

   128

Elapsed time is 353.769462 seconds.

chan =

   129

Elapsed time is 352.553309 seconds.

chan =

   130

Elapsed time is 353.150297 seconds.

chan =

   131

Elapsed time is 350.594189 seconds.

chan =

   132

Elapsed time is 353.618904 seconds.

chan =

   133

Elapsed time is 353.199828 seconds.

chan =

   134

Elapsed time is 354.042423 seconds.

chan =

   135

Elapsed time is 353.459105 seconds.

chan =

   136

Elapsed time is 353.614225 seconds.

chan =

   137

Elapsed time is 352.972957 seconds.

chan =

   138

Elapsed time is 353.807261 seconds.

chan =

   139

Elapsed time is 351.871148 seconds.
attempting saving
save success: /projects/p31578/dtf8829/QuestConnect/CHANDAT/chanDat_OH30_037.mat
working on TF
encoding done
encoding RT done
