getting started: 2721
attempting file: 2721
going for NM04 84
data loaded: NM04 84
HFB already done

chan =

     1

Elapsed time is 216.604251 seconds.

chan =

     2

Elapsed time is 210.044601 seconds.

chan =

     3

Elapsed time is 213.301369 seconds.

chan =

     4

Elapsed time is 212.242766 seconds.

chan =

     5

Elapsed time is 211.304890 seconds.

chan =

     6

Elapsed time is 214.898305 seconds.

chan =

     7

Elapsed time is 213.152547 seconds.

chan =

     8

Elapsed time is 217.603989 seconds.

chan =

     9

Elapsed time is 213.531097 seconds.

chan =

    10

Elapsed time is 214.224559 seconds.

chan =

    11

Elapsed time is 214.432893 seconds.

chan =

    12

Elapsed time is 210.647247 seconds.

chan =

    13

Elapsed time is 211.692364 seconds.

chan =

    14

Elapsed time is 220.321873 seconds.

chan =

    15

Elapsed time is 216.621732 seconds.

chan =

    16

Elapsed time is 207.739618 seconds.

chan =

    17

Elapsed time is 211.593086 seconds.

chan =

    18

Elapsed time is 212.167358 seconds.

chan =

    19

Elapsed time is 213.772477 seconds.

chan =

    20

Elapsed time is 210.817819 seconds.

chan =

    21

Elapsed time is 211.377079 seconds.

chan =

    22

Elapsed time is 208.256595 seconds.

chan =

    23

Elapsed time is 213.945566 seconds.

chan =

    24

Elapsed time is 214.644834 seconds.

chan =

    25

Elapsed time is 214.181725 seconds.

chan =

    26

Elapsed time is 211.988523 seconds.

chan =

    27

Elapsed time is 212.379641 seconds.

chan =

    28

Elapsed time is 211.103645 seconds.

chan =

    29

Elapsed time is 218.387118 seconds.

chan =

    30

Elapsed time is 211.251862 seconds.

chan =

    31

Elapsed time is 211.180532 seconds.

chan =

    32

Elapsed time is 211.313285 seconds.

chan =

    33

Elapsed time is 210.172770 seconds.

chan =

    34

Elapsed time is 213.925839 seconds.

chan =

    35

Elapsed time is 212.933709 seconds.

chan =

    36

Elapsed time is 212.895881 seconds.

chan =

    37

Elapsed time is 218.937126 seconds.

chan =

    38

Elapsed time is 207.407884 seconds.

chan =

    39

Elapsed time is 212.318019 seconds.

chan =

    40

Elapsed time is 212.262172 seconds.

chan =

    41

Elapsed time is 212.019637 seconds.

chan =

    42

Elapsed time is 207.717568 seconds.

chan =

    43

Elapsed time is 207.706719 seconds.

chan =

    44

Elapsed time is 209.789822 seconds.

chan =

    45

Elapsed time is 209.863823 seconds.

chan =

    46

Elapsed time is 206.137020 seconds.

chan =

    47

Elapsed time is 208.163603 seconds.

chan =

    48

Elapsed time is 210.408752 seconds.

chan =

    49

Elapsed time is 211.034576 seconds.

chan =

    50

Elapsed time is 206.513246 seconds.

chan =

    51

Elapsed time is 212.441507 seconds.

chan =

    52

Elapsed time is 208.552014 seconds.

chan =

    53

Elapsed time is 211.346553 seconds.

chan =

    54

Elapsed time is 211.217426 seconds.

chan =

    55

Elapsed time is 214.705035 seconds.

chan =

    56

Elapsed time is 211.722728 seconds.

chan =

    57

Elapsed time is 215.617986 seconds.

chan =

    58

Elapsed time is 208.038973 seconds.

chan =

    59

Elapsed time is 210.617918 seconds.

chan =

    60

Elapsed time is 211.027337 seconds.

chan =

    61

Elapsed time is 212.079602 seconds.

chan =

    62

Elapsed time is 206.157799 seconds.

chan =

    63

Elapsed time is 207.796983 seconds.

chan =

    64

Elapsed time is 205.096102 seconds.

chan =

    65

Elapsed time is 214.223316 seconds.

chan =

    66

Elapsed time is 207.965792 seconds.

chan =

    67

Elapsed time is 213.979930 seconds.

chan =

    68

Elapsed time is 210.135095 seconds.

chan =

    69

Elapsed time is 210.672457 seconds.

chan =

    70

Elapsed time is 210.414923 seconds.

chan =

    71

Elapsed time is 213.250887 seconds.

chan =

    72

Elapsed time is 207.157409 seconds.

chan =

    73

Elapsed time is 205.627533 seconds.

chan =

    74

Elapsed time is 209.335744 seconds.

chan =

    75

Elapsed time is 210.136612 seconds.

chan =

    76

Elapsed time is 213.705460 seconds.

chan =

    77

Elapsed time is 210.831294 seconds.

chan =

    78

Elapsed time is 211.504974 seconds.

chan =

    79

Elapsed time is 210.765856 seconds.

chan =

    80

Elapsed time is 211.817032 seconds.

chan =

    81

Elapsed time is 212.822079 seconds.

chan =

    82

Elapsed time is 207.852321 seconds.

chan =

    83

Elapsed time is 210.081189 seconds.

chan =

    84

Elapsed time is 214.265142 seconds.

chan =

    85

Elapsed time is 219.730080 seconds.

chan =

    86

Elapsed time is 211.189671 seconds.

chan =

    87

Elapsed time is 215.514518 seconds.

chan =

    88

Elapsed time is 213.437158 seconds.

chan =

    89

Elapsed time is 212.492867 seconds.

chan =

    90

Elapsed time is 208.493903 seconds.

chan =

    91

Elapsed time is 205.619300 seconds.
attempting saving
save success: /projects/p31578/dtf8829/QuestConnect/CHANDAT/chanDat_NM04_084.mat
working on TF
encoding done
encoding RT done
retrieval 1 done
retrieval 2 done
attempting saving
save success: /projects/p31578/dtf8829/QuestConnect/CHANDAT/chanDat_NM04_084.mat
working on ISPC
channel: 1 took 0 minutes
channel: 2 took 0 minutes
channel: 3 took 0 minutes
channel: 4 took 0 minutes
channel: 5 took 0 minutes
channel: 6 took 0 minutes
channel: 7 took 0 minutes
channel: 8 took 0 minutes
channel: 9 took 0 minutes
channel: 10 took 0 minutes
channel: 11 took 0 minutes
channel: 12 took 0 minutes
channel: 13 took 0 minutes
channel: 14 took 0 minutes
channel: 15 took 0 minutes
channel: 16 took 0 minutes
channel: 17 took 0 minutes
channel: 18 took 0 minutes
channel: 19 took 0 minutes
channel: 20 took 0 minutes
channel: 21 took 0 minutes
channel: 22 took 0 minutes
channel: 23 took 0 minutes
channel: 24 took 0 minutes
channel: 25 took 0 minutes
channel: 26 took 0 minutes
channel: 27 took 0 minutes
channel: 28 took 0 minutes
channel: 29 took 0 minutes
channel: 30 took 0 minutes
channel: 31 took 0 minutes
channel: 32 took 0 minutes
channel: 33 took 0 minutes
channel: 34 took 0 minutes
channel: 35 took 0 minutes
channel: 36 took 0 minutes
channel: 37 took 0 minutes
channel: 38 took 0 minutes
channel: 39 took 0 minutes
channel: 40 took 0 minutes
channel: 41 took 0 minutes
channel: 42 took 0 minutes
channel: 43 took 0 minutes
channel: 44 took 0 minutes
channel: 45 took 0 minutes
channel: 46 took 0 minutes
channel: 47 took 0 minutes
channel: 48 took 0 minutes
channel: 49 took 0 minutes
channel: 50 took 0 minutes
channel: 51 took 0 minutes
channel: 52 took 0 minutes
channel: 53 took 0 minutes
channel: 54 took 0 minutes
channel: 55 took 0 minutes
channel: 56 took 0 minutes
channel: 57 took 0 minutes
channel: 58 took 0 minutes
channel: 59 took 0 minutes
channel: 60 took 0 minutes
channel: 61 took 0 minutes
channel: 62 took 0 minutes
channel: 63 took 0 minutes
channel: 64 took 0 minutes
channel: 65 took 0 minutes
channel: 66 took 0 minutes
channel: 67 took 0 minutes
channel: 68 took 0 minutes
channel: 69 took 0 minutes
channel: 70 took 0 minutes
channel: 71 took 0 minutes
channel: 72 took 0 minutes
channel: 73 took 0 minutes
channel: 74 took 0 minutes
channel: 75 took 0 minutes
channel: 76 took 0 minutes
channel: 77 took 0 minutes
channel: 78 took 0 minutes
channel: 79 took 0 minutes
channel: 80 took 0 minutes
channel: 81 took 0 minutes
channel: 82 took 0 minutes
channel: 83 took 0 minutes
channel: 84 took 0 minutes
channel: 85 took 3.1 minutes
channel: 86 took 3 minutes
channel: 87 took 3 minutes
channel: 88 took 3 minutes
channel: 89 took 3 minutes
channel: 90 took 3.1 minutes
channel: 91 took 3 minutes
attempting saving
save success: /projects/p31578/dtf8829/QuestConnect/CHANDAT/chanDat_NM04_084.mat
Elapsed time is 183.899962 seconds.
