getting started: 2953
attempting file: 2953
going for OH30 52
data loaded: OH30 52
HFB already done

chan =

     1

Elapsed time is 562.207535 seconds.

chan =

     2

Elapsed time is 539.495315 seconds.

chan =

     3

Elapsed time is 554.927749 seconds.

chan =

     4

Elapsed time is 576.169400 seconds.

chan =

     5

Elapsed time is 569.162090 seconds.

chan =

     6

Elapsed time is 563.351051 seconds.

chan =

     7

Elapsed time is 569.749677 seconds.

chan =

     8

Elapsed time is 566.542696 seconds.

chan =

     9

Elapsed time is 566.430776 seconds.

chan =

    10

Elapsed time is 563.368835 seconds.

chan =

    11

Elapsed time is 561.770473 seconds.

chan =

    12

Elapsed time is 559.910868 seconds.

chan =

    13

Elapsed time is 553.978784 seconds.

chan =

    14

Elapsed time is 543.688138 seconds.

chan =

    15

Elapsed time is 546.412614 seconds.

chan =

    16

Elapsed time is 541.277222 seconds.

chan =

    17

Elapsed time is 548.292475 seconds.

chan =

    18

Elapsed time is 549.576564 seconds.

chan =

    19

Elapsed time is 555.077742 seconds.

chan =

    20

Elapsed time is 523.590857 seconds.

chan =

    21

Elapsed time is 524.418184 seconds.

chan =

    22

Elapsed time is 537.135155 seconds.

chan =

    23

Elapsed time is 489.848548 seconds.

chan =

    24

Elapsed time is 518.061578 seconds.

chan =

    25

Elapsed time is 463.980527 seconds.

chan =

    26

Elapsed time is 457.704963 seconds.

chan =

    27

Elapsed time is 485.698592 seconds.

chan =

    28

Elapsed time is 482.320396 seconds.

chan =

    29

Elapsed time is 455.881187 seconds.

chan =

    30

Elapsed time is 453.307536 seconds.

chan =

    31

Elapsed time is 466.184252 seconds.

chan =

    32

Elapsed time is 459.334130 seconds.

chan =

    33

Elapsed time is 472.013820 seconds.

chan =

    34

Elapsed time is 478.635776 seconds.

chan =

    35

Elapsed time is 477.737025 seconds.

chan =

    36

Elapsed time is 484.858797 seconds.

chan =

    37

Elapsed time is 479.346268 seconds.

chan =

    38

Elapsed time is 474.033105 seconds.

chan =

    39

Elapsed time is 468.898497 seconds.

chan =

    40

Elapsed time is 472.975342 seconds.

chan =

    41

Elapsed time is 468.640490 seconds.

chan =

    42

Elapsed time is 458.950928 seconds.

chan =

    43

Elapsed time is 457.773127 seconds.

chan =

    44

Elapsed time is 619.611132 seconds.

chan =

    45

Elapsed time is 650.509279 seconds.

chan =

    46

Elapsed time is 639.628674 seconds.

chan =

    47

Elapsed time is 647.820922 seconds.

chan =

    48

Elapsed time is 644.475577 seconds.

chan =

    49

Elapsed time is 642.783909 seconds.

chan =

    50

Elapsed time is 629.559357 seconds.

chan =

    51

Elapsed time is 634.958068 seconds.

chan =

    52

Elapsed time is 624.965746 seconds.

chan =

    53

Elapsed time is 637.935419 seconds.

chan =

    54

Elapsed time is 642.406894 seconds.

chan =

    55

Elapsed time is 521.830908 seconds.

chan =

    56

Elapsed time is 455.454963 seconds.

chan =

    57

Elapsed time is 453.329931 seconds.

chan =

    58

Elapsed time is 468.184219 seconds.

chan =

    59

Elapsed time is 482.115752 seconds.

chan =

    60

Elapsed time is 510.323681 seconds.

chan =

    61

Elapsed time is 506.615577 seconds.

chan =

    62

Elapsed time is 501.195766 seconds.

chan =

    63

Elapsed time is 501.628499 seconds.

chan =

    64

Elapsed time is 501.645410 seconds.

chan =

    65

Elapsed time is 452.418497 seconds.

chan =

    66

Elapsed time is 452.944786 seconds.

chan =

    67

Elapsed time is 449.470604 seconds.

chan =

    68

Elapsed time is 450.210250 seconds.

chan =

    69

Elapsed time is 455.947713 seconds.

chan =

    70

Elapsed time is 454.599221 seconds.

chan =

    71

Elapsed time is 456.941242 seconds.

chan =

    72

Elapsed time is 455.226284 seconds.

chan =

    73

Elapsed time is 457.687337 seconds.

chan =

    74

Elapsed time is 459.158000 seconds.

chan =

    75

Elapsed time is 457.999259 seconds.

chan =

    76

Elapsed time is 454.697956 seconds.

chan =

    77

Elapsed time is 454.194432 seconds.

chan =

    78

Elapsed time is 456.049684 seconds.

chan =

    79

Elapsed time is 449.251529 seconds.

chan =

    80

Elapsed time is 452.757886 seconds.

chan =

    81

Elapsed time is 451.103417 seconds.

chan =

    82

Elapsed time is 453.360641 seconds.

chan =

    83

Elapsed time is 449.967628 seconds.

chan =

    84

Elapsed time is 453.992185 seconds.

chan =

    85

Elapsed time is 449.125692 seconds.

chan =

    86

Elapsed time is 446.141114 seconds.

chan =

    87

Elapsed time is 447.666918 seconds.

chan =

    88

Elapsed time is 447.008942 seconds.

chan =

    89

Elapsed time is 447.884814 seconds.

chan =

    90

Elapsed time is 450.422808 seconds.

chan =

    91

Elapsed time is 451.142211 seconds.

chan =

    92

Elapsed time is 447.342001 seconds.

chan =

    93

Elapsed time is 441.699104 seconds.

chan =

    94

Elapsed time is 442.869554 seconds.

chan =

    95

Elapsed time is 446.753520 seconds.

chan =

    96

Elapsed time is 445.729747 seconds.

chan =

    97

Elapsed time is 443.420390 seconds.

chan =

    98

Elapsed time is 447.044383 seconds.

chan =

    99

Elapsed time is 448.479326 seconds.

chan =

   100

Elapsed time is 448.330942 seconds.

chan =

   101

Elapsed time is 446.144514 seconds.

chan =

   102

Elapsed time is 448.165413 seconds.

chan =

   103

Elapsed time is 451.832411 seconds.

chan =

   104

Elapsed time is 448.202812 seconds.

chan =

   105

Elapsed time is 451.470892 seconds.

chan =

   106

Elapsed time is 448.919498 seconds.

chan =

   107

Elapsed time is 445.029688 seconds.

chan =

   108

Elapsed time is 445.566045 seconds.

chan =

   109

Elapsed time is 446.505318 seconds.

chan =

   110

Elapsed time is 446.129714 seconds.

chan =

   111

Elapsed time is 450.378052 seconds.

chan =

   112

Elapsed time is 449.495852 seconds.

chan =

   113

Elapsed time is 447.391341 seconds.

chan =

   114

Elapsed time is 448.465697 seconds.

chan =

   115

Elapsed time is 448.290704 seconds.

chan =

   116

Elapsed time is 446.837280 seconds.

chan =

   117

Elapsed time is 443.480918 seconds.

chan =

   118

Elapsed time is 444.598208 seconds.

chan =

   119

Elapsed time is 444.344902 seconds.

chan =

   120

Elapsed time is 446.219765 seconds.

chan =

   121

Elapsed time is 445.625879 seconds.

chan =

   122

Elapsed time is 448.978614 seconds.

chan =

   123

Elapsed time is 445.059057 seconds.

chan =

   124

Elapsed time is 442.581339 seconds.

chan =

   125

Elapsed time is 449.033425 seconds.

chan =

   126

Elapsed time is 446.654797 seconds.

chan =

   127

Elapsed time is 448.253196 seconds.

chan =

   128

Elapsed time is 444.522321 seconds.

chan =

   129

Elapsed time is 444.291745 seconds.

chan =

   130

Elapsed time is 447.199282 seconds.

chan =

   131

Elapsed time is 444.832938 seconds.

chan =

   132

Elapsed time is 445.139802 seconds.

chan =

   133

Elapsed time is 443.177576 seconds.

chan =

   134

Elapsed time is 445.736173 seconds.

chan =

   135

Elapsed time is 449.589808 seconds.

chan =

   136

Elapsed time is 444.773759 seconds.

chan =

   137

Elapsed time is 469.180425 seconds.

chan =

   138

Elapsed time is 628.146280 seconds.

chan =

   139

