getting started: 2955
attempting file: 2955
going for OH30 54
data loaded: OH30 54
HFB already done

chan =

     1

Elapsed time is 497.079386 seconds.

chan =

     2

Elapsed time is 507.524954 seconds.

chan =

     3

Elapsed time is 503.409995 seconds.

chan =

     4

Elapsed time is 502.954617 seconds.

chan =

     5

Elapsed time is 493.100821 seconds.

chan =

     6

Elapsed time is 496.739434 seconds.

chan =

     7

Elapsed time is 495.002508 seconds.

chan =

     8

Elapsed time is 500.362801 seconds.

chan =

     9

Elapsed time is 498.946097 seconds.

chan =

    10

Elapsed time is 494.294282 seconds.

chan =

    11

Elapsed time is 500.216407 seconds.

chan =

    12

Elapsed time is 500.844462 seconds.

chan =

    13

Elapsed time is 496.566034 seconds.

chan =

    14

Elapsed time is 494.786385 seconds.

chan =

    15

Elapsed time is 490.623955 seconds.

chan =

    16

Elapsed time is 473.524173 seconds.

chan =

    17

Elapsed time is 466.393807 seconds.

chan =

    18

Elapsed time is 453.137735 seconds.

chan =

    19

Elapsed time is 462.930416 seconds.

chan =

    20

Elapsed time is 435.310086 seconds.

chan =

    21

Elapsed time is 424.837919 seconds.

chan =

    22

Elapsed time is 416.643649 seconds.

chan =

    23

Elapsed time is 443.228023 seconds.

chan =

    24

Elapsed time is 450.522747 seconds.

chan =

    25

Elapsed time is 428.363587 seconds.

chan =

    26

Elapsed time is 452.262016 seconds.

chan =

    27

Elapsed time is 414.908936 seconds.

chan =

    28

Elapsed time is 388.637704 seconds.

chan =

    29

Elapsed time is 392.798759 seconds.

chan =

    30

Elapsed time is 383.229296 seconds.

chan =

    31

Elapsed time is 384.123667 seconds.

chan =

    32

Elapsed time is 382.237809 seconds.

chan =

    33

Elapsed time is 375.177689 seconds.

chan =

    34

Elapsed time is 374.271522 seconds.

chan =

    35

Elapsed time is 372.483354 seconds.

chan =

    36

Elapsed time is 382.586783 seconds.

chan =

    37

Elapsed time is 375.526064 seconds.

chan =

    38

Elapsed time is 379.269378 seconds.

chan =

    39

Elapsed time is 383.547065 seconds.

chan =

    40

Elapsed time is 389.782681 seconds.

chan =

    41

Elapsed time is 387.505983 seconds.

chan =

    42

Elapsed time is 388.898136 seconds.

chan =

    43

Elapsed time is 389.214753 seconds.

chan =

    44

Elapsed time is 390.194860 seconds.

chan =

    45

Elapsed time is 388.104683 seconds.

chan =

    46

Elapsed time is 390.195485 seconds.

chan =

    47

Elapsed time is 379.666163 seconds.

chan =

    48

Elapsed time is 379.461425 seconds.

chan =

    49

Elapsed time is 379.861621 seconds.

chan =

    50

Elapsed time is 384.933617 seconds.

chan =

    51

Elapsed time is 382.379881 seconds.

chan =

    52

Elapsed time is 380.946061 seconds.

chan =

    53

Elapsed time is 378.932634 seconds.

chan =

    54

Elapsed time is 383.336075 seconds.

chan =

    55

Elapsed time is 383.179307 seconds.

chan =

    56

Elapsed time is 382.456253 seconds.

chan =

    57

Elapsed time is 383.010231 seconds.

chan =

    58

Elapsed time is 383.078991 seconds.

chan =

    59

Elapsed time is 381.675340 seconds.

chan =

    60

Elapsed time is 382.793911 seconds.

chan =

    61

Elapsed time is 382.166693 seconds.

chan =

    62

Elapsed time is 379.252379 seconds.

chan =

    63

Elapsed time is 378.848001 seconds.

chan =

    64

Elapsed time is 379.415232 seconds.

chan =

    65

Elapsed time is 390.879210 seconds.

chan =

    66

Elapsed time is 378.971975 seconds.

chan =

    67

Elapsed time is 377.319302 seconds.

chan =

    68

Elapsed time is 379.539912 seconds.

chan =

    69

Elapsed time is 379.475884 seconds.

chan =

    70

Elapsed time is 381.927587 seconds.

chan =

    71

Elapsed time is 381.116724 seconds.

chan =

    72

Elapsed time is 385.050821 seconds.

chan =

    73

Elapsed time is 384.168607 seconds.

chan =

    74

Elapsed time is 383.519022 seconds.

chan =

    75

Elapsed time is 389.739001 seconds.

chan =

    76

Elapsed time is 394.782381 seconds.

chan =

    77

Elapsed time is 398.706513 seconds.

chan =

    78

Elapsed time is 400.942303 seconds.

chan =

    79

Elapsed time is 399.413187 seconds.

chan =

    80

Elapsed time is 402.343825 seconds.

chan =

    81

Elapsed time is 400.300511 seconds.

chan =

    82

Elapsed time is 390.511076 seconds.

chan =

    83

Elapsed time is 396.708410 seconds.

chan =

    84

Elapsed time is 398.084760 seconds.

chan =

    85

Elapsed time is 396.302841 seconds.

chan =

    86

Elapsed time is 396.515870 seconds.

chan =

    87

Elapsed time is 391.637651 seconds.

chan =

    88

Elapsed time is 396.914999 seconds.

chan =

    89

Elapsed time is 399.124930 seconds.

chan =

    90

Elapsed time is 405.105895 seconds.

chan =

    91

Elapsed time is 400.788451 seconds.

chan =

    92

Elapsed time is 401.971387 seconds.

chan =

    93

Elapsed time is 396.227115 seconds.

chan =

    94

Elapsed time is 401.891351 seconds.

chan =

    95

Elapsed time is 394.068846 seconds.

chan =

    96

Elapsed time is 390.179827 seconds.

chan =

    97

Elapsed time is 391.857778 seconds.

chan =

    98

Elapsed time is 391.018437 seconds.

chan =

    99

Elapsed time is 389.147307 seconds.

chan =

   100

Elapsed time is 384.353506 seconds.

chan =

   101

Elapsed time is 389.228625 seconds.

chan =

   102

Elapsed time is 385.703406 seconds.

chan =

   103

Elapsed time is 387.835791 seconds.

chan =

   104

Elapsed time is 383.922990 seconds.

chan =

   105

Elapsed time is 388.655077 seconds.

chan =

   106

Elapsed time is 387.673286 seconds.

chan =

   107

Elapsed time is 388.799527 seconds.

chan =

   108

Elapsed time is 387.833535 seconds.

chan =

   109

Elapsed time is 386.209839 seconds.

chan =

   110

Elapsed time is 389.758061 seconds.

chan =

   111

Elapsed time is 388.156048 seconds.

chan =

   112

Elapsed time is 388.386441 seconds.

chan =

   113

Elapsed time is 386.434750 seconds.

chan =

   114

Elapsed time is 384.690359 seconds.

chan =

   115

Elapsed time is 380.964760 seconds.

chan =

   116

Elapsed time is 377.358197 seconds.

chan =

   117

Elapsed time is 379.635330 seconds.

chan =

   118

Elapsed time is 375.584537 seconds.

chan =

   119

Elapsed time is 380.996797 seconds.

chan =

   120

Elapsed time is 379.700720 seconds.

chan =

   121

Elapsed time is 379.597842 seconds.

chan =

   122

Elapsed time is 378.435106 seconds.

chan =

   123

Elapsed time is 379.249897 seconds.

chan =

   124

Elapsed time is 380.416321 seconds.

chan =

   125

Elapsed time is 380.139040 seconds.

chan =

   126

Elapsed time is 381.905952 seconds.

chan =

   127

Elapsed time is 384.759488 seconds.

chan =

   128

Elapsed time is 381.948823 seconds.

chan =

   129

Elapsed time is 382.218021 seconds.

chan =

   130

Elapsed time is 381.323765 seconds.

chan =

   131

Elapsed time is 379.426816 seconds.

chan =

   132

Elapsed time is 378.176966 seconds.

chan =

   133

Elapsed time is 383.382579 seconds.

chan =

   134

Elapsed time is 385.410334 seconds.

chan =

   135

Elapsed time is 385.002621 seconds.

chan =

   136

Elapsed time is 382.855699 seconds.

chan =

   137

Elapsed time is 381.586416 seconds.

chan =

   138

Elapsed time is 383.846458 seconds.

chan =

   139

Elapsed time is 376.800508 seconds.
attempting saving
save success: /projects/p31578/dtf8829/QuestConnect/CHANDAT/chanDat_OH30_054.mat
working on TF
encoding done
encoding RT done
