getting started: 2949
attempting file: 2949
going for OH30 48
data loaded: OH30 48
HFB already done

chan =

     1

Elapsed time is 556.478545 seconds.

chan =

     2

Elapsed time is 533.255344 seconds.

chan =

     3

Elapsed time is 549.339330 seconds.

chan =

     4

Elapsed time is 567.517688 seconds.

chan =

     5

Elapsed time is 563.743432 seconds.

chan =

     6

Elapsed time is 554.157667 seconds.

chan =

     7

Elapsed time is 563.498443 seconds.

chan =

     8

Elapsed time is 557.415766 seconds.

chan =

     9

Elapsed time is 559.719489 seconds.

chan =

    10

Elapsed time is 554.609711 seconds.

chan =

    11

Elapsed time is 554.195409 seconds.

chan =

    12

Elapsed time is 555.102306 seconds.

chan =

    13

Elapsed time is 550.825525 seconds.

chan =

    14

Elapsed time is 539.135882 seconds.

chan =

    15

Elapsed time is 535.236445 seconds.

chan =

    16

Elapsed time is 539.485585 seconds.

chan =

    17

Elapsed time is 539.995792 seconds.

chan =

    18

Elapsed time is 541.550068 seconds.

chan =

    19

Elapsed time is 548.250064 seconds.

chan =

    20

Elapsed time is 518.665711 seconds.

chan =

    21

Elapsed time is 524.384301 seconds.

chan =

    22

Elapsed time is 522.115005 seconds.

chan =

    23

Elapsed time is 507.322829 seconds.

chan =

    24

Elapsed time is 499.814054 seconds.

chan =

    25

Elapsed time is 470.204006 seconds.

chan =

    26

Elapsed time is 450.686471 seconds.

chan =

    27

Elapsed time is 473.063402 seconds.

chan =

    28

Elapsed time is 481.277593 seconds.

chan =

    29

Elapsed time is 453.626213 seconds.

chan =

    30

Elapsed time is 447.397135 seconds.

chan =

    31

Elapsed time is 462.420311 seconds.

chan =

    32

Elapsed time is 446.655852 seconds.

chan =

    33

Elapsed time is 462.054154 seconds.

chan =

    34

Elapsed time is 468.145220 seconds.

chan =

    35

Elapsed time is 471.380147 seconds.

chan =

    36

Elapsed time is 474.811406 seconds.

chan =

    37

Elapsed time is 473.900977 seconds.

chan =

    38

Elapsed time is 468.684027 seconds.

chan =

    39

Elapsed time is 455.377682 seconds.

chan =

    40

Elapsed time is 460.450246 seconds.

chan =

    41

Elapsed time is 462.979588 seconds.

chan =

    42

Elapsed time is 449.249477 seconds.

chan =

    43

Elapsed time is 446.067248 seconds.

chan =

    44

Elapsed time is 481.457221 seconds.

chan =

    45

Elapsed time is 633.836425 seconds.

chan =

    46

Elapsed time is 634.684939 seconds.

chan =

    47

Elapsed time is 628.368959 seconds.

chan =

    48

Elapsed time is 627.485511 seconds.

chan =

    49

Elapsed time is 640.533459 seconds.

chan =

    50

Elapsed time is 622.302463 seconds.

chan =

    51

Elapsed time is 615.332258 seconds.

chan =

    52

Elapsed time is 617.456695 seconds.

chan =

    53

Elapsed time is 615.607580 seconds.

chan =

    54

Elapsed time is 624.600575 seconds.

chan =

    55

Elapsed time is 631.372832 seconds.

chan =

    56

Elapsed time is 493.002436 seconds.

chan =

    57

Elapsed time is 448.678692 seconds.

chan =

    58

Elapsed time is 444.799849 seconds.

chan =

    59

Elapsed time is 458.869783 seconds.

chan =

    60

Elapsed time is 469.649771 seconds.

chan =

    61

Elapsed time is 499.743004 seconds.

chan =

    62

Elapsed time is 495.826055 seconds.

chan =

    63

Elapsed time is 488.391168 seconds.

chan =

    64

Elapsed time is 491.193851 seconds.

chan =

    65

Elapsed time is 494.338629 seconds.

chan =

    66

Elapsed time is 441.138465 seconds.

chan =

    67

Elapsed time is 440.766720 seconds.

chan =

    68

Elapsed time is 439.569275 seconds.

chan =

    69

Elapsed time is 441.022926 seconds.

chan =

    70

Elapsed time is 442.608658 seconds.

chan =

    71

Elapsed time is 442.882007 seconds.

chan =

    72

Elapsed time is 445.250307 seconds.

chan =

    73

Elapsed time is 444.641788 seconds.

chan =

    74

Elapsed time is 444.953381 seconds.

chan =

    75

Elapsed time is 443.699839 seconds.

chan =

    76

Elapsed time is 446.023911 seconds.

chan =

    77

Elapsed time is 446.618497 seconds.

chan =

    78

Elapsed time is 445.329848 seconds.

chan =

    79

Elapsed time is 445.347495 seconds.

chan =

    80

Elapsed time is 443.524223 seconds.

chan =

    81

Elapsed time is 440.141139 seconds.

chan =

    82

Elapsed time is 444.140687 seconds.

chan =

    83

Elapsed time is 442.492027 seconds.

chan =

    84

Elapsed time is 443.832085 seconds.

chan =

    85

Elapsed time is 442.586293 seconds.

chan =

    86

Elapsed time is 442.454260 seconds.

chan =

    87

Elapsed time is 438.816850 seconds.

chan =

    88

Elapsed time is 436.356438 seconds.

chan =

    89

Elapsed time is 439.864005 seconds.

chan =

    90

Elapsed time is 438.243701 seconds.

chan =

    91

Elapsed time is 438.083134 seconds.

chan =

    92

Elapsed time is 439.308685 seconds.

chan =

    93

Elapsed time is 440.132154 seconds.

chan =

    94

Elapsed time is 435.638237 seconds.

chan =

    95

Elapsed time is 435.870300 seconds.

chan =

    96

Elapsed time is 435.892726 seconds.

chan =

    97

Elapsed time is 435.441700 seconds.

chan =

    98

Elapsed time is 436.932733 seconds.

chan =

    99

Elapsed time is 437.224154 seconds.

chan =

   100

Elapsed time is 437.010257 seconds.

chan =

   101

Elapsed time is 436.000110 seconds.

chan =

   102

Elapsed time is 436.194247 seconds.

chan =

   103

Elapsed time is 438.927296 seconds.

chan =

   104

Elapsed time is 439.829797 seconds.

chan =

   105

Elapsed time is 443.408926 seconds.

chan =

   106

Elapsed time is 439.305541 seconds.

chan =

   107

Elapsed time is 442.845878 seconds.

chan =

   108

Elapsed time is 438.349852 seconds.

chan =

   109

Elapsed time is 434.029021 seconds.

chan =

   110

Elapsed time is 437.424606 seconds.

chan =

   111

Elapsed time is 439.830035 seconds.

chan =

   112

Elapsed time is 438.767504 seconds.

chan =

   113

Elapsed time is 442.891565 seconds.

chan =

   114

Elapsed time is 440.673638 seconds.

chan =

   115

Elapsed time is 439.665189 seconds.

chan =

   116

Elapsed time is 436.791865 seconds.

chan =

   117

Elapsed time is 438.931965 seconds.

chan =

   118

Elapsed time is 434.130069 seconds.

chan =

   119

Elapsed time is 438.687392 seconds.

chan =

   120

Elapsed time is 438.585111 seconds.

chan =

   121

Elapsed time is 435.595814 seconds.

chan =

   122

Elapsed time is 436.631996 seconds.

chan =

   123

Elapsed time is 433.878099 seconds.

chan =

   124

Elapsed time is 434.457980 seconds.

chan =

   125

Elapsed time is 437.854619 seconds.

chan =

   126

Elapsed time is 432.250128 seconds.

chan =

   127

Elapsed time is 438.324598 seconds.

chan =

   128

Elapsed time is 438.225037 seconds.

chan =

   129

Elapsed time is 437.249003 seconds.

chan =

   130

Elapsed time is 437.513698 seconds.

chan =

   131

Elapsed time is 429.873583 seconds.

chan =

   132

Elapsed time is 438.857041 seconds.

chan =

   133

Elapsed time is 434.708846 seconds.

chan =

   134

Elapsed time is 439.218261 seconds.

chan =

   135

Elapsed time is 432.574385 seconds.

chan =

   136

Elapsed time is 434.979241 seconds.

chan =

   137

Elapsed time is 433.632757 seconds.

chan =

   138

Elapsed time is 435.908267 seconds.

chan =

   139

Elapsed time is 429.822675 seconds.
attempting saving
save success: /projects/p31578/dtf8829/QuestConnect/CHANDAT/chanDat_OH30_048.mat
working on TF
encoding done
encoding RT done
