getting started: 2805
attempting file: 2805
going for OH27 11
data loaded: OH27 11
HFB already done

chan =

     1

Elapsed time is 223.662348 seconds.

chan =

     2

Elapsed time is 219.228417 seconds.

chan =

     3

Elapsed time is 221.035657 seconds.

chan =

     4

Elapsed time is 220.267956 seconds.

chan =

     5

Elapsed time is 220.653100 seconds.

chan =

     6

Elapsed time is 219.832981 seconds.

chan =

     7

Elapsed time is 221.516646 seconds.

chan =

     8

Elapsed time is 217.742371 seconds.

chan =

     9

Elapsed time is 217.416793 seconds.

chan =

    10

Elapsed time is 218.895417 seconds.

chan =

    11

Elapsed time is 220.614835 seconds.

chan =

    12

Elapsed time is 221.327567 seconds.

chan =

    13

Elapsed time is 219.341105 seconds.

chan =

    14

Elapsed time is 218.313502 seconds.

chan =

    15

Elapsed time is 216.656689 seconds.

chan =

    16

Elapsed time is 214.309932 seconds.

chan =

    17

Elapsed time is 214.884742 seconds.

chan =

    18

Elapsed time is 216.165620 seconds.

chan =

    19

Elapsed time is 215.403024 seconds.

chan =

    20

Elapsed time is 216.946725 seconds.

chan =

    21

Elapsed time is 216.877791 seconds.

chan =

    22

Elapsed time is 216.884981 seconds.

chan =

    23

Elapsed time is 216.171632 seconds.

chan =

    24

Elapsed time is 217.099062 seconds.

chan =

    25

Elapsed time is 216.939896 seconds.

chan =

    26

Elapsed time is 215.926840 seconds.

chan =

    27

Elapsed time is 216.874672 seconds.

chan =

    28

Elapsed time is 216.581055 seconds.

chan =

    29

Elapsed time is 215.937600 seconds.

chan =

    30

Elapsed time is 215.425959 seconds.

chan =

    31

Elapsed time is 214.587936 seconds.

chan =

    32

Elapsed time is 212.675763 seconds.

chan =

    33

Elapsed time is 212.057254 seconds.

chan =

    34

Elapsed time is 212.728453 seconds.

chan =

    35

Elapsed time is 217.412660 seconds.

chan =

    36

Elapsed time is 231.380829 seconds.

chan =

    37

Elapsed time is 221.853953 seconds.

chan =

    38

Elapsed time is 219.334634 seconds.

chan =

    39

Elapsed time is 231.161979 seconds.

chan =

    40

Elapsed time is 235.778438 seconds.

chan =

    41

Elapsed time is 235.318612 seconds.

chan =

    42

Elapsed time is 231.767608 seconds.

chan =

    43

Elapsed time is 232.098484 seconds.

chan =

    44

Elapsed time is 231.417651 seconds.

chan =

    45

Elapsed time is 231.899658 seconds.

chan =

    46

Elapsed time is 234.040550 seconds.

chan =

    47

Elapsed time is 227.754135 seconds.

chan =

    48

Elapsed time is 217.518421 seconds.

chan =

    49

Elapsed time is 225.626331 seconds.

chan =

    50

Elapsed time is 227.779011 seconds.

chan =

    51

Elapsed time is 231.771343 seconds.

chan =

    52

Elapsed time is 219.108374 seconds.

chan =

    53

Elapsed time is 220.577524 seconds.

chan =

    54

Elapsed time is 221.398205 seconds.

chan =

    55

Elapsed time is 228.530417 seconds.

chan =

    56

Elapsed time is 218.218291 seconds.

chan =

    57

Elapsed time is 212.404637 seconds.

chan =

    58

Elapsed time is 212.851129 seconds.

chan =

    59

Elapsed time is 223.090217 seconds.

chan =

    60

Elapsed time is 230.315675 seconds.

chan =

    61

Elapsed time is 221.538904 seconds.

chan =

    62

Elapsed time is 212.600334 seconds.

chan =

    63

Elapsed time is 211.564567 seconds.

chan =

    64

Elapsed time is 211.081937 seconds.

chan =

    65

Elapsed time is 209.085038 seconds.

chan =

    66

Elapsed time is 212.943273 seconds.

chan =

    67

Elapsed time is 224.698775 seconds.

chan =

    68

Elapsed time is 228.506707 seconds.

chan =

    69

Elapsed time is 227.113300 seconds.

chan =

    70

Elapsed time is 213.345643 seconds.

chan =

    71

Elapsed time is 212.609753 seconds.

chan =

    72

Elapsed time is 213.442801 seconds.

chan =

    73

Elapsed time is 212.652041 seconds.

chan =

    74

Elapsed time is 210.913860 seconds.

chan =

    75

Elapsed time is 209.839335 seconds.

chan =

    76

Elapsed time is 210.011456 seconds.

chan =

    77

Elapsed time is 210.531415 seconds.

chan =

    78

Elapsed time is 212.232815 seconds.

chan =

    79

Elapsed time is 209.644996 seconds.

chan =

    80

Elapsed time is 209.952034 seconds.

chan =

    81

Elapsed time is 209.150054 seconds.

chan =

    82

Elapsed time is 211.848057 seconds.

chan =

    83

Elapsed time is 209.378466 seconds.

chan =

    84

Elapsed time is 210.361116 seconds.

chan =

    85

Elapsed time is 209.308871 seconds.

chan =

    86

Elapsed time is 210.309611 seconds.

chan =

    87

Elapsed time is 210.521737 seconds.

chan =

    88

Elapsed time is 208.467789 seconds.

chan =

    89

Elapsed time is 209.216235 seconds.

chan =

    90

Elapsed time is 211.077047 seconds.

chan =

    91

Elapsed time is 210.460245 seconds.

chan =

    92

Elapsed time is 210.642267 seconds.

chan =

    93

Elapsed time is 210.678919 seconds.

chan =

    94

Elapsed time is 210.303476 seconds.

chan =

    95

Elapsed time is 211.924780 seconds.

chan =

    96

Elapsed time is 212.802694 seconds.

chan =

    97

Elapsed time is 210.644131 seconds.

chan =

    98

Elapsed time is 211.617562 seconds.

chan =

    99

Elapsed time is 209.212610 seconds.

chan =

   100

Elapsed time is 211.600047 seconds.

chan =

   101

Elapsed time is 213.632964 seconds.

chan =

   102

Elapsed time is 214.851843 seconds.

chan =

   103

Elapsed time is 212.345183 seconds.

chan =

   104

Elapsed time is 211.135594 seconds.

chan =

   105

Elapsed time is 210.851616 seconds.

chan =

   106

Elapsed time is 211.393654 seconds.

