getting started: 2679
attempting file: 2679
going for NM04 42
data loaded: NM04 42
HFB already done

chan =

     1

Elapsed time is 252.933082 seconds.

chan =

     2

Elapsed time is 251.141738 seconds.

chan =

     3

Elapsed time is 250.783038 seconds.

chan =

     4

Elapsed time is 249.307413 seconds.

chan =

     5

Elapsed time is 247.338282 seconds.

chan =

     6

Elapsed time is 253.124947 seconds.

chan =

     7

Elapsed time is 254.093452 seconds.

chan =

     8

Elapsed time is 253.007789 seconds.

chan =

     9

Elapsed time is 247.255631 seconds.

chan =

    10

Elapsed time is 249.117575 seconds.

chan =

    11

Elapsed time is 252.643133 seconds.

chan =

    12

Elapsed time is 253.528460 seconds.

chan =

    13

Elapsed time is 252.338031 seconds.

chan =

    14

Elapsed time is 249.807999 seconds.

chan =

    15

Elapsed time is 255.241267 seconds.

chan =

    16

Elapsed time is 249.654128 seconds.

chan =

    17

Elapsed time is 243.854152 seconds.

chan =

    18

Elapsed time is 246.949614 seconds.

chan =

    19

Elapsed time is 244.666628 seconds.

chan =

    20

Elapsed time is 244.044025 seconds.

chan =

    21

Elapsed time is 242.173889 seconds.

chan =

    22

Elapsed time is 242.114414 seconds.

chan =

    23

Elapsed time is 242.001867 seconds.

chan =

    24

Elapsed time is 243.151014 seconds.

chan =

    25

Elapsed time is 242.784970 seconds.

chan =

    26

Elapsed time is 242.919681 seconds.

chan =

    27

Elapsed time is 240.111645 seconds.

chan =

    28

Elapsed time is 244.727698 seconds.

chan =

    29

Elapsed time is 242.381784 seconds.

chan =

    30

Elapsed time is 242.943844 seconds.

chan =

    31

Elapsed time is 240.454305 seconds.

chan =

    32

Elapsed time is 239.966050 seconds.

chan =

    33

Elapsed time is 247.379911 seconds.

chan =

    34

Elapsed time is 243.165171 seconds.

chan =

    35

Elapsed time is 248.131733 seconds.

chan =

    36

Elapsed time is 248.262150 seconds.

chan =

    37

Elapsed time is 234.184490 seconds.

chan =

    38

Elapsed time is 243.298664 seconds.

chan =

    39

Elapsed time is 246.497547 seconds.

chan =

    40

Elapsed time is 242.697751 seconds.

chan =

    41

Elapsed time is 237.844628 seconds.

chan =

    42

Elapsed time is 243.163415 seconds.

chan =

    43

Elapsed time is 234.351532 seconds.

chan =

    44

Elapsed time is 239.937614 seconds.

chan =

    45

Elapsed time is 242.267559 seconds.

chan =

    46

Elapsed time is 239.665722 seconds.

chan =

    47

Elapsed time is 238.600277 seconds.

chan =

    48

Elapsed time is 231.045653 seconds.

chan =

    49

Elapsed time is 231.135729 seconds.

chan =

    50

Elapsed time is 238.231330 seconds.

chan =

    51

Elapsed time is 236.484310 seconds.

chan =

    52

Elapsed time is 246.023050 seconds.

chan =

    53

Elapsed time is 237.442052 seconds.

chan =

    54

Elapsed time is 231.993719 seconds.

chan =

    55

Elapsed time is 234.279880 seconds.

chan =

    56

Elapsed time is 237.550509 seconds.

chan =

    57

Elapsed time is 237.636940 seconds.

chan =

    58

Elapsed time is 238.061040 seconds.

chan =

    59

Elapsed time is 233.589026 seconds.

chan =

    60

Elapsed time is 234.809546 seconds.

chan =

    61

Elapsed time is 238.351953 seconds.

chan =

    62

Elapsed time is 242.915404 seconds.

chan =

    63

Elapsed time is 241.144251 seconds.

chan =

    64

Elapsed time is 242.573425 seconds.

chan =

    65

Elapsed time is 241.921869 seconds.

chan =

    66

Elapsed time is 235.420791 seconds.

chan =

    67

Elapsed time is 238.142792 seconds.

chan =

    68

Elapsed time is 236.056259 seconds.

chan =

    69

Elapsed time is 232.458224 seconds.

chan =

    70

Elapsed time is 242.363899 seconds.

chan =

    71

Elapsed time is 239.823065 seconds.

chan =

    72

Elapsed time is 247.425858 seconds.

chan =

    73

Elapsed time is 243.351680 seconds.

chan =

    74

Elapsed time is 240.953822 seconds.

chan =

    75

Elapsed time is 239.387757 seconds.

chan =

    76

Elapsed time is 240.940588 seconds.

chan =

    77

Elapsed time is 244.531420 seconds.

chan =

    78

Elapsed time is 245.385395 seconds.

chan =

    79

Elapsed time is 240.060669 seconds.

chan =

    80

Elapsed time is 242.396182 seconds.

chan =

    81

Elapsed time is 241.124477 seconds.

chan =

    82

Elapsed time is 242.864968 seconds.

chan =

    83

Elapsed time is 244.716978 seconds.

chan =

    84

Elapsed time is 238.987727 seconds.

chan =

    85

Elapsed time is 245.785579 seconds.

chan =

    86

Elapsed time is 242.307271 seconds.

chan =

    87

Elapsed time is 238.278261 seconds.

chan =

    88

Elapsed time is 238.368012 seconds.

chan =

    89

Elapsed time is 234.918154 seconds.

chan =

    90

Elapsed time is 238.701084 seconds.

chan =

    91

Elapsed time is 237.642516 seconds.
attempting saving
save success: /projects/p31578/dtf8829/QuestConnect/CHANDAT/chanDat_NM04_042.mat
working on TF
encoding done
encoding RT done
retrieval 1 done
retrieval 2 done
attempting saving
save success: /projects/p31578/dtf8829/QuestConnect/CHANDAT/chanDat_NM04_042.mat
working on ISPC
channel: 1 took 0 minutes
channel: 2 took 0 minutes
channel: 3 took 0 minutes
channel: 4 took 0 minutes
channel: 5 took 0 minutes
channel: 6 took 0 minutes
channel: 7 took 0 minutes
channel: 8 took 0 minutes
channel: 9 took 0 minutes
channel: 10 took 0 minutes
channel: 11 took 0 minutes
channel: 12 took 0 minutes
channel: 13 took 0 minutes
channel: 14 took 0 minutes
channel: 15 took 0 minutes
channel: 16 took 0 minutes
channel: 17 took 0 minutes
channel: 18 took 0 minutes
channel: 19 took 0 minutes
channel: 20 took 0 minutes
channel: 21 took 0 minutes
channel: 22 took 0 minutes
channel: 23 took 0 minutes
channel: 24 took 0 minutes
channel: 25 took 0 minutes
channel: 26 took 0 minutes
channel: 27 took 0 minutes
channel: 28 took 0 minutes
channel: 29 took 0 minutes
channel: 30 took 0 minutes
channel: 31 took 0 minutes
channel: 32 took 0 minutes
channel: 33 took 0 minutes
channel: 34 took 0 minutes
channel: 35 took 0 minutes
channel: 36 took 0 minutes
channel: 37 took 0 minutes
channel: 38 took 0 minutes
channel: 39 took 0 minutes
channel: 40 took 0 minutes
channel: 41 took 0 minutes
channel: 42 took 0 minutes
channel: 43 took 3.6 minutes
channel: 44 took 3.5 minutes
channel: 45 took 3.6 minutes
channel: 46 took 3.6 minutes
channel: 47 took 3.6 minutes
channel: 48 took 3.6 minutes
channel: 49 took 3.5 minutes
channel: 50 took 3.5 minutes
channel: 51 took 3.6 minutes
channel: 52 took 3.6 minutes
channel: 53 took 3.6 minutes
channel: 54 took 3.6 minutes
channel: 55 took 3.6 minutes
channel: 56 took 3.6 minutes
channel: 57 took 3.6 minutes
channel: 58 took 3.6 minutes
channel: 59 took 3.6 minutes
channel: 60 took 3.6 minutes
channel: 61 took 3.5 minutes
channel: 62 took 3.6 minutes
channel: 63 took 3.6 minutes
channel: 64 took 3.6 minutes
channel: 65 took 3.6 minutes
channel: 66 took 3.6 minutes
channel: 67 took 3.6 minutes
channel: 68 took 3.6 minutes
channel: 69 took 3.5 minutes
channel: 70 took 3.6 minutes
channel: 71 took 3.6 minutes
channel: 72 took 3.6 minutes
channel: 73 took 3.6 minutes
channel: 74 took 3.6 minutes
channel: 75 took 3.6 minutes
channel: 76 took 3.6 minutes
channel: 77 took 3.6 minutes
channel: 78 took 3.6 minutes
channel: 79 took 3.6 minutes
channel: 80 took 3.6 minutes
channel: 81 took 3.6 minutes
channel: 82 took 3.6 minutes
channel: 83 took 3.6 minutes
channel: 84 took 3.6 minutes
channel: 85 took 3.6 minutes
channel: 86 took 3.6 minutes
channel: 87 took 3.6 minutes
channel: 88 took 3.6 minutes
channel: 89 took 3.6 minutes
channel: 90 took 3.6 minutes
channel: 91 took 3.5 minutes
attempting saving
save success: /projects/p31578/dtf8829/QuestConnect/CHANDAT/chanDat_NM04_042.mat
Elapsed time is 217.662823 seconds.
