getting started: 2971
attempting file: 2971
going for OH30 70
data loaded: OH30 70
HFB already done

chan =

     1

Elapsed time is 469.309379 seconds.

chan =

     2

Elapsed time is 439.990800 seconds.

chan =

     3

Elapsed time is 431.574672 seconds.

chan =

     4

Elapsed time is 481.060986 seconds.

chan =

     5

Elapsed time is 493.666707 seconds.

chan =

     6

Elapsed time is 504.765199 seconds.

chan =

     7

Elapsed time is 496.200108 seconds.

chan =

     8

Elapsed time is 489.279245 seconds.

chan =

     9

Elapsed time is 487.585648 seconds.

chan =

    10

Elapsed time is 487.005848 seconds.

chan =

    11

Elapsed time is 489.928523 seconds.

chan =

    12

Elapsed time is 487.689343 seconds.

chan =

    13

Elapsed time is 486.570417 seconds.

chan =

    14

Elapsed time is 488.852061 seconds.

chan =

    15

Elapsed time is 489.211558 seconds.

chan =

    16

Elapsed time is 487.072434 seconds.

chan =

    17

Elapsed time is 513.140065 seconds.

chan =

    18

Elapsed time is 510.500754 seconds.

chan =

    19

Elapsed time is 507.882940 seconds.

chan =

    20

Elapsed time is 501.699879 seconds.

chan =

    21

Elapsed time is 508.591513 seconds.

chan =

    22

Elapsed time is 500.403547 seconds.

chan =

    23

Elapsed time is 497.577179 seconds.

chan =

    24

Elapsed time is 512.875964 seconds.

chan =

    25

Elapsed time is 495.143041 seconds.

chan =

    26

Elapsed time is 478.928826 seconds.

chan =

    27

Elapsed time is 478.959481 seconds.

chan =

    28

Elapsed time is 474.561307 seconds.

chan =

    29

Elapsed time is 474.169903 seconds.

chan =

    30

Elapsed time is 487.177122 seconds.

chan =

    31

Elapsed time is 493.061343 seconds.

chan =

    32

Elapsed time is 480.200080 seconds.

chan =

    33

Elapsed time is 472.129445 seconds.

chan =

    34

Elapsed time is 472.306803 seconds.

chan =

    35

Elapsed time is 476.152040 seconds.

chan =

    36

Elapsed time is 475.420191 seconds.

chan =

    37

Elapsed time is 476.518421 seconds.

chan =

    38

Elapsed time is 474.675999 seconds.

chan =

    39

Elapsed time is 469.913406 seconds.

chan =

    40

Elapsed time is 469.816122 seconds.

chan =

    41

Elapsed time is 467.178156 seconds.

chan =

    42

Elapsed time is 470.639831 seconds.

chan =

    43

Elapsed time is 471.578237 seconds.

chan =

    44

Elapsed time is 469.342592 seconds.

chan =

    45

Elapsed time is 466.378407 seconds.

chan =

    46

Elapsed time is 465.984490 seconds.

chan =

    47

Elapsed time is 467.215874 seconds.

chan =

    48

Elapsed time is 466.127224 seconds.

chan =

    49

Elapsed time is 471.345192 seconds.

chan =

    50

Elapsed time is 474.131119 seconds.

chan =

    51

Elapsed time is 473.309069 seconds.

chan =

    52

Elapsed time is 470.336867 seconds.

chan =

    53

Elapsed time is 470.742830 seconds.

chan =

    54

Elapsed time is 473.212968 seconds.

chan =

    55

Elapsed time is 472.978428 seconds.

chan =

    56

Elapsed time is 458.247380 seconds.

chan =

    57

Elapsed time is 451.147569 seconds.

chan =

    58

Elapsed time is 435.914015 seconds.

chan =

    59

Elapsed time is 424.861666 seconds.

chan =

    60

Elapsed time is 411.900269 seconds.

chan =

    61

Elapsed time is 387.969031 seconds.

chan =

    62

Elapsed time is 434.467763 seconds.

chan =

    63

Elapsed time is 504.883187 seconds.

chan =

    64

Elapsed time is 502.397337 seconds.

chan =

    65

Elapsed time is 499.903930 seconds.

chan =

    66

Elapsed time is 491.010460 seconds.

chan =

    67

Elapsed time is 488.179144 seconds.

chan =

    68

Elapsed time is 489.255701 seconds.

chan =

    69

Elapsed time is 495.310679 seconds.

chan =

    70

Elapsed time is 492.703052 seconds.

chan =

    71

Elapsed time is 498.562144 seconds.

chan =

    72

Elapsed time is 497.900713 seconds.

chan =

    73

Elapsed time is 498.698409 seconds.

chan =

    74

Elapsed time is 505.887777 seconds.

chan =

    75

Elapsed time is 502.577768 seconds.

chan =

    76

Elapsed time is 499.539953 seconds.

chan =

    77

Elapsed time is 501.918516 seconds.

chan =

    78

Elapsed time is 499.843119 seconds.

chan =

    79

Elapsed time is 500.170454 seconds.

chan =

    80

Elapsed time is 493.919544 seconds.

chan =

    81

Elapsed time is 501.075944 seconds.

chan =

    82

Elapsed time is 500.518038 seconds.

chan =

    83

Elapsed time is 499.022591 seconds.

chan =

    84

Elapsed time is 498.961816 seconds.

chan =

    85

Elapsed time is 499.203753 seconds.

chan =

    86

Elapsed time is 492.066457 seconds.

chan =

    87

Elapsed time is 497.926406 seconds.

chan =

    88

Elapsed time is 493.572324 seconds.

chan =

    89

Elapsed time is 502.912074 seconds.

chan =

    90

Elapsed time is 498.353441 seconds.

chan =

    91

Elapsed time is 498.259382 seconds.

chan =

    92

Elapsed time is 402.248005 seconds.

chan =

    93

Elapsed time is 388.753142 seconds.

chan =

    94

Elapsed time is 385.084064 seconds.

chan =

    95

Elapsed time is 373.109430 seconds.

chan =

    96

Elapsed time is 366.825464 seconds.

chan =

    97

Elapsed time is 362.284498 seconds.

chan =

    98

Elapsed time is 361.237220 seconds.

chan =

    99

Elapsed time is 358.844027 seconds.

chan =

   100

Elapsed time is 365.346470 seconds.

chan =

   101

Elapsed time is 360.390334 seconds.

chan =

   102

Elapsed time is 358.395751 seconds.

chan =

   103

Elapsed time is 360.337753 seconds.

chan =

   104

Elapsed time is 356.723498 seconds.

chan =

   105

Elapsed time is 355.370921 seconds.

chan =

   106

Elapsed time is 359.088545 seconds.

chan =

   107

Elapsed time is 358.763485 seconds.

chan =

   108

Elapsed time is 356.571777 seconds.

chan =

   109

Elapsed time is 350.384120 seconds.

chan =

   110

Elapsed time is 353.342534 seconds.

chan =

   111

Elapsed time is 352.313727 seconds.

chan =

   112

Elapsed time is 355.220769 seconds.

chan =

   113

Elapsed time is 358.170758 seconds.

chan =

   114

Elapsed time is 353.003591 seconds.

chan =

   115

Elapsed time is 355.044242 seconds.

chan =

   116

Elapsed time is 355.301135 seconds.

chan =

   117

Elapsed time is 353.592999 seconds.

chan =

   118

Elapsed time is 346.476491 seconds.

chan =

   119

Elapsed time is 355.231448 seconds.

chan =

   120

Elapsed time is 355.234953 seconds.

chan =

   121

Elapsed time is 354.276858 seconds.

chan =

   122

Elapsed time is 342.261793 seconds.

chan =

   123

Elapsed time is 335.153805 seconds.

chan =

   124

Elapsed time is 335.280407 seconds.

chan =

   125

Elapsed time is 330.877703 seconds.

chan =

   126

Elapsed time is 330.722341 seconds.

chan =

   127

Elapsed time is 335.032527 seconds.

chan =

   128

Elapsed time is 336.458626 seconds.

chan =

   129

Elapsed time is 332.362227 seconds.

chan =

   130

Elapsed time is 330.555757 seconds.

chan =

   131

Elapsed time is 330.896960 seconds.

chan =

   132

Elapsed time is 329.690927 seconds.

chan =

   133

Elapsed time is 336.892430 seconds.

chan =

   134

Elapsed time is 333.312552 seconds.

chan =

   135

Elapsed time is 334.647598 seconds.

chan =

   136

Elapsed time is 334.620516 seconds.

chan =

   137

Elapsed time is 332.159310 seconds.

chan =

   138

Elapsed time is 332.527789 seconds.

chan =

   139

Elapsed time is 329.467498 seconds.
attempting saving
save success: /projects/p31578/dtf8829/QuestConnect/CHANDAT/chanDat_OH30_070.mat
working on TF
encoding done
encoding RT done
