getting started: 2830
attempting file: 2830
going for OH27 36
data loaded: OH27 36
HFB already done

chan =

     1

Elapsed time is 244.683861 seconds.

chan =

     2

Elapsed time is 240.320445 seconds.

chan =

     3

Elapsed time is 241.905611 seconds.

chan =

     4

Elapsed time is 241.464889 seconds.

chan =

     5

Elapsed time is 242.993207 seconds.

chan =

     6

Elapsed time is 248.476447 seconds.

chan =

     7

Elapsed time is 250.993600 seconds.

chan =

     8

Elapsed time is 240.451109 seconds.

chan =

     9

Elapsed time is 242.309868 seconds.

chan =

    10

Elapsed time is 246.116018 seconds.

chan =

    11

Elapsed time is 244.312030 seconds.

chan =

    12

Elapsed time is 248.662093 seconds.

chan =

    13

Elapsed time is 242.699804 seconds.

chan =

    14

Elapsed time is 240.098857 seconds.

chan =

    15

Elapsed time is 244.855157 seconds.

chan =

    16

Elapsed time is 244.826711 seconds.

chan =

    17

Elapsed time is 245.477373 seconds.

chan =

    18

Elapsed time is 246.113370 seconds.

chan =

    19

Elapsed time is 235.863010 seconds.

chan =

    20

Elapsed time is 246.402003 seconds.

chan =

    21

Elapsed time is 244.100979 seconds.

chan =

    22

Elapsed time is 243.871666 seconds.

chan =

    23

Elapsed time is 242.962911 seconds.

chan =

    24

Elapsed time is 241.515848 seconds.

chan =

    25

Elapsed time is 239.686628 seconds.

chan =

    26

Elapsed time is 234.502503 seconds.

chan =

    27

Elapsed time is 241.478986 seconds.

chan =

    28

Elapsed time is 240.208834 seconds.

chan =

    29

Elapsed time is 237.369368 seconds.

chan =

    30

Elapsed time is 239.740333 seconds.

chan =

    31

Elapsed time is 240.163203 seconds.

chan =

    32

Elapsed time is 234.028006 seconds.

chan =

    33

Elapsed time is 231.715550 seconds.

chan =

    34

Elapsed time is 251.420859 seconds.

chan =

    35

Elapsed time is 250.384431 seconds.

chan =

    36

Elapsed time is 253.664695 seconds.

chan =

    37

Elapsed time is 247.878544 seconds.

chan =

    38

Elapsed time is 252.625134 seconds.

chan =

    39

Elapsed time is 254.881468 seconds.

chan =

    40

Elapsed time is 238.111758 seconds.

chan =

    41

Elapsed time is 250.912722 seconds.

chan =

    42

Elapsed time is 248.116396 seconds.

chan =

    43

Elapsed time is 246.007191 seconds.

chan =

    44

Elapsed time is 242.721891 seconds.

chan =

    45

Elapsed time is 252.483156 seconds.

chan =

    46

Elapsed time is 241.345987 seconds.

chan =

    47

Elapsed time is 251.990789 seconds.

chan =

    48

Elapsed time is 250.740063 seconds.

chan =

    49

Elapsed time is 243.131455 seconds.

chan =

    50

Elapsed time is 249.679927 seconds.

chan =

    51

Elapsed time is 248.495103 seconds.

chan =

    52

Elapsed time is 254.098041 seconds.

chan =

    53

Elapsed time is 237.137888 seconds.

chan =

    54

Elapsed time is 234.156248 seconds.

chan =

    55

Elapsed time is 233.473568 seconds.

chan =

    56

Elapsed time is 234.884995 seconds.

chan =

    57

Elapsed time is 231.839543 seconds.

chan =

    58

Elapsed time is 232.121204 seconds.

chan =

    59

Elapsed time is 233.951259 seconds.

chan =

    60

Elapsed time is 231.668623 seconds.

chan =

    61

Elapsed time is 231.556236 seconds.

chan =

    62

Elapsed time is 235.807782 seconds.

chan =

    63

Elapsed time is 230.107048 seconds.

chan =

    64

Elapsed time is 231.559060 seconds.

chan =

    65

Elapsed time is 229.931980 seconds.

chan =

    66

Elapsed time is 227.376650 seconds.

chan =

    67

Elapsed time is 229.741534 seconds.

chan =

    68

Elapsed time is 225.926135 seconds.

chan =

    69

Elapsed time is 226.398031 seconds.

chan =

    70

Elapsed time is 225.817575 seconds.

chan =

    71

Elapsed time is 221.360547 seconds.

chan =

    72

Elapsed time is 222.763398 seconds.

chan =

    73

Elapsed time is 230.563811 seconds.

chan =

    74

Elapsed time is 224.007724 seconds.

chan =

    75

Elapsed time is 228.200129 seconds.

chan =

    76

Elapsed time is 229.025812 seconds.

chan =

    77

Elapsed time is 217.028688 seconds.

chan =

    78

Elapsed time is 216.398705 seconds.

chan =

    79

Elapsed time is 229.843894 seconds.

chan =

    80

Elapsed time is 229.947264 seconds.

chan =

    81

Elapsed time is 233.371816 seconds.

chan =

    82

Elapsed time is 229.292952 seconds.

chan =

    83

Elapsed time is 221.415115 seconds.

chan =

    84

Elapsed time is 214.169136 seconds.

chan =

    85

Elapsed time is 224.786812 seconds.

chan =

    86

Elapsed time is 224.974124 seconds.

chan =

    87

Elapsed time is 224.048957 seconds.

chan =

    88

Elapsed time is 228.137912 seconds.

chan =

    89

Elapsed time is 225.028490 seconds.

chan =

    90

Elapsed time is 227.532632 seconds.

chan =

    91

Elapsed time is 226.601070 seconds.

chan =

    92

Elapsed time is 228.739251 seconds.

chan =

    93

Elapsed time is 232.173425 seconds.

chan =

    94

Elapsed time is 225.965602 seconds.

chan =

    95

Elapsed time is 227.834720 seconds.

chan =

    96

Elapsed time is 226.481481 seconds.

chan =

    97

Elapsed time is 228.315113 seconds.

chan =

    98

Elapsed time is 226.735259 seconds.

chan =

    99

Elapsed time is 220.919899 seconds.

chan =

   100

Elapsed time is 225.384795 seconds.

chan =

   101

Elapsed time is 231.079391 seconds.

chan =

   102

Elapsed time is 228.765793 seconds.

chan =

   103

Elapsed time is 231.256500 seconds.

chan =

   104

Elapsed time is 224.053964 seconds.

chan =

   105

Elapsed time is 223.508464 seconds.

chan =

   106

Elapsed time is 227.726173 seconds.

