getting started: 2643
attempting file: 2643
going for NM04 6
data loaded: NM04 6
HFB already done

chan =

     1

Elapsed time is 291.882269 seconds.

chan =

     2

Elapsed time is 291.231883 seconds.

chan =

     3

Elapsed time is 289.742605 seconds.

chan =

     4

Elapsed time is 295.943581 seconds.

chan =

     5

Elapsed time is 293.810234 seconds.

chan =

     6

Elapsed time is 294.190295 seconds.

chan =

     7

Elapsed time is 304.346613 seconds.

chan =

     8

Elapsed time is 296.041124 seconds.

chan =

     9

Elapsed time is 292.158079 seconds.

chan =

    10

Elapsed time is 292.285780 seconds.

chan =

    11

Elapsed time is 292.314595 seconds.

chan =

    12

Elapsed time is 290.588692 seconds.

chan =

    13

Elapsed time is 292.568314 seconds.

chan =

    14

Elapsed time is 287.774245 seconds.

chan =

    15

Elapsed time is 285.477312 seconds.

chan =

    16

Elapsed time is 285.181550 seconds.

chan =

    17

Elapsed time is 283.497162 seconds.

chan =

    18

Elapsed time is 281.847114 seconds.

chan =

    19

Elapsed time is 286.199450 seconds.

chan =

    20

Elapsed time is 280.639132 seconds.

chan =

    21

Elapsed time is 280.183049 seconds.

chan =

    22

Elapsed time is 280.925714 seconds.

chan =

    23

Elapsed time is 282.273596 seconds.

chan =

    24

Elapsed time is 280.532997 seconds.

chan =

    25

Elapsed time is 283.426176 seconds.

chan =

    26

Elapsed time is 282.184478 seconds.

chan =

    27

Elapsed time is 279.830334 seconds.

chan =

    28

Elapsed time is 283.074186 seconds.

chan =

    29

Elapsed time is 264.871567 seconds.

chan =

    30

Elapsed time is 253.347492 seconds.

chan =

    31

Elapsed time is 266.249911 seconds.

chan =

    32

Elapsed time is 264.103422 seconds.

chan =

    33

Elapsed time is 264.649750 seconds.

chan =

    34

Elapsed time is 260.414435 seconds.

chan =

    35

Elapsed time is 272.042594 seconds.

chan =

    36

Elapsed time is 257.272520 seconds.

chan =

    37

Elapsed time is 249.649617 seconds.

chan =

    38

Elapsed time is 251.791413 seconds.

chan =

    39

Elapsed time is 244.496313 seconds.

chan =

    40

Elapsed time is 245.297077 seconds.

chan =

    41

Elapsed time is 267.705204 seconds.

chan =

    42

Elapsed time is 263.184008 seconds.

chan =

    43

Elapsed time is 262.248290 seconds.

chan =

    44

Elapsed time is 266.321552 seconds.

chan =

    45

Elapsed time is 264.236740 seconds.

chan =

    46

Elapsed time is 261.180319 seconds.

chan =

    47

Elapsed time is 260.500518 seconds.

chan =

    48

Elapsed time is 257.037113 seconds.

chan =

    49

Elapsed time is 264.773274 seconds.

chan =

    50

Elapsed time is 254.367965 seconds.

chan =

    51

Elapsed time is 251.162596 seconds.

chan =

    52

Elapsed time is 254.757250 seconds.

chan =

    53

Elapsed time is 255.970126 seconds.

chan =

    54

Elapsed time is 255.732653 seconds.

chan =

    55

Elapsed time is 239.116800 seconds.

chan =

    56

Elapsed time is 248.891222 seconds.

chan =

    57

Elapsed time is 257.735367 seconds.

chan =

    58

Elapsed time is 236.536494 seconds.

chan =

    59

Elapsed time is 234.172753 seconds.

chan =

    60

Elapsed time is 241.837378 seconds.

chan =

    61

Elapsed time is 243.943902 seconds.

chan =

    62

Elapsed time is 243.117448 seconds.

chan =

    63

Elapsed time is 241.811226 seconds.

chan =

    64

Elapsed time is 244.020443 seconds.

chan =

    65

Elapsed time is 239.894609 seconds.

chan =

    66

Elapsed time is 244.377389 seconds.

chan =

    67

Elapsed time is 241.047771 seconds.

chan =

    68

Elapsed time is 240.506651 seconds.

chan =

    69

Elapsed time is 242.806275 seconds.

chan =

    70

Elapsed time is 234.915714 seconds.

chan =

    71

Elapsed time is 240.193321 seconds.

chan =

    72

Elapsed time is 242.977369 seconds.

chan =

    73

Elapsed time is 231.949557 seconds.

chan =

    74

Elapsed time is 237.473371 seconds.

chan =

    75

Elapsed time is 238.529407 seconds.

chan =

    76

Elapsed time is 227.615248 seconds.

chan =

    77

Elapsed time is 239.805863 seconds.

chan =

    78

Elapsed time is 243.289033 seconds.

chan =

    79

Elapsed time is 238.167900 seconds.

chan =

    80

Elapsed time is 241.497902 seconds.

chan =

    81

Elapsed time is 232.546122 seconds.

chan =

    82

Elapsed time is 239.191951 seconds.

chan =

    83

Elapsed time is 241.231166 seconds.

chan =

    84

Elapsed time is 231.783426 seconds.

chan =

    85

Elapsed time is 239.914044 seconds.

chan =

    86

Elapsed time is 234.435995 seconds.

chan =

    87

Elapsed time is 243.040237 seconds.

chan =

    88

Elapsed time is 241.339275 seconds.

chan =

    89

Elapsed time is 239.687540 seconds.

chan =

    90

Elapsed time is 244.340248 seconds.

chan =

    91

Elapsed time is 232.007106 seconds.
attempting saving
save success: /projects/p31578/dtf8829/QuestConnect/CHANDAT/chanDat_NM04_006.mat
working on TF
encoding done
encoding RT done
retrieval 1 done
retrieval 2 done
attempting saving
save success: /projects/p31578/dtf8829/QuestConnect/CHANDAT/chanDat_NM04_006.mat
working on ISPC
channel: 1 took 0 minutes
channel: 2 took 0 minutes
channel: 3 took 0 minutes
channel: 4 took 0 minutes
channel: 5 took 0 minutes
channel: 6 took 0 minutes
channel: 7 took 3.5 minutes
channel: 8 took 3.4 minutes
channel: 9 took 3.4 minutes
channel: 10 took 3.5 minutes
channel: 11 took 3.4 minutes
channel: 12 took 3.5 minutes
channel: 13 took 3.5 minutes
channel: 14 took 3.5 minutes
channel: 15 took 3.4 minutes
channel: 16 took 3.4 minutes
channel: 17 took 3.3 minutes
channel: 18 took 3.4 minutes
channel: 19 took 3.5 minutes
channel: 20 took 3.4 minutes
channel: 21 took 3.4 minutes
channel: 22 took 3.5 minutes
channel: 23 took 3.5 minutes
channel: 24 took 3.5 minutes
channel: 25 took 3.5 minutes
channel: 26 took 3.4 minutes
channel: 27 took 3.5 minutes
channel: 28 took 3.4 minutes
channel: 29 took 3.5 minutes
channel: 30 took 3.5 minutes
channel: 31 took 3.5 minutes
channel: 32 took 3.5 minutes
channel: 33 took 3.4 minutes
channel: 34 took 3.4 minutes
channel: 35 took 3.5 minutes
channel: 36 took 3.4 minutes
channel: 37 took 3.4 minutes
channel: 38 took 3.5 minutes
channel: 39 took 3.4 minutes
channel: 40 took 3.5 minutes
channel: 41 took 3.5 minutes
channel: 42 took 3.5 minutes
channel: 43 took 3.4 minutes
channel: 44 took 3.4 minutes
channel: 45 took 3.3 minutes
channel: 46 took 3.5 minutes
channel: 47 took 3.4 minutes
channel: 48 took 3.4 minutes
channel: 49 took 3.5 minutes
channel: 50 took 3.4 minutes
channel: 51 took 3.3 minutes
channel: 52 took 3.5 minutes
channel: 53 took 3.4 minutes
channel: 54 took 3.3 minutes
channel: 55 took 3.5 minutes
channel: 56 took 3.4 minutes
channel: 57 took 3.5 minutes
channel: 58 took 3.5 minutes
channel: 59 took 3.4 minutes
channel: 60 took 3.4 minutes
channel: 61 took 3.5 minutes
channel: 62 took 3.5 minutes
channel: 63 took 3.6 minutes
channel: 64 took 3.5 minutes
channel: 65 took 3.5 minutes
channel: 66 took 3.5 minutes
channel: 67 took 3.4 minutes
channel: 68 took 3.5 minutes
channel: 69 took 3.5 minutes
channel: 70 took 3.5 minutes
channel: 71 took 3.4 minutes
channel: 72 took 3.5 minutes
channel: 73 took 3.4 minutes
channel: 74 took 3.5 minutes
channel: 75 took 3.5 minutes
channel: 76 took 3.5 minutes
channel: 77 took 3.5 minutes
channel: 78 took 3.4 minutes
channel: 79 took 3.5 minutes
channel: 80 took 3.5 minutes
channel: 81 took 3.5 minutes
channel: 82 took 3.5 minutes
channel: 83 took 3.4 minutes
channel: 84 took 3.5 minutes
channel: 85 took 3.5 minutes
channel: 86 took 3.5 minutes
channel: 87 took 3.4 minutes
channel: 88 took 3.5 minutes
channel: 89 took 3.3 minutes
channel: 90 took 3.4 minutes
channel: 91 took 3.4 minutes
attempting saving
save success: /projects/p31578/dtf8829/QuestConnect/CHANDAT/chanDat_NM04_006.mat
Elapsed time is 211.593805 seconds.
