getting started: 2658
attempting file: 2658
going for NM04 21
data loaded: NM04 21
HFB already done

chan =

     1

Elapsed time is 234.356007 seconds.

chan =

     2

Elapsed time is 249.896972 seconds.

chan =

     3

Elapsed time is 239.408232 seconds.

chan =

     4

Elapsed time is 239.120392 seconds.

chan =

     5

Elapsed time is 238.796414 seconds.

chan =

     6

Elapsed time is 233.946556 seconds.

chan =

     7

Elapsed time is 229.209453 seconds.

chan =

     8

Elapsed time is 238.685987 seconds.

chan =

     9

Elapsed time is 268.584559 seconds.

chan =

    10

Elapsed time is 279.768780 seconds.

chan =

    11

Elapsed time is 278.764966 seconds.

chan =

    12

Elapsed time is 279.270948 seconds.

chan =

    13

Elapsed time is 280.758630 seconds.

chan =

    14

Elapsed time is 280.813615 seconds.

chan =

    15

Elapsed time is 280.274443 seconds.

chan =

    16

Elapsed time is 279.206111 seconds.

chan =

    17

Elapsed time is 279.516408 seconds.

chan =

    18

Elapsed time is 275.428436 seconds.

chan =

    19

Elapsed time is 279.314229 seconds.

chan =

    20

Elapsed time is 278.714570 seconds.

chan =

    21

Elapsed time is 274.766429 seconds.

chan =

    22

Elapsed time is 277.961497 seconds.

chan =

    23

Elapsed time is 274.351286 seconds.

chan =

    24

Elapsed time is 277.303612 seconds.

chan =

    25

Elapsed time is 273.867524 seconds.

chan =

    26

Elapsed time is 277.565874 seconds.

chan =

    27

Elapsed time is 275.065029 seconds.

chan =

    28

Elapsed time is 279.643049 seconds.

chan =

    29

Elapsed time is 276.778531 seconds.

chan =

    30

Elapsed time is 281.783077 seconds.

chan =

    31

Elapsed time is 276.786616 seconds.

chan =

    32

Elapsed time is 278.437150 seconds.

chan =

    33

Elapsed time is 279.902152 seconds.

chan =

    34

Elapsed time is 279.803174 seconds.

chan =

    35

Elapsed time is 278.696196 seconds.

chan =

    36

Elapsed time is 279.694679 seconds.

chan =

    37

Elapsed time is 280.766379 seconds.

chan =

    38

Elapsed time is 278.969733 seconds.

chan =

    39

Elapsed time is 281.868735 seconds.

chan =

    40

Elapsed time is 278.584555 seconds.

chan =

    41

Elapsed time is 281.908933 seconds.

chan =

    42

Elapsed time is 276.281665 seconds.

chan =

    43

Elapsed time is 279.489454 seconds.

chan =

    44

Elapsed time is 278.141027 seconds.

chan =

    45

Elapsed time is 280.708041 seconds.

chan =

    46

Elapsed time is 278.776516 seconds.

chan =

    47

Elapsed time is 279.415770 seconds.

chan =

    48

Elapsed time is 280.067210 seconds.

chan =

    49

Elapsed time is 275.272393 seconds.

chan =

    50

Elapsed time is 277.666132 seconds.

chan =

    51

Elapsed time is 274.887893 seconds.

chan =

    52

Elapsed time is 279.521446 seconds.

chan =

    53

Elapsed time is 278.843498 seconds.

chan =

    54

Elapsed time is 280.586875 seconds.

chan =

    55

Elapsed time is 276.565998 seconds.

chan =

    56

Elapsed time is 280.201014 seconds.

chan =

    57

Elapsed time is 276.942159 seconds.

chan =

    58

Elapsed time is 278.895126 seconds.

chan =

    59

Elapsed time is 276.667296 seconds.

chan =

    60

Elapsed time is 281.205931 seconds.

chan =

    61

Elapsed time is 276.615053 seconds.

chan =

    62

Elapsed time is 277.607837 seconds.

chan =

    63

Elapsed time is 278.571420 seconds.

chan =

    64

Elapsed time is 276.608998 seconds.

chan =

    65

Elapsed time is 263.188831 seconds.

chan =

    66

Elapsed time is 275.043850 seconds.

chan =

    67

Elapsed time is 278.771651 seconds.

chan =

    68

Elapsed time is 278.252529 seconds.

chan =

    69

Elapsed time is 276.760226 seconds.

chan =

    70

Elapsed time is 242.762267 seconds.

chan =

    71

Elapsed time is 270.911912 seconds.

chan =

    72

Elapsed time is 272.299453 seconds.

chan =

    73

Elapsed time is 271.991419 seconds.

chan =

    74

Elapsed time is 272.989855 seconds.

chan =

    75

Elapsed time is 257.833749 seconds.

chan =

    76

Elapsed time is 275.155437 seconds.

chan =

    77

Elapsed time is 270.724357 seconds.

chan =

    78

Elapsed time is 271.101417 seconds.

chan =

    79

Elapsed time is 272.996896 seconds.

chan =

    80

Elapsed time is 254.127791 seconds.

chan =

    81

Elapsed time is 270.786108 seconds.

chan =

    82

Elapsed time is 272.014239 seconds.

chan =

    83

Elapsed time is 269.515927 seconds.

chan =

    84

Elapsed time is 272.500269 seconds.

chan =

    85

Elapsed time is 243.623892 seconds.

chan =

    86

Elapsed time is 262.585126 seconds.

chan =

    87

Elapsed time is 274.141105 seconds.

chan =

    88

Elapsed time is 273.255948 seconds.

chan =

    89

Elapsed time is 271.575687 seconds.

chan =

    90

Elapsed time is 257.470752 seconds.

chan =

    91

Elapsed time is 242.935570 seconds.
attempting saving
save success: /projects/p31578/dtf8829/QuestConnect/CHANDAT/chanDat_NM04_021.mat
working on TF
encoding done
encoding RT done
retrieval 1 done
retrieval 2 done
attempting saving
save success: /projects/p31578/dtf8829/QuestConnect/CHANDAT/chanDat_NM04_021.mat
working on ISPC
channel: 1 took 0 minutes
channel: 2 took 0 minutes
channel: 3 took 0 minutes
channel: 4 took 0 minutes
channel: 5 took 0 minutes
channel: 6 took 0 minutes
channel: 7 took 0 minutes
channel: 8 took 0 minutes
channel: 9 took 0 minutes
channel: 10 took 0 minutes
channel: 11 took 0 minutes
channel: 12 took 0 minutes
channel: 13 took 0 minutes
channel: 14 took 0 minutes
channel: 15 took 0 minutes
channel: 16 took 0 minutes
channel: 17 took 0 minutes
channel: 18 took 0 minutes
channel: 19 took 0 minutes
channel: 20 took 0 minutes
channel: 21 took 0 minutes
channel: 22 took 3.8 minutes
channel: 23 took 3.8 minutes
channel: 24 took 3.8 minutes
channel: 25 took 3.8 minutes
channel: 26 took 3.6 minutes
channel: 27 took 3.5 minutes
channel: 28 took 3.8 minutes
channel: 29 took 3.8 minutes
channel: 30 took 3.8 minutes
channel: 31 took 3.8 minutes
channel: 32 took 3.7 minutes
channel: 33 took 3.3 minutes
channel: 34 took 3.3 minutes
channel: 35 took 3.5 minutes
channel: 36 took 3.5 minutes
channel: 37 took 3.4 minutes
channel: 38 took 3.4 minutes
channel: 39 took 3.4 minutes
channel: 40 took 3.6 minutes
channel: 41 took 3.8 minutes
channel: 42 took 3.7 minutes
channel: 43 took 3.8 minutes
channel: 44 took 3.8 minutes
channel: 45 took 3.6 minutes
channel: 46 took 3.7 minutes
channel: 47 took 3.8 minutes
channel: 48 took 3.8 minutes
channel: 49 took 3.7 minutes
channel: 50 took 3.7 minutes
channel: 51 took 3.5 minutes
channel: 52 took 3.6 minutes
channel: 53 took 3.6 minutes
channel: 54 took 3.6 minutes
channel: 55 took 3.6 minutes
channel: 56 took 3.6 minutes
channel: 57 took 3.2 minutes
channel: 58 took 3.6 minutes
channel: 59 took 3.6 minutes
channel: 60 took 3.6 minutes
channel: 61 took 3.6 minutes
channel: 62 took 3.6 minutes
channel: 63 took 3.3 minutes
channel: 64 took 3.3 minutes
channel: 65 took 3.6 minutes
channel: 66 took 3.6 minutes
channel: 67 took 3.6 minutes
channel: 68 took 3.7 minutes
channel: 69 took 3.6 minutes
channel: 70 took 3.5 minutes
channel: 71 took 3.7 minutes
channel: 72 took 3.7 minutes
channel: 73 took 3.7 minutes
channel: 74 took 3.7 minutes
channel: 75 took 3.5 minutes
channel: 76 took 3.5 minutes
channel: 77 took 3.6 minutes
channel: 78 took 3.6 minutes
channel: 79 took 3.6 minutes
channel: 80 took 3.6 minutes
channel: 81 took 3.5 minutes
channel: 82 took 3.5 minutes
channel: 83 took 3.6 minutes
channel: 84 took 3.6 minutes
channel: 85 took 3.6 minutes
channel: 86 took 3.6 minutes
channel: 87 took 3.4 minutes
channel: 88 took 3.6 minutes
channel: 89 took 3.6 minutes
channel: 90 took 3.6 minutes
channel: 91 took 3.6 minutes
attempting saving
save success: /projects/p31578/dtf8829/QuestConnect/CHANDAT/chanDat_NM04_021.mat
Elapsed time is 223.968595 seconds.
