getting started: 2873
attempting file: 2873
going for OH27 79
data loaded: OH27 79
HFB already done

chan =

     1

Elapsed time is 291.080280 seconds.

chan =

     2

Elapsed time is 286.806286 seconds.

chan =

     3

Elapsed time is 286.592522 seconds.

chan =

     4

Elapsed time is 288.681844 seconds.

chan =

     5

Elapsed time is 291.778243 seconds.

chan =

     6

Elapsed time is 294.156971 seconds.

chan =

     7

Elapsed time is 289.132958 seconds.

chan =

     8

Elapsed time is 284.934766 seconds.

chan =

     9

Elapsed time is 286.587278 seconds.

chan =

    10

Elapsed time is 284.627837 seconds.

chan =

    11

Elapsed time is 281.492317 seconds.

chan =

    12

Elapsed time is 284.818181 seconds.

chan =

    13

Elapsed time is 282.043598 seconds.

chan =

    14

Elapsed time is 276.465677 seconds.

chan =

    15

Elapsed time is 272.002040 seconds.

chan =

    16

Elapsed time is 263.251320 seconds.

chan =

    17

Elapsed time is 259.504856 seconds.

chan =

    18

Elapsed time is 252.420746 seconds.

chan =

    19

Elapsed time is 249.119010 seconds.

chan =

    20

Elapsed time is 252.513742 seconds.

chan =

    21

Elapsed time is 254.398345 seconds.

chan =

    22

Elapsed time is 251.061498 seconds.

chan =

    23

Elapsed time is 248.919738 seconds.

chan =

    24

Elapsed time is 249.363479 seconds.

chan =

    25

Elapsed time is 253.461620 seconds.

chan =

    26

Elapsed time is 252.781341 seconds.

chan =

    27

Elapsed time is 260.664247 seconds.

chan =

    28

Elapsed time is 270.561291 seconds.

chan =

    29

Elapsed time is 247.432349 seconds.

chan =

    30

Elapsed time is 256.036628 seconds.

chan =

    31

Elapsed time is 259.895974 seconds.

chan =

    32

Elapsed time is 258.081831 seconds.

chan =

    33

Elapsed time is 260.011411 seconds.

chan =

    34

Elapsed time is 252.844373 seconds.

chan =

    35

Elapsed time is 254.953324 seconds.

chan =

    36

Elapsed time is 261.253639 seconds.

chan =

    37

Elapsed time is 261.112289 seconds.

chan =

    38

Elapsed time is 260.293877 seconds.

chan =

    39

Elapsed time is 257.847386 seconds.

chan =

    40

Elapsed time is 259.694184 seconds.

chan =

    41

Elapsed time is 261.925999 seconds.

chan =

    42

Elapsed time is 258.273656 seconds.

chan =

    43

Elapsed time is 255.577330 seconds.

chan =

    44

Elapsed time is 250.622489 seconds.

chan =

    45

Elapsed time is 252.601801 seconds.

chan =

    46

Elapsed time is 250.618507 seconds.

chan =

    47

Elapsed time is 248.389116 seconds.

chan =

    48

Elapsed time is 245.331915 seconds.

chan =

    49

Elapsed time is 228.763005 seconds.

chan =

    50

Elapsed time is 287.815729 seconds.

chan =

    51

Elapsed time is 309.208087 seconds.

chan =

    52

Elapsed time is 358.836475 seconds.

chan =

    53

Elapsed time is 393.555917 seconds.

chan =

    54

Elapsed time is 377.282586 seconds.

chan =

    55

Elapsed time is 364.665801 seconds.

chan =

    56

Elapsed time is 395.392296 seconds.

chan =

    57

Elapsed time is 397.153372 seconds.

chan =

    58

Elapsed time is 386.558520 seconds.

chan =

    59

Elapsed time is 379.287068 seconds.

chan =

    60

Elapsed time is 332.033414 seconds.

chan =

    61

Elapsed time is 388.104928 seconds.

chan =

    62

Elapsed time is 383.029777 seconds.

chan =

    63

Elapsed time is 388.697564 seconds.

chan =

    64

Elapsed time is 387.000921 seconds.

chan =

    65

Elapsed time is 387.077472 seconds.

chan =

    66

Elapsed time is 387.104946 seconds.

chan =

    67

Elapsed time is 384.903488 seconds.

chan =

    68

Elapsed time is 376.629940 seconds.

chan =

    69

Elapsed time is 349.252849 seconds.

chan =

    70

Elapsed time is 362.546774 seconds.

chan =

    71

Elapsed time is 365.740509 seconds.

chan =

    72

Elapsed time is 366.741039 seconds.

chan =

    73

Elapsed time is 352.325335 seconds.

chan =

    74

Elapsed time is 364.093086 seconds.

chan =

    75

Elapsed time is 365.204338 seconds.

chan =

    76

Elapsed time is 365.268573 seconds.

chan =

    77

Elapsed time is 362.778813 seconds.

chan =

    78

Elapsed time is 352.793326 seconds.

chan =

    79

Elapsed time is 366.067401 seconds.

chan =

    80

Elapsed time is 363.213296 seconds.

chan =

    81

Elapsed time is 367.855066 seconds.

chan =

    82

Elapsed time is 355.953782 seconds.

chan =

    83

Elapsed time is 368.755791 seconds.

chan =

    84

Elapsed time is 364.687547 seconds.

chan =

    85

Elapsed time is 363.702794 seconds.

chan =

    86

Elapsed time is 362.905276 seconds.

chan =

    87

Elapsed time is 345.780608 seconds.

chan =

    88

Elapsed time is 360.749230 seconds.

chan =

    89

Elapsed time is 358.350803 seconds.

chan =

    90

Elapsed time is 366.086062 seconds.

chan =

    91

Elapsed time is 348.721271 seconds.

chan =

    92

Elapsed time is 363.388373 seconds.

chan =

    93

Elapsed time is 365.909355 seconds.

chan =

    94

Elapsed time is 362.104156 seconds.

chan =

    95

Elapsed time is 363.142839 seconds.

chan =

    96

Elapsed time is 345.541624 seconds.

chan =

    97

Elapsed time is 364.363664 seconds.

chan =

    98

Elapsed time is 361.410830 seconds.

chan =

    99

Elapsed time is 358.911929 seconds.

chan =

   100

Elapsed time is 349.951430 seconds.

chan =

   101

Elapsed time is 363.169720 seconds.

chan =

   102

Elapsed time is 367.005214 seconds.

chan =

   103

Elapsed time is 363.652812 seconds.

chan =

   104

Elapsed time is 365.780721 seconds.

chan =

   105

Elapsed time is 341.508190 seconds.

chan =

   106

Elapsed time is 365.758676 seconds.

