getting started: 2831
attempting file: 2831
going for OH27 37
data loaded: OH27 37
HFB already done

chan =

     1

Elapsed time is 268.683422 seconds.

chan =

     2

Elapsed time is 266.583466 seconds.

chan =

     3

Elapsed time is 265.307567 seconds.

chan =

     4

Elapsed time is 262.080213 seconds.

chan =

     5

Elapsed time is 267.827847 seconds.

chan =

     6

Elapsed time is 269.168471 seconds.

chan =

     7

Elapsed time is 270.885879 seconds.

chan =

     8

Elapsed time is 270.844432 seconds.

chan =

     9

Elapsed time is 268.960822 seconds.

chan =

    10

Elapsed time is 271.757952 seconds.

chan =

    11

Elapsed time is 272.264258 seconds.

chan =

    12

Elapsed time is 272.816381 seconds.

chan =

    13

Elapsed time is 270.378676 seconds.

chan =

    14

Elapsed time is 263.441349 seconds.

chan =

    15

Elapsed time is 271.572327 seconds.

chan =

    16

Elapsed time is 271.512192 seconds.

chan =

    17

Elapsed time is 269.670646 seconds.

chan =

    18

Elapsed time is 270.409407 seconds.

chan =

    19

Elapsed time is 266.387158 seconds.

chan =

    20

Elapsed time is 267.705167 seconds.

chan =

    21

Elapsed time is 270.328851 seconds.

chan =

    22

Elapsed time is 269.885401 seconds.

chan =

    23

Elapsed time is 270.658607 seconds.

chan =

    24

Elapsed time is 265.519473 seconds.

chan =

    25

Elapsed time is 270.570026 seconds.

chan =

    26

Elapsed time is 267.355127 seconds.

chan =

    27

Elapsed time is 272.037773 seconds.

chan =

    28

Elapsed time is 272.643218 seconds.

chan =

    29

Elapsed time is 265.758688 seconds.

chan =

    30

Elapsed time is 267.734839 seconds.

chan =

    31

Elapsed time is 264.759995 seconds.

chan =

    32

Elapsed time is 262.132625 seconds.

chan =

    33

Elapsed time is 261.009708 seconds.

chan =

    34

Elapsed time is 260.583167 seconds.

chan =

    35

Elapsed time is 272.533422 seconds.

chan =

    36

Elapsed time is 272.030741 seconds.

chan =

    37

Elapsed time is 255.803295 seconds.

chan =

    38

Elapsed time is 270.488150 seconds.

chan =

    39

Elapsed time is 270.409653 seconds.

chan =

    40

Elapsed time is 268.332091 seconds.

chan =

    41

Elapsed time is 269.554096 seconds.

chan =

    42

Elapsed time is 267.212245 seconds.

chan =

    43

Elapsed time is 259.396590 seconds.

chan =

    44

Elapsed time is 267.655544 seconds.

chan =

    45

Elapsed time is 272.869876 seconds.

chan =

    46

Elapsed time is 257.035539 seconds.

chan =

    47

Elapsed time is 271.188418 seconds.

chan =

    48

Elapsed time is 268.099308 seconds.

chan =

    49

Elapsed time is 261.225255 seconds.

chan =

    50

Elapsed time is 265.588274 seconds.

chan =

    51

Elapsed time is 255.028539 seconds.

chan =

    52

Elapsed time is 255.926625 seconds.

chan =

    53

Elapsed time is 249.587027 seconds.

chan =

    54

Elapsed time is 250.093997 seconds.

chan =

    55

Elapsed time is 256.398387 seconds.

chan =

    56

Elapsed time is 256.030525 seconds.

chan =

    57

Elapsed time is 255.381866 seconds.

chan =

    58

Elapsed time is 254.437651 seconds.

chan =

    59

Elapsed time is 258.938620 seconds.

chan =

    60

Elapsed time is 267.641028 seconds.

chan =

    61

Elapsed time is 268.722205 seconds.

chan =

    62

Elapsed time is 269.951661 seconds.

chan =

    63

Elapsed time is 267.392930 seconds.

chan =

    64

Elapsed time is 264.379868 seconds.

chan =

    65

Elapsed time is 249.855507 seconds.

chan =

    66

Elapsed time is 250.355775 seconds.

chan =

    67

Elapsed time is 237.618599 seconds.

chan =

    68

Elapsed time is 236.918003 seconds.

chan =

    69

Elapsed time is 252.989907 seconds.

chan =

    70

Elapsed time is 253.021129 seconds.

chan =

    71

Elapsed time is 248.189086 seconds.

chan =

    72

Elapsed time is 254.915196 seconds.

chan =

    73

Elapsed time is 252.074045 seconds.

chan =

    74

Elapsed time is 243.468879 seconds.

chan =

    75

Elapsed time is 252.886808 seconds.

chan =

    76

Elapsed time is 242.089597 seconds.

chan =

    77

Elapsed time is 244.426018 seconds.

chan =

    78

Elapsed time is 256.382741 seconds.

chan =

    79

Elapsed time is 237.677594 seconds.

chan =

    80

Elapsed time is 249.451612 seconds.

chan =

    81

Elapsed time is 253.458259 seconds.

chan =

    82

Elapsed time is 244.599627 seconds.

chan =

    83

Elapsed time is 253.672916 seconds.

chan =

    84

Elapsed time is 254.265959 seconds.

chan =

    85

Elapsed time is 239.679956 seconds.

chan =

    86

Elapsed time is 254.718828 seconds.

chan =

    87

Elapsed time is 244.226893 seconds.

chan =

    88

Elapsed time is 243.668306 seconds.

chan =

    89

Elapsed time is 251.437054 seconds.

chan =

    90

Elapsed time is 243.209338 seconds.

chan =

    91

Elapsed time is 252.326913 seconds.

chan =

    92

Elapsed time is 251.519231 seconds.

chan =

    93

Elapsed time is 247.567507 seconds.

chan =

    94

Elapsed time is 251.273782 seconds.

chan =

    95

Elapsed time is 245.299106 seconds.

chan =

    96

Elapsed time is 250.987959 seconds.

chan =

    97

Elapsed time is 251.805972 seconds.

chan =

    98

Elapsed time is 235.832880 seconds.

chan =

    99

Elapsed time is 246.209216 seconds.

chan =

   100

Elapsed time is 242.656296 seconds.

chan =

   101

Elapsed time is 253.258192 seconds.

chan =

   102

Elapsed time is 255.133248 seconds.

chan =

   103

Elapsed time is 250.552221 seconds.

chan =

   104

Elapsed time is 244.222649 seconds.

chan =

   105

Elapsed time is 248.717955 seconds.

chan =

   106

Elapsed time is 252.930289 seconds.

