getting started: 2689
attempting file: 2689
going for NM04 52
data loaded: NM04 52
HFB already done

chan =

     1

Elapsed time is 265.046323 seconds.

chan =

     2

Elapsed time is 262.258700 seconds.

chan =

     3

Elapsed time is 261.376396 seconds.

chan =

     4

Elapsed time is 261.479658 seconds.

chan =

     5

Elapsed time is 259.998736 seconds.

chan =

     6

Elapsed time is 262.197219 seconds.

chan =

     7

Elapsed time is 262.107274 seconds.

chan =

     8

Elapsed time is 261.955592 seconds.

chan =

     9

Elapsed time is 261.274171 seconds.

chan =

    10

Elapsed time is 261.020615 seconds.

chan =

    11

Elapsed time is 259.138007 seconds.

chan =

    12

Elapsed time is 255.169725 seconds.

chan =

    13

Elapsed time is 252.067887 seconds.

chan =

    14

Elapsed time is 254.428488 seconds.

chan =

    15

Elapsed time is 254.468564 seconds.

chan =

    16

Elapsed time is 250.430017 seconds.

chan =

    17

Elapsed time is 254.050087 seconds.

chan =

    18

Elapsed time is 246.647275 seconds.

chan =

    19

Elapsed time is 253.833244 seconds.

chan =

    20

Elapsed time is 253.530230 seconds.

chan =

    21

Elapsed time is 249.895751 seconds.

chan =

    22

Elapsed time is 255.026821 seconds.

chan =

    23

Elapsed time is 249.463105 seconds.

chan =

    24

Elapsed time is 254.039748 seconds.

chan =

    25

Elapsed time is 253.246592 seconds.

chan =

    26

Elapsed time is 252.966290 seconds.

chan =

    27

Elapsed time is 252.663919 seconds.

chan =

    28

Elapsed time is 252.937675 seconds.

chan =

    29

Elapsed time is 253.914076 seconds.

chan =

    30

Elapsed time is 251.825440 seconds.

chan =

    31

Elapsed time is 251.011996 seconds.

chan =

    32

Elapsed time is 251.369920 seconds.

chan =

    33

Elapsed time is 244.160268 seconds.

chan =

    34

Elapsed time is 248.152250 seconds.

chan =

    35

Elapsed time is 254.945957 seconds.

chan =

    36

Elapsed time is 248.042405 seconds.

chan =

    37

Elapsed time is 252.968337 seconds.

chan =

    38

Elapsed time is 251.936745 seconds.

chan =

    39

Elapsed time is 241.060970 seconds.

chan =

    40

Elapsed time is 252.270714 seconds.

chan =

    41

Elapsed time is 248.159636 seconds.

chan =

    42

Elapsed time is 251.273758 seconds.

chan =

    43

Elapsed time is 251.639120 seconds.

chan =

    44

Elapsed time is 246.772113 seconds.

chan =

    45

Elapsed time is 250.196008 seconds.

chan =

    46

Elapsed time is 249.075306 seconds.

chan =

    47

Elapsed time is 250.640915 seconds.

chan =

    48

Elapsed time is 251.340729 seconds.

chan =

    49

Elapsed time is 247.198788 seconds.

chan =

    50

Elapsed time is 250.576512 seconds.

chan =

    51

Elapsed time is 250.103943 seconds.

chan =

    52

Elapsed time is 250.797943 seconds.

chan =

    53

Elapsed time is 250.700679 seconds.

chan =

    54

Elapsed time is 246.504510 seconds.

chan =

    55

Elapsed time is 248.967197 seconds.

chan =

    56

Elapsed time is 251.521604 seconds.

chan =

    57

Elapsed time is 250.706656 seconds.

chan =

    58

Elapsed time is 251.023355 seconds.

chan =

    59

Elapsed time is 247.753696 seconds.

chan =

    60

Elapsed time is 249.140595 seconds.

chan =

    61

Elapsed time is 249.942920 seconds.

chan =

    62

Elapsed time is 251.576452 seconds.

chan =

    63

Elapsed time is 250.398880 seconds.

chan =

    64

Elapsed time is 246.141707 seconds.

chan =

    65

Elapsed time is 246.398326 seconds.

chan =

    66

Elapsed time is 248.687078 seconds.

chan =

    67

Elapsed time is 250.883076 seconds.

chan =

    68

Elapsed time is 250.972354 seconds.

chan =

    69

Elapsed time is 243.495091 seconds.

chan =

    70

Elapsed time is 248.321400 seconds.

chan =

    71

Elapsed time is 248.836567 seconds.

chan =

    72

Elapsed time is 250.711131 seconds.

chan =

    73

Elapsed time is 249.487144 seconds.

chan =

    74

Elapsed time is 245.704394 seconds.

chan =

    75

Elapsed time is 248.579376 seconds.

chan =

    76

Elapsed time is 248.359343 seconds.

chan =

    77

Elapsed time is 250.273728 seconds.

chan =

    78

Elapsed time is 250.885196 seconds.

chan =

    79

Elapsed time is 247.445907 seconds.

chan =

    80

Elapsed time is 248.395797 seconds.

chan =

    81

Elapsed time is 246.244585 seconds.

chan =

    82

Elapsed time is 250.178538 seconds.

chan =

    83

Elapsed time is 250.607251 seconds.

chan =

    84

Elapsed time is 249.492529 seconds.

chan =

    85

Elapsed time is 246.448094 seconds.

chan =

    86

Elapsed time is 248.612023 seconds.

chan =

    87

Elapsed time is 250.559137 seconds.

chan =

    88

Elapsed time is 252.127675 seconds.

chan =

    89

Elapsed time is 252.098069 seconds.

chan =

    90

Elapsed time is 245.054004 seconds.

chan =

    91

Elapsed time is 247.224414 seconds.
attempting saving
save success: /projects/p31578/dtf8829/QuestConnect/CHANDAT/chanDat_NM04_052.mat
working on TF
encoding done
encoding RT done
retrieval 1 done
retrieval 2 done
attempting saving
save success: /projects/p31578/dtf8829/QuestConnect/CHANDAT/chanDat_NM04_052.mat
working on ISPC
channel: 1 took 0 minutes
channel: 2 took 0 minutes
channel: 3 took 0 minutes
channel: 4 took 0 minutes
channel: 5 took 0 minutes
channel: 6 took 0 minutes
channel: 7 took 0 minutes
channel: 8 took 0 minutes
channel: 9 took 0 minutes
channel: 10 took 0 minutes
channel: 11 took 0 minutes
channel: 12 took 0 minutes
channel: 13 took 0 minutes
channel: 14 took 0 minutes
channel: 15 took 0 minutes
channel: 16 took 0 minutes
channel: 17 took 0 minutes
channel: 18 took 0 minutes
channel: 19 took 0 minutes
channel: 20 took 0 minutes
channel: 21 took 0 minutes
channel: 22 took 0 minutes
channel: 23 took 0 minutes
channel: 24 took 0 minutes
channel: 25 took 0 minutes
channel: 26 took 0 minutes
channel: 27 took 0 minutes
channel: 28 took 0 minutes
channel: 29 took 0 minutes
channel: 30 took 0 minutes
channel: 31 took 0 minutes
channel: 32 took 0 minutes
channel: 33 took 0 minutes
channel: 34 took 0 minutes
channel: 35 took 0 minutes
channel: 36 took 0 minutes
channel: 37 took 0 minutes
channel: 38 took 0 minutes
channel: 39 took 0 minutes
channel: 40 took 0 minutes
channel: 41 took 0 minutes
channel: 42 took 0 minutes
channel: 43 took 0 minutes
channel: 44 took 0 minutes
channel: 45 took 0 minutes
channel: 46 took 0 minutes
channel: 47 took 0 minutes
channel: 48 took 0 minutes
channel: 49 took 0 minutes
channel: 50 took 0 minutes
channel: 51 took 0 minutes
channel: 52 took 0 minutes
channel: 53 took 3.9 minutes
channel: 54 took 3.9 minutes
channel: 55 took 3.9 minutes
channel: 56 took 3.9 minutes
channel: 57 took 3.9 minutes
channel: 58 took 3.9 minutes
channel: 59 took 3.9 minutes
channel: 60 took 3.9 minutes
channel: 61 took 3.8 minutes
channel: 62 took 3.9 minutes
channel: 63 took 3.9 minutes
channel: 64 took 3.9 minutes
channel: 65 took 3.9 minutes
channel: 66 took 3.9 minutes
channel: 67 took 3.9 minutes
channel: 68 took 3.9 minutes
channel: 69 took 3.9 minutes
channel: 70 took 3.9 minutes
channel: 71 took 3.9 minutes
channel: 72 took 3.9 minutes
channel: 73 took 3.9 minutes
channel: 74 took 3.9 minutes
channel: 75 took 3.9 minutes
channel: 76 took 3.9 minutes
channel: 77 took 3.9 minutes
channel: 78 took 3.9 minutes
channel: 79 took 3.9 minutes
channel: 80 took 3.9 minutes
channel: 81 took 3.9 minutes
channel: 82 took 3.8 minutes
channel: 83 took 3.9 minutes
channel: 84 took 3.9 minutes
channel: 85 took 3.9 minutes
channel: 86 took 3.9 minutes
channel: 87 took 3.9 minutes
channel: 88 took 3.8 minutes
channel: 89 took 3.9 minutes
channel: 90 took 3.9 minutes
channel: 91 took 3.9 minutes
attempting saving
save success: /projects/p31578/dtf8829/QuestConnect/CHANDAT/chanDat_NM04_052.mat
Elapsed time is 241.344219 seconds.
