getting started: 2886
attempting file: 2886
going for OH27 92
data loaded: OH27 92
HFB already done

chan =

     1

Elapsed time is 267.227952 seconds.

chan =

     2

Elapsed time is 258.971893 seconds.

chan =

     3

Elapsed time is 264.569823 seconds.

chan =

     4

Elapsed time is 263.863651 seconds.

chan =

     5

Elapsed time is 264.894253 seconds.

chan =

     6

Elapsed time is 266.266115 seconds.

chan =

     7

Elapsed time is 267.676697 seconds.

chan =

     8

Elapsed time is 260.322806 seconds.

chan =

     9

Elapsed time is 263.459656 seconds.

chan =

    10

Elapsed time is 260.372406 seconds.

chan =

    11

Elapsed time is 255.298320 seconds.

chan =

    12

Elapsed time is 258.815274 seconds.

chan =

    13

Elapsed time is 259.302469 seconds.

chan =

    14

Elapsed time is 261.704599 seconds.

chan =

    15

Elapsed time is 260.593640 seconds.

chan =

    16

Elapsed time is 254.955379 seconds.

chan =

    17

Elapsed time is 258.387306 seconds.

chan =

    18

Elapsed time is 265.575393 seconds.

chan =

    19

Elapsed time is 254.707744 seconds.

chan =

    20

Elapsed time is 259.064268 seconds.

chan =

    21

Elapsed time is 260.604808 seconds.

chan =

    22

Elapsed time is 261.292961 seconds.

chan =

    23

Elapsed time is 256.889669 seconds.

chan =

    24

Elapsed time is 259.927476 seconds.

chan =

    25

Elapsed time is 256.378108 seconds.

chan =

    26

Elapsed time is 257.908152 seconds.

chan =

    27

Elapsed time is 259.688189 seconds.

chan =

    28

Elapsed time is 256.771456 seconds.

chan =

    29

Elapsed time is 251.146845 seconds.

chan =

    30

Elapsed time is 275.602991 seconds.

chan =

    31

Elapsed time is 268.141396 seconds.

chan =

    32

Elapsed time is 263.700599 seconds.

chan =

    33

Elapsed time is 267.366609 seconds.

chan =

    34

Elapsed time is 278.334966 seconds.

chan =

    35

Elapsed time is 277.052657 seconds.

chan =

    36

Elapsed time is 281.326612 seconds.

chan =

    37

Elapsed time is 267.884375 seconds.

chan =

    38

Elapsed time is 275.211050 seconds.

chan =

    39

Elapsed time is 247.791684 seconds.

chan =

    40

Elapsed time is 256.743251 seconds.

chan =

    41

Elapsed time is 267.989012 seconds.

chan =

    42

Elapsed time is 269.959026 seconds.

chan =

    43

Elapsed time is 280.541732 seconds.

chan =

    44

Elapsed time is 268.673600 seconds.

chan =

    45

Elapsed time is 262.205696 seconds.

chan =

    46

Elapsed time is 269.077851 seconds.

chan =

    47

Elapsed time is 258.729093 seconds.

chan =

    48

Elapsed time is 260.453055 seconds.

chan =

    49

Elapsed time is 252.305253 seconds.

chan =

    50

Elapsed time is 244.927284 seconds.

chan =

    51

Elapsed time is 246.002745 seconds.

chan =

    52

Elapsed time is 236.933607 seconds.

chan =

    53

Elapsed time is 236.419340 seconds.

chan =

    54

Elapsed time is 237.785726 seconds.

chan =

    55

Elapsed time is 236.083499 seconds.

chan =

    56

Elapsed time is 235.256212 seconds.

chan =

    57

Elapsed time is 230.529380 seconds.

chan =

    58

Elapsed time is 231.757907 seconds.

chan =

    59

Elapsed time is 233.331292 seconds.

chan =

    60

Elapsed time is 237.814839 seconds.

chan =

    61

Elapsed time is 242.287748 seconds.

chan =

    62

Elapsed time is 235.128919 seconds.

chan =

    63

Elapsed time is 230.120123 seconds.

chan =

    64

Elapsed time is 234.162228 seconds.

chan =

    65

Elapsed time is 235.316270 seconds.

chan =

    66

Elapsed time is 235.155825 seconds.

chan =

    67

Elapsed time is 237.192449 seconds.

chan =

    68

Elapsed time is 235.875240 seconds.

chan =

    69

Elapsed time is 236.868484 seconds.

chan =

    70

Elapsed time is 233.659735 seconds.

chan =

    71

Elapsed time is 240.495417 seconds.

chan =

    72

Elapsed time is 237.664612 seconds.

chan =

    73

Elapsed time is 237.867196 seconds.

chan =

    74

Elapsed time is 231.390296 seconds.

chan =

    75

Elapsed time is 223.714600 seconds.

chan =

    76

Elapsed time is 225.542653 seconds.

chan =

    77

Elapsed time is 229.828335 seconds.

chan =

    78

Elapsed time is 227.602464 seconds.

chan =

    79

Elapsed time is 233.526499 seconds.

chan =

    80

Elapsed time is 230.457890 seconds.

chan =

    81

Elapsed time is 227.827961 seconds.

chan =

    82

Elapsed time is 225.854044 seconds.

chan =

    83

Elapsed time is 229.241294 seconds.

chan =

    84

Elapsed time is 228.388044 seconds.

chan =

    85

Elapsed time is 228.686063 seconds.

chan =

    86

Elapsed time is 226.311221 seconds.

chan =

    87

Elapsed time is 226.838212 seconds.

chan =

    88

Elapsed time is 226.918175 seconds.

chan =

    89

Elapsed time is 228.374620 seconds.

chan =

    90

Elapsed time is 229.325256 seconds.

chan =

    91

Elapsed time is 233.095540 seconds.

chan =

    92

Elapsed time is 229.554039 seconds.

chan =

    93

Elapsed time is 233.405136 seconds.

chan =

    94

Elapsed time is 228.677800 seconds.

chan =

    95

Elapsed time is 224.468237 seconds.

chan =

    96

Elapsed time is 225.494765 seconds.

chan =

    97

Elapsed time is 230.027467 seconds.

chan =

    98

Elapsed time is 229.383596 seconds.

chan =

    99

Elapsed time is 221.732037 seconds.

chan =

   100

Elapsed time is 233.768946 seconds.

chan =

   101

Elapsed time is 230.465844 seconds.

chan =

   102

Elapsed time is 230.429447 seconds.

chan =

   103

Elapsed time is 230.824171 seconds.

chan =

   104

Elapsed time is 222.168162 seconds.

chan =

   105

Elapsed time is 220.255033 seconds.

chan =

   106

Elapsed time is 215.660097 seconds.

