getting started: 2663
attempting file: 2663
going for NM04 26
data loaded: NM04 26
HFB already done

chan =

     1

Elapsed time is 248.339465 seconds.

chan =

     2

Elapsed time is 245.711233 seconds.

chan =

     3

Elapsed time is 249.901337 seconds.

chan =

     4

Elapsed time is 247.018435 seconds.

chan =

     5

Elapsed time is 249.417305 seconds.

chan =

     6

Elapsed time is 251.389769 seconds.

chan =

     7

Elapsed time is 238.705834 seconds.

chan =

     8

Elapsed time is 248.373438 seconds.

chan =

     9

Elapsed time is 251.661797 seconds.

chan =

    10

Elapsed time is 258.305515 seconds.

chan =

    11

Elapsed time is 257.998194 seconds.

chan =

    12

Elapsed time is 259.371001 seconds.

chan =

    13

Elapsed time is 255.537045 seconds.

chan =

    14

Elapsed time is 254.807431 seconds.

chan =

    15

Elapsed time is 251.996556 seconds.

chan =

    16

Elapsed time is 256.516476 seconds.

chan =

    17

Elapsed time is 256.957329 seconds.

chan =

    18

Elapsed time is 255.669127 seconds.

chan =

    19

Elapsed time is 252.724768 seconds.

chan =

    20

Elapsed time is 251.202570 seconds.

chan =

    21

Elapsed time is 250.572620 seconds.

chan =

    22

Elapsed time is 255.450299 seconds.

chan =

    23

Elapsed time is 257.201986 seconds.

chan =

    24

Elapsed time is 254.464393 seconds.

chan =

    25

Elapsed time is 252.593756 seconds.

chan =

    26

Elapsed time is 249.760479 seconds.

chan =

    27

Elapsed time is 252.644587 seconds.

chan =

    28

Elapsed time is 257.886991 seconds.

chan =

    29

Elapsed time is 259.033904 seconds.

chan =

    30

Elapsed time is 254.303229 seconds.

chan =

    31

Elapsed time is 252.631272 seconds.

chan =

    32

Elapsed time is 253.267024 seconds.

chan =

    33

Elapsed time is 258.173773 seconds.

chan =

    34

Elapsed time is 257.310848 seconds.

chan =

    35

Elapsed time is 253.706436 seconds.

chan =

    36

Elapsed time is 254.922247 seconds.

chan =

    37

Elapsed time is 253.725617 seconds.

chan =

    38

Elapsed time is 259.435351 seconds.

chan =

    39

Elapsed time is 251.613077 seconds.

chan =

    40

Elapsed time is 251.923302 seconds.

chan =

    41

Elapsed time is 247.728440 seconds.

chan =

    42

Elapsed time is 256.710174 seconds.

chan =

    43

Elapsed time is 255.552712 seconds.

chan =

    44

Elapsed time is 253.193053 seconds.

chan =

    45

Elapsed time is 252.779127 seconds.

chan =

    46

Elapsed time is 255.201062 seconds.

chan =

    47

Elapsed time is 249.654767 seconds.

chan =

    48

Elapsed time is 248.401933 seconds.

chan =

    49

Elapsed time is 255.417761 seconds.

chan =

    50

Elapsed time is 251.423469 seconds.

chan =

    51

Elapsed time is 250.169804 seconds.

chan =

    52

Elapsed time is 255.108417 seconds.

chan =

    53

Elapsed time is 253.658977 seconds.

chan =

    54

Elapsed time is 245.441111 seconds.

chan =

    55

Elapsed time is 253.523916 seconds.

chan =

    56

Elapsed time is 248.478630 seconds.

chan =

    57

Elapsed time is 254.179419 seconds.

chan =

    58

Elapsed time is 252.193330 seconds.

chan =

    59

Elapsed time is 247.237732 seconds.

chan =

    60

Elapsed time is 253.199333 seconds.

chan =

    61

Elapsed time is 250.752422 seconds.

chan =

    62

Elapsed time is 253.025863 seconds.

chan =

    63

Elapsed time is 254.292266 seconds.

chan =

    64

Elapsed time is 252.439847 seconds.

chan =

    65

Elapsed time is 253.584573 seconds.

chan =

    66

Elapsed time is 247.226298 seconds.

chan =

    67

Elapsed time is 255.302596 seconds.

chan =

    68

Elapsed time is 251.333428 seconds.

chan =

    69

Elapsed time is 256.819704 seconds.

chan =

    70

Elapsed time is 254.814831 seconds.

chan =

    71

Elapsed time is 255.674898 seconds.

chan =

    72

Elapsed time is 254.046154 seconds.

chan =

    73

Elapsed time is 253.800153 seconds.

chan =

    74

Elapsed time is 254.617419 seconds.

chan =

    75

Elapsed time is 254.651238 seconds.

chan =

    76

Elapsed time is 255.307135 seconds.

chan =

    77

Elapsed time is 253.564353 seconds.

chan =

    78

Elapsed time is 255.034496 seconds.

chan =

    79

Elapsed time is 256.527820 seconds.

chan =

    80

Elapsed time is 257.366868 seconds.

chan =

    81

Elapsed time is 256.208008 seconds.

chan =

    82

Elapsed time is 258.437478 seconds.

chan =

    83

Elapsed time is 255.796539 seconds.

chan =

    84

Elapsed time is 253.330460 seconds.

chan =

    85

Elapsed time is 255.419835 seconds.

chan =

    86

Elapsed time is 254.262773 seconds.

chan =

    87

Elapsed time is 255.798324 seconds.

chan =

    88

Elapsed time is 254.495969 seconds.

chan =

    89

Elapsed time is 257.055349 seconds.

chan =

    90

Elapsed time is 254.978831 seconds.

chan =

    91

Elapsed time is 253.965324 seconds.
attempting saving
save success: /projects/p31578/dtf8829/QuestConnect/CHANDAT/chanDat_NM04_026.mat
working on TF
encoding done
encoding RT done
retrieval 1 done
retrieval 2 done
attempting saving
save success: /projects/p31578/dtf8829/QuestConnect/CHANDAT/chanDat_NM04_026.mat
working on ISPC
channel: 1 took 0 minutes
channel: 2 took 0 minutes
channel: 3 took 0 minutes
channel: 4 took 0 minutes
channel: 5 took 0 minutes
channel: 6 took 0 minutes
channel: 7 took 0 minutes
channel: 8 took 0 minutes
channel: 9 took 0 minutes
channel: 10 took 0 minutes
channel: 11 took 0 minutes
channel: 12 took 0 minutes
channel: 13 took 0 minutes
channel: 14 took 0 minutes
channel: 15 took 0 minutes
channel: 16 took 0 minutes
channel: 17 took 0 minutes
channel: 18 took 0 minutes
channel: 19 took 0 minutes
channel: 20 took 0 minutes
channel: 21 took 0 minutes
channel: 22 took 0 minutes
channel: 23 took 0 minutes
channel: 24 took 0 minutes
channel: 25 took 0 minutes
channel: 26 took 0 minutes
channel: 27 took 3.8 minutes
channel: 28 took 3.8 minutes
channel: 29 took 3.8 minutes
channel: 30 took 3.8 minutes
channel: 31 took 3.7 minutes
channel: 32 took 3.8 minutes
channel: 33 took 3.8 minutes
channel: 34 took 3.8 minutes
channel: 35 took 3.9 minutes
channel: 36 took 3.9 minutes
channel: 37 took 3.8 minutes
channel: 38 took 3.8 minutes
channel: 39 took 3.7 minutes
channel: 40 took 3.7 minutes
channel: 41 took 3.7 minutes
channel: 42 took 3.8 minutes
channel: 43 took 3.8 minutes
channel: 44 took 3.8 minutes
channel: 45 took 3.8 minutes
channel: 46 took 3.9 minutes
channel: 47 took 3.8 minutes
channel: 48 took 3.8 minutes
channel: 49 took 3.8 minutes
channel: 50 took 3.8 minutes
channel: 51 took 3.8 minutes
channel: 52 took 3.8 minutes
channel: 53 took 3.8 minutes
channel: 54 took 3.9 minutes
channel: 55 took 3.8 minutes
channel: 56 took 3.8 minutes
channel: 57 took 3.8 minutes
channel: 58 took 3.8 minutes
channel: 59 took 3.8 minutes
channel: 60 took 3.8 minutes
channel: 61 took 3.7 minutes
channel: 62 took 3.7 minutes
channel: 63 took 3.7 minutes
channel: 64 took 3.8 minutes
channel: 65 took 3.8 minutes
channel: 66 took 3.8 minutes
channel: 67 took 3.7 minutes
channel: 68 took 3.7 minutes
channel: 69 took 3.7 minutes
channel: 70 took 3.6 minutes
channel: 71 took 3.6 minutes
channel: 72 took 3.6 minutes
channel: 73 took 3.7 minutes
channel: 74 took 3.7 minutes
channel: 75 took 3.7 minutes
channel: 76 took 3.7 minutes
channel: 77 took 3.7 minutes
channel: 78 took 3.7 minutes
channel: 79 took 3.6 minutes
channel: 80 took 3.6 minutes
channel: 81 took 3.6 minutes
channel: 82 took 3.6 minutes
channel: 83 took 3.7 minutes
channel: 84 took 3.7 minutes
channel: 85 took 3.7 minutes
channel: 86 took 3.7 minutes
channel: 87 took 3.7 minutes
channel: 88 took 3.6 minutes
channel: 89 took 3.6 minutes
channel: 90 took 3.6 minutes
channel: 91 took 3.7 minutes
attempting saving
save success: /projects/p31578/dtf8829/QuestConnect/CHANDAT/chanDat_NM04_026.mat
Elapsed time is 226.437124 seconds.
