getting started: 2892
attempting file: 2892
going for OH27 98
data loaded: OH27 98
HFB already done

chan =

     1

Elapsed time is 264.923856 seconds.

chan =

     2

Elapsed time is 258.411408 seconds.

chan =

     3

Elapsed time is 260.424939 seconds.

chan =

     4

Elapsed time is 259.787989 seconds.

chan =

     5

Elapsed time is 261.840463 seconds.

chan =

     6

Elapsed time is 263.687995 seconds.

chan =

     7

Elapsed time is 263.619359 seconds.

chan =

     8

Elapsed time is 257.946780 seconds.

chan =

     9

Elapsed time is 260.021299 seconds.

chan =

    10

Elapsed time is 261.480553 seconds.

chan =

    11

Elapsed time is 254.372208 seconds.

chan =

    12

Elapsed time is 255.289369 seconds.

chan =

    13

Elapsed time is 252.642076 seconds.

chan =

    14

Elapsed time is 261.236788 seconds.

chan =

    15

Elapsed time is 256.271060 seconds.

chan =

    16

Elapsed time is 254.189075 seconds.

chan =

    17

Elapsed time is 249.787862 seconds.

chan =

    18

Elapsed time is 265.630001 seconds.

chan =

    19

Elapsed time is 252.687052 seconds.

chan =

    20

Elapsed time is 254.033139 seconds.

chan =

    21

Elapsed time is 255.902400 seconds.

chan =

    22

Elapsed time is 255.302314 seconds.

chan =

    23

Elapsed time is 257.559594 seconds.

chan =

    24

Elapsed time is 257.520547 seconds.

chan =

    25

Elapsed time is 255.028553 seconds.

chan =

    26

Elapsed time is 251.444056 seconds.

chan =

    27

Elapsed time is 255.613400 seconds.

chan =

    28

Elapsed time is 256.016234 seconds.

chan =

    29

Elapsed time is 238.065873 seconds.

chan =

    30

Elapsed time is 277.974809 seconds.

chan =

    31

Elapsed time is 265.281074 seconds.

chan =

    32

Elapsed time is 265.895308 seconds.

chan =

    33

Elapsed time is 258.292429 seconds.

chan =

    34

Elapsed time is 275.181018 seconds.

chan =

    35

Elapsed time is 273.843852 seconds.

chan =

    36

Elapsed time is 278.756822 seconds.

chan =

    37

Elapsed time is 270.178290 seconds.

chan =

    38

Elapsed time is 270.637085 seconds.

chan =

    39

Elapsed time is 258.177156 seconds.

chan =

    40

Elapsed time is 240.400223 seconds.

chan =

    41

Elapsed time is 274.846498 seconds.

chan =

    42

Elapsed time is 259.198543 seconds.

chan =

    43

Elapsed time is 279.866017 seconds.

chan =

    44

Elapsed time is 280.397674 seconds.

chan =

    45

Elapsed time is 260.011455 seconds.

chan =

    46

Elapsed time is 260.442643 seconds.

chan =

    47

Elapsed time is 266.608027 seconds.

chan =

    48

Elapsed time is 257.787486 seconds.

chan =

    49

Elapsed time is 254.259983 seconds.

chan =

    50

Elapsed time is 246.952169 seconds.

chan =

    51

Elapsed time is 248.454108 seconds.

chan =

    52

Elapsed time is 239.142489 seconds.

chan =

    53

Elapsed time is 232.176926 seconds.

chan =

    54

Elapsed time is 236.066277 seconds.

chan =

    55

Elapsed time is 236.775300 seconds.

chan =

    56

Elapsed time is 235.741796 seconds.

chan =

    57

Elapsed time is 232.787254 seconds.

chan =

    58

Elapsed time is 230.829202 seconds.

chan =

    59

Elapsed time is 229.953977 seconds.

chan =

    60

Elapsed time is 238.110028 seconds.

chan =

    61

Elapsed time is 241.374468 seconds.

chan =

    62

Elapsed time is 238.529523 seconds.

chan =

    63

Elapsed time is 228.863087 seconds.

chan =

    64

Elapsed time is 233.248287 seconds.

chan =

    65

Elapsed time is 232.384927 seconds.

chan =

    66

Elapsed time is 235.803709 seconds.

chan =

    67

Elapsed time is 233.337921 seconds.

chan =

    68

Elapsed time is 235.873776 seconds.

chan =

    69

Elapsed time is 231.300890 seconds.

chan =

    70

Elapsed time is 232.379715 seconds.

chan =

    71

Elapsed time is 236.835496 seconds.

chan =

    72

Elapsed time is 239.065068 seconds.

chan =

    73

Elapsed time is 231.110528 seconds.

chan =

    74

Elapsed time is 233.519601 seconds.

chan =

    75

Elapsed time is 225.318976 seconds.

chan =

    76

Elapsed time is 226.132656 seconds.

chan =

    77

Elapsed time is 223.932762 seconds.

chan =

    78

Elapsed time is 228.187003 seconds.

chan =

    79

Elapsed time is 228.079320 seconds.

chan =

    80

Elapsed time is 233.144537 seconds.

chan =

    81

Elapsed time is 227.231681 seconds.

chan =

    82

Elapsed time is 221.269309 seconds.

chan =

    83

Elapsed time is 225.414740 seconds.

chan =

    84

Elapsed time is 231.237943 seconds.

chan =

    85

Elapsed time is 228.081304 seconds.

chan =

    86

Elapsed time is 227.861861 seconds.

chan =

    87

Elapsed time is 226.985484 seconds.

chan =

    88

Elapsed time is 225.622623 seconds.

chan =

    89

Elapsed time is 228.394475 seconds.

chan =

    90

Elapsed time is 231.544024 seconds.

chan =

    91

Elapsed time is 232.074567 seconds.

chan =

    92

Elapsed time is 231.340046 seconds.

chan =

    93

Elapsed time is 231.280834 seconds.

chan =

    94

Elapsed time is 226.659690 seconds.

chan =

    95

Elapsed time is 227.979635 seconds.

chan =

    96

Elapsed time is 220.362868 seconds.

chan =

    97

Elapsed time is 224.798297 seconds.

chan =

    98

Elapsed time is 224.890421 seconds.

chan =

    99

Elapsed time is 225.592885 seconds.

chan =

   100

Elapsed time is 222.622934 seconds.

chan =

   101

Elapsed time is 233.976994 seconds.

chan =

   102

Elapsed time is 224.436986 seconds.

chan =

   103

Elapsed time is 227.662572 seconds.

chan =

   104

Elapsed time is 227.328864 seconds.

chan =

   105

Elapsed time is 219.968350 seconds.

chan =

   106

Elapsed time is 215.219780 seconds.

