getting started: 2703
attempting file: 2703
going for NM04 66
data loaded: NM04 66
HFB already done

chan =

     1

Elapsed time is 288.881079 seconds.

chan =

     2

Elapsed time is 284.580768 seconds.

chan =

     3

Elapsed time is 284.318490 seconds.

chan =

     4

Elapsed time is 284.965032 seconds.

chan =

     5

Elapsed time is 284.319007 seconds.

chan =

     6

Elapsed time is 286.495710 seconds.

chan =

     7

Elapsed time is 286.501182 seconds.

chan =

     8

Elapsed time is 287.940227 seconds.

chan =

     9

Elapsed time is 280.013085 seconds.

chan =

    10

Elapsed time is 266.769999 seconds.

chan =

    11

Elapsed time is 258.176665 seconds.

chan =

    12

Elapsed time is 257.172471 seconds.

chan =

    13

Elapsed time is 257.085192 seconds.

chan =

    14

Elapsed time is 256.402938 seconds.

chan =

    15

Elapsed time is 256.392950 seconds.

chan =

    16

Elapsed time is 255.955372 seconds.

chan =

    17

Elapsed time is 255.285518 seconds.

chan =

    18

Elapsed time is 255.651888 seconds.

chan =

    19

Elapsed time is 255.098021 seconds.

chan =

    20

Elapsed time is 255.272123 seconds.

chan =

    21

Elapsed time is 255.245211 seconds.

chan =

    22

Elapsed time is 255.606771 seconds.

chan =

    23

Elapsed time is 251.411585 seconds.

chan =

    24

Elapsed time is 248.358518 seconds.

chan =

    25

Elapsed time is 248.102540 seconds.

chan =

    26

Elapsed time is 246.166523 seconds.

chan =

    27

Elapsed time is 240.414671 seconds.

chan =

    28

Elapsed time is 236.390035 seconds.

chan =

    29

Elapsed time is 232.434745 seconds.

chan =

    30

Elapsed time is 225.002536 seconds.

chan =

    31

Elapsed time is 220.347260 seconds.

chan =

    32

Elapsed time is 214.547053 seconds.

chan =

    33

Elapsed time is 214.888070 seconds.

chan =

    34

Elapsed time is 216.059536 seconds.

chan =

    35

Elapsed time is 216.252822 seconds.

chan =

    36

Elapsed time is 217.031141 seconds.

chan =

    37

Elapsed time is 241.547019 seconds.

chan =

    38

Elapsed time is 242.226609 seconds.

chan =

    39

Elapsed time is 242.913014 seconds.

chan =

    40

Elapsed time is 242.172615 seconds.

chan =

    41

Elapsed time is 242.258871 seconds.

chan =

    42

Elapsed time is 243.618376 seconds.

chan =

    43

Elapsed time is 224.448506 seconds.

chan =

    44

Elapsed time is 243.320736 seconds.

chan =

    45

Elapsed time is 240.331132 seconds.

chan =

    46

Elapsed time is 229.264510 seconds.

chan =

    47

Elapsed time is 234.100847 seconds.

chan =

    48

Elapsed time is 242.999251 seconds.

chan =

    49

Elapsed time is 230.950647 seconds.

chan =

    50

Elapsed time is 240.098777 seconds.

chan =

    51

Elapsed time is 237.036799 seconds.

chan =

    52

Elapsed time is 220.964716 seconds.

chan =

    53

Elapsed time is 242.786142 seconds.

chan =

    54

Elapsed time is 222.009287 seconds.

chan =

    55

Elapsed time is 218.929660 seconds.

chan =

    56

Elapsed time is 242.252197 seconds.

chan =

    57

Elapsed time is 241.697703 seconds.

chan =

    58

Elapsed time is 240.597125 seconds.

chan =

    59

Elapsed time is 240.374245 seconds.

chan =

    60

Elapsed time is 231.154836 seconds.

chan =

    61

Elapsed time is 218.461651 seconds.

chan =

    62

Elapsed time is 212.349051 seconds.

chan =

    63

Elapsed time is 211.760808 seconds.

chan =

    64

Elapsed time is 207.353748 seconds.

chan =

    65

Elapsed time is 209.965933 seconds.

chan =

    66

Elapsed time is 205.781928 seconds.

chan =

    67

Elapsed time is 207.231376 seconds.

chan =

    68

Elapsed time is 203.497400 seconds.

chan =

    69

Elapsed time is 204.456130 seconds.

chan =

    70

Elapsed time is 203.363787 seconds.

chan =

    71

Elapsed time is 203.992002 seconds.

chan =

    72

Elapsed time is 203.552515 seconds.

chan =

    73

Elapsed time is 203.613478 seconds.

chan =

    74

Elapsed time is 203.296729 seconds.

chan =

    75

Elapsed time is 204.156079 seconds.

chan =

    76

Elapsed time is 203.881992 seconds.

chan =

    77

Elapsed time is 203.423659 seconds.

chan =

    78

Elapsed time is 203.640805 seconds.

chan =

    79

Elapsed time is 204.573269 seconds.

chan =

    80

Elapsed time is 203.656238 seconds.

chan =

    81

Elapsed time is 201.703785 seconds.

chan =

    82

Elapsed time is 202.884188 seconds.

chan =

    83

Elapsed time is 202.662170 seconds.

chan =

    84

Elapsed time is 202.623003 seconds.

chan =

    85

Elapsed time is 201.761421 seconds.

chan =

    86

Elapsed time is 203.505821 seconds.

chan =

    87

Elapsed time is 201.952616 seconds.

chan =

    88

Elapsed time is 202.336003 seconds.

chan =

    89

Elapsed time is 202.527558 seconds.

chan =

    90

Elapsed time is 264.345354 seconds.

chan =

    91

Elapsed time is 279.027012 seconds.
attempting saving
save success: /projects/p31578/dtf8829/QuestConnect/CHANDAT/chanDat_NM04_066.mat
working on TF
encoding done
encoding RT done
retrieval 1 done
retrieval 2 done
attempting saving
save success: /projects/p31578/dtf8829/QuestConnect/CHANDAT/chanDat_NM04_066.mat
working on ISPC
channel: 1 took 0 minutes
channel: 2 took 0 minutes
channel: 3 took 0 minutes
channel: 4 took 0 minutes
channel: 5 took 0 minutes
channel: 6 took 0 minutes
channel: 7 took 0 minutes
channel: 8 took 0 minutes
channel: 9 took 0 minutes
channel: 10 took 0 minutes
channel: 11 took 0 minutes
channel: 12 took 0 minutes
channel: 13 took 0 minutes
channel: 14 took 0 minutes
channel: 15 took 0 minutes
channel: 16 took 0 minutes
channel: 17 took 0 minutes
channel: 18 took 0 minutes
channel: 19 took 0 minutes
channel: 20 took 0 minutes
channel: 21 took 0 minutes
channel: 22 took 0 minutes
channel: 23 took 0 minutes
channel: 24 took 0 minutes
channel: 25 took 0 minutes
channel: 26 took 0 minutes
channel: 27 took 0 minutes
channel: 28 took 0 minutes
channel: 29 took 0 minutes
channel: 30 took 0 minutes
channel: 31 took 0 minutes
channel: 32 took 0 minutes
channel: 33 took 0 minutes
channel: 34 took 0 minutes
channel: 35 took 0 minutes
channel: 36 took 0 minutes
channel: 37 took 0 minutes
channel: 38 took 0 minutes
channel: 39 took 0 minutes
channel: 40 took 0 minutes
channel: 41 took 0 minutes
channel: 42 took 0 minutes
channel: 43 took 0 minutes
channel: 44 took 0 minutes
channel: 45 took 0 minutes
channel: 46 took 0 minutes
channel: 47 took 0 minutes
channel: 48 took 0 minutes
channel: 49 took 0 minutes
channel: 50 took 0 minutes
channel: 51 took 0 minutes
channel: 52 took 0 minutes
channel: 53 took 0 minutes
channel: 54 took 0 minutes
channel: 55 took 0 minutes
channel: 56 took 0 minutes
channel: 57 took 0 minutes
channel: 58 took 0 minutes
channel: 59 took 0 minutes
channel: 60 took 0 minutes
channel: 61 took 0 minutes
channel: 62 took 0 minutes
channel: 63 took 0 minutes
channel: 64 took 0 minutes
channel: 65 took 0 minutes
channel: 66 took 0 minutes
channel: 67 took 4.1 minutes
channel: 68 took 4.1 minutes
channel: 69 took 3.8 minutes
channel: 70 took 4.1 minutes
channel: 71 took 4.1 minutes
channel: 72 took 4.1 minutes
channel: 73 took 4 minutes
channel: 74 took 4 minutes
channel: 75 took 3.9 minutes
channel: 76 took 4.1 minutes
channel: 77 took 4.1 minutes
channel: 78 took 4.1 minutes
channel: 79 took 4.1 minutes
channel: 80 took 4 minutes
channel: 81 took 4.1 minutes
channel: 82 took 4.1 minutes
channel: 83 took 4.1 minutes
channel: 84 took 4.1 minutes
channel: 85 took 3.8 minutes
channel: 86 took 4.1 minutes
channel: 87 took 4.1 minutes
channel: 88 took 3.3 minutes
channel: 89 took 3.8 minutes
channel: 90 took 3.7 minutes
channel: 91 took 3.4 minutes
attempting saving
save success: /projects/p31578/dtf8829/QuestConnect/CHANDAT/chanDat_NM04_066.mat
Elapsed time is 211.357709 seconds.
