getting started: 2946
attempting file: 2946
going for OH30 45
data loaded: OH30 45
HFB already done

chan =

     1

Elapsed time is 573.937766 seconds.

chan =

     2

Elapsed time is 573.541212 seconds.

chan =

     3

Elapsed time is 584.502511 seconds.

chan =

     4

Elapsed time is 599.930851 seconds.

chan =

     5

Elapsed time is 593.022760 seconds.

chan =

     6

Elapsed time is 590.434741 seconds.

chan =

     7

Elapsed time is 589.293647 seconds.

chan =

     8

Elapsed time is 586.431160 seconds.

chan =

     9

Elapsed time is 582.303255 seconds.

chan =

    10

Elapsed time is 578.564363 seconds.

chan =

    11

Elapsed time is 582.186881 seconds.

chan =

    12

Elapsed time is 585.801564 seconds.

chan =

    13

Elapsed time is 577.973603 seconds.

chan =

    14

Elapsed time is 563.139177 seconds.

chan =

    15

Elapsed time is 560.787752 seconds.

chan =

    16

Elapsed time is 563.593187 seconds.

chan =

    17

Elapsed time is 563.087478 seconds.

chan =

    18

Elapsed time is 563.475938 seconds.

chan =

    19

Elapsed time is 566.482673 seconds.

chan =

    20

Elapsed time is 568.257834 seconds.

chan =

    21

Elapsed time is 567.843578 seconds.

chan =

    22

Elapsed time is 565.397376 seconds.

chan =

    23

Elapsed time is 566.717210 seconds.

chan =

    24

Elapsed time is 564.156519 seconds.

chan =

    25

Elapsed time is 567.438127 seconds.

chan =

    26

Elapsed time is 566.862757 seconds.

chan =

    27

Elapsed time is 567.944995 seconds.

chan =

    28

Elapsed time is 567.513869 seconds.

chan =

    29

Elapsed time is 568.599936 seconds.

chan =

    30

Elapsed time is 567.767835 seconds.

chan =

    31

Elapsed time is 567.224251 seconds.

chan =

    32

Elapsed time is 568.150659 seconds.

chan =

    33

Elapsed time is 564.320402 seconds.

chan =

    34

Elapsed time is 566.960569 seconds.

chan =

    35

Elapsed time is 565.736070 seconds.

chan =

    36

Elapsed time is 566.619996 seconds.

chan =

    37

Elapsed time is 566.975315 seconds.

chan =

    38

Elapsed time is 566.324773 seconds.

chan =

    39

Elapsed time is 563.308522 seconds.

chan =

    40

Elapsed time is 567.097647 seconds.

chan =

    41

Elapsed time is 568.670948 seconds.

chan =

    42

Elapsed time is 566.967231 seconds.

chan =

    43

Elapsed time is 567.025331 seconds.

chan =

    44

Elapsed time is 567.022575 seconds.

chan =

    45

Elapsed time is 567.071908 seconds.

chan =

    46

Elapsed time is 571.231662 seconds.

chan =

    47

Elapsed time is 572.211656 seconds.

chan =

    48

Elapsed time is 568.469484 seconds.

chan =

    49

Elapsed time is 576.601203 seconds.

chan =

    50

Elapsed time is 572.891841 seconds.

chan =

    51

Elapsed time is 572.640458 seconds.

chan =

    52

Elapsed time is 571.928313 seconds.

chan =

    53

Elapsed time is 571.846268 seconds.

chan =

    54

Elapsed time is 570.690044 seconds.

chan =

    55

Elapsed time is 569.584982 seconds.

chan =

    56

Elapsed time is 568.372548 seconds.

chan =

    57

Elapsed time is 571.275836 seconds.

chan =

    58

Elapsed time is 569.981838 seconds.

chan =

    59

Elapsed time is 571.362112 seconds.

chan =

    60

Elapsed time is 569.243075 seconds.

chan =

    61

Elapsed time is 564.673275 seconds.

chan =

    62

Elapsed time is 556.579117 seconds.

chan =

    63

Elapsed time is 552.957445 seconds.

chan =

    64

Elapsed time is 552.952667 seconds.

chan =

    65

Elapsed time is 553.594408 seconds.

chan =

    66

Elapsed time is 550.976227 seconds.

chan =

    67

Elapsed time is 550.375664 seconds.

chan =

    68

Elapsed time is 552.967061 seconds.

chan =

    69

Elapsed time is 554.582911 seconds.

chan =

    70

Elapsed time is 554.929006 seconds.

chan =

    71

Elapsed time is 558.224485 seconds.

chan =

    72

Elapsed time is 559.536094 seconds.

chan =

    73

Elapsed time is 560.128288 seconds.

chan =

    74

Elapsed time is 560.326974 seconds.

chan =

    75

Elapsed time is 557.862838 seconds.

chan =

    76

Elapsed time is 556.385499 seconds.

chan =

    77

Elapsed time is 556.342503 seconds.

chan =

    78

Elapsed time is 556.635213 seconds.

chan =

    79

Elapsed time is 554.876844 seconds.

chan =

    80

Elapsed time is 557.583730 seconds.

chan =

    81

Elapsed time is 555.919205 seconds.

chan =

    82

Elapsed time is 554.410917 seconds.

chan =

    83

Elapsed time is 558.370704 seconds.

chan =

    84

Elapsed time is 559.752865 seconds.

chan =

    85

Elapsed time is 559.658057 seconds.

chan =

    86

Elapsed time is 556.075827 seconds.

chan =

    87

Elapsed time is 558.063887 seconds.

chan =

    88

Elapsed time is 559.029586 seconds.

chan =

    89

Elapsed time is 560.500801 seconds.

chan =

    90

Elapsed time is 560.245672 seconds.

chan =

    91

Elapsed time is 560.089687 seconds.

chan =

    92

Elapsed time is 559.082352 seconds.

chan =

    93

Elapsed time is 558.005788 seconds.

chan =

    94

Elapsed time is 556.312809 seconds.

chan =

    95

Elapsed time is 552.168923 seconds.

chan =

    96

Elapsed time is 549.680847 seconds.

chan =

    97

Elapsed time is 552.071935 seconds.

chan =

    98

Elapsed time is 551.743893 seconds.

chan =

    99

Elapsed time is 553.012149 seconds.

chan =

   100

Elapsed time is 551.523977 seconds.

chan =

   101

Elapsed time is 550.210536 seconds.

chan =

   102

Elapsed time is 549.379205 seconds.

chan =

   103

Elapsed time is 552.845615 seconds.

chan =

   104

Elapsed time is 551.701882 seconds.

chan =

   105

Elapsed time is 552.716265 seconds.

chan =

   106

Elapsed time is 552.107125 seconds.

chan =

   107

Elapsed time is 551.856196 seconds.

chan =

   108

Elapsed time is 551.294990 seconds.

chan =

   109

Elapsed time is 549.712561 seconds.

chan =

   110

Elapsed time is 550.983170 seconds.

chan =

   111

Elapsed time is 547.911397 seconds.

chan =

   112

Elapsed time is 548.218354 seconds.

chan =

   113

Elapsed time is 547.515373 seconds.

chan =

   114

Elapsed time is 545.574380 seconds.

chan =

   115

Elapsed time is 544.141149 seconds.

chan =

   116

Elapsed time is 544.194676 seconds.

chan =

   117

Elapsed time is 542.984962 seconds.

chan =

   118

Elapsed time is 539.421708 seconds.

chan =

   119

Elapsed time is 546.808520 seconds.

chan =

   120

Elapsed time is 548.250665 seconds.

chan =

   121

