getting started: 2956
attempting file: 2956
going for OH30 55
data loaded: OH30 55
HFB already done

chan =

     1

Elapsed time is 497.462345 seconds.

chan =

     2

Elapsed time is 508.748094 seconds.

chan =

     3

Elapsed time is 501.574615 seconds.

chan =

     4

Elapsed time is 503.143553 seconds.

chan =

     5

Elapsed time is 493.609182 seconds.

chan =

     6

Elapsed time is 496.344592 seconds.

chan =

     7

Elapsed time is 496.510345 seconds.

chan =

     8

Elapsed time is 500.841904 seconds.

chan =

     9

Elapsed time is 499.202088 seconds.

chan =

    10

Elapsed time is 495.433790 seconds.

chan =

    11

Elapsed time is 502.262301 seconds.

chan =

    12

Elapsed time is 500.062202 seconds.

chan =

    13

Elapsed time is 496.969785 seconds.

chan =

    14

Elapsed time is 494.007129 seconds.

chan =

    15

Elapsed time is 492.386918 seconds.

chan =

    16

Elapsed time is 472.609865 seconds.

chan =

    17

Elapsed time is 467.469320 seconds.

chan =

    18

Elapsed time is 453.628981 seconds.

chan =

    19

Elapsed time is 464.864041 seconds.

chan =

    20

Elapsed time is 433.684913 seconds.

chan =

    21

Elapsed time is 428.163145 seconds.

chan =

    22

Elapsed time is 418.127596 seconds.

chan =

    23

Elapsed time is 446.340851 seconds.

chan =

    24

Elapsed time is 452.812725 seconds.

chan =

    25

Elapsed time is 433.979254 seconds.

chan =

    26

Elapsed time is 457.813287 seconds.

chan =

    27

Elapsed time is 415.065760 seconds.

chan =

    28

Elapsed time is 388.721401 seconds.

chan =

    29

Elapsed time is 394.726510 seconds.

chan =

    30

Elapsed time is 383.116376 seconds.

chan =

    31

Elapsed time is 386.875826 seconds.

chan =

    32

Elapsed time is 383.158492 seconds.

chan =

    33

Elapsed time is 376.256924 seconds.

chan =

    34

Elapsed time is 376.113494 seconds.

chan =

    35

Elapsed time is 374.113387 seconds.

chan =

    36

Elapsed time is 383.291213 seconds.

chan =

    37

Elapsed time is 376.236481 seconds.

chan =

    38

Elapsed time is 382.328717 seconds.

chan =

    39

Elapsed time is 384.969283 seconds.

chan =

    40

Elapsed time is 390.096209 seconds.

chan =

    41

Elapsed time is 389.284382 seconds.

chan =

    42

Elapsed time is 390.518211 seconds.

chan =

    43

Elapsed time is 389.489725 seconds.

chan =

    44

Elapsed time is 390.799203 seconds.

chan =

    45

Elapsed time is 390.103940 seconds.

chan =

    46

Elapsed time is 391.480554 seconds.

chan =

    47

Elapsed time is 380.749987 seconds.

chan =

    48

Elapsed time is 378.708365 seconds.

chan =

    49

Elapsed time is 381.945004 seconds.

chan =

    50

Elapsed time is 387.034951 seconds.

chan =

    51

Elapsed time is 383.298258 seconds.

chan =

    52

Elapsed time is 379.680520 seconds.

chan =

    53

Elapsed time is 380.211056 seconds.

chan =

    54

Elapsed time is 384.319412 seconds.

chan =

    55

Elapsed time is 384.134931 seconds.

chan =

    56

Elapsed time is 382.925738 seconds.

chan =

    57

Elapsed time is 384.679336 seconds.

chan =

    58

Elapsed time is 384.092149 seconds.

chan =

    59

Elapsed time is 382.211400 seconds.

chan =

    60

Elapsed time is 385.359381 seconds.

chan =

    61

Elapsed time is 381.369302 seconds.

chan =

    62

Elapsed time is 381.724298 seconds.

chan =

    63

Elapsed time is 379.929935 seconds.

chan =

    64

Elapsed time is 379.383438 seconds.

chan =

    65

Elapsed time is 390.814374 seconds.

chan =

    66

Elapsed time is 379.795137 seconds.

chan =

    67

Elapsed time is 378.594775 seconds.

chan =

    68

Elapsed time is 379.331026 seconds.

chan =

    69

Elapsed time is 383.603152 seconds.

chan =

    70

Elapsed time is 381.177836 seconds.

chan =

    71

Elapsed time is 382.657728 seconds.

chan =

    72

Elapsed time is 385.845312 seconds.

chan =

    73

Elapsed time is 385.064801 seconds.

chan =

    74

Elapsed time is 386.079957 seconds.

chan =

    75

Elapsed time is 389.135737 seconds.

chan =

    76

Elapsed time is 398.712529 seconds.

chan =

    77

Elapsed time is 399.181576 seconds.

chan =

    78

Elapsed time is 402.071693 seconds.

chan =

    79

Elapsed time is 400.151786 seconds.

chan =

    80

Elapsed time is 401.878037 seconds.

chan =

    81

Elapsed time is 396.707312 seconds.

chan =

    82

Elapsed time is 392.948815 seconds.

chan =

    83

Elapsed time is 399.859877 seconds.

chan =

    84

Elapsed time is 398.660842 seconds.

chan =

    85

Elapsed time is 398.170165 seconds.

chan =

    86

Elapsed time is 397.454149 seconds.

chan =

    87

Elapsed time is 392.898457 seconds.

chan =

    88

Elapsed time is 394.747230 seconds.

chan =

    89

Elapsed time is 404.349993 seconds.

chan =

    90

Elapsed time is 405.775275 seconds.

chan =

    91

Elapsed time is 401.781251 seconds.

chan =

    92

Elapsed time is 400.657673 seconds.

chan =

    93

Elapsed time is 398.741270 seconds.

chan =

    94

Elapsed time is 400.313303 seconds.

chan =

    95

Elapsed time is 394.271309 seconds.

chan =

    96

Elapsed time is 390.427737 seconds.

chan =

    97

Elapsed time is 393.094022 seconds.

chan =

    98

Elapsed time is 392.030016 seconds.

chan =

    99

Elapsed time is 388.339915 seconds.

chan =

   100

Elapsed time is 387.117388 seconds.

chan =

   101

Elapsed time is 388.867935 seconds.

chan =

   102

Elapsed time is 385.953188 seconds.

chan =

   103

Elapsed time is 386.425668 seconds.

chan =

   104

Elapsed time is 385.373478 seconds.

chan =

   105

Elapsed time is 390.299722 seconds.

chan =

   106

Elapsed time is 388.435397 seconds.

chan =

   107

Elapsed time is 388.477207 seconds.

chan =

   108

Elapsed time is 387.874075 seconds.

chan =

   109

Elapsed time is 388.459639 seconds.

chan =

   110

Elapsed time is 389.733322 seconds.

chan =

   111

Elapsed time is 389.461219 seconds.

chan =

   112

Elapsed time is 387.424580 seconds.

chan =

   113

Elapsed time is 387.680984 seconds.

chan =

   114

Elapsed time is 385.526954 seconds.

chan =

   115

Elapsed time is 380.548149 seconds.

chan =

   116

Elapsed time is 377.749761 seconds.

chan =

   117

Elapsed time is 381.133916 seconds.

chan =

   118

Elapsed time is 377.319936 seconds.

chan =

   119

Elapsed time is 381.153505 seconds.

chan =

   120

Elapsed time is 379.602879 seconds.

chan =

   121

Elapsed time is 381.146649 seconds.

chan =

   122

Elapsed time is 379.823384 seconds.

chan =

   123

Elapsed time is 381.529185 seconds.

chan =

   124

Elapsed time is 379.511120 seconds.

chan =

   125

Elapsed time is 381.587577 seconds.

chan =

   126

Elapsed time is 384.176314 seconds.

chan =

   127

Elapsed time is 383.431063 seconds.

chan =

   128

Elapsed time is 381.358505 seconds.

chan =

   129

Elapsed time is 385.791016 seconds.

chan =

   130

Elapsed time is 382.559327 seconds.

chan =

   131

Elapsed time is 378.848701 seconds.

chan =

   132

Elapsed time is 379.286200 seconds.

chan =

   133

Elapsed time is 385.230762 seconds.

chan =

   134

Elapsed time is 387.333014 seconds.

chan =

   135

Elapsed time is 383.886680 seconds.

chan =

   136

Elapsed time is 384.589836 seconds.

chan =

   137

Elapsed time is 384.067071 seconds.

chan =

   138

Elapsed time is 382.992701 seconds.

chan =

   139

Elapsed time is 375.853901 seconds.
attempting saving
save success: /projects/p31578/dtf8829/QuestConnect/CHANDAT/chanDat_OH30_055.mat
working on TF
encoding done
encoding RT done
