getting started: 2882
attempting file: 2882
going for OH27 88
data loaded: OH27 88
HFB already done

chan =

     1

Elapsed time is 219.768220 seconds.

chan =

     2

Elapsed time is 210.526522 seconds.

chan =

     3

Elapsed time is 213.515102 seconds.

chan =

     4

Elapsed time is 216.747696 seconds.

chan =

     5

Elapsed time is 214.189660 seconds.

chan =

     6

Elapsed time is 222.955843 seconds.

chan =

     7

Elapsed time is 223.662700 seconds.

chan =

     8

Elapsed time is 221.121510 seconds.

chan =

     9

Elapsed time is 224.199115 seconds.

chan =

    10

Elapsed time is 223.866363 seconds.

chan =

    11

Elapsed time is 221.641183 seconds.

chan =

    12

Elapsed time is 225.257575 seconds.

chan =

    13

Elapsed time is 226.666836 seconds.

chan =

    14

Elapsed time is 223.534235 seconds.

chan =

    15

Elapsed time is 223.730741 seconds.

chan =

    16

Elapsed time is 224.681569 seconds.

chan =

    17

Elapsed time is 223.168079 seconds.

chan =

    18

Elapsed time is 227.420902 seconds.

chan =

    19

Elapsed time is 221.290236 seconds.

chan =

    20

Elapsed time is 222.347364 seconds.

chan =

    21

Elapsed time is 228.158275 seconds.

chan =

    22

Elapsed time is 224.006020 seconds.

chan =

    23

Elapsed time is 225.956500 seconds.

chan =

    24

Elapsed time is 226.529262 seconds.

chan =

    25

Elapsed time is 222.776179 seconds.

chan =

    26

Elapsed time is 223.633808 seconds.

chan =

    27

Elapsed time is 225.974305 seconds.

chan =

    28

Elapsed time is 226.034477 seconds.

chan =

    29

Elapsed time is 225.444671 seconds.

chan =

    30

Elapsed time is 228.564767 seconds.

chan =

    31

Elapsed time is 229.235671 seconds.

chan =

    32

Elapsed time is 220.310899 seconds.

chan =

    33

Elapsed time is 222.648588 seconds.

chan =

    34

Elapsed time is 222.221440 seconds.

chan =

    35

Elapsed time is 220.408277 seconds.

chan =

    36

Elapsed time is 223.944579 seconds.

chan =

    37

Elapsed time is 217.485173 seconds.

chan =

    38

Elapsed time is 222.869195 seconds.

chan =

    39

Elapsed time is 224.755007 seconds.

chan =

    40

Elapsed time is 222.472280 seconds.

chan =

    41

Elapsed time is 227.688979 seconds.

chan =

    42

Elapsed time is 226.479159 seconds.

chan =

    43

Elapsed time is 222.795163 seconds.

chan =

    44

Elapsed time is 224.022920 seconds.

chan =

    45

Elapsed time is 224.560835 seconds.

chan =

    46

Elapsed time is 225.024667 seconds.

chan =

    47

Elapsed time is 231.216668 seconds.

chan =

    48

Elapsed time is 228.719528 seconds.

chan =

    49

Elapsed time is 222.814285 seconds.

chan =

    50

Elapsed time is 226.762077 seconds.

chan =

    51

Elapsed time is 224.365187 seconds.

chan =

    52

Elapsed time is 219.563494 seconds.

chan =

    53

Elapsed time is 222.456151 seconds.

chan =

    54

Elapsed time is 224.442382 seconds.

chan =

    55

Elapsed time is 223.573641 seconds.

chan =

    56

Elapsed time is 222.530525 seconds.

chan =

    57

Elapsed time is 228.177479 seconds.

chan =

    58

Elapsed time is 223.583479 seconds.

chan =

    59

Elapsed time is 224.034850 seconds.

chan =

    60

Elapsed time is 224.705514 seconds.

chan =

    61

Elapsed time is 224.877403 seconds.

chan =

    62

Elapsed time is 227.139785 seconds.

chan =

    63

Elapsed time is 221.183054 seconds.

chan =

    64

Elapsed time is 222.862592 seconds.

chan =

    65

Elapsed time is 218.498476 seconds.

chan =

    66

Elapsed time is 226.961665 seconds.

chan =

    67

Elapsed time is 225.781441 seconds.

chan =

    68

Elapsed time is 227.360747 seconds.

chan =

    69

Elapsed time is 226.231552 seconds.

chan =

    70

Elapsed time is 224.140592 seconds.

chan =

    71

Elapsed time is 220.276015 seconds.

chan =

    72

Elapsed time is 220.103180 seconds.

chan =

    73

Elapsed time is 221.011526 seconds.

chan =

    74

Elapsed time is 219.688644 seconds.

chan =

    75

Elapsed time is 224.077025 seconds.

chan =

    76

Elapsed time is 226.547215 seconds.

chan =

    77

Elapsed time is 226.467672 seconds.

chan =

    78

Elapsed time is 229.253678 seconds.

chan =

    79

Elapsed time is 229.199399 seconds.

chan =

    80

Elapsed time is 226.348775 seconds.

chan =

    81

Elapsed time is 224.906846 seconds.

chan =

    82

Elapsed time is 224.426882 seconds.

chan =

    83

Elapsed time is 221.588998 seconds.

chan =

    84

Elapsed time is 224.713753 seconds.

chan =

    85

Elapsed time is 225.651791 seconds.

chan =

    86

Elapsed time is 223.900925 seconds.

chan =

    87

Elapsed time is 224.028578 seconds.

chan =

    88

Elapsed time is 225.147591 seconds.

chan =

    89

Elapsed time is 227.522709 seconds.

chan =

    90

Elapsed time is 223.162029 seconds.

chan =

    91

Elapsed time is 220.204302 seconds.

chan =

    92

Elapsed time is 221.277540 seconds.

chan =

    93

Elapsed time is 228.045624 seconds.

chan =

    94

Elapsed time is 226.397113 seconds.

chan =

    95

Elapsed time is 225.094256 seconds.

chan =

    96

Elapsed time is 226.061013 seconds.

chan =

    97

Elapsed time is 228.937714 seconds.

chan =

    98

Elapsed time is 228.853230 seconds.

chan =

    99

Elapsed time is 223.295366 seconds.

chan =

   100

Elapsed time is 229.900349 seconds.

chan =

   101

Elapsed time is 225.393426 seconds.

chan =

   102

Elapsed time is 234.818369 seconds.

chan =

   103

Elapsed time is 228.160759 seconds.

chan =

   104

Elapsed time is 233.420173 seconds.

chan =

   105

Elapsed time is 224.363900 seconds.

chan =

   106

Elapsed time is 223.494456 seconds.

