getting started: 2860
attempting file: 2860
going for OH27 66
data loaded: OH27 66
HFB already done

chan =

     1

Elapsed time is 273.349705 seconds.

chan =

     2

Elapsed time is 287.019904 seconds.

chan =

     3

Elapsed time is 293.570746 seconds.

chan =

     4

Elapsed time is 290.651622 seconds.

chan =

     5

Elapsed time is 299.722583 seconds.

chan =

     6

Elapsed time is 281.341380 seconds.

chan =

     7

Elapsed time is 304.100471 seconds.

chan =

     8

Elapsed time is 311.868460 seconds.

chan =

     9

Elapsed time is 312.868784 seconds.

chan =

    10

Elapsed time is 311.433945 seconds.

chan =

    11

Elapsed time is 310.905085 seconds.

chan =

    12

Elapsed time is 314.442210 seconds.

chan =

    13

Elapsed time is 309.023340 seconds.

chan =

    14

Elapsed time is 310.802291 seconds.

chan =

    15

Elapsed time is 302.684134 seconds.

chan =

    16

Elapsed time is 307.615347 seconds.

chan =

    17

Elapsed time is 301.777026 seconds.

chan =

    18

Elapsed time is 305.577836 seconds.

chan =

    19

Elapsed time is 302.960199 seconds.

chan =

    20

Elapsed time is 306.550854 seconds.

chan =

    21

Elapsed time is 306.454723 seconds.

chan =

    22

Elapsed time is 307.768119 seconds.

chan =

    23

Elapsed time is 305.413813 seconds.

chan =

    24

Elapsed time is 305.185033 seconds.

chan =

    25

Elapsed time is 303.658274 seconds.

chan =

    26

Elapsed time is 303.198593 seconds.

chan =

    27

Elapsed time is 306.546411 seconds.

chan =

    28

Elapsed time is 301.997877 seconds.

chan =

    29

Elapsed time is 307.616003 seconds.

chan =

    30

Elapsed time is 306.770701 seconds.

chan =

    31

Elapsed time is 304.189283 seconds.

chan =

    32

Elapsed time is 305.417039 seconds.

chan =

    33

Elapsed time is 303.654533 seconds.

chan =

    34

Elapsed time is 307.839938 seconds.

chan =

    35

Elapsed time is 310.947832 seconds.

chan =

    36

Elapsed time is 308.240430 seconds.

chan =

    37

Elapsed time is 300.534222 seconds.

chan =

    38

Elapsed time is 304.258939 seconds.

chan =

    39

Elapsed time is 310.647511 seconds.

chan =

    40

Elapsed time is 310.080082 seconds.

chan =

    41

Elapsed time is 308.520011 seconds.

chan =

    42

Elapsed time is 300.649271 seconds.

chan =

    43

Elapsed time is 298.294100 seconds.

chan =

    44

Elapsed time is 296.377767 seconds.

chan =

    45

Elapsed time is 297.431570 seconds.

chan =

    46

Elapsed time is 292.496017 seconds.

chan =

    47

Elapsed time is 289.737275 seconds.

chan =

    48

Elapsed time is 297.211131 seconds.

chan =

    49

Elapsed time is 295.181195 seconds.

chan =

    50

Elapsed time is 287.349320 seconds.

chan =

    51

Elapsed time is 288.266526 seconds.

chan =

    52

Elapsed time is 291.587527 seconds.

chan =

    53

Elapsed time is 293.421901 seconds.

chan =

    54

Elapsed time is 288.837801 seconds.

chan =

    55

Elapsed time is 291.189546 seconds.

chan =

    56

Elapsed time is 286.112816 seconds.

chan =

    57

Elapsed time is 290.610962 seconds.

chan =

    58

Elapsed time is 291.424446 seconds.

chan =

    59

Elapsed time is 291.544795 seconds.

chan =

    60

Elapsed time is 286.537088 seconds.

chan =

    61

Elapsed time is 275.304860 seconds.

chan =

    62

Elapsed time is 291.879955 seconds.

chan =

    63

Elapsed time is 294.348798 seconds.

chan =

    64

Elapsed time is 289.472745 seconds.

chan =

    65

Elapsed time is 290.814800 seconds.

chan =

    66

Elapsed time is 282.040984 seconds.

chan =

    67

Elapsed time is 290.814984 seconds.

chan =

    68

Elapsed time is 293.786950 seconds.

chan =

    69

Elapsed time is 288.585717 seconds.

chan =

    70

Elapsed time is 291.179331 seconds.

chan =

    71

Elapsed time is 288.654430 seconds.

chan =

    72

Elapsed time is 291.901849 seconds.

chan =

    73

Elapsed time is 292.103235 seconds.

chan =

    74

Elapsed time is 295.330939 seconds.

chan =

    75

Elapsed time is 293.932586 seconds.

chan =

    76

Elapsed time is 286.536309 seconds.

chan =

    77

Elapsed time is 290.496888 seconds.

chan =

    78

Elapsed time is 289.557228 seconds.

chan =

    79

Elapsed time is 290.260332 seconds.

chan =

    80

Elapsed time is 287.988163 seconds.

chan =

    81

Elapsed time is 291.906529 seconds.

chan =

    82

Elapsed time is 292.035460 seconds.

chan =

    83

Elapsed time is 287.343818 seconds.

chan =

    84

Elapsed time is 292.670266 seconds.

chan =

    85

Elapsed time is 287.933963 seconds.

chan =

    86

Elapsed time is 288.706020 seconds.

chan =

    87

Elapsed time is 292.406939 seconds.

chan =

    88

Elapsed time is 290.891131 seconds.

chan =

    89

Elapsed time is 293.602015 seconds.

chan =

    90

Elapsed time is 294.129543 seconds.

chan =

    91

Elapsed time is 295.583723 seconds.

chan =

    92

Elapsed time is 292.357609 seconds.

chan =

    93

Elapsed time is 294.740405 seconds.

chan =

    94

Elapsed time is 286.157314 seconds.

chan =

    95

Elapsed time is 293.970882 seconds.

chan =

    96

Elapsed time is 294.502983 seconds.

chan =

    97

Elapsed time is 292.400499 seconds.

chan =

    98

Elapsed time is 293.380639 seconds.

chan =

    99

Elapsed time is 282.456154 seconds.

chan =

   100

Elapsed time is 293.338829 seconds.

chan =

   101

Elapsed time is 297.920368 seconds.

chan =

   102

Elapsed time is 295.736754 seconds.

chan =

   103

Elapsed time is 297.488686 seconds.

chan =

   104

Elapsed time is 293.871886 seconds.

chan =

   105

Elapsed time is 298.868937 seconds.

chan =

   106

Elapsed time is 293.941689 seconds.

