getting started: 2825
attempting file: 2825
going for OH27 31
data loaded: OH27 31
HFB already done

chan =

     1

Elapsed time is 207.046481 seconds.

chan =

     2

Elapsed time is 199.728004 seconds.

chan =

     3

Elapsed time is 197.421538 seconds.

chan =

     4

Elapsed time is 204.171511 seconds.

chan =

     5

Elapsed time is 203.164172 seconds.

chan =

     6

Elapsed time is 206.635387 seconds.

chan =

     7

Elapsed time is 205.050713 seconds.

chan =

     8

Elapsed time is 204.275239 seconds.

chan =

     9

Elapsed time is 205.847932 seconds.

chan =

    10

Elapsed time is 206.491668 seconds.

chan =

    11

Elapsed time is 204.669469 seconds.

chan =

    12

Elapsed time is 203.243038 seconds.

chan =

    13

Elapsed time is 204.165625 seconds.

chan =

    14

Elapsed time is 204.461324 seconds.

chan =

    15

Elapsed time is 203.320964 seconds.

chan =

    16

Elapsed time is 199.757677 seconds.

chan =

    17

Elapsed time is 197.115869 seconds.

chan =

    18

Elapsed time is 200.490929 seconds.

chan =

    19

Elapsed time is 200.314054 seconds.

chan =

    20

Elapsed time is 202.101324 seconds.

chan =

    21

Elapsed time is 203.196285 seconds.

chan =

    22

Elapsed time is 201.473626 seconds.

chan =

    23

Elapsed time is 198.648050 seconds.

chan =

    24

Elapsed time is 201.549190 seconds.

chan =

    25

Elapsed time is 199.781969 seconds.

chan =

    26

Elapsed time is 200.173424 seconds.

chan =

    27

Elapsed time is 200.683986 seconds.

chan =

    28

Elapsed time is 194.379644 seconds.

chan =

    29

Elapsed time is 194.977763 seconds.

chan =

    30

Elapsed time is 194.697263 seconds.

chan =

    31

Elapsed time is 192.806164 seconds.

chan =

    32

Elapsed time is 190.489781 seconds.

chan =

    33

Elapsed time is 192.585199 seconds.

chan =

    34

Elapsed time is 195.616048 seconds.

chan =

    35

Elapsed time is 192.747365 seconds.

chan =

    36

Elapsed time is 192.278087 seconds.

chan =

    37

Elapsed time is 191.006169 seconds.

chan =

    38

Elapsed time is 194.913376 seconds.

chan =

    39

Elapsed time is 214.435612 seconds.

chan =

    40

Elapsed time is 213.395431 seconds.

chan =

    41

Elapsed time is 217.573160 seconds.

chan =

    42

Elapsed time is 201.064745 seconds.

chan =

    43

Elapsed time is 202.834354 seconds.

chan =

    44

Elapsed time is 212.489397 seconds.

chan =

    45

Elapsed time is 211.725020 seconds.

chan =

    46

Elapsed time is 214.449654 seconds.

chan =

    47

Elapsed time is 209.291651 seconds.

chan =

    48

Elapsed time is 210.856038 seconds.

chan =

    49

Elapsed time is 211.135002 seconds.

chan =

    50

Elapsed time is 206.175438 seconds.

chan =

    51

Elapsed time is 212.279622 seconds.

chan =

    52

Elapsed time is 207.597629 seconds.

chan =

    53

Elapsed time is 213.813821 seconds.

chan =

    54

Elapsed time is 217.455382 seconds.

chan =

    55

Elapsed time is 217.912748 seconds.

chan =

    56

Elapsed time is 214.032852 seconds.

chan =

    57

Elapsed time is 209.489235 seconds.

chan =

    58

Elapsed time is 211.518020 seconds.

chan =

    59

Elapsed time is 227.247851 seconds.

chan =

    60

Elapsed time is 218.529937 seconds.

chan =

    61

Elapsed time is 230.529607 seconds.

chan =

    62

Elapsed time is 231.550007 seconds.

chan =

    63

Elapsed time is 211.728925 seconds.

chan =

    64

Elapsed time is 202.253212 seconds.

chan =

    65

Elapsed time is 204.027864 seconds.

chan =

    66

Elapsed time is 190.673487 seconds.

chan =

    67

Elapsed time is 189.470621 seconds.

chan =

    68

Elapsed time is 189.351138 seconds.

chan =

    69

Elapsed time is 187.149780 seconds.

chan =

    70

Elapsed time is 187.076632 seconds.

chan =

    71

Elapsed time is 187.529206 seconds.

chan =

    72

Elapsed time is 189.376276 seconds.

chan =

    73

Elapsed time is 189.198897 seconds.

chan =

    74

Elapsed time is 187.873067 seconds.

chan =

    75

Elapsed time is 186.159285 seconds.

chan =

    76

Elapsed time is 186.581039 seconds.

chan =

    77

Elapsed time is 186.167113 seconds.

chan =

    78

Elapsed time is 188.886158 seconds.

chan =

    79

Elapsed time is 187.323799 seconds.

chan =

    80

Elapsed time is 187.488288 seconds.

chan =

    81

Elapsed time is 186.528622 seconds.

chan =

    82

Elapsed time is 187.934188 seconds.

chan =

    83

Elapsed time is 186.889853 seconds.

chan =

    84

Elapsed time is 187.263990 seconds.

chan =

    85

Elapsed time is 186.835294 seconds.

chan =

    86

Elapsed time is 187.570249 seconds.

chan =

    87

Elapsed time is 186.810570 seconds.

chan =

    88

Elapsed time is 185.339606 seconds.

chan =

    89

Elapsed time is 187.695947 seconds.

chan =

    90

Elapsed time is 188.582767 seconds.

chan =

    91

Elapsed time is 188.500955 seconds.

chan =

    92

Elapsed time is 188.375563 seconds.

chan =

    93

Elapsed time is 188.304853 seconds.

chan =

    94

Elapsed time is 187.649896 seconds.

chan =

    95

Elapsed time is 188.248614 seconds.

chan =

    96

Elapsed time is 188.354677 seconds.

chan =

    97

Elapsed time is 187.926546 seconds.

chan =

    98

Elapsed time is 187.318862 seconds.

chan =

    99

Elapsed time is 185.638252 seconds.

chan =

   100

Elapsed time is 186.194036 seconds.

chan =

   101

Elapsed time is 189.272793 seconds.

chan =

   102

Elapsed time is 190.068168 seconds.

chan =

   103

Elapsed time is 187.850232 seconds.

chan =

   104

Elapsed time is 188.489116 seconds.

chan =

   105

Elapsed time is 189.184461 seconds.

chan =

   106

Elapsed time is 189.763827 seconds.

