getting started: 2806
attempting file: 2806
going for OH27 12
data loaded: OH27 12
HFB already done

chan =

     1

Elapsed time is 252.342177 seconds.

chan =

     2

Elapsed time is 264.957347 seconds.

chan =

     3

Elapsed time is 274.018196 seconds.

chan =

     4

Elapsed time is 273.297619 seconds.

chan =

     5

Elapsed time is 279.018565 seconds.

chan =

     6

Elapsed time is 283.856221 seconds.

chan =

     7

Elapsed time is 287.166038 seconds.

chan =

     8

Elapsed time is 281.775049 seconds.

chan =

     9

Elapsed time is 287.375097 seconds.

chan =

    10

Elapsed time is 283.582148 seconds.

chan =

    11

Elapsed time is 286.498484 seconds.

chan =

    12

Elapsed time is 283.523331 seconds.

chan =

    13

Elapsed time is 277.982303 seconds.

chan =

    14

Elapsed time is 270.999513 seconds.

chan =

    15

Elapsed time is 265.377813 seconds.

chan =

    16

Elapsed time is 257.837929 seconds.

chan =

    17

Elapsed time is 256.596848 seconds.

chan =

    18

Elapsed time is 247.981284 seconds.

chan =

    19

Elapsed time is 246.557500 seconds.

chan =

    20

Elapsed time is 248.705065 seconds.

chan =

    21

Elapsed time is 248.351014 seconds.

chan =

    22

Elapsed time is 248.283359 seconds.

chan =

    23

Elapsed time is 248.732754 seconds.

chan =

    24

Elapsed time is 247.680369 seconds.

chan =

    25

Elapsed time is 247.827685 seconds.

chan =

    26

Elapsed time is 244.489436 seconds.

chan =

    27

Elapsed time is 247.478694 seconds.

chan =

    28

Elapsed time is 247.361479 seconds.

chan =

    29

Elapsed time is 255.393747 seconds.

chan =

    30

Elapsed time is 270.171343 seconds.

chan =

    31

Elapsed time is 268.351691 seconds.

chan =

    32

Elapsed time is 268.772407 seconds.

chan =

    33

Elapsed time is 270.200673 seconds.

chan =

    34

Elapsed time is 271.943231 seconds.

chan =

    35

Elapsed time is 276.489382 seconds.

chan =

    36

Elapsed time is 283.530712 seconds.

chan =

    37

Elapsed time is 287.493870 seconds.

chan =

    38

Elapsed time is 263.366500 seconds.

chan =

    39

Elapsed time is 294.727911 seconds.

chan =

    40

Elapsed time is 288.522368 seconds.

chan =

    41

Elapsed time is 280.584939 seconds.

chan =

    42

Elapsed time is 288.728742 seconds.

chan =

    43

Elapsed time is 290.678841 seconds.

chan =

    44

Elapsed time is 269.772211 seconds.

chan =

    45

Elapsed time is 291.500659 seconds.

chan =

    46

Elapsed time is 284.417100 seconds.

chan =

    47

Elapsed time is 288.191678 seconds.

chan =

    48

Elapsed time is 266.201709 seconds.

chan =

    49

Elapsed time is 283.458785 seconds.

chan =

    50

Elapsed time is 294.185625 seconds.

chan =

    51

Elapsed time is 278.870920 seconds.

chan =

    52

Elapsed time is 272.664811 seconds.

chan =

    53

Elapsed time is 274.883426 seconds.

chan =

    54

Elapsed time is 268.196482 seconds.

chan =

    55

Elapsed time is 265.076979 seconds.

chan =

    56

Elapsed time is 252.192069 seconds.

chan =

    57

Elapsed time is 245.822291 seconds.

chan =

    58

Elapsed time is 245.713869 seconds.

chan =

    59

Elapsed time is 246.591958 seconds.

chan =

    60

Elapsed time is 247.159912 seconds.

chan =

    61

Elapsed time is 249.075033 seconds.

chan =

    62

Elapsed time is 248.099275 seconds.

chan =

    63

Elapsed time is 247.908136 seconds.

chan =

    64

Elapsed time is 245.298868 seconds.

chan =

    65

Elapsed time is 244.550223 seconds.

chan =

    66

Elapsed time is 248.821011 seconds.

chan =

    67

Elapsed time is 248.364967 seconds.

chan =

    68

Elapsed time is 249.454535 seconds.

chan =

    69

Elapsed time is 249.256572 seconds.

chan =

    70

Elapsed time is 244.972296 seconds.

chan =

    71

Elapsed time is 249.325391 seconds.

chan =

    72

Elapsed time is 248.022232 seconds.

chan =

    73

Elapsed time is 248.548153 seconds.

chan =

    74

Elapsed time is 247.411407 seconds.

chan =

    75

Elapsed time is 246.329401 seconds.

chan =

    76

Elapsed time is 246.634864 seconds.

chan =

    77

Elapsed time is 246.334495 seconds.

chan =

    78

Elapsed time is 247.232372 seconds.

chan =

    79

Elapsed time is 246.739693 seconds.

chan =

    80

Elapsed time is 246.551148 seconds.

chan =

    81

Elapsed time is 245.172541 seconds.

chan =

    82

Elapsed time is 245.907996 seconds.

chan =

    83

Elapsed time is 244.991411 seconds.

chan =

    84

Elapsed time is 246.170934 seconds.

chan =

    85

Elapsed time is 244.411265 seconds.

chan =

    86

Elapsed time is 243.063031 seconds.

chan =

    87

Elapsed time is 244.739302 seconds.

chan =

    88

Elapsed time is 244.302938 seconds.

chan =

    89

Elapsed time is 246.244992 seconds.

chan =

    90

Elapsed time is 245.615020 seconds.

chan =

    91

Elapsed time is 246.001255 seconds.

chan =

    92

Elapsed time is 244.727270 seconds.

chan =

    93

Elapsed time is 246.806635 seconds.

chan =

    94

Elapsed time is 245.421439 seconds.

chan =

    95

Elapsed time is 245.756708 seconds.

chan =

    96

Elapsed time is 244.960027 seconds.

chan =

    97

Elapsed time is 246.400904 seconds.

chan =

    98

Elapsed time is 244.473448 seconds.

chan =

    99

Elapsed time is 261.964104 seconds.

chan =

   100

Elapsed time is 274.494066 seconds.

chan =

   101

Elapsed time is 281.338252 seconds.

chan =

   102

Elapsed time is 279.720576 seconds.

chan =

   103

Elapsed time is 272.455265 seconds.

chan =

   104

Elapsed time is 270.424444 seconds.

chan =

   105

Elapsed time is 280.219575 seconds.

chan =

   106

Elapsed time is 274.977959 seconds.

