getting started: 2665
attempting file: 2665
going for NM04 28
data loaded: NM04 28
HFB already done

chan =

     1

Elapsed time is 219.146667 seconds.

chan =

     2

Elapsed time is 216.059658 seconds.

chan =

     3

Elapsed time is 215.179394 seconds.

chan =

     4

Elapsed time is 209.792629 seconds.

chan =

     5

Elapsed time is 232.178796 seconds.

chan =

     6

Elapsed time is 234.417507 seconds.

chan =

     7

Elapsed time is 232.923919 seconds.

chan =

     8

Elapsed time is 231.727291 seconds.

chan =

     9

Elapsed time is 229.769878 seconds.

chan =

    10

Elapsed time is 233.476853 seconds.

chan =

    11

Elapsed time is 234.670407 seconds.

chan =

    12

Elapsed time is 233.495843 seconds.

chan =

    13

Elapsed time is 233.464140 seconds.

chan =

    14

Elapsed time is 236.691023 seconds.

chan =

    15

Elapsed time is 234.362433 seconds.

chan =

    16

Elapsed time is 233.573294 seconds.

chan =

    17

Elapsed time is 231.817306 seconds.

chan =

    18

Elapsed time is 233.973868 seconds.

chan =

    19

Elapsed time is 234.223979 seconds.

chan =

    20

Elapsed time is 223.850120 seconds.

chan =

    21

Elapsed time is 225.752150 seconds.

chan =

    22

Elapsed time is 227.709540 seconds.

chan =

    23

Elapsed time is 229.916445 seconds.

chan =

    24

Elapsed time is 227.014255 seconds.

chan =

    25

Elapsed time is 224.828443 seconds.

chan =

    26

Elapsed time is 227.615222 seconds.

chan =

    27

Elapsed time is 228.994410 seconds.

chan =

    28

Elapsed time is 228.599523 seconds.

chan =

    29

Elapsed time is 227.655631 seconds.

chan =

    30

Elapsed time is 227.940971 seconds.

chan =

    31

Elapsed time is 226.704090 seconds.

chan =

    32

Elapsed time is 227.877688 seconds.

chan =

    33

Elapsed time is 227.666581 seconds.

chan =

    34

Elapsed time is 227.629406 seconds.

chan =

    35

Elapsed time is 242.865581 seconds.

chan =

    36

Elapsed time is 277.173922 seconds.

chan =

    37

Elapsed time is 243.219339 seconds.

chan =

    38

Elapsed time is 266.051983 seconds.

chan =

    39

Elapsed time is 223.604590 seconds.

chan =

    40

Elapsed time is 245.033234 seconds.

chan =

    41

Elapsed time is 247.642286 seconds.

chan =

    42

Elapsed time is 248.477821 seconds.

chan =

    43

Elapsed time is 252.064751 seconds.

chan =

    44

Elapsed time is 246.369893 seconds.

chan =

    45

Elapsed time is 230.103153 seconds.

chan =

    46

Elapsed time is 236.183402 seconds.

chan =

    47

Elapsed time is 240.232404 seconds.

chan =

    48

Elapsed time is 246.504877 seconds.

chan =

    49

Elapsed time is 259.473607 seconds.

chan =

    50

Elapsed time is 234.281745 seconds.

chan =

    51

Elapsed time is 229.187513 seconds.

chan =

    52

Elapsed time is 225.522572 seconds.

chan =

    53

Elapsed time is 257.188261 seconds.

chan =

    54

Elapsed time is 252.891170 seconds.

chan =

    55

Elapsed time is 261.337059 seconds.

chan =

    56

Elapsed time is 253.718406 seconds.

chan =

    57

Elapsed time is 256.311428 seconds.

chan =

    58

Elapsed time is 217.408090 seconds.

chan =

    59

Elapsed time is 217.231029 seconds.

chan =

    60

Elapsed time is 217.634638 seconds.

chan =

    61

Elapsed time is 214.797588 seconds.

chan =

    62

Elapsed time is 216.520165 seconds.

chan =

    63

Elapsed time is 219.876301 seconds.

chan =

    64

Elapsed time is 221.406309 seconds.

chan =

    65

Elapsed time is 238.883187 seconds.

chan =

    66

Elapsed time is 227.960233 seconds.

chan =

    67

Elapsed time is 220.837944 seconds.

chan =

    68

Elapsed time is 221.534517 seconds.

chan =

    69

Elapsed time is 216.382621 seconds.

chan =

    70

Elapsed time is 214.346290 seconds.

chan =

    71

Elapsed time is 217.158166 seconds.

chan =

    72

Elapsed time is 215.624702 seconds.

chan =

    73

Elapsed time is 217.672561 seconds.

chan =

    74

Elapsed time is 217.183232 seconds.

chan =

    75

Elapsed time is 221.047261 seconds.

chan =

    76

Elapsed time is 219.848760 seconds.

chan =

    77

Elapsed time is 218.664942 seconds.

chan =

    78

Elapsed time is 222.496064 seconds.

chan =

    79

Elapsed time is 223.067187 seconds.

chan =

    80

Elapsed time is 222.010527 seconds.

chan =

    81

Elapsed time is 218.700661 seconds.

chan =

    82

Elapsed time is 221.693553 seconds.

chan =

    83

Elapsed time is 221.987035 seconds.

chan =

    84

Elapsed time is 219.547130 seconds.

chan =

    85

Elapsed time is 218.209356 seconds.

chan =

    86

Elapsed time is 219.303668 seconds.

chan =

    87

Elapsed time is 224.158711 seconds.

chan =

    88

Elapsed time is 220.186731 seconds.

chan =

    89

Elapsed time is 219.479131 seconds.

chan =

    90

Elapsed time is 222.374353 seconds.

chan =

    91

Elapsed time is 220.068873 seconds.
attempting saving
save success: /projects/p31578/dtf8829/QuestConnect/CHANDAT/chanDat_NM04_028.mat
working on TF
encoding done
encoding RT done
retrieval 1 done
retrieval 2 done
attempting saving
save success: /projects/p31578/dtf8829/QuestConnect/CHANDAT/chanDat_NM04_028.mat
working on ISPC
channel: 1 took 0 minutes
channel: 2 took 0 minutes
channel: 3 took 0 minutes
channel: 4 took 0 minutes
channel: 5 took 0 minutes
channel: 6 took 0 minutes
channel: 7 took 0 minutes
channel: 8 took 0 minutes
channel: 9 took 0 minutes
channel: 10 took 0 minutes
channel: 11 took 0 minutes
channel: 12 took 0 minutes
channel: 13 took 0 minutes
channel: 14 took 0 minutes
channel: 15 took 0 minutes
channel: 16 took 0 minutes
channel: 17 took 0 minutes
channel: 18 took 0 minutes
channel: 19 took 0 minutes
channel: 20 took 0 minutes
channel: 21 took 0 minutes
channel: 22 took 0 minutes
channel: 23 took 0 minutes
channel: 24 took 0 minutes
channel: 25 took 0 minutes
channel: 26 took 0 minutes
channel: 27 took 0 minutes
channel: 28 took 0 minutes
channel: 29 took 3.1 minutes
channel: 30 took 3.1 minutes
channel: 31 took 3.1 minutes
channel: 32 took 3.1 minutes
channel: 33 took 3.1 minutes
channel: 34 took 3.1 minutes
channel: 35 took 3.1 minutes
channel: 36 took 3.1 minutes
channel: 37 took 3.1 minutes
channel: 38 took 3.1 minutes
channel: 39 took 3.1 minutes
channel: 40 took 3.1 minutes
channel: 41 took 3.1 minutes
channel: 42 took 3.1 minutes
channel: 43 took 3.1 minutes
channel: 44 took 3.1 minutes
channel: 45 took 3.1 minutes
channel: 46 took 3.1 minutes
channel: 47 took 3.1 minutes
channel: 48 took 3.2 minutes
channel: 49 took 3.2 minutes
channel: 50 took 3.2 minutes
channel: 51 took 3.1 minutes
channel: 52 took 3.2 minutes
channel: 53 took 3.1 minutes
channel: 54 took 3.1 minutes
channel: 55 took 3.1 minutes
channel: 56 took 3.1 minutes
channel: 57 took 3.1 minutes
channel: 58 took 3.1 minutes
channel: 59 took 3.1 minutes
channel: 60 took 3.1 minutes
channel: 61 took 3.1 minutes
channel: 62 took 3.1 minutes
channel: 63 took 3.1 minutes
channel: 64 took 3.2 minutes
channel: 65 took 3.1 minutes
channel: 66 took 3.1 minutes
channel: 67 took 3.2 minutes
channel: 68 took 3.2 minutes
channel: 69 took 3.2 minutes
channel: 70 took 3.2 minutes
channel: 71 took 3.2 minutes
channel: 72 took 3.2 minutes
channel: 73 took 3.2 minutes
channel: 74 took 3.2 minutes
channel: 75 took 3.2 minutes
channel: 76 took 3.2 minutes
channel: 77 took 3.1 minutes
channel: 78 took 3.1 minutes
channel: 79 took 3.2 minutes
channel: 80 took 3.2 minutes
channel: 81 took 3.2 minutes
channel: 82 took 3.2 minutes
channel: 83 took 3.1 minutes
channel: 84 took 3.1 minutes
channel: 85 took 3.1 minutes
channel: 86 took 3.2 minutes
channel: 87 took 3.2 minutes
channel: 88 took 3.5 minutes
channel: 89 took 3.6 minutes
channel: 90 took 3.5 minutes
channel: 91 took 3.5 minutes
attempting saving
save success: /projects/p31578/dtf8829/QuestConnect/CHANDAT/chanDat_NM04_028.mat
Elapsed time is 217.739689 seconds.
