getting started: 2951
attempting file: 2951
going for OH30 50
data loaded: OH30 50
HFB already done

chan =

     1

Elapsed time is 559.394385 seconds.

chan =

     2

Elapsed time is 536.429322 seconds.

chan =

     3

Elapsed time is 554.246814 seconds.

chan =

     4

Elapsed time is 571.792994 seconds.

chan =

     5

Elapsed time is 567.202390 seconds.

chan =

     6

Elapsed time is 560.125447 seconds.

chan =

     7

Elapsed time is 568.136334 seconds.

chan =

     8

Elapsed time is 563.171127 seconds.

chan =

     9

Elapsed time is 565.108637 seconds.

chan =

    10

Elapsed time is 560.092574 seconds.

chan =

    11

Elapsed time is 560.002515 seconds.

chan =

    12

Elapsed time is 556.262920 seconds.

chan =

    13

Elapsed time is 552.676107 seconds.

chan =

    14

Elapsed time is 541.344654 seconds.

chan =

    15

Elapsed time is 540.921725 seconds.

chan =

    16

Elapsed time is 541.025568 seconds.

chan =

    17

Elapsed time is 545.375033 seconds.

chan =

    18

Elapsed time is 545.547551 seconds.

chan =

    19

Elapsed time is 551.591300 seconds.

chan =

    20

Elapsed time is 521.865919 seconds.

chan =

    21

Elapsed time is 521.393045 seconds.

chan =

    22

Elapsed time is 533.164017 seconds.

chan =

    23

Elapsed time is 495.670612 seconds.

chan =

    24

Elapsed time is 511.091219 seconds.

chan =

    25

Elapsed time is 467.662344 seconds.

chan =

    26

Elapsed time is 453.752587 seconds.

chan =

    27

Elapsed time is 475.549754 seconds.

chan =

    28

Elapsed time is 486.712973 seconds.

chan =

    29

Elapsed time is 456.379832 seconds.

chan =

    30

Elapsed time is 450.493959 seconds.

chan =

    31

Elapsed time is 465.441931 seconds.

chan =

    32

Elapsed time is 454.258129 seconds.

chan =

    33

Elapsed time is 471.570985 seconds.

chan =

    34

Elapsed time is 476.334154 seconds.

chan =

    35

Elapsed time is 475.381291 seconds.

chan =

    36

Elapsed time is 482.431931 seconds.

chan =

    37

Elapsed time is 476.606981 seconds.

chan =

    38

Elapsed time is 473.691062 seconds.

chan =

    39

Elapsed time is 466.562475 seconds.

chan =

    40

Elapsed time is 469.160048 seconds.

chan =

    41

Elapsed time is 467.097442 seconds.

chan =

    42

Elapsed time is 453.569194 seconds.

chan =

    43

Elapsed time is 451.369846 seconds.

chan =

    44

Elapsed time is 568.608773 seconds.

chan =

    45

Elapsed time is 642.465921 seconds.

chan =

    46

Elapsed time is 633.936834 seconds.

chan =

    47

Elapsed time is 634.979242 seconds.

chan =

    48

Elapsed time is 635.826197 seconds.

chan =

    49

Elapsed time is 640.818807 seconds.

chan =

    50

Elapsed time is 626.741241 seconds.

chan =

    51

Elapsed time is 622.250112 seconds.

chan =

    52

Elapsed time is 620.593456 seconds.

chan =

    53

Elapsed time is 627.841907 seconds.

chan =

    54

Elapsed time is 632.104505 seconds.

chan =

    55

Elapsed time is 587.041395 seconds.

chan =

    56

Elapsed time is 448.653712 seconds.

chan =

    57

Elapsed time is 447.446100 seconds.

chan =

    58

Elapsed time is 449.445841 seconds.

chan =

    59

Elapsed time is 463.515453 seconds.

chan =

    60

Elapsed time is 505.465525 seconds.

chan =

    61

Elapsed time is 501.023548 seconds.

chan =

    62

Elapsed time is 495.777235 seconds.

chan =

    63

Elapsed time is 490.912044 seconds.

chan =

    64

Elapsed time is 499.464056 seconds.

chan =

    65

Elapsed time is 466.157188 seconds.

chan =

    66

Elapsed time is 445.317184 seconds.

chan =

    67

Elapsed time is 442.436091 seconds.

chan =

    68

Elapsed time is 445.068771 seconds.

chan =

    69

Elapsed time is 443.847780 seconds.

chan =

    70

Elapsed time is 445.879342 seconds.

chan =

    71

Elapsed time is 448.154203 seconds.

chan =

    72

Elapsed time is 448.203408 seconds.

chan =

    73

Elapsed time is 449.690879 seconds.

chan =

    74

Elapsed time is 449.818910 seconds.

chan =

    75

Elapsed time is 452.630467 seconds.

chan =

    76

Elapsed time is 450.863298 seconds.

chan =

    77

Elapsed time is 446.000418 seconds.

chan =

    78

Elapsed time is 452.168526 seconds.

chan =

    79

Elapsed time is 446.127139 seconds.

chan =

    80

Elapsed time is 444.286497 seconds.

chan =

    81

Elapsed time is 446.288440 seconds.

chan =

    82

Elapsed time is 444.432398 seconds.

chan =

    83

Elapsed time is 447.599825 seconds.

chan =

    84

Elapsed time is 445.456227 seconds.

chan =

    85

Elapsed time is 448.482068 seconds.

chan =

    86

Elapsed time is 441.448872 seconds.

chan =

    87

Elapsed time is 440.612654 seconds.

chan =

    88

Elapsed time is 442.169563 seconds.

chan =

    89

Elapsed time is 444.019466 seconds.

chan =

    90

Elapsed time is 442.304647 seconds.

chan =

    91

Elapsed time is 443.744790 seconds.

chan =

    92

Elapsed time is 444.023710 seconds.

chan =

    93

Elapsed time is 441.684225 seconds.

chan =

    94

Elapsed time is 435.777092 seconds.

chan =

    95

Elapsed time is 439.835976 seconds.

chan =

    96

Elapsed time is 439.544474 seconds.

chan =

    97

Elapsed time is 441.539141 seconds.

chan =

    98

Elapsed time is 441.784629 seconds.

chan =

    99

Elapsed time is 443.376851 seconds.

chan =

   100

Elapsed time is 441.088016 seconds.

chan =

   101

Elapsed time is 441.981353 seconds.

chan =

   102

Elapsed time is 442.090873 seconds.

chan =

   103

Elapsed time is 445.176962 seconds.

chan =

   104

Elapsed time is 445.328925 seconds.

chan =

   105

Elapsed time is 442.661932 seconds.

chan =

   106

Elapsed time is 446.247556 seconds.

chan =

   107

Elapsed time is 443.000154 seconds.

chan =

   108

Elapsed time is 438.809739 seconds.

chan =

   109

Elapsed time is 440.476183 seconds.

chan =

   110

Elapsed time is 443.012035 seconds.

chan =

   111

Elapsed time is 442.229350 seconds.

chan =

   112

Elapsed time is 446.185809 seconds.

chan =

   113

Elapsed time is 445.233148 seconds.

chan =

   114

Elapsed time is 441.599478 seconds.

chan =

   115

Elapsed time is 442.422369 seconds.

chan =

   116

Elapsed time is 443.652853 seconds.

chan =

   117

Elapsed time is 440.224884 seconds.

chan =

   118

Elapsed time is 438.139141 seconds.

chan =

   119

Elapsed time is 442.170881 seconds.

chan =

   120

Elapsed time is 440.634638 seconds.

chan =

   121

Elapsed time is 439.507789 seconds.

chan =

   122

Elapsed time is 440.141647 seconds.

chan =

   123

Elapsed time is 439.342221 seconds.

chan =

   124

Elapsed time is 440.172764 seconds.

chan =

   125

Elapsed time is 436.578294 seconds.

chan =

   126

Elapsed time is 441.384826 seconds.

chan =

   127

Elapsed time is 438.355340 seconds.

chan =

   128

Elapsed time is 438.423484 seconds.

chan =

   129

Elapsed time is 435.111164 seconds.

chan =

   130

Elapsed time is 435.167355 seconds.

chan =

   131

Elapsed time is 437.088611 seconds.

chan =

   132

Elapsed time is 436.395727 seconds.

chan =

   133

Elapsed time is 440.192108 seconds.

chan =

   134

Elapsed time is 435.936250 seconds.

chan =

   135

Elapsed time is 437.063159 seconds.

chan =

   136

Elapsed time is 435.834650 seconds.

chan =

   137

Elapsed time is 439.020796 seconds.

chan =

   138

Elapsed time is 430.340872 seconds.

chan =

   139

Elapsed time is 557.646524 seconds.
attempting saving
save success: /projects/p31578/dtf8829/QuestConnect/CHANDAT/chanDat_OH30_050.mat
working on TF
encoding done
encoding RT done
