getting started: 2818
attempting file: 2818
going for OH27 24
data loaded: OH27 24
HFB already done

chan =

     1

Elapsed time is 204.593530 seconds.

chan =

     2

Elapsed time is 196.369360 seconds.

chan =

     3

Elapsed time is 198.827118 seconds.

chan =

     4

Elapsed time is 203.382713 seconds.

chan =

     5

Elapsed time is 205.414372 seconds.

chan =

     6

Elapsed time is 203.930545 seconds.

chan =

     7

Elapsed time is 198.399818 seconds.

chan =

     8

Elapsed time is 200.154461 seconds.

chan =

     9

Elapsed time is 199.590365 seconds.

chan =

    10

Elapsed time is 203.398210 seconds.

chan =

    11

Elapsed time is 200.273751 seconds.

chan =

    12

Elapsed time is 202.354025 seconds.

chan =

    13

Elapsed time is 202.400471 seconds.

chan =

    14

Elapsed time is 201.684750 seconds.

chan =

    15

Elapsed time is 202.382327 seconds.

chan =

    16

Elapsed time is 200.748875 seconds.

chan =

    17

Elapsed time is 200.558796 seconds.

chan =

    18

Elapsed time is 201.187187 seconds.

chan =

    19

Elapsed time is 200.843180 seconds.

chan =

    20

Elapsed time is 202.866025 seconds.

chan =

    21

Elapsed time is 202.155432 seconds.

chan =

    22

Elapsed time is 198.396331 seconds.

chan =

    23

Elapsed time is 201.562643 seconds.

chan =

    24

Elapsed time is 201.300533 seconds.

chan =

    25

Elapsed time is 201.914885 seconds.

chan =

    26

Elapsed time is 198.345723 seconds.

chan =

    27

Elapsed time is 202.415509 seconds.

chan =

    28

Elapsed time is 200.113685 seconds.

chan =

    29

Elapsed time is 200.377011 seconds.

chan =

    30

Elapsed time is 196.906196 seconds.

chan =

    31

Elapsed time is 198.044982 seconds.

chan =

    32

Elapsed time is 199.693342 seconds.

chan =

    33

Elapsed time is 200.467573 seconds.

chan =

    34

Elapsed time is 202.278630 seconds.

chan =

    35

Elapsed time is 199.650886 seconds.

chan =

    36

Elapsed time is 200.359871 seconds.

chan =

    37

Elapsed time is 198.761392 seconds.

chan =

    38

Elapsed time is 201.521685 seconds.

chan =

    39

Elapsed time is 201.861021 seconds.

chan =

    40

Elapsed time is 200.721964 seconds.

chan =

    41

Elapsed time is 201.354138 seconds.

chan =

    42

Elapsed time is 204.778288 seconds.

chan =

    43

Elapsed time is 199.043546 seconds.

chan =

    44

Elapsed time is 201.341154 seconds.

chan =

    45

Elapsed time is 202.673331 seconds.

chan =

    46

Elapsed time is 201.945443 seconds.

chan =

    47

Elapsed time is 203.495412 seconds.

chan =

    48

Elapsed time is 199.396628 seconds.

chan =

    49

Elapsed time is 198.003148 seconds.

chan =

    50

Elapsed time is 201.898886 seconds.

chan =

    51

Elapsed time is 201.574404 seconds.

chan =

    52

Elapsed time is 200.469565 seconds.

chan =

    53

Elapsed time is 203.690928 seconds.

chan =

    54

Elapsed time is 205.520451 seconds.

chan =

    55

Elapsed time is 197.401734 seconds.

chan =

    56

Elapsed time is 199.291557 seconds.

chan =

    57

Elapsed time is 203.467217 seconds.

chan =

    58

Elapsed time is 201.479741 seconds.

chan =

    59

Elapsed time is 202.909373 seconds.

chan =

    60

Elapsed time is 202.613603 seconds.

chan =

    61

Elapsed time is 199.079973 seconds.

chan =

    62

Elapsed time is 199.914146 seconds.

chan =

    63

Elapsed time is 201.894933 seconds.

chan =

    64

Elapsed time is 199.501927 seconds.

chan =

    65

Elapsed time is 199.594624 seconds.

chan =

    66

Elapsed time is 200.867389 seconds.

chan =

    67

Elapsed time is 199.199063 seconds.

chan =

    68

Elapsed time is 202.157151 seconds.

chan =

    69

Elapsed time is 197.248798 seconds.

chan =

    70

Elapsed time is 199.721582 seconds.

chan =

    71

Elapsed time is 200.300743 seconds.

chan =

    72

Elapsed time is 200.899963 seconds.

chan =

    73

Elapsed time is 203.537851 seconds.

chan =

    74

Elapsed time is 200.938736 seconds.

chan =

    75

Elapsed time is 200.357721 seconds.

chan =

    76

Elapsed time is 198.985227 seconds.

chan =

    77

Elapsed time is 197.272917 seconds.

chan =

    78

Elapsed time is 203.557501 seconds.

chan =

    79

Elapsed time is 202.941203 seconds.

chan =

    80

Elapsed time is 203.611088 seconds.

chan =

    81

Elapsed time is 204.344837 seconds.

chan =

    82

Elapsed time is 198.728157 seconds.

chan =

    83

Elapsed time is 197.334328 seconds.

chan =

    84

Elapsed time is 204.388753 seconds.

chan =

    85

Elapsed time is 199.651848 seconds.

chan =

    86

Elapsed time is 199.812093 seconds.

chan =

    87

Elapsed time is 202.683425 seconds.

chan =

    88

Elapsed time is 202.231829 seconds.

chan =

    89

Elapsed time is 201.944276 seconds.

chan =

    90

Elapsed time is 205.610716 seconds.

chan =

    91

Elapsed time is 203.024918 seconds.

chan =

    92

Elapsed time is 202.556007 seconds.

chan =

    93

Elapsed time is 200.078782 seconds.

chan =

    94

Elapsed time is 200.387105 seconds.

chan =

    95

Elapsed time is 198.346824 seconds.

chan =

    96

Elapsed time is 199.731499 seconds.

chan =

    97

Elapsed time is 200.541543 seconds.

chan =

    98

Elapsed time is 192.627011 seconds.

chan =

    99

Elapsed time is 191.982175 seconds.

chan =

   100

Elapsed time is 197.253313 seconds.

chan =

   101

Elapsed time is 202.800945 seconds.

chan =

   102

Elapsed time is 200.626508 seconds.

chan =

   103

Elapsed time is 199.283454 seconds.

chan =

   104

Elapsed time is 200.045559 seconds.

chan =

   105

Elapsed time is 198.851769 seconds.

chan =

   106

Elapsed time is 201.951503 seconds.

