getting started: 2836
attempting file: 2836
going for OH27 42
data loaded: OH27 42
HFB already done

chan =

     1

Elapsed time is 278.712678 seconds.

chan =

     2

Elapsed time is 274.945659 seconds.

chan =

     3

Elapsed time is 273.562991 seconds.

chan =

     4

Elapsed time is 276.521675 seconds.

chan =

     5

Elapsed time is 274.621084 seconds.

chan =

     6

Elapsed time is 273.829987 seconds.

chan =

     7

Elapsed time is 275.947839 seconds.

chan =

     8

Elapsed time is 269.855068 seconds.

chan =

     9

Elapsed time is 266.379506 seconds.

chan =

    10

Elapsed time is 266.212687 seconds.

chan =

    11

Elapsed time is 264.634196 seconds.

chan =

    12

Elapsed time is 266.896748 seconds.

chan =

    13

Elapsed time is 264.784314 seconds.

chan =

    14

Elapsed time is 263.425095 seconds.

chan =

    15

Elapsed time is 265.164611 seconds.

chan =

    16

Elapsed time is 260.944993 seconds.

chan =

    17

Elapsed time is 263.230843 seconds.

chan =

    18

Elapsed time is 263.854725 seconds.

chan =

    19

Elapsed time is 263.044837 seconds.

chan =

    20

Elapsed time is 263.980359 seconds.

chan =

    21

Elapsed time is 264.713026 seconds.

chan =

    22

Elapsed time is 262.404544 seconds.

chan =

    23

Elapsed time is 264.254129 seconds.

chan =

    24

Elapsed time is 261.831310 seconds.

chan =

    25

Elapsed time is 263.684848 seconds.

chan =

    26

Elapsed time is 260.398303 seconds.

chan =

    27

Elapsed time is 262.199696 seconds.

chan =

    28

Elapsed time is 262.593816 seconds.

chan =

    29

Elapsed time is 263.395448 seconds.

chan =

    30

Elapsed time is 261.325380 seconds.

chan =

    31

Elapsed time is 262.423209 seconds.

chan =

    32

Elapsed time is 258.872320 seconds.

chan =

    33

Elapsed time is 263.184100 seconds.

chan =

    34

Elapsed time is 262.969857 seconds.

chan =

    35

Elapsed time is 263.166252 seconds.

chan =

    36

Elapsed time is 262.675734 seconds.

chan =

    37

Elapsed time is 263.605973 seconds.

chan =

    38

Elapsed time is 262.293612 seconds.

chan =

    39

Elapsed time is 262.739851 seconds.

chan =

    40

Elapsed time is 259.791180 seconds.

chan =

    41

Elapsed time is 260.982845 seconds.

chan =

    42

Elapsed time is 259.546125 seconds.

chan =

    43

Elapsed time is 261.026717 seconds.

chan =

    44

Elapsed time is 262.020636 seconds.

chan =

    45

Elapsed time is 263.181884 seconds.

chan =

    46

Elapsed time is 260.699925 seconds.

chan =

    47

Elapsed time is 262.607929 seconds.

chan =

    48

Elapsed time is 263.682848 seconds.

chan =

    49

Elapsed time is 266.222980 seconds.

chan =

    50

Elapsed time is 264.307745 seconds.

chan =

    51

Elapsed time is 265.486120 seconds.

chan =

    52

Elapsed time is 259.651529 seconds.

chan =

    53

Elapsed time is 250.109518 seconds.

chan =

    54

Elapsed time is 258.808214 seconds.

chan =

    55

Elapsed time is 266.224346 seconds.

chan =

    56

Elapsed time is 254.318746 seconds.

chan =

    57

Elapsed time is 291.547853 seconds.

chan =

    58

Elapsed time is 287.340789 seconds.

chan =

    59

Elapsed time is 294.085358 seconds.

chan =

    60

Elapsed time is 290.514378 seconds.

chan =

    61

Elapsed time is 288.347887 seconds.

chan =

    62

Elapsed time is 287.570030 seconds.

chan =

    63

Elapsed time is 283.165274 seconds.

chan =

    64

Elapsed time is 285.343046 seconds.

chan =

    65

Elapsed time is 284.705565 seconds.

chan =

    66

Elapsed time is 285.168367 seconds.

chan =

    67

Elapsed time is 292.139843 seconds.

chan =

    68

Elapsed time is 282.190651 seconds.

chan =

    69

Elapsed time is 292.120227 seconds.

chan =

    70

Elapsed time is 287.378247 seconds.

chan =

    71

Elapsed time is 286.854661 seconds.

chan =

    72

Elapsed time is 290.175432 seconds.

chan =

    73

Elapsed time is 282.506767 seconds.

chan =

    74

Elapsed time is 289.025821 seconds.

chan =

    75

Elapsed time is 300.444463 seconds.

chan =

    76

Elapsed time is 296.948545 seconds.

chan =

    77

Elapsed time is 300.018361 seconds.

chan =

    78

Elapsed time is 295.425330 seconds.

chan =

    79

Elapsed time is 299.369926 seconds.

chan =

    80

Elapsed time is 299.838890 seconds.

chan =

    81

Elapsed time is 298.557160 seconds.

chan =

    82

Elapsed time is 299.544928 seconds.

chan =

    83

Elapsed time is 299.243736 seconds.

chan =

    84

Elapsed time is 296.773135 seconds.

chan =

    85

Elapsed time is 299.380731 seconds.

chan =

    86

Elapsed time is 296.723640 seconds.

chan =

    87

Elapsed time is 298.200062 seconds.

chan =

    88

Elapsed time is 294.659342 seconds.

chan =

    89

Elapsed time is 298.593022 seconds.

chan =

    90

Elapsed time is 252.863251 seconds.

chan =

    91

Elapsed time is 244.260703 seconds.

chan =

    92

Elapsed time is 238.375650 seconds.

chan =

    93

Elapsed time is 227.165953 seconds.

chan =

    94

Elapsed time is 219.371829 seconds.

chan =

    95

Elapsed time is 220.852897 seconds.

chan =

    96

Elapsed time is 221.034921 seconds.

chan =

    97

Elapsed time is 226.104331 seconds.

chan =

    98

Elapsed time is 218.489154 seconds.

chan =

    99

Elapsed time is 218.797831 seconds.

chan =

   100

Elapsed time is 218.449420 seconds.

chan =

   101

Elapsed time is 225.023385 seconds.

chan =

   102

Elapsed time is 223.623956 seconds.

chan =

   103

Elapsed time is 224.069297 seconds.

chan =

   104

Elapsed time is 220.077245 seconds.

chan =

   105

Elapsed time is 221.513539 seconds.

chan =

   106

Elapsed time is 221.100473 seconds.

