getting started: 2839
attempting file: 2839
going for OH27 45
data loaded: OH27 45
HFB already done

chan =

     1

Elapsed time is 282.033470 seconds.

chan =

     2

Elapsed time is 276.538386 seconds.

chan =

     3

Elapsed time is 276.594286 seconds.

chan =

     4

Elapsed time is 278.955269 seconds.

chan =

     5

Elapsed time is 276.336053 seconds.

chan =

     6

Elapsed time is 277.193051 seconds.

chan =

     7

Elapsed time is 277.503929 seconds.

chan =

     8

Elapsed time is 272.757054 seconds.

chan =

     9

Elapsed time is 267.523646 seconds.

chan =

    10

Elapsed time is 268.254541 seconds.

chan =

    11

Elapsed time is 267.514106 seconds.

chan =

    12

Elapsed time is 269.034552 seconds.

chan =

    13

Elapsed time is 267.285677 seconds.

chan =

    14

Elapsed time is 266.546172 seconds.

chan =

    15

Elapsed time is 266.777942 seconds.

chan =

    16

Elapsed time is 265.195697 seconds.

chan =

    17

Elapsed time is 265.825935 seconds.

chan =

    18

Elapsed time is 267.280597 seconds.

chan =

    19

Elapsed time is 265.990438 seconds.

chan =

    20

Elapsed time is 267.812898 seconds.

chan =

    21

Elapsed time is 267.090492 seconds.

chan =

    22

Elapsed time is 266.674548 seconds.

chan =

    23

Elapsed time is 266.459964 seconds.

chan =

    24

Elapsed time is 267.619131 seconds.

chan =

    25

Elapsed time is 266.376432 seconds.

chan =

    26

Elapsed time is 264.761367 seconds.

chan =

    27

Elapsed time is 265.412352 seconds.

chan =

    28

Elapsed time is 267.931421 seconds.

chan =

    29

Elapsed time is 266.246185 seconds.

chan =

    30

Elapsed time is 267.181195 seconds.

chan =

    31

Elapsed time is 264.289868 seconds.

chan =

    32

Elapsed time is 264.100675 seconds.

chan =

    33

Elapsed time is 266.171636 seconds.

chan =

    34

Elapsed time is 268.256500 seconds.

chan =

    35

Elapsed time is 266.064192 seconds.

chan =

    36

Elapsed time is 267.885331 seconds.

chan =

    37

Elapsed time is 267.713611 seconds.

chan =

    38

Elapsed time is 267.131557 seconds.

chan =

    39

Elapsed time is 265.336142 seconds.

chan =

    40

Elapsed time is 266.119767 seconds.

chan =

    41

Elapsed time is 265.259035 seconds.

chan =

    42

Elapsed time is 265.601475 seconds.

chan =

    43

Elapsed time is 265.381778 seconds.

chan =

    44

Elapsed time is 265.375568 seconds.

chan =

    45

Elapsed time is 266.089061 seconds.

chan =

    46

Elapsed time is 266.233496 seconds.

chan =

    47

Elapsed time is 266.151588 seconds.

chan =

    48

Elapsed time is 270.138977 seconds.

chan =

    49

Elapsed time is 269.727524 seconds.

chan =

    50

Elapsed time is 268.772158 seconds.

chan =

    51

Elapsed time is 266.194324 seconds.

chan =

    52

Elapsed time is 255.089072 seconds.

chan =

    53

Elapsed time is 260.009343 seconds.

chan =

    54

Elapsed time is 269.364402 seconds.

chan =

    55

Elapsed time is 265.652072 seconds.

chan =

    56

Elapsed time is 283.191811 seconds.

chan =

    57

Elapsed time is 293.748732 seconds.

chan =

    58

Elapsed time is 294.798771 seconds.

chan =

    59

Elapsed time is 297.379453 seconds.

chan =

    60

Elapsed time is 292.691373 seconds.

chan =

    61

Elapsed time is 296.103688 seconds.

chan =

    62

Elapsed time is 289.335152 seconds.

chan =

    63

Elapsed time is 294.649402 seconds.

chan =

    64

Elapsed time is 293.386093 seconds.

chan =

    65

Elapsed time is 288.302085 seconds.

chan =

    66

Elapsed time is 297.012997 seconds.

chan =

    67

Elapsed time is 289.710235 seconds.

chan =

    68

Elapsed time is 299.382788 seconds.

chan =

    69

Elapsed time is 295.189424 seconds.

chan =

    70

Elapsed time is 289.380672 seconds.

chan =

    71

Elapsed time is 296.554043 seconds.

chan =

    72

Elapsed time is 288.159102 seconds.

chan =

    73

Elapsed time is 296.126937 seconds.

chan =

    74

Elapsed time is 302.795674 seconds.

chan =

    75

Elapsed time is 299.827735 seconds.

chan =

    76

Elapsed time is 301.835593 seconds.

chan =

    77

Elapsed time is 296.674207 seconds.

chan =

    78

Elapsed time is 301.961942 seconds.

chan =

    79

Elapsed time is 301.537630 seconds.

chan =

    80

Elapsed time is 302.880653 seconds.

chan =

    81

Elapsed time is 304.195417 seconds.

chan =

    82

Elapsed time is 301.900424 seconds.

chan =

    83

Elapsed time is 300.978085 seconds.

chan =

    84

Elapsed time is 301.265100 seconds.

chan =

    85

Elapsed time is 301.539741 seconds.

chan =

    86

Elapsed time is 297.994933 seconds.

chan =

    87

Elapsed time is 298.930413 seconds.

chan =

    88

Elapsed time is 290.157971 seconds.

chan =

    89

Elapsed time is 252.953473 seconds.

chan =

    90

Elapsed time is 246.762117 seconds.

chan =

    91

Elapsed time is 239.699298 seconds.

chan =

    92

Elapsed time is 226.278583 seconds.

chan =

    93

Elapsed time is 223.655326 seconds.

chan =

    94

Elapsed time is 222.942769 seconds.

chan =

    95

Elapsed time is 227.205047 seconds.

chan =

    96

Elapsed time is 225.296597 seconds.

chan =

    97

Elapsed time is 222.696624 seconds.

chan =

    98

Elapsed time is 222.905678 seconds.

chan =

    99

Elapsed time is 221.069759 seconds.

chan =

   100

Elapsed time is 225.211597 seconds.

chan =

   101

Elapsed time is 227.011796 seconds.

chan =

   102

Elapsed time is 225.890658 seconds.

chan =

   103

Elapsed time is 223.816190 seconds.

chan =

   104

Elapsed time is 223.238971 seconds.

chan =

   105

Elapsed time is 222.869415 seconds.

chan =

   106

Elapsed time is 217.839974 seconds.

