getting started: 2879
attempting file: 2879
going for OH27 85
data loaded: OH27 85
HFB already done

chan =

     1

Elapsed time is 223.915956 seconds.

chan =

     2

Elapsed time is 212.723876 seconds.

chan =

     3

Elapsed time is 217.776233 seconds.

chan =

     4

Elapsed time is 218.541365 seconds.

chan =

     5

Elapsed time is 218.418203 seconds.

chan =

     6

Elapsed time is 226.132560 seconds.

chan =

     7

Elapsed time is 225.149618 seconds.

chan =

     8

Elapsed time is 222.583293 seconds.

chan =

     9

Elapsed time is 237.262749 seconds.

chan =

    10

Elapsed time is 225.191332 seconds.

chan =

    11

Elapsed time is 223.826996 seconds.

chan =

    12

Elapsed time is 228.756983 seconds.

chan =

    13

Elapsed time is 229.197687 seconds.

chan =

    14

Elapsed time is 226.805210 seconds.

chan =

    15

Elapsed time is 228.782016 seconds.

chan =

    16

Elapsed time is 222.579589 seconds.

chan =

    17

Elapsed time is 227.297926 seconds.

chan =

    18

Elapsed time is 226.396815 seconds.

chan =

    19

Elapsed time is 224.492273 seconds.

chan =

    20

Elapsed time is 228.353634 seconds.

chan =

    21

Elapsed time is 230.563994 seconds.

chan =

    22

Elapsed time is 224.905635 seconds.

chan =

    23

Elapsed time is 231.910909 seconds.

chan =

    24

Elapsed time is 224.812722 seconds.

chan =

    25

Elapsed time is 228.135914 seconds.

chan =

    26

Elapsed time is 223.763247 seconds.

chan =

    27

Elapsed time is 230.017182 seconds.

chan =

    28

Elapsed time is 227.277256 seconds.

chan =

    29

Elapsed time is 229.247553 seconds.

chan =

    30

Elapsed time is 227.864079 seconds.

chan =

    31

Elapsed time is 227.688642 seconds.

chan =

    32

Elapsed time is 222.310586 seconds.

chan =

    33

Elapsed time is 225.633224 seconds.

chan =

    34

Elapsed time is 224.082698 seconds.

chan =

    35

Elapsed time is 230.142684 seconds.

chan =

    36

Elapsed time is 221.486892 seconds.

chan =

    37

Elapsed time is 223.351904 seconds.

chan =

    38

Elapsed time is 230.020688 seconds.

chan =

    39

Elapsed time is 225.967028 seconds.

chan =

    40

Elapsed time is 226.120460 seconds.

chan =

    41

Elapsed time is 231.695143 seconds.

chan =

    42

Elapsed time is 228.897391 seconds.

chan =

    43

Elapsed time is 227.731647 seconds.

chan =

    44

Elapsed time is 226.946659 seconds.

chan =

    45

Elapsed time is 230.296413 seconds.

chan =

    46

Elapsed time is 230.636894 seconds.

chan =

    47

Elapsed time is 232.173689 seconds.

chan =

    48

Elapsed time is 227.776695 seconds.

chan =

    49

Elapsed time is 227.579828 seconds.

chan =

    50

Elapsed time is 227.142233 seconds.

chan =

    51

Elapsed time is 225.420788 seconds.

chan =

    52

Elapsed time is 225.304610 seconds.

chan =

    53

Elapsed time is 228.138455 seconds.

chan =

    54

Elapsed time is 226.713140 seconds.

chan =

    55

Elapsed time is 227.073281 seconds.

chan =

    56

Elapsed time is 228.711606 seconds.

chan =

    57

Elapsed time is 227.727043 seconds.

chan =

    58

Elapsed time is 226.002860 seconds.

chan =

    59

Elapsed time is 224.971166 seconds.

chan =

    60

Elapsed time is 229.023259 seconds.

chan =

    61

Elapsed time is 227.538280 seconds.

chan =

    62

Elapsed time is 225.614391 seconds.

chan =

    63

Elapsed time is 224.802661 seconds.

chan =

    64

Elapsed time is 222.709203 seconds.

chan =

    65

Elapsed time is 225.106865 seconds.

chan =

    66

Elapsed time is 226.786621 seconds.

chan =

    67

Elapsed time is 231.354705 seconds.

chan =

    68

Elapsed time is 229.295460 seconds.

chan =

    69

Elapsed time is 231.260442 seconds.

chan =

    70

Elapsed time is 221.015271 seconds.

chan =

    71

Elapsed time is 223.657762 seconds.

chan =

    72

Elapsed time is 224.193741 seconds.

chan =

    73

Elapsed time is 223.284527 seconds.

chan =

    74

Elapsed time is 226.591698 seconds.

chan =

    75

Elapsed time is 228.627502 seconds.

chan =

    76

Elapsed time is 230.336913 seconds.

chan =

    77

Elapsed time is 230.818382 seconds.

chan =

    78

Elapsed time is 232.104126 seconds.

chan =

    79

Elapsed time is 229.985848 seconds.

chan =

    80

Elapsed time is 227.864976 seconds.

chan =

    81

Elapsed time is 226.146268 seconds.

chan =

    82

Elapsed time is 224.097633 seconds.

chan =

    83

Elapsed time is 230.059395 seconds.

chan =

    84

Elapsed time is 230.863402 seconds.

chan =

    85

Elapsed time is 226.343519 seconds.

chan =

    86

Elapsed time is 224.053235 seconds.

chan =

    87

Elapsed time is 229.858640 seconds.

chan =

    88

Elapsed time is 228.415013 seconds.

chan =

    89

Elapsed time is 224.629870 seconds.

chan =

    90

Elapsed time is 223.769058 seconds.

chan =

    91

Elapsed time is 228.456330 seconds.

chan =

    92

Elapsed time is 228.654170 seconds.

chan =

    93

Elapsed time is 229.903177 seconds.

chan =

    94

Elapsed time is 228.476010 seconds.

chan =

    95

Elapsed time is 227.602260 seconds.

chan =

    96

Elapsed time is 233.478365 seconds.

chan =

    97

Elapsed time is 230.368859 seconds.

chan =

    98

Elapsed time is 230.068008 seconds.

chan =

    99

Elapsed time is 233.195169 seconds.

chan =

   100

Elapsed time is 225.629980 seconds.

chan =

   101

Elapsed time is 235.980721 seconds.

chan =

   102

Elapsed time is 231.114203 seconds.

chan =

   103

Elapsed time is 234.066087 seconds.

chan =

   104

Elapsed time is 227.183720 seconds.

chan =

   105

Elapsed time is 229.160884 seconds.

chan =

   106

Elapsed time is 232.318765 seconds.

