getting started: 2968
attempting file: 2968
going for OH30 67
data loaded: OH30 67
HFB already done

chan =

     1

Elapsed time is 514.169375 seconds.

chan =

     2

Elapsed time is 493.431414 seconds.

chan =

     3

Elapsed time is 490.188518 seconds.

chan =

     4

Elapsed time is 483.461435 seconds.

chan =

     5

Elapsed time is 497.490651 seconds.

chan =

     6

Elapsed time is 510.678148 seconds.

chan =

     7

Elapsed time is 488.665262 seconds.

chan =

     8

Elapsed time is 502.396810 seconds.

chan =

     9

Elapsed time is 492.606955 seconds.

chan =

    10

Elapsed time is 491.187295 seconds.

chan =

    11

Elapsed time is 496.300079 seconds.

chan =

    12

Elapsed time is 486.894063 seconds.

chan =

    13

Elapsed time is 490.479072 seconds.

chan =

    14

Elapsed time is 488.428797 seconds.

chan =

    15

Elapsed time is 489.759376 seconds.

chan =

    16

Elapsed time is 448.889525 seconds.

chan =

    17

Elapsed time is 461.019873 seconds.

chan =

    18

Elapsed time is 456.353769 seconds.

chan =

    19

Elapsed time is 479.972225 seconds.

chan =

    20

Elapsed time is 472.070388 seconds.

chan =

    21

Elapsed time is 504.912065 seconds.

chan =

    22

Elapsed time is 497.803049 seconds.

chan =

    23

Elapsed time is 491.159847 seconds.

chan =

    24

Elapsed time is 507.330983 seconds.

chan =

    25

Elapsed time is 490.619542 seconds.

chan =

    26

Elapsed time is 453.327815 seconds.

chan =

    27

Elapsed time is 472.391534 seconds.

chan =

    28

Elapsed time is 466.316839 seconds.

chan =

    29

Elapsed time is 470.012932 seconds.

chan =

    30

Elapsed time is 440.118638 seconds.

chan =

    31

Elapsed time is 443.866252 seconds.

chan =

    32

Elapsed time is 432.383494 seconds.

chan =

    33

Elapsed time is 419.653686 seconds.

chan =

    34

Elapsed time is 425.467244 seconds.

chan =

    35

Elapsed time is 418.509605 seconds.

chan =

    36

Elapsed time is 430.044315 seconds.

chan =

    37

Elapsed time is 432.101074 seconds.

chan =

    38

Elapsed time is 430.574434 seconds.

chan =

    39

Elapsed time is 428.042482 seconds.

chan =

    40

Elapsed time is 431.754360 seconds.

chan =

    41

Elapsed time is 430.074374 seconds.

chan =

    42

Elapsed time is 431.265971 seconds.

chan =

    43

Elapsed time is 433.083993 seconds.

chan =

    44

Elapsed time is 433.058251 seconds.

chan =

    45

Elapsed time is 425.444325 seconds.

chan =

    46

Elapsed time is 423.479794 seconds.

chan =

    47

Elapsed time is 423.870038 seconds.

chan =

    48

Elapsed time is 421.844468 seconds.

chan =

    49

Elapsed time is 427.819077 seconds.

chan =

    50

Elapsed time is 422.300253 seconds.

chan =

    51

Elapsed time is 421.894040 seconds.

chan =

    52

Elapsed time is 423.203223 seconds.

chan =

    53

Elapsed time is 425.441286 seconds.

chan =

    54

Elapsed time is 423.499164 seconds.

chan =

    55

Elapsed time is 413.871416 seconds.

chan =

    56

Elapsed time is 413.904842 seconds.

chan =

    57

Elapsed time is 417.891451 seconds.

chan =

    58

Elapsed time is 417.237366 seconds.

chan =

    59

Elapsed time is 403.983677 seconds.

chan =

    60

Elapsed time is 402.654343 seconds.

chan =

    61

Elapsed time is 411.378344 seconds.

chan =

    62

Elapsed time is 389.404293 seconds.

chan =

    63

Elapsed time is 390.343948 seconds.

chan =

    64

Elapsed time is 385.635006 seconds.

chan =

    65

Elapsed time is 382.665773 seconds.

chan =

    66

Elapsed time is 553.868082 seconds.

chan =

    67

Elapsed time is 571.455154 seconds.

chan =

    68

Elapsed time is 569.993880 seconds.

chan =

    69

Elapsed time is 558.581090 seconds.

chan =

    70

Elapsed time is 562.532256 seconds.

chan =

    71

Elapsed time is 553.033921 seconds.

chan =

    72

Elapsed time is 557.787406 seconds.

chan =

    73

Elapsed time is 570.223944 seconds.

chan =

    74

Elapsed time is 569.406551 seconds.

chan =

    75

Elapsed time is 568.088376 seconds.

chan =

    76

Elapsed time is 574.273514 seconds.

chan =

    77

Elapsed time is 576.340221 seconds.

chan =

    78

Elapsed time is 575.826634 seconds.

chan =

    79

Elapsed time is 573.706631 seconds.

chan =

    80

Elapsed time is 575.080748 seconds.

chan =

    81

Elapsed time is 575.774655 seconds.

chan =

    82

Elapsed time is 569.744494 seconds.

chan =

    83

Elapsed time is 582.945378 seconds.

chan =

    84

Elapsed time is 576.993777 seconds.

chan =

    85

Elapsed time is 580.605707 seconds.

chan =

    86

Elapsed time is 567.302366 seconds.

chan =

    87

Elapsed time is 566.420510 seconds.

chan =

    88

Elapsed time is 564.918631 seconds.

chan =

    89

Elapsed time is 581.542951 seconds.

chan =

    90

Elapsed time is 566.740763 seconds.

chan =

    91

Elapsed time is 549.667051 seconds.

chan =

    92

Elapsed time is 387.465980 seconds.

chan =

    93

Elapsed time is 385.426295 seconds.

chan =

    94

Elapsed time is 377.426930 seconds.

chan =

    95

Elapsed time is 378.797503 seconds.

chan =

    96

Elapsed time is 381.362553 seconds.

chan =

    97

Elapsed time is 374.911687 seconds.

chan =

    98

Elapsed time is 368.802041 seconds.

chan =

    99

Elapsed time is 375.474260 seconds.

chan =

   100

Elapsed time is 377.866515 seconds.

chan =

   101

Elapsed time is 374.880992 seconds.

chan =

   102

Elapsed time is 371.323978 seconds.

chan =

   103

Elapsed time is 372.220348 seconds.

chan =

   104

Elapsed time is 369.670112 seconds.

chan =

   105

Elapsed time is 372.361140 seconds.

chan =

   106

Elapsed time is 372.243747 seconds.

chan =

   107

Elapsed time is 373.344109 seconds.

chan =

   108

Elapsed time is 365.242169 seconds.

chan =

   109

Elapsed time is 364.583626 seconds.

chan =

   110

Elapsed time is 366.317500 seconds.

chan =

   111

Elapsed time is 367.556650 seconds.

chan =

   112

Elapsed time is 372.771770 seconds.

chan =

   113

Elapsed time is 370.708970 seconds.

chan =

   114

Elapsed time is 369.845685 seconds.

chan =

   115

Elapsed time is 372.199787 seconds.

chan =

   116

Elapsed time is 369.724559 seconds.

chan =

   117

Elapsed time is 367.167913 seconds.

chan =

   118

Elapsed time is 362.224994 seconds.

chan =

   119

Elapsed time is 366.729146 seconds.

chan =

   120

Elapsed time is 360.503033 seconds.

chan =

   121

Elapsed time is 356.328306 seconds.

chan =

   122

Elapsed time is 354.611164 seconds.

chan =

   123

Elapsed time is 354.494119 seconds.

chan =

   124

Elapsed time is 354.341904 seconds.

chan =

   125

Elapsed time is 357.000098 seconds.

chan =

   126

Elapsed time is 359.309935 seconds.

chan =

   127

Elapsed time is 363.993693 seconds.

chan =

   128

Elapsed time is 358.959171 seconds.

chan =

   129

Elapsed time is 356.694746 seconds.

chan =

   130

Elapsed time is 353.389656 seconds.

chan =

   131

Elapsed time is 352.422111 seconds.

chan =

   132

Elapsed time is 356.611908 seconds.

chan =

   133

Elapsed time is 359.738001 seconds.

chan =

   134

Elapsed time is 361.806209 seconds.

chan =

   135

Elapsed time is 359.982037 seconds.

chan =

   136

Elapsed time is 357.706206 seconds.

chan =

   137

Elapsed time is 353.983563 seconds.

chan =

   138

Elapsed time is 358.306111 seconds.

chan =

   139

Elapsed time is 356.627989 seconds.
attempting saving
save success: /projects/p31578/dtf8829/QuestConnect/CHANDAT/chanDat_OH30_067.mat
working on TF
encoding done
encoding RT done
