getting started: 2934
attempting file: 2934
going for OH30 33
data loaded: OH30 33
HFB already done

chan =

     1

Elapsed time is 519.681485 seconds.

chan =

     2

Elapsed time is 520.977785 seconds.

chan =

     3

Elapsed time is 538.088548 seconds.

chan =

     4

Elapsed time is 565.352690 seconds.

chan =

     5

Elapsed time is 570.849066 seconds.

chan =

     6

Elapsed time is 568.081318 seconds.

chan =

     7

Elapsed time is 570.040248 seconds.

chan =

     8

Elapsed time is 565.640909 seconds.

chan =

     9

Elapsed time is 561.959649 seconds.

chan =

    10

Elapsed time is 559.141177 seconds.

chan =

    11

Elapsed time is 555.297020 seconds.

chan =

    12

Elapsed time is 558.823312 seconds.

chan =

    13

Elapsed time is 554.714987 seconds.

chan =

    14

Elapsed time is 529.804066 seconds.

chan =

    15

Elapsed time is 548.023546 seconds.

chan =

    16

Elapsed time is 557.667843 seconds.

chan =

    17

Elapsed time is 551.009969 seconds.

chan =

    18

Elapsed time is 545.323002 seconds.

chan =

    19

Elapsed time is 561.121145 seconds.

chan =

    20

Elapsed time is 555.206662 seconds.

chan =

    21

Elapsed time is 560.954910 seconds.

chan =

    22

Elapsed time is 563.377840 seconds.

chan =

    23

Elapsed time is 557.910641 seconds.

chan =

    24

Elapsed time is 556.678001 seconds.

chan =

    25

Elapsed time is 562.079032 seconds.

chan =

    26

Elapsed time is 556.648132 seconds.

chan =

    27

Elapsed time is 561.762863 seconds.

chan =

    28

Elapsed time is 554.659808 seconds.

chan =

    29

Elapsed time is 562.800923 seconds.

chan =

    30

Elapsed time is 563.852092 seconds.

chan =

    31

Elapsed time is 558.727062 seconds.

chan =

    32

Elapsed time is 561.001906 seconds.

chan =

    33

Elapsed time is 552.639728 seconds.

chan =

    34

Elapsed time is 549.419179 seconds.

chan =

    35

Elapsed time is 561.249847 seconds.

chan =

    36

Elapsed time is 552.508859 seconds.

chan =

    37

Elapsed time is 563.386465 seconds.

chan =

    38

Elapsed time is 562.167062 seconds.

chan =

    39

Elapsed time is 547.882276 seconds.

chan =

    40

Elapsed time is 561.836655 seconds.

chan =

    41

Elapsed time is 560.553198 seconds.

chan =

    42

Elapsed time is 554.073513 seconds.

chan =

    43

Elapsed time is 558.417274 seconds.

chan =

    44

Elapsed time is 560.244788 seconds.

chan =

    45

Elapsed time is 561.163648 seconds.

chan =

    46

Elapsed time is 560.344310 seconds.

chan =

    47

Elapsed time is 548.177408 seconds.

chan =

    48

Elapsed time is 558.870974 seconds.

chan =

    49

Elapsed time is 558.397032 seconds.

chan =

    50

Elapsed time is 549.811934 seconds.

chan =

    51

Elapsed time is 559.244280 seconds.

chan =

    52

Elapsed time is 549.062407 seconds.

chan =

    53

Elapsed time is 553.709369 seconds.

chan =

    54

Elapsed time is 559.423102 seconds.

chan =

    55

Elapsed time is 555.158101 seconds.

chan =

    56

Elapsed time is 559.082308 seconds.

chan =

    57

Elapsed time is 555.418971 seconds.

chan =

    58

Elapsed time is 550.886626 seconds.

chan =

    59

Elapsed time is 557.224218 seconds.

chan =

    60

Elapsed time is 540.252734 seconds.

chan =

    61

Elapsed time is 529.934641 seconds.

chan =

    62

Elapsed time is 522.320138 seconds.

chan =

    63

Elapsed time is 503.796670 seconds.

chan =

    64

Elapsed time is 514.051425 seconds.

chan =

    65

Elapsed time is 519.252386 seconds.

chan =

    66

Elapsed time is 511.167854 seconds.

chan =

    67

Elapsed time is 516.175505 seconds.

chan =

    68

Elapsed time is 512.080290 seconds.

chan =

    69

Elapsed time is 519.354712 seconds.

chan =

    70

Elapsed time is 515.002049 seconds.

chan =

    71

Elapsed time is 512.378798 seconds.

chan =

    72

Elapsed time is 515.757645 seconds.

chan =

    73

Elapsed time is 520.809236 seconds.

chan =

    74

Elapsed time is 492.825453 seconds.

chan =

    75

Elapsed time is 514.519126 seconds.

chan =

    76

Elapsed time is 517.766049 seconds.

chan =

    77

Elapsed time is 501.383838 seconds.

chan =

    78

Elapsed time is 512.428311 seconds.

chan =

    79

Elapsed time is 499.961470 seconds.

chan =

    80

Elapsed time is 498.166706 seconds.

chan =

    81

Elapsed time is 516.154232 seconds.

chan =

    82

Elapsed time is 502.082953 seconds.

chan =

    83

Elapsed time is 515.760933 seconds.

chan =

    84

Elapsed time is 515.124415 seconds.

chan =

    85

Elapsed time is 502.297736 seconds.

chan =

    86

Elapsed time is 515.411808 seconds.

chan =

    87

Elapsed time is 513.196050 seconds.

chan =

    88

Elapsed time is 505.490417 seconds.

chan =

    89

Elapsed time is 519.393909 seconds.

chan =

    90

Elapsed time is 517.398709 seconds.

chan =

    91

Elapsed time is 498.969628 seconds.

chan =

    92

Elapsed time is 517.765060 seconds.

chan =

    93

Elapsed time is 506.409234 seconds.

chan =

    94

Elapsed time is 440.968439 seconds.

chan =

    95

Elapsed time is 431.413641 seconds.

chan =

    96

Elapsed time is 433.758848 seconds.

chan =

    97

Elapsed time is 441.586867 seconds.

chan =

    98

Elapsed time is 565.272294 seconds.

chan =

    99

Elapsed time is 564.433334 seconds.

chan =

   100

Elapsed time is 564.121692 seconds.

chan =

   101

Elapsed time is 561.863048 seconds.

chan =

   102

Elapsed time is 557.197674 seconds.

chan =

   103

Elapsed time is 560.061451 seconds.

chan =

   104

Elapsed time is 559.704535 seconds.

chan =

   105

Elapsed time is 556.378710 seconds.

chan =

   106

Elapsed time is 563.872549 seconds.

chan =

   107

Elapsed time is 561.765803 seconds.

chan =

   108

Elapsed time is 564.643111 seconds.

chan =

   109

Elapsed time is 560.834712 seconds.

chan =

   110

Elapsed time is 556.774534 seconds.

chan =

   111

Elapsed time is 562.495538 seconds.

chan =

   112

Elapsed time is 560.734252 seconds.

chan =

   113

Elapsed time is 565.131748 seconds.

chan =

   114

Elapsed time is 548.446649 seconds.

chan =

   115

Elapsed time is 538.155130 seconds.

chan =

   116

Elapsed time is 532.665556 seconds.

chan =

   117

Elapsed time is 547.606481 seconds.

chan =

   118

Elapsed time is 556.514433 seconds.

chan =

   119

Elapsed time is 564.365885 seconds.

chan =

   120

Elapsed time is 563.284758 seconds.

chan =

   121

Elapsed time is 565.316020 seconds.

chan =

   122

Elapsed time is 561.595012 seconds.

chan =

   123

Elapsed time is 560.755583 seconds.

chan =

   124

Elapsed time is 565.541389 seconds.

chan =

   125

Elapsed time is 564.231776 seconds.

chan =

   126

