getting started: 2987
attempting file: 2987
going for OH30 86
data loaded: OH30 86
HFB already done

chan =

     1

Elapsed time is 533.710932 seconds.

chan =

     2

Elapsed time is 525.485482 seconds.

chan =

     3

Elapsed time is 535.856755 seconds.

chan =

     4

Elapsed time is 538.029708 seconds.

chan =

     5

Elapsed time is 541.188447 seconds.

chan =

     6

Elapsed time is 538.859032 seconds.

chan =

     7

Elapsed time is 539.211594 seconds.

chan =

     8

Elapsed time is 534.168169 seconds.

chan =

     9

Elapsed time is 539.635929 seconds.

chan =

    10

Elapsed time is 534.306372 seconds.

chan =

    11

Elapsed time is 534.921527 seconds.

chan =

    12

Elapsed time is 536.412296 seconds.

chan =

    13

Elapsed time is 536.211597 seconds.

chan =

    14

Elapsed time is 533.321825 seconds.

chan =

    15

Elapsed time is 537.832223 seconds.

chan =

    16

Elapsed time is 533.689754 seconds.

chan =

    17

Elapsed time is 532.052590 seconds.

chan =

    18

Elapsed time is 532.399588 seconds.

chan =

    19

Elapsed time is 536.815536 seconds.

chan =

    20

Elapsed time is 532.468043 seconds.

chan =

    21

Elapsed time is 534.669777 seconds.

chan =

    22

Elapsed time is 532.201543 seconds.

chan =

    23

Elapsed time is 537.535199 seconds.

chan =

    24

Elapsed time is 532.422868 seconds.

chan =

    25

Elapsed time is 537.061020 seconds.

chan =

    26

Elapsed time is 533.020516 seconds.

chan =

    27

Elapsed time is 537.355195 seconds.

chan =

    28

Elapsed time is 533.082330 seconds.

chan =

    29

Elapsed time is 537.216326 seconds.

chan =

    30

Elapsed time is 534.683102 seconds.

chan =

    31

Elapsed time is 535.855733 seconds.

chan =

    32

Elapsed time is 534.046090 seconds.

chan =

    33

Elapsed time is 535.608058 seconds.

chan =

    34

Elapsed time is 531.585003 seconds.

chan =

    35

Elapsed time is 537.414801 seconds.

chan =

    36

Elapsed time is 535.667030 seconds.

chan =

    37

Elapsed time is 536.912227 seconds.

chan =

    38

Elapsed time is 532.766421 seconds.

chan =

    39

Elapsed time is 534.875884 seconds.

chan =

    40

Elapsed time is 535.060267 seconds.

chan =

    41

Elapsed time is 534.174480 seconds.

chan =

    42

Elapsed time is 532.726476 seconds.

chan =

    43

Elapsed time is 535.648533 seconds.

chan =

    44

Elapsed time is 535.792224 seconds.

chan =

    45

Elapsed time is 535.284329 seconds.

chan =

    46

Elapsed time is 533.066661 seconds.

chan =

    47

Elapsed time is 533.958676 seconds.

chan =

    48

Elapsed time is 530.305376 seconds.

chan =

    49

Elapsed time is 538.388106 seconds.

chan =

    50

Elapsed time is 535.430949 seconds.

chan =

    51

Elapsed time is 538.685868 seconds.

chan =

    52

Elapsed time is 534.950877 seconds.

chan =

    53

Elapsed time is 536.629502 seconds.

chan =

    54

Elapsed time is 537.353502 seconds.

chan =

    55

Elapsed time is 537.722557 seconds.

chan =

    56

Elapsed time is 539.399065 seconds.

chan =

    57

Elapsed time is 535.377941 seconds.

chan =

    58

Elapsed time is 536.653988 seconds.

chan =

    59

Elapsed time is 534.883370 seconds.

chan =

    60

Elapsed time is 536.724928 seconds.

chan =

    61

Elapsed time is 535.414488 seconds.

chan =

    62

Elapsed time is 533.444088 seconds.

chan =

    63

Elapsed time is 527.781939 seconds.

chan =

    64

Elapsed time is 524.193523 seconds.

chan =

    65

Elapsed time is 526.581875 seconds.

chan =

    66

Elapsed time is 523.925046 seconds.

chan =

    67

Elapsed time is 522.596161 seconds.

chan =

    68

Elapsed time is 524.989279 seconds.

chan =

    69

Elapsed time is 526.005392 seconds.

chan =

    70

Elapsed time is 522.669352 seconds.

chan =

    71

Elapsed time is 526.586633 seconds.

chan =

    72

Elapsed time is 523.368257 seconds.

chan =

    73

Elapsed time is 526.087630 seconds.

chan =

    74

Elapsed time is 524.444818 seconds.

chan =

    75

Elapsed time is 526.795067 seconds.

chan =

    76

Elapsed time is 524.949258 seconds.

chan =

    77

Elapsed time is 524.260813 seconds.

chan =

    78

Elapsed time is 523.999468 seconds.

chan =

    79

Elapsed time is 524.364291 seconds.

chan =

    80

Elapsed time is 524.981407 seconds.

chan =

    81

Elapsed time is 525.407384 seconds.

chan =

    82

Elapsed time is 523.786107 seconds.

chan =

    83

Elapsed time is 527.981186 seconds.

chan =

    84

Elapsed time is 524.371652 seconds.

chan =

    85

Elapsed time is 526.163373 seconds.

chan =

    86

Elapsed time is 523.964774 seconds.

chan =

    87

Elapsed time is 527.992375 seconds.

chan =

    88

Elapsed time is 527.575992 seconds.

chan =

    89

Elapsed time is 528.707959 seconds.

chan =

    90

Elapsed time is 526.273417 seconds.

chan =

    91

Elapsed time is 529.991678 seconds.

chan =

    92

Elapsed time is 525.499644 seconds.

chan =

    93

Elapsed time is 529.870763 seconds.

chan =

    94

Elapsed time is 521.488144 seconds.

chan =

    95

Elapsed time is 530.339523 seconds.

chan =

    96

Elapsed time is 524.355472 seconds.

chan =

    97

Elapsed time is 528.463247 seconds.

chan =

    98

Elapsed time is 525.553648 seconds.

chan =

    99

Elapsed time is 528.999572 seconds.

chan =

   100

Elapsed time is 525.346455 seconds.

chan =

   101

Elapsed time is 523.419562 seconds.

chan =

   102

Elapsed time is 521.116795 seconds.

chan =

   103

Elapsed time is 524.929545 seconds.

chan =

   104

Elapsed time is 524.275259 seconds.

chan =

   105

Elapsed time is 523.113868 seconds.

chan =

   106

Elapsed time is 524.531121 seconds.

chan =

   107

Elapsed time is 522.646307 seconds.

chan =

   108

Elapsed time is 521.570489 seconds.

chan =

   109

Elapsed time is 520.644162 seconds.

chan =

   110

Elapsed time is 519.770011 seconds.

chan =

   111

Elapsed time is 523.611096 seconds.

chan =

   112

Elapsed time is 521.389718 seconds.

chan =

   113

Elapsed time is 526.514985 seconds.

chan =

   114

Elapsed time is 517.765180 seconds.

chan =

   115

Elapsed time is 524.584329 seconds.

chan =

   116

Elapsed time is 518.026231 seconds.

chan =

   117

Elapsed time is 522.527276 seconds.

chan =

   118

Elapsed time is 518.478194 seconds.

chan =

   119

Elapsed time is 525.643346 seconds.

chan =

   120

Elapsed time is 523.621524 seconds.

chan =

   121

Elapsed time is 525.216229 seconds.

chan =

   122

Elapsed time is 522.304426 seconds.

chan =

   123

Elapsed time is 520.697486 seconds.

chan =

   124

Elapsed time is 515.959824 seconds.

chan =

   125

Elapsed time is 521.079442 seconds.

chan =

   126

Elapsed time is 513.535774 seconds.

chan =

   127

Elapsed time is 520.082484 seconds.

chan =

   128

