getting started: 2845
attempting file: 2845
going for OH27 51
data loaded: OH27 51
HFB already done

chan =

     1

Elapsed time is 220.396209 seconds.

chan =

     2

Elapsed time is 217.415443 seconds.

chan =

     3

Elapsed time is 217.032454 seconds.

chan =

     4

Elapsed time is 219.056214 seconds.

chan =

     5

Elapsed time is 219.391350 seconds.

chan =

     6

Elapsed time is 220.702976 seconds.

chan =

     7

Elapsed time is 219.171684 seconds.

chan =

     8

Elapsed time is 217.561908 seconds.

chan =

     9

Elapsed time is 219.533987 seconds.

chan =

    10

Elapsed time is 219.616922 seconds.

chan =

    11

Elapsed time is 217.874386 seconds.

chan =

    12

Elapsed time is 220.463201 seconds.

chan =

    13

Elapsed time is 217.103436 seconds.

chan =

    14

Elapsed time is 215.758039 seconds.

chan =

    15

Elapsed time is 217.742126 seconds.

chan =

    16

Elapsed time is 218.730694 seconds.

chan =

    17

Elapsed time is 217.831456 seconds.

chan =

    18

Elapsed time is 219.249116 seconds.

chan =

    19

Elapsed time is 217.520239 seconds.

chan =

    20

Elapsed time is 217.401327 seconds.

chan =

    21

Elapsed time is 220.295764 seconds.

chan =

    22

Elapsed time is 221.256472 seconds.

chan =

    23

Elapsed time is 220.074625 seconds.

chan =

    24

Elapsed time is 217.967752 seconds.

chan =

    25

Elapsed time is 219.803480 seconds.

chan =

    26

Elapsed time is 218.475321 seconds.

chan =

    27

Elapsed time is 218.165448 seconds.

chan =

    28

Elapsed time is 217.214862 seconds.

chan =

    29

Elapsed time is 216.729225 seconds.

chan =

    30

Elapsed time is 218.543127 seconds.

chan =

    31

Elapsed time is 218.008626 seconds.

chan =

    32

Elapsed time is 217.963745 seconds.

chan =

    33

Elapsed time is 220.039013 seconds.

chan =

    34

Elapsed time is 218.510964 seconds.

chan =

    35

Elapsed time is 217.930998 seconds.

chan =

    36

Elapsed time is 219.036294 seconds.

chan =

    37

Elapsed time is 219.275293 seconds.

chan =

    38

Elapsed time is 219.177582 seconds.

chan =

    39

Elapsed time is 219.173862 seconds.

chan =

    40

Elapsed time is 218.423441 seconds.

chan =

    41

Elapsed time is 219.181898 seconds.

chan =

    42

Elapsed time is 217.369564 seconds.

chan =

    43

Elapsed time is 217.630003 seconds.

chan =

    44

Elapsed time is 219.792258 seconds.

chan =

    45

Elapsed time is 220.006048 seconds.

chan =

    46

Elapsed time is 219.881932 seconds.

chan =

    47

Elapsed time is 217.369546 seconds.

chan =

    48

Elapsed time is 218.527303 seconds.

chan =

    49

Elapsed time is 217.464024 seconds.

chan =

    50

Elapsed time is 219.187312 seconds.

chan =

    51

Elapsed time is 218.171620 seconds.

chan =

    52

Elapsed time is 219.023084 seconds.

chan =

    53

Elapsed time is 218.667032 seconds.

chan =

    54

Elapsed time is 220.836841 seconds.

chan =

    55

Elapsed time is 217.290117 seconds.

chan =

    56

Elapsed time is 216.549957 seconds.

chan =

    57

Elapsed time is 215.719651 seconds.

chan =

    58

Elapsed time is 216.315595 seconds.

chan =

    59

Elapsed time is 215.856408 seconds.

chan =

    60

Elapsed time is 216.511426 seconds.

chan =

    61

Elapsed time is 218.241432 seconds.

chan =

    62

Elapsed time is 216.273775 seconds.

chan =

    63

Elapsed time is 216.298588 seconds.

chan =

    64

Elapsed time is 215.778985 seconds.

chan =

    65

Elapsed time is 214.505184 seconds.

chan =

    66

Elapsed time is 216.660061 seconds.

chan =

    67

Elapsed time is 218.634161 seconds.

chan =

    68

Elapsed time is 216.165924 seconds.

chan =

    69

Elapsed time is 214.303025 seconds.

chan =

    70

Elapsed time is 212.701335 seconds.

chan =

    71

Elapsed time is 215.439065 seconds.

chan =

    72

Elapsed time is 215.340999 seconds.

chan =

    73

Elapsed time is 215.070228 seconds.

chan =

    74

Elapsed time is 212.857714 seconds.

chan =

    75

Elapsed time is 211.060922 seconds.

chan =

    76

Elapsed time is 213.535121 seconds.

chan =

    77

Elapsed time is 211.911649 seconds.

chan =

    78

Elapsed time is 213.636671 seconds.

chan =

    79

Elapsed time is 213.298537 seconds.

chan =

    80

Elapsed time is 212.480695 seconds.

chan =

    81

Elapsed time is 214.288143 seconds.

chan =

    82

Elapsed time is 213.741934 seconds.

chan =

    83

Elapsed time is 214.889464 seconds.

chan =

    84

Elapsed time is 212.420174 seconds.

chan =

    85

Elapsed time is 212.368089 seconds.

chan =

    86

Elapsed time is 213.144142 seconds.

chan =

    87

Elapsed time is 213.217918 seconds.

chan =

    88

Elapsed time is 213.180136 seconds.

chan =

    89

Elapsed time is 212.515758 seconds.

chan =

    90

Elapsed time is 213.472273 seconds.

chan =

    91

Elapsed time is 212.357570 seconds.

chan =

    92

Elapsed time is 213.609575 seconds.

chan =

    93

Elapsed time is 211.709924 seconds.

chan =

    94

Elapsed time is 212.750704 seconds.

chan =

    95

Elapsed time is 214.643215 seconds.

chan =

    96

Elapsed time is 213.461843 seconds.

chan =

    97

Elapsed time is 211.540901 seconds.

chan =

    98

Elapsed time is 212.178634 seconds.

chan =

    99

Elapsed time is 210.487092 seconds.

chan =

   100

Elapsed time is 212.445217 seconds.

chan =

   101

Elapsed time is 217.207207 seconds.

chan =

   102

Elapsed time is 214.724245 seconds.

chan =

   103

Elapsed time is 215.165143 seconds.

chan =

   104

Elapsed time is 214.240265 seconds.

chan =

   105

Elapsed time is 214.928501 seconds.

chan =

   106

Elapsed time is 213.840622 seconds.

