getting started: 2911
attempting file: 2911
going for OH30 10
data loaded: OH30 10
HFB already done

chan =

     1

Elapsed time is 604.619968 seconds.

chan =

     2

Elapsed time is 591.217439 seconds.

chan =

     3

Elapsed time is 587.461731 seconds.

chan =

     4

Elapsed time is 586.239942 seconds.

chan =

     5

Elapsed time is 587.504300 seconds.

chan =

     6

Elapsed time is 583.601911 seconds.

chan =

     7

Elapsed time is 582.613836 seconds.

chan =

     8

Elapsed time is 586.984080 seconds.

chan =

     9

Elapsed time is 585.451747 seconds.

chan =

    10

Elapsed time is 576.727290 seconds.

chan =

    11

Elapsed time is 582.092127 seconds.

chan =

    12

Elapsed time is 582.213868 seconds.

chan =

    13

Elapsed time is 582.859926 seconds.

chan =

    14

Elapsed time is 580.780896 seconds.

chan =

    15

Elapsed time is 579.108702 seconds.

chan =

    16

Elapsed time is 576.172337 seconds.

chan =

    17

Elapsed time is 576.878086 seconds.

chan =

    18

Elapsed time is 576.679195 seconds.

chan =

    19

Elapsed time is 576.763681 seconds.

chan =

    20

Elapsed time is 576.618668 seconds.

chan =

    21

Elapsed time is 578.503170 seconds.

chan =

    22

Elapsed time is 577.868570 seconds.

chan =

    23

Elapsed time is 579.941944 seconds.

chan =

    24

Elapsed time is 576.885542 seconds.

chan =

    25

Elapsed time is 581.046862 seconds.

chan =

    26

Elapsed time is 574.674522 seconds.

chan =

    27

Elapsed time is 574.187830 seconds.

chan =

    28

Elapsed time is 576.813960 seconds.

chan =

    29

Elapsed time is 576.307651 seconds.

chan =

    30

Elapsed time is 574.864089 seconds.

chan =

    31

Elapsed time is 577.856242 seconds.

chan =

    32

Elapsed time is 576.625945 seconds.

chan =

    33

Elapsed time is 578.877523 seconds.

chan =

    34

Elapsed time is 577.323641 seconds.

chan =

    35

Elapsed time is 574.447226 seconds.

chan =

    36

Elapsed time is 573.812397 seconds.

chan =

    37

Elapsed time is 576.445726 seconds.

chan =

    38

Elapsed time is 566.525383 seconds.

chan =

    39

Elapsed time is 570.265546 seconds.

chan =

    40

Elapsed time is 577.197812 seconds.

chan =

    41

Elapsed time is 579.033049 seconds.

chan =

    42

Elapsed time is 574.108128 seconds.

chan =

    43

Elapsed time is 575.585723 seconds.

chan =

    44

Elapsed time is 573.146900 seconds.

chan =

    45

Elapsed time is 573.654457 seconds.

chan =

    46

Elapsed time is 574.634704 seconds.

chan =

    47

Elapsed time is 573.015031 seconds.

chan =

    48

Elapsed time is 568.964081 seconds.

chan =

    49

Elapsed time is 579.101081 seconds.

chan =

    50

Elapsed time is 576.000227 seconds.

chan =

    51

Elapsed time is 577.767403 seconds.

chan =

    52

Elapsed time is 574.145296 seconds.

chan =

    53

Elapsed time is 575.669302 seconds.

chan =

    54

Elapsed time is 577.686715 seconds.

chan =

    55

Elapsed time is 575.727186 seconds.

chan =

    56

Elapsed time is 578.312308 seconds.

chan =

    57

Elapsed time is 574.435802 seconds.

chan =

    58

Elapsed time is 574.512554 seconds.

chan =

    59

Elapsed time is 575.356110 seconds.

chan =

    60

Elapsed time is 569.495417 seconds.

chan =

    61

Elapsed time is 572.937776 seconds.

chan =

    62

Elapsed time is 571.802783 seconds.

chan =

    63

Elapsed time is 570.690226 seconds.

chan =

    64

Elapsed time is 575.842708 seconds.

chan =

    65

Elapsed time is 573.416601 seconds.

chan =

    66

Elapsed time is 574.677152 seconds.

chan =

    67

Elapsed time is 569.054819 seconds.

chan =

    68

Elapsed time is 576.242935 seconds.

chan =

    69

Elapsed time is 575.165627 seconds.

chan =

    70

Elapsed time is 574.399550 seconds.

chan =

    71

Elapsed time is 571.887752 seconds.

chan =

    72

Elapsed time is 577.647758 seconds.

chan =

    73

Elapsed time is 574.258502 seconds.

chan =

    74

Elapsed time is 574.786753 seconds.

chan =

    75

Elapsed time is 572.161722 seconds.

chan =

    76

Elapsed time is 572.606316 seconds.

chan =

    77

Elapsed time is 572.911811 seconds.

chan =

    78

Elapsed time is 576.130445 seconds.

chan =

    79

Elapsed time is 575.439900 seconds.

chan =

    80

Elapsed time is 578.886907 seconds.

chan =

    81

Elapsed time is 577.368132 seconds.

chan =

    82

Elapsed time is 576.189098 seconds.

chan =

    83

Elapsed time is 582.580267 seconds.

chan =

    84

Elapsed time is 578.570032 seconds.

chan =

    85

Elapsed time is 579.535027 seconds.

chan =

    86

Elapsed time is 575.831895 seconds.

chan =

    87

Elapsed time is 573.466621 seconds.

chan =

    88

Elapsed time is 575.037192 seconds.

chan =

    89

Elapsed time is 576.422063 seconds.

chan =

    90

Elapsed time is 577.497576 seconds.

chan =

    91

Elapsed time is 579.148223 seconds.

chan =

    92

Elapsed time is 573.569969 seconds.

chan =

    93

Elapsed time is 579.159299 seconds.

chan =

    94

Elapsed time is 573.989939 seconds.

chan =

    95

Elapsed time is 580.449825 seconds.

chan =

    96

Elapsed time is 577.675460 seconds.

chan =

    97

Elapsed time is 580.214923 seconds.

chan =

    98

Elapsed time is 577.762345 seconds.

chan =

    99

Elapsed time is 578.673046 seconds.

chan =

   100

Elapsed time is 575.192106 seconds.

chan =

   101

Elapsed time is 574.768083 seconds.

chan =

   102

Elapsed time is 580.274190 seconds.

chan =

   103

Elapsed time is 582.020309 seconds.

chan =

   104

Elapsed time is 576.005449 seconds.

chan =

   105

Elapsed time is 579.366133 seconds.

chan =

   106

Elapsed time is 568.789530 seconds.

chan =

   107

Elapsed time is 581.197265 seconds.

chan =

   108

Elapsed time is 576.885183 seconds.

chan =

   109

Elapsed time is 583.182102 seconds.

chan =

   110

Elapsed time is 585.030237 seconds.

chan =

   111

Elapsed time is 583.379067 seconds.

chan =

   112

Elapsed time is 570.706951 seconds.

chan =

   113

Elapsed time is 570.009647 seconds.

chan =

   114

Elapsed time is 569.473978 seconds.

chan =

   115

Elapsed time is 571.626282 seconds.

chan =

   116

Elapsed time is 565.267175 seconds.

chan =

   117

Elapsed time is 564.675515 seconds.

chan =

   118

