getting started: 2864
attempting file: 2864
going for OH27 70
data loaded: OH27 70
HFB already done

chan =

     1

Elapsed time is 316.190190 seconds.

chan =

     2

Elapsed time is 311.294494 seconds.

chan =

     3

Elapsed time is 201.819753 seconds.

chan =

     4

Elapsed time is 203.699214 seconds.

chan =

     5

Elapsed time is 217.787017 seconds.

chan =

     6

Elapsed time is 289.697331 seconds.

chan =

     7

Elapsed time is 288.916090 seconds.

chan =

     8

Elapsed time is 287.276441 seconds.

chan =

     9

Elapsed time is 287.816013 seconds.

chan =

    10

Elapsed time is 288.316698 seconds.

chan =

    11

Elapsed time is 287.299092 seconds.

chan =

    12

Elapsed time is 290.792944 seconds.

chan =

    13

Elapsed time is 288.366558 seconds.

chan =

    14

Elapsed time is 289.615439 seconds.

chan =

    15

Elapsed time is 287.939203 seconds.

chan =

    16

Elapsed time is 287.056620 seconds.

chan =

    17

Elapsed time is 286.092482 seconds.

chan =

    18

Elapsed time is 288.585996 seconds.

chan =

    19

Elapsed time is 285.499045 seconds.

chan =

    20

Elapsed time is 289.146955 seconds.

chan =

    21

Elapsed time is 289.305032 seconds.

chan =

    22

Elapsed time is 289.123681 seconds.

chan =

    23

Elapsed time is 288.126596 seconds.

chan =

    24

Elapsed time is 289.253471 seconds.

chan =

    25

Elapsed time is 286.827103 seconds.

chan =

    26

Elapsed time is 287.488553 seconds.

chan =

    27

Elapsed time is 286.325300 seconds.

chan =

    28

Elapsed time is 284.368163 seconds.

chan =

    29

Elapsed time is 278.645347 seconds.

chan =

    30

Elapsed time is 279.190635 seconds.

chan =

    31

Elapsed time is 275.701583 seconds.

chan =

    32

Elapsed time is 273.406194 seconds.

chan =

    33

Elapsed time is 270.122435 seconds.

chan =

    34

Elapsed time is 272.320674 seconds.

chan =

    35

Elapsed time is 276.641471 seconds.

chan =

    36

Elapsed time is 270.320781 seconds.

chan =

    37

Elapsed time is 249.263967 seconds.

chan =

    38

Elapsed time is 255.879232 seconds.

chan =

    39

Elapsed time is 262.260169 seconds.

chan =

    40

Elapsed time is 242.944121 seconds.

chan =

    41

Elapsed time is 250.942346 seconds.

chan =

    42

Elapsed time is 248.510584 seconds.

chan =

    43

Elapsed time is 242.255665 seconds.

chan =

    44

Elapsed time is 249.764132 seconds.

chan =

    45

Elapsed time is 262.433217 seconds.

chan =

    46

Elapsed time is 250.484507 seconds.

chan =

    47

Elapsed time is 250.106687 seconds.

chan =

    48

Elapsed time is 241.025413 seconds.

chan =

    49

Elapsed time is 213.478285 seconds.

chan =

    50

Elapsed time is 246.519447 seconds.

chan =

    51

Elapsed time is 243.028032 seconds.

chan =

    52

Elapsed time is 216.392450 seconds.

chan =

    53

Elapsed time is 203.875259 seconds.

chan =

    54

Elapsed time is 234.550939 seconds.

chan =

    55

Elapsed time is 219.316930 seconds.

chan =

    56

Elapsed time is 201.703428 seconds.

chan =

    57

Elapsed time is 200.413391 seconds.

chan =

    58

Elapsed time is 199.247589 seconds.

chan =

    59

Elapsed time is 198.382848 seconds.

chan =

    60

Elapsed time is 198.776599 seconds.

chan =

    61

Elapsed time is 199.584247 seconds.

chan =

    62

Elapsed time is 199.353967 seconds.

chan =

    63

Elapsed time is 197.999058 seconds.

chan =

    64

Elapsed time is 198.526540 seconds.

chan =

    65

Elapsed time is 195.962274 seconds.

chan =

    66

Elapsed time is 199.822268 seconds.

chan =

    67

Elapsed time is 198.241670 seconds.

chan =

    68

Elapsed time is 200.111573 seconds.

chan =

    69

Elapsed time is 197.457877 seconds.

chan =

    70

Elapsed time is 198.303125 seconds.

chan =

    71

Elapsed time is 198.612245 seconds.

chan =

    72

Elapsed time is 199.382002 seconds.

chan =

    73

Elapsed time is 198.741231 seconds.

chan =

    74

Elapsed time is 198.389026 seconds.

chan =

    75

Elapsed time is 197.953947 seconds.

chan =

    76

Elapsed time is 197.541190 seconds.

chan =

    77

Elapsed time is 197.856598 seconds.

chan =

    78

Elapsed time is 198.934669 seconds.

chan =

    79

Elapsed time is 198.330006 seconds.

chan =

    80

Elapsed time is 198.459271 seconds.

chan =

    81

Elapsed time is 198.658281 seconds.

chan =

    82

Elapsed time is 197.382681 seconds.

chan =

    83

Elapsed time is 197.622153 seconds.

chan =

    84

Elapsed time is 196.323582 seconds.

chan =

    85

Elapsed time is 196.815373 seconds.

chan =

    86

Elapsed time is 195.980140 seconds.

chan =

    87

Elapsed time is 198.267230 seconds.

chan =

    88

Elapsed time is 195.418126 seconds.

chan =

    89

Elapsed time is 198.510043 seconds.

chan =

    90

Elapsed time is 198.247511 seconds.

chan =

    91

Elapsed time is 198.136592 seconds.

chan =

    92

Elapsed time is 197.568403 seconds.

chan =

    93

Elapsed time is 198.151948 seconds.

chan =

    94

Elapsed time is 197.662826 seconds.

chan =

    95

Elapsed time is 197.942264 seconds.

chan =

    96

Elapsed time is 198.039536 seconds.

chan =

    97

Elapsed time is 196.768833 seconds.

chan =

    98

Elapsed time is 197.341704 seconds.

chan =

    99

Elapsed time is 195.227142 seconds.

chan =

   100

Elapsed time is 196.973529 seconds.

chan =

   101

Elapsed time is 199.405245 seconds.

chan =

   102

Elapsed time is 198.906960 seconds.

chan =

   103

Elapsed time is 197.682651 seconds.

chan =

   104

Elapsed time is 199.123380 seconds.

chan =

   105

Elapsed time is 197.334529 seconds.

chan =

   106

Elapsed time is 199.346178 seconds.

