getting started: 2664
attempting file: 2664
going for NM04 27
data loaded: NM04 27
HFB already done

chan =

     1

Elapsed time is 218.218362 seconds.

chan =

     2

Elapsed time is 216.268300 seconds.

chan =

     3

Elapsed time is 214.138329 seconds.

chan =

     4

Elapsed time is 210.086884 seconds.

chan =

     5

Elapsed time is 231.499732 seconds.

chan =

     6

Elapsed time is 232.958947 seconds.

chan =

     7

Elapsed time is 231.385010 seconds.

chan =

     8

Elapsed time is 229.907808 seconds.

chan =

     9

Elapsed time is 228.395320 seconds.

chan =

    10

Elapsed time is 231.148816 seconds.

chan =

    11

Elapsed time is 232.249479 seconds.

chan =

    12

Elapsed time is 232.117032 seconds.

chan =

    13

Elapsed time is 231.362648 seconds.

chan =

    14

Elapsed time is 235.646206 seconds.

chan =

    15

Elapsed time is 231.307551 seconds.

chan =

    16

Elapsed time is 233.312836 seconds.

chan =

    17

Elapsed time is 231.359208 seconds.

chan =

    18

Elapsed time is 232.559351 seconds.

chan =

    19

Elapsed time is 231.168650 seconds.

chan =

    20

Elapsed time is 222.786097 seconds.

chan =

    21

Elapsed time is 225.043684 seconds.

chan =

    22

Elapsed time is 225.630922 seconds.

chan =

    23

Elapsed time is 228.255311 seconds.

chan =

    24

Elapsed time is 225.651131 seconds.

chan =

    25

Elapsed time is 225.250606 seconds.

chan =

    26

Elapsed time is 224.501808 seconds.

chan =

    27

Elapsed time is 226.897941 seconds.

chan =

    28

Elapsed time is 227.088047 seconds.

chan =

    29

Elapsed time is 227.118029 seconds.

chan =

    30

Elapsed time is 225.188440 seconds.

chan =

    31

Elapsed time is 225.571139 seconds.

chan =

    32

Elapsed time is 227.235687 seconds.

chan =

    33

Elapsed time is 226.275980 seconds.

chan =

    34

Elapsed time is 226.898168 seconds.

chan =

    35

Elapsed time is 231.439121 seconds.

chan =

    36

Elapsed time is 274.238054 seconds.

chan =

    37

Elapsed time is 247.500891 seconds.

chan =

    38

Elapsed time is 266.395310 seconds.

chan =

    39

Elapsed time is 223.752066 seconds.

chan =

    40

Elapsed time is 233.973770 seconds.

chan =

    41

Elapsed time is 246.229666 seconds.

chan =

    42

Elapsed time is 253.948638 seconds.

chan =

    43

Elapsed time is 242.050090 seconds.

chan =

    44

Elapsed time is 250.542532 seconds.

chan =

    45

Elapsed time is 235.311960 seconds.

chan =

    46

Elapsed time is 218.820235 seconds.

chan =

    47

Elapsed time is 253.852230 seconds.

chan =

    48

Elapsed time is 233.344014 seconds.

chan =

    49

Elapsed time is 254.045370 seconds.

chan =

    50

Elapsed time is 250.810465 seconds.

chan =

    51

Elapsed time is 214.735222 seconds.

chan =

    52

Elapsed time is 236.225832 seconds.

chan =

    53

Elapsed time is 243.181871 seconds.

chan =

    54

Elapsed time is 255.121986 seconds.

chan =

    55

Elapsed time is 254.415853 seconds.

chan =

    56

Elapsed time is 250.371604 seconds.

chan =

    57

Elapsed time is 259.523406 seconds.

chan =

    58

Elapsed time is 230.268887 seconds.

chan =

    59

Elapsed time is 211.826409 seconds.

chan =

    60

Elapsed time is 216.432072 seconds.

chan =

    61

Elapsed time is 213.228105 seconds.

chan =

    62

Elapsed time is 215.680902 seconds.

chan =

    63

Elapsed time is 216.950039 seconds.

chan =

    64

Elapsed time is 212.845627 seconds.

chan =

    65

Elapsed time is 236.788785 seconds.

chan =

    66

Elapsed time is 234.287755 seconds.

chan =

    67

Elapsed time is 218.221485 seconds.

chan =

    68

Elapsed time is 219.551082 seconds.

chan =

    69

Elapsed time is 216.011585 seconds.

chan =

    70

Elapsed time is 216.945370 seconds.

chan =

    71

Elapsed time is 214.632632 seconds.

chan =

    72

Elapsed time is 213.889612 seconds.

chan =

    73

Elapsed time is 216.429553 seconds.

chan =

    74

Elapsed time is 214.938211 seconds.

chan =

    75

Elapsed time is 219.993571 seconds.

chan =

    76

Elapsed time is 217.834935 seconds.

chan =

    77

Elapsed time is 220.091540 seconds.

chan =

    78

Elapsed time is 217.334929 seconds.

chan =

    79

Elapsed time is 221.333237 seconds.

chan =

    80

Elapsed time is 220.691586 seconds.

chan =

    81

Elapsed time is 219.314546 seconds.

chan =

    82

Elapsed time is 219.609865 seconds.

chan =

    83

Elapsed time is 220.027991 seconds.

chan =

    84

Elapsed time is 218.768023 seconds.

chan =

    85

Elapsed time is 219.887645 seconds.

chan =

    86

Elapsed time is 217.869030 seconds.

chan =

    87

Elapsed time is 219.131202 seconds.

chan =

    88

Elapsed time is 221.827066 seconds.

chan =

    89

Elapsed time is 217.920586 seconds.

chan =

    90

Elapsed time is 219.674992 seconds.

chan =

    91

Elapsed time is 220.741834 seconds.
attempting saving
save success: /projects/p31578/dtf8829/QuestConnect/CHANDAT/chanDat_NM04_027.mat
working on TF
encoding done
encoding RT done
retrieval 1 done
retrieval 2 done
attempting saving
save success: /projects/p31578/dtf8829/QuestConnect/CHANDAT/chanDat_NM04_027.mat
working on ISPC
channel: 1 took 0 minutes
channel: 2 took 0 minutes
channel: 3 took 0 minutes
channel: 4 took 0 minutes
channel: 5 took 0 minutes
channel: 6 took 0 minutes
channel: 7 took 0 minutes
channel: 8 took 0 minutes
channel: 9 took 0 minutes
channel: 10 took 0 minutes
channel: 11 took 0 minutes
channel: 12 took 0 minutes
channel: 13 took 0 minutes
channel: 14 took 0 minutes
channel: 15 took 0 minutes
channel: 16 took 0 minutes
channel: 17 took 0 minutes
channel: 18 took 0 minutes
channel: 19 took 0 minutes
channel: 20 took 0 minutes
channel: 21 took 0 minutes
channel: 22 took 0 minutes
channel: 23 took 0 minutes
channel: 24 took 0 minutes
channel: 25 took 0 minutes
channel: 26 took 0 minutes
channel: 27 took 0 minutes
channel: 28 took 3.1 minutes
channel: 29 took 3.1 minutes
channel: 30 took 3.1 minutes
channel: 31 took 3.1 minutes
channel: 32 took 3.1 minutes
channel: 33 took 3.1 minutes
channel: 34 took 3.1 minutes
channel: 35 took 3.1 minutes
channel: 36 took 3.1 minutes
channel: 37 took 3.1 minutes
channel: 38 took 3.1 minutes
channel: 39 took 3.1 minutes
channel: 40 took 3.1 minutes
channel: 41 took 3.1 minutes
channel: 42 took 3.1 minutes
channel: 43 took 3.1 minutes
channel: 44 took 3.1 minutes
channel: 45 took 3.1 minutes
channel: 46 took 3.1 minutes
channel: 47 took 3.2 minutes
channel: 48 took 3.2 minutes
channel: 49 took 3.2 minutes
channel: 50 took 3.2 minutes
channel: 51 took 3.1 minutes
channel: 52 took 3.2 minutes
channel: 53 took 3.1 minutes
channel: 54 took 3.1 minutes
channel: 55 took 3.1 minutes
channel: 56 took 3.1 minutes
channel: 57 took 3.1 minutes
channel: 58 took 3.1 minutes
channel: 59 took 3.1 minutes
channel: 60 took 3.1 minutes
channel: 61 took 3.1 minutes
channel: 62 took 3.1 minutes
channel: 63 took 3.1 minutes
channel: 64 took 3.2 minutes
channel: 65 took 3.1 minutes
channel: 66 took 3.1 minutes
channel: 67 took 3.2 minutes
channel: 68 took 3.2 minutes
channel: 69 took 3.2 minutes
channel: 70 took 3.2 minutes
channel: 71 took 3.2 minutes
channel: 72 took 3.2 minutes
channel: 73 took 3.2 minutes
channel: 74 took 3.2 minutes
channel: 75 took 3.2 minutes
channel: 76 took 3.1 minutes
channel: 77 took 3.1 minutes
channel: 78 took 3.1 minutes
channel: 79 took 3.1 minutes
channel: 80 took 3.2 minutes
channel: 81 took 3.2 minutes
channel: 82 took 3.1 minutes
channel: 83 took 3.1 minutes
channel: 84 took 3.1 minutes
channel: 85 took 3.1 minutes
channel: 86 took 3.1 minutes
channel: 87 took 3.2 minutes
channel: 88 took 3.5 minutes
channel: 89 took 3.5 minutes
channel: 90 took 3.5 minutes
channel: 91 took 3.5 minutes
attempting saving
save success: /projects/p31578/dtf8829/QuestConnect/CHANDAT/chanDat_NM04_027.mat
Elapsed time is 216.430683 seconds.
