getting started: 2924
attempting file: 2924
going for OH30 23
data loaded: OH30 23
HFB already done

chan =

     1

Elapsed time is 614.488377 seconds.

chan =

     2

Elapsed time is 602.171303 seconds.

chan =

     3

Elapsed time is 600.266714 seconds.

chan =

     4

Elapsed time is 597.093946 seconds.

chan =

     5

Elapsed time is 597.049447 seconds.

chan =

     6

Elapsed time is 598.124189 seconds.

chan =

     7

Elapsed time is 596.010586 seconds.

chan =

     8

Elapsed time is 594.091256 seconds.

chan =

     9

Elapsed time is 596.633608 seconds.

chan =

    10

Elapsed time is 592.198889 seconds.

chan =

    11

Elapsed time is 594.963307 seconds.

chan =

    12

Elapsed time is 592.880248 seconds.

chan =

    13

Elapsed time is 593.178562 seconds.

chan =

    14

Elapsed time is 595.976812 seconds.

chan =

    15

Elapsed time is 591.765365 seconds.

chan =

    16

Elapsed time is 592.215450 seconds.

chan =

    17

Elapsed time is 590.796565 seconds.

chan =

    18

Elapsed time is 592.005718 seconds.

chan =

    19

Elapsed time is 590.012022 seconds.

chan =

    20

Elapsed time is 591.415900 seconds.

chan =

    21

Elapsed time is 593.363508 seconds.

chan =

    22

Elapsed time is 591.738113 seconds.

chan =

    23

Elapsed time is 593.029308 seconds.

chan =

    24

Elapsed time is 591.306235 seconds.

chan =

    25

Elapsed time is 590.064989 seconds.

chan =

    26

Elapsed time is 587.728963 seconds.

chan =

    27

Elapsed time is 587.563263 seconds.

chan =

    28

Elapsed time is 588.569811 seconds.

chan =

    29

Elapsed time is 589.282749 seconds.

chan =

    30

Elapsed time is 587.288110 seconds.

chan =

    31

Elapsed time is 589.271701 seconds.

chan =

    32

Elapsed time is 588.799842 seconds.

chan =

    33

Elapsed time is 592.887818 seconds.

chan =

    34

Elapsed time is 587.448988 seconds.

chan =

    35

Elapsed time is 590.719761 seconds.

chan =

    36

Elapsed time is 588.696684 seconds.

chan =

    37

Elapsed time is 586.479388 seconds.

chan =

    38

Elapsed time is 583.823427 seconds.

chan =

    39

Elapsed time is 589.121381 seconds.

chan =

    40

Elapsed time is 589.717825 seconds.

chan =

    41

Elapsed time is 589.275687 seconds.

chan =

    42

Elapsed time is 586.685286 seconds.

chan =

    43

Elapsed time is 587.031231 seconds.

chan =

    44

Elapsed time is 584.895101 seconds.

chan =

    45

Elapsed time is 590.230472 seconds.

chan =

    46

Elapsed time is 584.116891 seconds.

chan =

    47

Elapsed time is 584.482891 seconds.

chan =

    48

Elapsed time is 581.694358 seconds.

chan =

    49

Elapsed time is 589.668149 seconds.

chan =

    50

Elapsed time is 590.066388 seconds.

chan =

    51

Elapsed time is 589.277198 seconds.

chan =

    52

Elapsed time is 589.602660 seconds.

chan =

    53

Elapsed time is 589.475948 seconds.

chan =

    54

Elapsed time is 586.999882 seconds.

chan =

    55

Elapsed time is 590.842768 seconds.

chan =

    56

Elapsed time is 586.553387 seconds.

chan =

    57

Elapsed time is 588.425134 seconds.

chan =

    58

Elapsed time is 586.643242 seconds.

chan =

    59

Elapsed time is 585.362557 seconds.

chan =

    60

Elapsed time is 584.739351 seconds.

chan =

    61

Elapsed time is 585.518762 seconds.

chan =

    62

Elapsed time is 585.895236 seconds.

chan =

    63

Elapsed time is 588.910624 seconds.

chan =

    64

Elapsed time is 587.027574 seconds.

chan =

    65

Elapsed time is 585.005191 seconds.

chan =

    66

Elapsed time is 586.074653 seconds.

chan =

    67

Elapsed time is 587.361515 seconds.

chan =

    68

Elapsed time is 586.947490 seconds.

chan =

    69

Elapsed time is 589.383875 seconds.

chan =

    70

Elapsed time is 586.490872 seconds.

chan =

    71

Elapsed time is 588.279096 seconds.

chan =

    72

Elapsed time is 587.322219 seconds.

chan =

    73

Elapsed time is 591.448181 seconds.

chan =

    74

Elapsed time is 588.165819 seconds.

chan =

    75

Elapsed time is 589.486686 seconds.

chan =

    76

Elapsed time is 587.486497 seconds.

chan =

    77

Elapsed time is 587.866448 seconds.

chan =

    78

Elapsed time is 590.391362 seconds.

chan =

    79

Elapsed time is 588.760906 seconds.

chan =

    80

Elapsed time is 589.406701 seconds.

chan =

    81

Elapsed time is 594.066430 seconds.

chan =

    82

Elapsed time is 586.118241 seconds.

chan =

    83

Elapsed time is 592.700095 seconds.

chan =

    84

Elapsed time is 590.692644 seconds.

chan =

    85

Elapsed time is 586.724300 seconds.

chan =

    86

Elapsed time is 585.634669 seconds.

chan =

    87

Elapsed time is 585.271308 seconds.

chan =

    88

Elapsed time is 588.213485 seconds.

chan =

    89

Elapsed time is 592.659758 seconds.

chan =

    90

Elapsed time is 590.571013 seconds.

chan =

    91

Elapsed time is 595.244331 seconds.

chan =

    92

Elapsed time is 590.769074 seconds.

chan =

    93

Elapsed time is 590.672568 seconds.

chan =

    94

Elapsed time is 592.566333 seconds.

chan =

    95

Elapsed time is 594.648297 seconds.

chan =

    96

Elapsed time is 591.771514 seconds.

chan =

    97

Elapsed time is 594.626779 seconds.

chan =

    98

Elapsed time is 588.736073 seconds.

chan =

    99

Elapsed time is 599.646173 seconds.

chan =

   100

Elapsed time is 590.297761 seconds.

chan =

   101

Elapsed time is 596.417441 seconds.

chan =

   102

Elapsed time is 587.279882 seconds.

chan =

   103

Elapsed time is 596.985146 seconds.

chan =

   104

Elapsed time is 589.738087 seconds.

chan =

   105

Elapsed time is 597.379897 seconds.

chan =

   106

Elapsed time is 595.094912 seconds.

chan =

   107

Elapsed time is 598.658584 seconds.

chan =

   108

Elapsed time is 595.331279 seconds.

chan =

   109

Elapsed time is 589.217050 seconds.

chan =

   110

Elapsed time is 579.762098 seconds.

chan =

   111

Elapsed time is 583.879000 seconds.

chan =

   112

Elapsed time is 582.094673 seconds.

chan =

   113

Elapsed time is 587.037950 seconds.

chan =

   114

Elapsed time is 583.523022 seconds.

chan =

   115

