getting started: 2948
attempting file: 2948
going for OH30 47
data loaded: OH30 47
HFB already done

chan =

     1

Elapsed time is 556.032669 seconds.

chan =

     2

Elapsed time is 531.224979 seconds.

chan =

     3

Elapsed time is 547.321331 seconds.

chan =

     4

Elapsed time is 566.809483 seconds.

chan =

     5

Elapsed time is 562.815107 seconds.

chan =

     6

Elapsed time is 555.372169 seconds.

chan =

     7

Elapsed time is 563.731466 seconds.

chan =

     8

Elapsed time is 559.500603 seconds.

chan =

     9

Elapsed time is 559.078580 seconds.

chan =

    10

Elapsed time is 556.701714 seconds.

chan =

    11

Elapsed time is 554.184464 seconds.

chan =

    12

Elapsed time is 555.541096 seconds.

chan =

    13

Elapsed time is 549.962213 seconds.

chan =

    14

Elapsed time is 541.083214 seconds.

chan =

    15

Elapsed time is 536.538449 seconds.

chan =

    16

Elapsed time is 541.756887 seconds.

chan =

    17

Elapsed time is 540.069721 seconds.

chan =

    18

Elapsed time is 543.770135 seconds.

chan =

    19

Elapsed time is 548.581391 seconds.

chan =

    20

Elapsed time is 520.774115 seconds.

chan =

    21

Elapsed time is 524.026494 seconds.

chan =

    22

Elapsed time is 527.270243 seconds.

chan =

    23

Elapsed time is 505.237821 seconds.

chan =

    24

Elapsed time is 502.998765 seconds.

chan =

    25

Elapsed time is 469.127247 seconds.

chan =

    26

Elapsed time is 452.803405 seconds.

chan =

    27

Elapsed time is 472.605358 seconds.

chan =

    28

Elapsed time is 483.604635 seconds.

chan =

    29

Elapsed time is 452.900580 seconds.

chan =

    30

Elapsed time is 445.458926 seconds.

chan =

    31

Elapsed time is 456.800759 seconds.

chan =

    32

Elapsed time is 442.909325 seconds.

chan =

    33

Elapsed time is 458.888814 seconds.

chan =

    34

Elapsed time is 466.361511 seconds.

chan =

    35

Elapsed time is 467.143389 seconds.

chan =

    36

Elapsed time is 471.069271 seconds.

chan =

    37

Elapsed time is 468.660515 seconds.

chan =

    38

Elapsed time is 467.662768 seconds.

chan =

    39

Elapsed time is 455.124281 seconds.

chan =

    40

Elapsed time is 459.136692 seconds.

chan =

    41

Elapsed time is 461.264354 seconds.

chan =

    42

Elapsed time is 451.908226 seconds.

chan =

    43

Elapsed time is 447.383892 seconds.

chan =

    44

Elapsed time is 477.670370 seconds.

chan =

    45

Elapsed time is 633.133464 seconds.

chan =

    46

Elapsed time is 635.175653 seconds.

chan =

    47

Elapsed time is 629.520941 seconds.

chan =

    48

Elapsed time is 628.839214 seconds.

chan =

    49

Elapsed time is 640.833366 seconds.

chan =

    50

Elapsed time is 623.716051 seconds.

chan =

    51

Elapsed time is 616.377724 seconds.

chan =

    52

Elapsed time is 619.043456 seconds.

chan =

    53

Elapsed time is 616.645832 seconds.

chan =

    54

Elapsed time is 625.713125 seconds.

chan =

    55

Elapsed time is 632.776482 seconds.

chan =

    56

Elapsed time is 494.151721 seconds.

chan =

    57

Elapsed time is 445.142594 seconds.

chan =

    58

Elapsed time is 441.971167 seconds.

chan =

    59

Elapsed time is 457.510958 seconds.

chan =

    60

Elapsed time is 467.713277 seconds.

chan =

    61

Elapsed time is 498.771878 seconds.

chan =

    62

Elapsed time is 496.226214 seconds.

chan =

    63

Elapsed time is 487.808158 seconds.

chan =

    64

Elapsed time is 489.716637 seconds.

chan =

    65

Elapsed time is 494.137796 seconds.

chan =

    66

Elapsed time is 442.737735 seconds.

chan =

    67

Elapsed time is 440.178136 seconds.

chan =

    68

Elapsed time is 440.250826 seconds.

chan =

    69

Elapsed time is 440.405639 seconds.

chan =

    70

Elapsed time is 442.582857 seconds.

chan =

    71

Elapsed time is 441.908647 seconds.

chan =

    72

Elapsed time is 444.309612 seconds.

chan =

    73

Elapsed time is 441.985950 seconds.

chan =

    74

Elapsed time is 447.115471 seconds.

chan =

    75

Elapsed time is 442.502590 seconds.

chan =

    76

Elapsed time is 446.379947 seconds.

chan =

    77

Elapsed time is 445.918315 seconds.

chan =

    78

Elapsed time is 444.417439 seconds.

chan =

    79

Elapsed time is 444.134918 seconds.

chan =

    80

Elapsed time is 442.622947 seconds.

chan =

    81

Elapsed time is 437.353971 seconds.

chan =

    82

Elapsed time is 442.993534 seconds.

chan =

    83

Elapsed time is 440.845988 seconds.

chan =

    84

Elapsed time is 441.462512 seconds.

chan =

    85

Elapsed time is 440.279156 seconds.

chan =

    86

Elapsed time is 440.029931 seconds.

chan =

    87

Elapsed time is 436.773346 seconds.

chan =

    88

Elapsed time is 435.148571 seconds.

chan =

    89

Elapsed time is 438.548629 seconds.

chan =

    90

Elapsed time is 438.328471 seconds.

chan =

    91

Elapsed time is 437.845088 seconds.

chan =

    92

Elapsed time is 439.072775 seconds.

chan =

    93

Elapsed time is 439.120777 seconds.

chan =

    94

Elapsed time is 436.367924 seconds.

chan =

    95

Elapsed time is 434.385606 seconds.

chan =

    96

Elapsed time is 433.776028 seconds.

chan =

    97

Elapsed time is 433.769475 seconds.

chan =

    98

Elapsed time is 436.781252 seconds.

chan =

    99

Elapsed time is 436.996961 seconds.

chan =

   100

Elapsed time is 437.500559 seconds.

chan =

   101

Elapsed time is 435.657037 seconds.

chan =

   102

Elapsed time is 435.823463 seconds.

chan =

   103

Elapsed time is 437.126243 seconds.

chan =

   104

Elapsed time is 438.426329 seconds.

chan =

   105

Elapsed time is 439.900888 seconds.

chan =

   106

Elapsed time is 438.784867 seconds.

chan =

   107

Elapsed time is 442.023508 seconds.

chan =

   108

Elapsed time is 436.959872 seconds.

chan =

   109

Elapsed time is 431.252902 seconds.

chan =

   110

Elapsed time is 435.183065 seconds.

chan =

   111

Elapsed time is 436.661499 seconds.

chan =

   112

Elapsed time is 437.551940 seconds.

chan =

   113

Elapsed time is 441.279576 seconds.

chan =

   114

Elapsed time is 440.431023 seconds.

chan =

   115

Elapsed time is 435.700849 seconds.

chan =

   116

Elapsed time is 435.072746 seconds.

chan =

   117

Elapsed time is 438.723872 seconds.

chan =

   118

Elapsed time is 431.914549 seconds.

chan =

   119

Elapsed time is 438.396352 seconds.

chan =

   120

Elapsed time is 439.012563 seconds.

chan =

   121

Elapsed time is 436.380318 seconds.

chan =

   122

Elapsed time is 435.383838 seconds.

chan =

   123

Elapsed time is 433.828414 seconds.

chan =

   124

Elapsed time is 434.215813 seconds.

chan =

   125

Elapsed time is 435.881349 seconds.

chan =

   126

Elapsed time is 432.081953 seconds.

chan =

   127

Elapsed time is 432.916011 seconds.

chan =

   128

Elapsed time is 435.211214 seconds.

chan =

   129

Elapsed time is 433.314208 seconds.

chan =

   130

Elapsed time is 434.847650 seconds.

chan =

   131

Elapsed time is 428.753746 seconds.

chan =

   132

Elapsed time is 437.372875 seconds.

chan =

   133

Elapsed time is 435.031011 seconds.

chan =

   134

Elapsed time is 438.671563 seconds.

chan =

   135

Elapsed time is 433.964274 seconds.

chan =

   136

Elapsed time is 433.667040 seconds.

chan =

   137

Elapsed time is 432.741415 seconds.

chan =

   138

Elapsed time is 435.656779 seconds.

chan =

   139

Elapsed time is 431.456240 seconds.
attempting saving
save success: /projects/p31578/dtf8829/QuestConnect/CHANDAT/chanDat_OH30_047.mat
working on TF
encoding done
encoding RT done
