getting started: 2939
attempting file: 2939
going for OH30 38
data loaded: OH30 38
HFB already done

chan =

     1

Elapsed time is 500.147125 seconds.

chan =

     2

Elapsed time is 494.939213 seconds.

chan =

     3

Elapsed time is 504.408802 seconds.

chan =

     4

Elapsed time is 536.839906 seconds.

chan =

     5

Elapsed time is 546.820299 seconds.

chan =

     6

Elapsed time is 546.730109 seconds.

chan =

     7

Elapsed time is 542.369338 seconds.

chan =

     8

Elapsed time is 539.675340 seconds.

chan =

     9

Elapsed time is 539.441794 seconds.

chan =

    10

Elapsed time is 535.919374 seconds.

chan =

    11

Elapsed time is 539.501905 seconds.

chan =

    12

Elapsed time is 538.193839 seconds.

chan =

    13

Elapsed time is 537.644807 seconds.

chan =

    14

Elapsed time is 539.314571 seconds.

chan =

    15

Elapsed time is 529.391949 seconds.

chan =

    16

Elapsed time is 529.143256 seconds.

chan =

    17

Elapsed time is 527.395009 seconds.

chan =

    18

Elapsed time is 529.032137 seconds.

chan =

    19

Elapsed time is 530.194076 seconds.

chan =

    20

Elapsed time is 530.621234 seconds.

chan =

    21

Elapsed time is 531.455776 seconds.

chan =

    22

Elapsed time is 532.638851 seconds.

chan =

    23

Elapsed time is 539.301630 seconds.

chan =

    24

Elapsed time is 535.051005 seconds.

chan =

    25

Elapsed time is 530.449825 seconds.

chan =

    26

Elapsed time is 535.845739 seconds.

chan =

    27

Elapsed time is 534.438215 seconds.

chan =

    28

Elapsed time is 535.745917 seconds.

chan =

    29

Elapsed time is 537.116302 seconds.

chan =

    30

Elapsed time is 534.324228 seconds.

chan =

    31

Elapsed time is 536.798442 seconds.

chan =

    32

Elapsed time is 532.294326 seconds.

chan =

    33

Elapsed time is 533.081557 seconds.

chan =

    34

Elapsed time is 533.269905 seconds.

chan =

    35

Elapsed time is 532.448130 seconds.

chan =

    36

Elapsed time is 534.487645 seconds.

chan =

    37

Elapsed time is 532.023303 seconds.

chan =

    38

Elapsed time is 533.560408 seconds.

chan =

    39

Elapsed time is 527.657640 seconds.

chan =

    40

Elapsed time is 534.866224 seconds.

chan =

    41

Elapsed time is 534.693254 seconds.

chan =

    42

Elapsed time is 531.675318 seconds.

chan =

    43

Elapsed time is 534.327406 seconds.

chan =

    44

Elapsed time is 532.352095 seconds.

chan =

    45

Elapsed time is 530.518112 seconds.

chan =

    46

Elapsed time is 527.776660 seconds.

chan =

    47

Elapsed time is 518.274897 seconds.

chan =

    48

Elapsed time is 518.093014 seconds.

chan =

    49

Elapsed time is 521.627809 seconds.

chan =

    50

Elapsed time is 521.562607 seconds.

chan =

    51

Elapsed time is 518.479066 seconds.

chan =

    52

Elapsed time is 522.685828 seconds.

chan =

    53

Elapsed time is 518.998974 seconds.

chan =

    54

Elapsed time is 514.699300 seconds.

chan =

    55

Elapsed time is 519.125823 seconds.

chan =

    56

Elapsed time is 516.795952 seconds.

chan =

    57

Elapsed time is 521.623545 seconds.

chan =

    58

Elapsed time is 520.835895 seconds.

chan =

    59

Elapsed time is 513.820075 seconds.

chan =

    60

Elapsed time is 517.127969 seconds.

chan =

    61

Elapsed time is 505.710303 seconds.

chan =

    62

Elapsed time is 489.550400 seconds.

chan =

    63

Elapsed time is 485.450070 seconds.

chan =

    64

Elapsed time is 480.173344 seconds.

chan =

    65

Elapsed time is 489.740917 seconds.

chan =

    66

Elapsed time is 490.550246 seconds.

chan =

    67

Elapsed time is 485.697246 seconds.

chan =

    68

Elapsed time is 488.374921 seconds.

chan =

    69

Elapsed time is 483.460688 seconds.

chan =

    70

Elapsed time is 471.508195 seconds.

chan =

    71

Elapsed time is 470.024411 seconds.

chan =

    72

Elapsed time is 477.011901 seconds.

chan =

    73

Elapsed time is 472.280597 seconds.

chan =

    74

Elapsed time is 472.187712 seconds.

chan =

    75

Elapsed time is 477.587762 seconds.

chan =

    76

Elapsed time is 468.916165 seconds.

chan =

    77

Elapsed time is 469.721972 seconds.

chan =

    78

Elapsed time is 474.872014 seconds.

chan =

    79

Elapsed time is 468.044344 seconds.

chan =

    80

Elapsed time is 475.630605 seconds.

chan =

    81

Elapsed time is 470.334575 seconds.

chan =

    82

Elapsed time is 467.316192 seconds.

chan =

    83

Elapsed time is 472.562585 seconds.

chan =

    84

Elapsed time is 476.273659 seconds.

chan =

    85

Elapsed time is 477.360857 seconds.

chan =

    86

Elapsed time is 469.615530 seconds.

chan =

    87

Elapsed time is 474.191346 seconds.

chan =

    88

Elapsed time is 477.570256 seconds.

chan =

    89

Elapsed time is 477.917247 seconds.

chan =

    90

Elapsed time is 475.573115 seconds.

chan =

    91

Elapsed time is 479.549158 seconds.

chan =

    92

Elapsed time is 472.236938 seconds.

chan =

    93

Elapsed time is 480.433781 seconds.

chan =

    94

Elapsed time is 476.030512 seconds.

chan =

    95

Elapsed time is 479.763301 seconds.

chan =

    96

Elapsed time is 474.158646 seconds.

chan =

    97

Elapsed time is 474.972299 seconds.

chan =

    98

Elapsed time is 469.213187 seconds.

chan =

    99

Elapsed time is 444.028139 seconds.

chan =

   100

Elapsed time is 412.962894 seconds.

chan =

   101

Elapsed time is 404.966753 seconds.

chan =

   102

Elapsed time is 406.700093 seconds.

chan =

   103

Elapsed time is 409.330838 seconds.

chan =

   104

Elapsed time is 411.181659 seconds.

chan =

   105

Elapsed time is 411.862303 seconds.

chan =

   106

Elapsed time is 411.511145 seconds.

chan =

   107

Elapsed time is 408.922365 seconds.

chan =

   108

Elapsed time is 409.154390 seconds.

chan =

   109

Elapsed time is 409.120958 seconds.

chan =

   110

Elapsed time is 408.444954 seconds.

chan =

   111

Elapsed time is 400.792158 seconds.

chan =

   112

Elapsed time is 395.466051 seconds.

chan =

   113

Elapsed time is 395.802791 seconds.

chan =

   114

Elapsed time is 393.458521 seconds.

chan =

   115

Elapsed time is 394.387190 seconds.

chan =

   116

Elapsed time is 392.854463 seconds.

chan =

   117

Elapsed time is 392.934251 seconds.

chan =

   118

Elapsed time is 390.137691 seconds.

chan =

   119

Elapsed time is 395.287838 seconds.

chan =

   120

Elapsed time is 396.092256 seconds.

chan =

   121

Elapsed time is 395.323036 seconds.

chan =

   122

Elapsed time is 394.107571 seconds.

chan =

   123

Elapsed time is 398.341015 seconds.

chan =

   124

Elapsed time is 396.817825 seconds.

chan =

   125

Elapsed time is 377.018625 seconds.

chan =

   126

Elapsed time is 377.807028 seconds.

chan =

   127

Elapsed time is 378.316689 seconds.

chan =

   128

Elapsed time is 376.485822 seconds.

chan =

   129

Elapsed time is 376.299783 seconds.

chan =

   130

Elapsed time is 375.999725 seconds.

chan =

   131

Elapsed time is 375.231814 seconds.

chan =

   132

Elapsed time is 377.492052 seconds.

chan =

   133

Elapsed time is 377.026240 seconds.

chan =

   134

Elapsed time is 377.577129 seconds.

chan =

   135

Elapsed time is 378.124243 seconds.

chan =

   136

Elapsed time is 376.207077 seconds.

chan =

   137

Elapsed time is 375.293712 seconds.

chan =

   138

Elapsed time is 377.343337 seconds.

chan =

   139

Elapsed time is 374.831947 seconds.
attempting saving
save success: /projects/p31578/dtf8829/QuestConnect/CHANDAT/chanDat_OH30_038.mat
working on TF
encoding done
encoding RT done
