getting started: 2960
attempting file: 2960
going for OH30 59
data loaded: OH30 59
HFB already done

chan =

     1

Elapsed time is 491.307352 seconds.

chan =

     2

Elapsed time is 497.252644 seconds.

chan =

     3

Elapsed time is 488.932029 seconds.

chan =

     4

Elapsed time is 509.294678 seconds.

chan =

     5

Elapsed time is 519.702858 seconds.

chan =

     6

Elapsed time is 521.013010 seconds.

chan =

     7

Elapsed time is 518.082695 seconds.

chan =

     8

Elapsed time is 515.200656 seconds.

chan =

     9

Elapsed time is 516.996482 seconds.

chan =

    10

Elapsed time is 512.053834 seconds.

chan =

    11

Elapsed time is 516.468006 seconds.

chan =

    12

Elapsed time is 512.398212 seconds.

chan =

    13

Elapsed time is 512.324505 seconds.

chan =

    14

Elapsed time is 514.416944 seconds.

chan =

    15

Elapsed time is 513.256960 seconds.

chan =

    16

Elapsed time is 488.494940 seconds.

chan =

    17

Elapsed time is 462.527523 seconds.

chan =

    18

Elapsed time is 527.250217 seconds.

chan =

    19

Elapsed time is 530.872833 seconds.

chan =

    20

Elapsed time is 513.240087 seconds.

chan =

    21

Elapsed time is 532.003155 seconds.

chan =

    22

Elapsed time is 524.125478 seconds.

chan =

    23

Elapsed time is 494.474609 seconds.

chan =

    24

Elapsed time is 507.284311 seconds.

chan =

    25

Elapsed time is 483.338825 seconds.

chan =

    26

Elapsed time is 477.184751 seconds.

chan =

    27

Elapsed time is 478.478241 seconds.

chan =

    28

Elapsed time is 493.397755 seconds.

chan =

    29

Elapsed time is 493.582873 seconds.

chan =

    30

Elapsed time is 506.414482 seconds.

chan =

    31

Elapsed time is 524.941186 seconds.

chan =

    32

Elapsed time is 505.230582 seconds.

chan =

    33

Elapsed time is 485.436717 seconds.

chan =

    34

Elapsed time is 523.257548 seconds.

chan =

    35

Elapsed time is 515.759022 seconds.

chan =

    36

Elapsed time is 507.440899 seconds.

chan =

    37

Elapsed time is 525.088322 seconds.

chan =

    38

Elapsed time is 496.765410 seconds.

chan =

    39

Elapsed time is 493.306436 seconds.

chan =

    40

Elapsed time is 525.623604 seconds.

chan =

    41

Elapsed time is 509.418431 seconds.

chan =

    42

Elapsed time is 527.588670 seconds.

chan =

    43

Elapsed time is 525.431336 seconds.

chan =

    44

Elapsed time is 475.217665 seconds.

chan =

    45

Elapsed time is 451.846616 seconds.

chan =

    46

Elapsed time is 457.544765 seconds.

chan =

    47

Elapsed time is 453.680340 seconds.

chan =

    48

Elapsed time is 452.738463 seconds.

chan =

    49

Elapsed time is 446.175874 seconds.

chan =

    50

Elapsed time is 442.977804 seconds.

chan =

    51

Elapsed time is 443.768704 seconds.

chan =

    52

Elapsed time is 441.671966 seconds.

chan =

    53

Elapsed time is 442.177896 seconds.

chan =

    54

Elapsed time is 445.712291 seconds.

chan =

    55

Elapsed time is 446.521968 seconds.

chan =

    56

Elapsed time is 444.133685 seconds.

chan =

    57

Elapsed time is 441.712365 seconds.

chan =

    58

Elapsed time is 440.044978 seconds.

chan =

    59

Elapsed time is 441.685510 seconds.

chan =

    60

Elapsed time is 437.193345 seconds.

chan =

    61

Elapsed time is 426.373828 seconds.

chan =

    62

Elapsed time is 428.350448 seconds.

chan =

    63

Elapsed time is 429.239164 seconds.

chan =

    64

Elapsed time is 437.386431 seconds.

chan =

    65

Elapsed time is 440.631030 seconds.

chan =

    66

Elapsed time is 443.474740 seconds.

chan =

    67

Elapsed time is 441.881438 seconds.

chan =

    68

Elapsed time is 441.933202 seconds.

chan =

    69

Elapsed time is 443.055534 seconds.

chan =

    70

Elapsed time is 439.450585 seconds.

chan =

    71

Elapsed time is 427.890188 seconds.

chan =

    72

Elapsed time is 419.779454 seconds.

chan =

    73

Elapsed time is 419.916431 seconds.

chan =

    74

Elapsed time is 420.182909 seconds.

chan =

    75

Elapsed time is 415.593843 seconds.

chan =

    76

Elapsed time is 417.181770 seconds.

chan =

    77

Elapsed time is 412.090110 seconds.

chan =

    78

Elapsed time is 418.034186 seconds.

chan =

    79

Elapsed time is 412.972107 seconds.

chan =

    80

Elapsed time is 416.663453 seconds.

chan =

    81

Elapsed time is 412.499867 seconds.

chan =

    82

Elapsed time is 413.431774 seconds.

chan =

    83

Elapsed time is 416.246829 seconds.

chan =

    84

Elapsed time is 423.381525 seconds.

chan =

    85

Elapsed time is 421.139706 seconds.

chan =

    86

Elapsed time is 421.922733 seconds.

chan =

    87

Elapsed time is 423.026233 seconds.

chan =

    88

Elapsed time is 425.742693 seconds.

chan =

    89

Elapsed time is 426.632999 seconds.

chan =

    90

Elapsed time is 425.335225 seconds.

chan =

    91

Elapsed time is 420.290063 seconds.

chan =

    92

Elapsed time is 424.861810 seconds.

chan =

    93

Elapsed time is 423.106622 seconds.

chan =

    94

Elapsed time is 423.059696 seconds.

chan =

    95

Elapsed time is 422.593251 seconds.

chan =

    96

Elapsed time is 424.600333 seconds.

chan =

    97

Elapsed time is 422.455188 seconds.

chan =

    98

Elapsed time is 424.296770 seconds.

chan =

    99

Elapsed time is 407.665027 seconds.

chan =

   100

Elapsed time is 390.882966 seconds.

chan =

   101

Elapsed time is 386.674440 seconds.

chan =

   102

Elapsed time is 385.468552 seconds.

chan =

   103

Elapsed time is 390.400825 seconds.

chan =

   104

Elapsed time is 388.714750 seconds.

chan =

   105

Elapsed time is 388.632163 seconds.

chan =

   106

Elapsed time is 387.975653 seconds.

chan =

   107

Elapsed time is 389.657009 seconds.

chan =

   108

Elapsed time is 389.319501 seconds.

chan =

   109

Elapsed time is 387.000729 seconds.

chan =

   110

Elapsed time is 385.944847 seconds.

chan =

   111

Elapsed time is 389.211036 seconds.

chan =

   112

Elapsed time is 391.304264 seconds.

chan =

   113

Elapsed time is 391.061569 seconds.

chan =

   114

Elapsed time is 389.056355 seconds.

chan =

   115

Elapsed time is 389.337737 seconds.

chan =

   116

Elapsed time is 387.317864 seconds.

chan =

   117

Elapsed time is 388.855375 seconds.

chan =

   118

Elapsed time is 385.540071 seconds.

chan =

   119

Elapsed time is 393.003175 seconds.

chan =

   120

Elapsed time is 390.826249 seconds.

chan =

   121

Elapsed time is 391.194844 seconds.

chan =

   122

Elapsed time is 389.819206 seconds.

chan =

   123

Elapsed time is 391.630334 seconds.

chan =

   124

Elapsed time is 385.114077 seconds.

chan =

   125

Elapsed time is 374.561020 seconds.

chan =

   126

Elapsed time is 365.470992 seconds.

chan =

   127

Elapsed time is 348.948567 seconds.

chan =

   128

Elapsed time is 346.848721 seconds.

chan =

   129

Elapsed time is 345.299247 seconds.

chan =

   130

Elapsed time is 342.074942 seconds.

chan =

   131

Elapsed time is 550.343807 seconds.

chan =

   132

Elapsed time is 614.450303 seconds.

chan =

   133

Elapsed time is 614.441791 seconds.

chan =

   134

Elapsed time is 614.239148 seconds.

chan =

   135

Elapsed time is 614.974573 seconds.

chan =

   136

Elapsed time is 611.393619 seconds.

chan =

   137

Elapsed time is 611.404159 seconds.

chan =

   138

Elapsed time is 608.027073 seconds.

chan =

   139

Elapsed time is 595.095696 seconds.
attempting saving
save success: /projects/p31578/dtf8829/QuestConnect/CHANDAT/chanDat_OH30_059.mat
working on TF
encoding done
encoding RT done
