getting started: 2809
attempting file: 2809
going for OH27 15
data loaded: OH27 15
HFB already done

chan =

     1

Elapsed time is 243.295191 seconds.

chan =

     2

Elapsed time is 240.648371 seconds.

chan =

     3

Elapsed time is 249.590525 seconds.

chan =

     4

Elapsed time is 247.968557 seconds.

chan =

     5

Elapsed time is 233.170009 seconds.

chan =

     6

Elapsed time is 220.597000 seconds.

chan =

     7

Elapsed time is 247.777990 seconds.

chan =

     8

Elapsed time is 259.421414 seconds.

chan =

     9

Elapsed time is 255.867660 seconds.

chan =

    10

Elapsed time is 260.096574 seconds.

chan =

    11

Elapsed time is 273.136422 seconds.

chan =

    12

Elapsed time is 270.784316 seconds.

chan =

    13

Elapsed time is 270.266242 seconds.

chan =

    14

Elapsed time is 271.281327 seconds.

chan =

    15

Elapsed time is 256.677800 seconds.

chan =

    16

Elapsed time is 260.218404 seconds.

chan =

    17

Elapsed time is 259.854142 seconds.

chan =

    18

Elapsed time is 259.521642 seconds.

chan =

    19

Elapsed time is 260.683435 seconds.

chan =

    20

Elapsed time is 263.993275 seconds.

chan =

    21

Elapsed time is 262.813743 seconds.

chan =

    22

Elapsed time is 264.934795 seconds.

chan =

    23

Elapsed time is 265.523714 seconds.

chan =

    24

Elapsed time is 259.883285 seconds.

chan =

    25

Elapsed time is 265.250496 seconds.

chan =

    26

Elapsed time is 261.975406 seconds.

chan =

    27

Elapsed time is 261.399778 seconds.

chan =

    28

Elapsed time is 262.017838 seconds.

chan =

    29

Elapsed time is 261.973112 seconds.

chan =

    30

Elapsed time is 262.011609 seconds.

chan =

    31

Elapsed time is 259.259389 seconds.

chan =

    32

Elapsed time is 271.140830 seconds.

chan =

    33

Elapsed time is 279.860641 seconds.

chan =

    34

Elapsed time is 275.475767 seconds.

chan =

    35

Elapsed time is 280.597094 seconds.

chan =

    36

Elapsed time is 280.693360 seconds.

chan =

    37

Elapsed time is 263.286391 seconds.

chan =

    38

Elapsed time is 272.404570 seconds.

chan =

    39

Elapsed time is 277.711775 seconds.

chan =

    40

Elapsed time is 269.322770 seconds.

chan =

    41

Elapsed time is 280.227784 seconds.

chan =

    42

Elapsed time is 266.806150 seconds.

chan =

    43

Elapsed time is 251.699260 seconds.

chan =

    44

Elapsed time is 277.233552 seconds.

chan =

    45

Elapsed time is 279.061436 seconds.

chan =

    46

Elapsed time is 278.824863 seconds.

chan =

    47

Elapsed time is 266.604650 seconds.

chan =

    48

Elapsed time is 265.354688 seconds.

chan =

    49

Elapsed time is 252.048321 seconds.

chan =

    50

Elapsed time is 263.527646 seconds.

chan =

    51

Elapsed time is 253.927243 seconds.

chan =

    52

Elapsed time is 253.961092 seconds.

chan =

    53

Elapsed time is 251.989386 seconds.

chan =

    54

Elapsed time is 254.353618 seconds.

chan =

    55

Elapsed time is 252.907262 seconds.

chan =

    56

Elapsed time is 258.984955 seconds.

chan =

    57

Elapsed time is 255.501163 seconds.

chan =

    58

Elapsed time is 265.617351 seconds.

chan =

    59

Elapsed time is 265.182369 seconds.

chan =

    60

Elapsed time is 259.640199 seconds.

chan =

    61

Elapsed time is 256.972423 seconds.

chan =

    62

Elapsed time is 255.935947 seconds.

chan =

    63

Elapsed time is 252.281042 seconds.

chan =

    64

Elapsed time is 251.979188 seconds.

chan =

    65

Elapsed time is 251.168805 seconds.

chan =

    66

Elapsed time is 256.236342 seconds.

chan =

    67

Elapsed time is 257.217789 seconds.

chan =

    68

Elapsed time is 256.402774 seconds.

chan =

    69

Elapsed time is 254.227868 seconds.

chan =

    70

Elapsed time is 252.089201 seconds.

chan =

    71

Elapsed time is 254.333061 seconds.

chan =

    72

Elapsed time is 256.780033 seconds.

chan =

    73

Elapsed time is 253.695803 seconds.

chan =

    74

Elapsed time is 253.817382 seconds.

chan =

    75

Elapsed time is 253.041049 seconds.

chan =

    76

Elapsed time is 246.352010 seconds.

chan =

    77

Elapsed time is 247.983081 seconds.

chan =

    78

Elapsed time is 249.136862 seconds.

chan =

    79

Elapsed time is 249.092523 seconds.

chan =

    80

Elapsed time is 251.341182 seconds.

chan =

    81

Elapsed time is 250.815572 seconds.

chan =

    82

Elapsed time is 250.888853 seconds.

chan =

    83

Elapsed time is 250.118117 seconds.

chan =

    84

Elapsed time is 248.938654 seconds.

chan =

    85

Elapsed time is 249.966492 seconds.

chan =

    86

Elapsed time is 247.933915 seconds.

chan =

    87

Elapsed time is 250.824746 seconds.

chan =

    88

Elapsed time is 245.216639 seconds.

chan =

    89

Elapsed time is 251.713284 seconds.

chan =

    90

Elapsed time is 250.373656 seconds.

chan =

    91

Elapsed time is 251.670341 seconds.

chan =

    92

Elapsed time is 250.769195 seconds.

chan =

    93

Elapsed time is 252.148385 seconds.

chan =

    94

Elapsed time is 253.261353 seconds.

chan =

    95

Elapsed time is 253.167963 seconds.

chan =

    96

Elapsed time is 253.147663 seconds.

chan =

    97

Elapsed time is 250.989265 seconds.

chan =

    98

Elapsed time is 249.306795 seconds.

chan =

    99

Elapsed time is 247.693514 seconds.

chan =

   100

Elapsed time is 250.739989 seconds.

chan =

   101

Elapsed time is 255.068105 seconds.

chan =

   102

Elapsed time is 255.956226 seconds.

chan =

   103

Elapsed time is 256.844537 seconds.

chan =

   104

Elapsed time is 252.403938 seconds.

chan =

   105

Elapsed time is 247.085721 seconds.

chan =

   106

Elapsed time is 246.190508 seconds.

