getting started: 2947
attempting file: 2947
going for OH30 46
data loaded: OH30 46
HFB already done

chan =

     1

Elapsed time is 560.407240 seconds.

chan =

     2

Elapsed time is 556.582029 seconds.

chan =

     3

Elapsed time is 551.250250 seconds.

chan =

     4

Elapsed time is 556.260395 seconds.

chan =

     5

Elapsed time is 560.753994 seconds.

chan =

     6

Elapsed time is 554.635163 seconds.

chan =

     7

Elapsed time is 556.411346 seconds.

chan =

     8

Elapsed time is 554.611546 seconds.

chan =

     9

Elapsed time is 551.891067 seconds.

chan =

    10

Elapsed time is 548.323943 seconds.

chan =

    11

Elapsed time is 555.672622 seconds.

chan =

    12

Elapsed time is 549.459585 seconds.

chan =

    13

Elapsed time is 545.936913 seconds.

chan =

    14

Elapsed time is 549.408469 seconds.

chan =

    15

Elapsed time is 548.806041 seconds.

chan =

    16

Elapsed time is 540.832451 seconds.

chan =

    17

Elapsed time is 548.616106 seconds.

chan =

    18

Elapsed time is 551.572185 seconds.

chan =

    19

Elapsed time is 544.730562 seconds.

chan =

    20

Elapsed time is 552.104581 seconds.

chan =

    21

Elapsed time is 546.798635 seconds.

chan =

    22

Elapsed time is 543.017022 seconds.

chan =

    23

Elapsed time is 548.357787 seconds.

chan =

    24

Elapsed time is 547.449112 seconds.

chan =

    25

Elapsed time is 548.591805 seconds.

chan =

    26

Elapsed time is 549.360329 seconds.

chan =

    27

Elapsed time is 543.409196 seconds.

chan =

    28

Elapsed time is 547.462679 seconds.

chan =

    29

Elapsed time is 548.073869 seconds.

chan =

    30

Elapsed time is 547.467633 seconds.

chan =

    31

Elapsed time is 550.848744 seconds.

chan =

    32

Elapsed time is 551.999321 seconds.

chan =

    33

Elapsed time is 548.038720 seconds.

chan =

    34

Elapsed time is 544.794457 seconds.

chan =

    35

Elapsed time is 550.184056 seconds.

chan =

    36

Elapsed time is 547.473211 seconds.

chan =

    37

Elapsed time is 537.982634 seconds.

chan =

    38

Elapsed time is 547.128855 seconds.

chan =

    39

Elapsed time is 551.773571 seconds.

chan =

    40

Elapsed time is 546.469602 seconds.

chan =

    41

Elapsed time is 550.034134 seconds.

chan =

    42

Elapsed time is 547.460541 seconds.

chan =

    43

Elapsed time is 542.526485 seconds.

chan =

    44

Elapsed time is 551.508698 seconds.

chan =

    45

Elapsed time is 546.462431 seconds.

chan =

    46

Elapsed time is 544.560377 seconds.

chan =

    47

Elapsed time is 546.006798 seconds.

chan =

    48

Elapsed time is 542.003307 seconds.

chan =

    49

Elapsed time is 556.775355 seconds.

chan =

    50

Elapsed time is 547.399343 seconds.

chan =

    51

Elapsed time is 551.288763 seconds.

chan =

    52

Elapsed time is 550.947985 seconds.

chan =

    53

Elapsed time is 547.463369 seconds.

chan =

    54

Elapsed time is 547.842668 seconds.

chan =

    55

Elapsed time is 550.177888 seconds.

chan =

    56

Elapsed time is 549.656579 seconds.

chan =

    57

Elapsed time is 549.890704 seconds.

chan =

    58

Elapsed time is 546.784497 seconds.

chan =

    59

Elapsed time is 541.597921 seconds.

chan =

    60

Elapsed time is 551.871587 seconds.

chan =

    61

Elapsed time is 547.897401 seconds.

chan =

    62

Elapsed time is 549.499034 seconds.

chan =

    63

Elapsed time is 546.509827 seconds.

chan =

    64

Elapsed time is 543.472322 seconds.

chan =

    65

Elapsed time is 546.210212 seconds.

chan =

    66

Elapsed time is 537.020630 seconds.

chan =

    67

Elapsed time is 536.819616 seconds.

chan =

    68

Elapsed time is 542.275987 seconds.

chan =

    69

Elapsed time is 536.253937 seconds.

chan =

    70

Elapsed time is 541.671292 seconds.

chan =

    71

Elapsed time is 538.558696 seconds.

chan =

    72

Elapsed time is 545.024042 seconds.

chan =

    73

Elapsed time is 543.805468 seconds.

chan =

    74

Elapsed time is 544.343987 seconds.

chan =

    75

Elapsed time is 543.103241 seconds.

chan =

    76

Elapsed time is 537.169119 seconds.

chan =

    77

Elapsed time is 545.053167 seconds.

chan =

    78

Elapsed time is 544.721149 seconds.

chan =

    79

Elapsed time is 536.999511 seconds.

chan =

    80

Elapsed time is 544.032356 seconds.

chan =

    81

Elapsed time is 541.935608 seconds.

chan =

    82

Elapsed time is 544.577852 seconds.

chan =

    83

Elapsed time is 540.893631 seconds.

chan =

    84

Elapsed time is 546.955838 seconds.

chan =

    85

Elapsed time is 545.295226 seconds.

chan =

    86

Elapsed time is 539.418063 seconds.

chan =

    87

Elapsed time is 542.324755 seconds.

chan =

    88

Elapsed time is 544.249942 seconds.

chan =

    89

Elapsed time is 545.474951 seconds.

chan =

    90

Elapsed time is 543.698998 seconds.

chan =

    91

Elapsed time is 546.513566 seconds.

chan =

    92

Elapsed time is 534.707579 seconds.

chan =

    93

Elapsed time is 601.786272 seconds.

chan =

    94

Elapsed time is 604.915226 seconds.

chan =

    95

Elapsed time is 610.091109 seconds.

chan =

    96

Elapsed time is 607.143343 seconds.

chan =

    97

Elapsed time is 607.197928 seconds.

chan =

    98

Elapsed time is 606.818330 seconds.

chan =

    99

Elapsed time is 608.654584 seconds.

chan =

   100

Elapsed time is 608.149810 seconds.

chan =

   101

Elapsed time is 597.563875 seconds.

chan =

   102

Elapsed time is 601.283780 seconds.

chan =

   103

Elapsed time is 603.411819 seconds.

chan =

   104

Elapsed time is 600.949931 seconds.

chan =

   105

Elapsed time is 606.232595 seconds.

chan =

   106

Elapsed time is 604.634879 seconds.

chan =

   107

Elapsed time is 601.251688 seconds.

chan =

   108

Elapsed time is 600.620530 seconds.

chan =

   109

Elapsed time is 595.988579 seconds.

chan =

   110

Elapsed time is 604.499577 seconds.

chan =

   111

Elapsed time is 604.469794 seconds.

chan =

   112

Elapsed time is 600.619509 seconds.

chan =

   113

Elapsed time is 604.984230 seconds.

chan =

   114

Elapsed time is 599.984712 seconds.

chan =

   115

Elapsed time is 600.740071 seconds.

chan =

   116

Elapsed time is 599.806675 seconds.

chan =

   117

Elapsed time is 594.722227 seconds.

chan =

   118

Elapsed time is 598.220016 seconds.

chan =

   119

Elapsed time is 603.635169 seconds.

chan =

   120

Elapsed time is 601.141492 seconds.

chan =

   121

Elapsed time is 605.569143 seconds.

chan =

   122

