getting started: 2808
attempting file: 2808
going for OH27 14
data loaded: OH27 14
HFB already done

chan =

     1

Elapsed time is 248.677136 seconds.

chan =

     2

Elapsed time is 253.566097 seconds.

chan =

     3

Elapsed time is 260.743271 seconds.

chan =

     4

Elapsed time is 263.465353 seconds.

chan =

     5

Elapsed time is 251.109702 seconds.

chan =

     6

Elapsed time is 248.097491 seconds.

chan =

     7

Elapsed time is 263.917803 seconds.

chan =

     8

Elapsed time is 256.400654 seconds.

chan =

     9

Elapsed time is 247.009789 seconds.

chan =

    10

Elapsed time is 245.622852 seconds.

chan =

    11

Elapsed time is 264.531255 seconds.

chan =

    12

Elapsed time is 262.894520 seconds.

chan =

    13

Elapsed time is 263.982726 seconds.

chan =

    14

Elapsed time is 258.232465 seconds.

chan =

    15

Elapsed time is 241.409580 seconds.

chan =

    16

Elapsed time is 258.651579 seconds.

chan =

    17

Elapsed time is 255.766210 seconds.

chan =

    18

Elapsed time is 255.815009 seconds.

chan =

    19

Elapsed time is 255.208403 seconds.

chan =

    20

Elapsed time is 257.327634 seconds.

chan =

    21

Elapsed time is 259.127285 seconds.

chan =

    22

Elapsed time is 259.713127 seconds.

chan =

    23

Elapsed time is 257.322362 seconds.

chan =

    24

Elapsed time is 251.929827 seconds.

chan =

    25

Elapsed time is 257.222324 seconds.

chan =

    26

Elapsed time is 253.587046 seconds.

chan =

    27

Elapsed time is 256.615857 seconds.

chan =

    28

Elapsed time is 253.807018 seconds.

chan =

    29

Elapsed time is 252.011211 seconds.

chan =

    30

Elapsed time is 254.695054 seconds.

chan =

    31

Elapsed time is 240.179005 seconds.

chan =

    32

Elapsed time is 224.058987 seconds.

chan =

    33

Elapsed time is 240.252130 seconds.

chan =

    34

Elapsed time is 238.663405 seconds.

chan =

    35

Elapsed time is 234.377741 seconds.

chan =

    36

Elapsed time is 239.227821 seconds.

chan =

    37

Elapsed time is 247.091865 seconds.

chan =

    38

Elapsed time is 246.025800 seconds.

chan =

    39

Elapsed time is 235.736944 seconds.

chan =

    40

Elapsed time is 247.756323 seconds.

chan =

    41

Elapsed time is 256.919009 seconds.

chan =

    42

Elapsed time is 259.214398 seconds.

chan =

    43

Elapsed time is 258.759525 seconds.

chan =

    44

Elapsed time is 245.628854 seconds.

chan =

    45

Elapsed time is 247.939794 seconds.

chan =

    46

Elapsed time is 258.268738 seconds.

chan =

    47

Elapsed time is 259.564346 seconds.

chan =

    48

Elapsed time is 261.109819 seconds.

chan =

    49

Elapsed time is 249.794237 seconds.

chan =

    50

Elapsed time is 248.127982 seconds.

chan =

    51

Elapsed time is 229.342019 seconds.

chan =

    52

Elapsed time is 236.451594 seconds.

chan =

    53

Elapsed time is 243.905120 seconds.

chan =

    54

Elapsed time is 238.469655 seconds.

chan =

    55

Elapsed time is 237.653039 seconds.

chan =

    56

Elapsed time is 238.613212 seconds.

chan =

    57

Elapsed time is 237.007925 seconds.

chan =

    58

Elapsed time is 238.299328 seconds.

chan =

    59

Elapsed time is 230.906118 seconds.

chan =

    60

Elapsed time is 220.745192 seconds.

chan =

    61

Elapsed time is 230.866095 seconds.

chan =

    62

Elapsed time is 230.534787 seconds.

chan =

    63

Elapsed time is 223.846213 seconds.

chan =

    64

Elapsed time is 215.035439 seconds.

chan =

    65

Elapsed time is 215.741864 seconds.

chan =

    66

Elapsed time is 217.848272 seconds.

chan =

    67

Elapsed time is 220.836173 seconds.

chan =

    68

Elapsed time is 217.841962 seconds.

chan =

    69

Elapsed time is 216.305585 seconds.

chan =

    70

Elapsed time is 217.214436 seconds.

chan =

    71

Elapsed time is 226.402777 seconds.

chan =

    72

Elapsed time is 225.086560 seconds.

chan =

    73

Elapsed time is 221.037433 seconds.

chan =

    74

Elapsed time is 221.434517 seconds.

chan =

    75

Elapsed time is 221.046863 seconds.

chan =

    76

Elapsed time is 220.297755 seconds.

chan =

    77

Elapsed time is 222.377110 seconds.

chan =

    78

Elapsed time is 223.284699 seconds.

chan =

    79

Elapsed time is 220.667374 seconds.

chan =

    80

Elapsed time is 221.655270 seconds.

chan =

    81

Elapsed time is 218.253853 seconds.

chan =

    82

Elapsed time is 220.654330 seconds.

chan =

    83

Elapsed time is 223.288614 seconds.

chan =

    84

Elapsed time is 221.287529 seconds.

chan =

    85

Elapsed time is 221.641201 seconds.

chan =

    86

Elapsed time is 221.036652 seconds.

chan =

    87

Elapsed time is 219.868189 seconds.

chan =

    88

Elapsed time is 215.217508 seconds.

chan =

    89

Elapsed time is 220.457268 seconds.

chan =

    90

Elapsed time is 217.331318 seconds.

chan =

    91

Elapsed time is 219.473200 seconds.

chan =

    92

Elapsed time is 218.569545 seconds.

chan =

    93

Elapsed time is 216.310897 seconds.

chan =

    94

Elapsed time is 217.804070 seconds.

chan =

    95

Elapsed time is 218.633078 seconds.

chan =

    96

Elapsed time is 218.226863 seconds.

chan =

    97

Elapsed time is 218.311936 seconds.

chan =

    98

Elapsed time is 213.279735 seconds.

chan =

    99

Elapsed time is 212.703287 seconds.

chan =

   100

Elapsed time is 213.744318 seconds.

chan =

   101

Elapsed time is 220.745921 seconds.

chan =

   102

Elapsed time is 219.338545 seconds.

chan =

   103

Elapsed time is 220.233573 seconds.

chan =

   104

Elapsed time is 219.337421 seconds.

chan =

   105

Elapsed time is 220.326285 seconds.

chan =

   106

Elapsed time is 218.182231 seconds.

