getting started: 2926
attempting file: 2926
going for OH30 25
data loaded: OH30 25
HFB already done

chan =

     1

Elapsed time is 607.422635 seconds.

chan =

     2

Elapsed time is 590.076594 seconds.

chan =

     3

Elapsed time is 589.165622 seconds.

chan =

     4

Elapsed time is 587.380669 seconds.

chan =

     5

Elapsed time is 589.154453 seconds.

chan =

     6

Elapsed time is 586.524891 seconds.

chan =

     7

Elapsed time is 583.828668 seconds.

chan =

     8

Elapsed time is 586.125988 seconds.

chan =

     9

Elapsed time is 586.807426 seconds.

chan =

    10

Elapsed time is 581.577861 seconds.

chan =

    11

Elapsed time is 584.849030 seconds.

chan =

    12

Elapsed time is 581.413708 seconds.

chan =

    13

Elapsed time is 585.882863 seconds.

chan =

    14

Elapsed time is 586.118176 seconds.

chan =

    15

Elapsed time is 582.982777 seconds.

chan =

    16

Elapsed time is 581.513972 seconds.

chan =

    17

Elapsed time is 578.601056 seconds.

chan =

    18

Elapsed time is 579.396819 seconds.

chan =

    19

Elapsed time is 580.415685 seconds.

chan =

    20

Elapsed time is 578.453982 seconds.

chan =

    21

Elapsed time is 584.042033 seconds.

chan =

    22

Elapsed time is 578.984680 seconds.

chan =

    23

Elapsed time is 584.630787 seconds.

chan =

    24

Elapsed time is 578.295780 seconds.

chan =

    25

Elapsed time is 583.370398 seconds.

chan =

    26

Elapsed time is 575.886324 seconds.

chan =

    27

Elapsed time is 578.364933 seconds.

chan =

    28

Elapsed time is 580.496749 seconds.

chan =

    29

Elapsed time is 579.899161 seconds.

chan =

    30

Elapsed time is 578.449552 seconds.

chan =

    31

Elapsed time is 580.874766 seconds.

chan =

    32

Elapsed time is 579.872602 seconds.

chan =

    33

Elapsed time is 583.338477 seconds.

chan =

    34

Elapsed time is 582.290067 seconds.

chan =

    35

Elapsed time is 578.348538 seconds.

chan =

    36

Elapsed time is 580.964081 seconds.

chan =

    37

Elapsed time is 583.162461 seconds.

chan =

    38

Elapsed time is 575.157771 seconds.

chan =

    39

Elapsed time is 575.900389 seconds.

chan =

    40

Elapsed time is 582.616542 seconds.

chan =

    41

Elapsed time is 582.429839 seconds.

chan =

    42

Elapsed time is 581.723000 seconds.

chan =

    43

Elapsed time is 581.104258 seconds.

chan =

    44

Elapsed time is 579.418682 seconds.

chan =

    45

Elapsed time is 575.987945 seconds.

chan =

    46

Elapsed time is 579.079103 seconds.

chan =

    47

Elapsed time is 574.716407 seconds.

chan =

    48

Elapsed time is 573.479826 seconds.

chan =

    49

Elapsed time is 580.392761 seconds.

chan =

    50

Elapsed time is 580.671919 seconds.

chan =

    51

Elapsed time is 580.660086 seconds.

chan =

    52

Elapsed time is 581.614965 seconds.

chan =

    53

Elapsed time is 584.364042 seconds.

chan =

    54

Elapsed time is 581.290011 seconds.

chan =

    55

Elapsed time is 578.914323 seconds.

chan =

    56

Elapsed time is 579.416065 seconds.

chan =

    57

Elapsed time is 578.820336 seconds.

chan =

    58

Elapsed time is 580.634156 seconds.

chan =

    59

Elapsed time is 578.820740 seconds.

chan =

    60

Elapsed time is 577.487644 seconds.

chan =

    61

Elapsed time is 578.304878 seconds.

chan =

    62

Elapsed time is 576.773090 seconds.

chan =

    63

Elapsed time is 576.678287 seconds.

chan =

    64

Elapsed time is 581.834514 seconds.

chan =

    65

Elapsed time is 579.689510 seconds.

chan =

    66

Elapsed time is 577.509092 seconds.

chan =

    67

Elapsed time is 577.564056 seconds.

chan =

    68

Elapsed time is 579.693720 seconds.

chan =

    69

Elapsed time is 577.932885 seconds.

chan =

    70

Elapsed time is 580.241747 seconds.

chan =

    71

Elapsed time is 572.674141 seconds.

chan =

    72

Elapsed time is 577.910999 seconds.

chan =

    73

Elapsed time is 574.940068 seconds.

chan =

    74

Elapsed time is 580.303574 seconds.

chan =

    75

Elapsed time is 572.369690 seconds.

chan =

    76

Elapsed time is 575.765847 seconds.

chan =

    77

Elapsed time is 574.892887 seconds.

chan =

    78

Elapsed time is 581.163118 seconds.

chan =

    79

Elapsed time is 576.234682 seconds.

chan =

    80

Elapsed time is 581.823188 seconds.

chan =

    81

Elapsed time is 578.019466 seconds.

chan =

    82

Elapsed time is 585.223636 seconds.

chan =

    83

Elapsed time is 578.268315 seconds.

chan =

    84

Elapsed time is 585.694915 seconds.

chan =

    85

Elapsed time is 575.883719 seconds.

chan =

    86

Elapsed time is 575.050640 seconds.

chan =

    87

Elapsed time is 578.381374 seconds.

chan =

    88

Elapsed time is 580.979841 seconds.

chan =

    89

Elapsed time is 577.073560 seconds.

chan =

    90

Elapsed time is 587.191814 seconds.

chan =

    91

Elapsed time is 578.189714 seconds.

chan =

    92

Elapsed time is 579.938207 seconds.

chan =

    93

Elapsed time is 577.945872 seconds.

chan =

    94

Elapsed time is 580.594350 seconds.

chan =

    95

Elapsed time is 580.321854 seconds.

chan =

    96

Elapsed time is 587.690074 seconds.

chan =

    97

Elapsed time is 580.165553 seconds.

chan =

    98

Elapsed time is 585.674053 seconds.

chan =

    99

Elapsed time is 578.924911 seconds.

chan =

   100

Elapsed time is 579.533004 seconds.

chan =

   101

Elapsed time is 579.558182 seconds.

chan =

   102

Elapsed time is 581.648882 seconds.

chan =

   103

Elapsed time is 584.453279 seconds.

chan =

   104

Elapsed time is 580.461521 seconds.

chan =

   105

Elapsed time is 582.632473 seconds.

chan =

   106

Elapsed time is 583.442217 seconds.

chan =

   107

Elapsed time is 583.682126 seconds.

chan =

   108

Elapsed time is 586.862596 seconds.

chan =

   109

Elapsed time is 583.335651 seconds.

chan =

   110

Elapsed time is 582.511307 seconds.

chan =

   111

Elapsed time is 575.808062 seconds.

chan =

   112

Elapsed time is 574.174120 seconds.

chan =

   113

Elapsed time is 570.706472 seconds.

chan =

   114

Elapsed time is 573.938331 seconds.

chan =

   115

Elapsed time is 569.281710 seconds.

chan =

   116

Elapsed time is 575.666450 seconds.

chan =

   117

