getting started: 2909
attempting file: 2909
going for OH30 8
data loaded: OH30 8
HFB already done

chan =

     1

Elapsed time is 770.669007 seconds.

chan =

     2

Elapsed time is 755.310017 seconds.

chan =

     3

Elapsed time is 752.095489 seconds.

chan =

     4

Elapsed time is 750.428164 seconds.

chan =

     5

Elapsed time is 751.176603 seconds.

chan =

     6

Elapsed time is 752.621816 seconds.

chan =

     7

Elapsed time is 751.513536 seconds.

chan =

     8

Elapsed time is 756.231567 seconds.

chan =

     9

Elapsed time is 750.671457 seconds.

chan =

    10

Elapsed time is 746.920440 seconds.

chan =

    11

Elapsed time is 758.754196 seconds.

chan =

    12

Elapsed time is 750.387218 seconds.

chan =

    13

Elapsed time is 755.461431 seconds.

chan =

    14

Elapsed time is 755.815569 seconds.

chan =

    15

Elapsed time is 752.494373 seconds.

chan =

    16

Elapsed time is 753.871166 seconds.

chan =

    17

Elapsed time is 749.831870 seconds.

chan =

    18

Elapsed time is 751.025512 seconds.

chan =

    19

Elapsed time is 746.784855 seconds.

chan =

    20

Elapsed time is 746.472248 seconds.

chan =

    21

Elapsed time is 744.334816 seconds.

chan =

    22

Elapsed time is 744.647327 seconds.

chan =

    23

Elapsed time is 744.331870 seconds.

chan =

    24

Elapsed time is 740.247727 seconds.

chan =

    25

Elapsed time is 740.987493 seconds.

chan =

    26

Elapsed time is 741.050147 seconds.

chan =

    27

Elapsed time is 740.327982 seconds.

chan =

    28

Elapsed time is 744.823204 seconds.

chan =

    29

Elapsed time is 750.543434 seconds.

chan =

    30

Elapsed time is 746.753844 seconds.

chan =

    31

Elapsed time is 750.419427 seconds.

chan =

    32

Elapsed time is 746.975032 seconds.

chan =

    33

Elapsed time is 743.940814 seconds.

chan =

    34

Elapsed time is 748.011271 seconds.

chan =

    35

Elapsed time is 745.779624 seconds.

chan =

    36

Elapsed time is 750.756406 seconds.

chan =

    37

Elapsed time is 743.477795 seconds.

chan =

    38

Elapsed time is 748.300883 seconds.

chan =

    39

Elapsed time is 746.220373 seconds.

chan =

    40

Elapsed time is 750.464950 seconds.

chan =

    41

Elapsed time is 746.846830 seconds.

chan =

    42

Elapsed time is 744.335982 seconds.

chan =

    43

Elapsed time is 742.626388 seconds.

chan =

    44

Elapsed time is 749.287915 seconds.

chan =

    45

Elapsed time is 738.765561 seconds.

chan =

    46

Elapsed time is 740.497769 seconds.

chan =

    47

Elapsed time is 737.978408 seconds.

chan =

    48

Elapsed time is 742.701383 seconds.

chan =

    49

Elapsed time is 749.809153 seconds.

chan =

    50

Elapsed time is 747.583479 seconds.

chan =

    51

Elapsed time is 746.224010 seconds.

chan =

    52

Elapsed time is 749.526021 seconds.

chan =

    53

Elapsed time is 744.959089 seconds.

chan =

    54

Elapsed time is 749.970025 seconds.

chan =

    55

Elapsed time is 747.590003 seconds.

chan =

    56

Elapsed time is 746.775749 seconds.

chan =

    57

Elapsed time is 747.825078 seconds.

chan =

    58

Elapsed time is 744.923409 seconds.

chan =

    59

Elapsed time is 748.603178 seconds.

chan =

    60

Elapsed time is 742.653097 seconds.

chan =

    61

Elapsed time is 740.495934 seconds.

chan =

    62

Elapsed time is 746.651189 seconds.

chan =

    63

Elapsed time is 741.606307 seconds.

chan =

    64

Elapsed time is 743.526193 seconds.

chan =

    65

Elapsed time is 740.956298 seconds.

chan =

    66

Elapsed time is 744.972739 seconds.

chan =

    67

Elapsed time is 742.423506 seconds.

chan =

    68

Elapsed time is 738.104994 seconds.

chan =

    69

Elapsed time is 737.034761 seconds.

chan =

    70

Elapsed time is 738.657226 seconds.

chan =

    71

Elapsed time is 738.173710 seconds.

chan =

    72

Elapsed time is 742.378165 seconds.

chan =

    73

Elapsed time is 735.714623 seconds.

chan =

    74

Elapsed time is 737.465738 seconds.

chan =

    75

Elapsed time is 739.376896 seconds.

chan =

    76

Elapsed time is 738.871447 seconds.

chan =

    77

Elapsed time is 739.089505 seconds.

chan =

    78

Elapsed time is 732.954491 seconds.

chan =

    79

Elapsed time is 733.651671 seconds.

chan =

    80

Elapsed time is 736.785101 seconds.

chan =

    81

Elapsed time is 735.023881 seconds.

chan =

    82

Elapsed time is 736.415203 seconds.

chan =

    83

Elapsed time is 741.870980 seconds.

chan =

    84

Elapsed time is 741.645009 seconds.

chan =

    85

Elapsed time is 750.403856 seconds.

chan =

    86

Elapsed time is 743.777843 seconds.

chan =

    87

Elapsed time is 744.326671 seconds.

chan =

    88

Elapsed time is 747.277491 seconds.

chan =

    89

Elapsed time is 753.436349 seconds.

chan =

    90

Elapsed time is 750.126748 seconds.

chan =

    91

Elapsed time is 756.146290 seconds.

chan =

    92

