getting started: 2897
attempting file: 2897
going for OH27 103
data loaded: OH27 103
HFB already done

chan =

     1

Elapsed time is 328.996869 seconds.

chan =

     2

Elapsed time is 322.125588 seconds.

chan =

     3

Elapsed time is 320.819238 seconds.

chan =

     4

Elapsed time is 321.740133 seconds.

chan =

     5

Elapsed time is 328.659710 seconds.

chan =

     6

Elapsed time is 327.997916 seconds.

chan =

     7

Elapsed time is 329.070745 seconds.

chan =

     8

Elapsed time is 332.843787 seconds.

chan =

     9

Elapsed time is 330.351584 seconds.

chan =

    10

Elapsed time is 325.697144 seconds.

chan =

    11

Elapsed time is 326.201650 seconds.

chan =

    12

Elapsed time is 316.999371 seconds.

chan =

    13

Elapsed time is 311.490929 seconds.

chan =

    14

Elapsed time is 307.206830 seconds.

chan =

    15

Elapsed time is 310.879043 seconds.

chan =

    16

Elapsed time is 311.955523 seconds.

chan =

    17

Elapsed time is 309.132948 seconds.

chan =

    18

Elapsed time is 306.422303 seconds.

chan =

    19

Elapsed time is 306.822404 seconds.

chan =

    20

Elapsed time is 308.485496 seconds.

chan =

    21

Elapsed time is 306.334655 seconds.

chan =

    22

Elapsed time is 311.526278 seconds.

chan =

    23

Elapsed time is 310.764009 seconds.

chan =

    24

Elapsed time is 306.092988 seconds.

chan =

    25

Elapsed time is 299.477138 seconds.

chan =

    26

Elapsed time is 314.888795 seconds.

chan =

    27

Elapsed time is 311.070340 seconds.

chan =

    28

Elapsed time is 299.161231 seconds.

chan =

    29

Elapsed time is 302.521405 seconds.

chan =

    30

Elapsed time is 294.466497 seconds.

chan =

    31

Elapsed time is 291.958504 seconds.

chan =

    32

Elapsed time is 305.711358 seconds.

chan =

    33

Elapsed time is 288.616252 seconds.

chan =

    34

Elapsed time is 293.168175 seconds.

chan =

    35

Elapsed time is 298.833245 seconds.

chan =

    36

Elapsed time is 295.870120 seconds.

chan =

    37

Elapsed time is 284.529159 seconds.

chan =

    38

Elapsed time is 257.830626 seconds.

chan =

    39

Elapsed time is 284.119305 seconds.

chan =

    40

Elapsed time is 286.216392 seconds.

chan =

    41

Elapsed time is 274.366534 seconds.

chan =

    42

Elapsed time is 285.246034 seconds.

chan =

    43

Elapsed time is 263.628351 seconds.

chan =

    44

Elapsed time is 270.125282 seconds.

chan =

    45

Elapsed time is 268.425086 seconds.

chan =

    46

Elapsed time is 272.027106 seconds.

chan =

    47

Elapsed time is 271.619054 seconds.

chan =

    48

Elapsed time is 264.720242 seconds.

chan =

    49

Elapsed time is 280.037747 seconds.

chan =

    50

Elapsed time is 274.951105 seconds.

chan =

    51

Elapsed time is 288.335865 seconds.

chan =

    52

Elapsed time is 292.323669 seconds.

chan =

    53

Elapsed time is 282.629791 seconds.

chan =

    54

Elapsed time is 283.119121 seconds.

chan =

    55

Elapsed time is 284.775999 seconds.

chan =

    56

Elapsed time is 284.428438 seconds.

chan =

    57

Elapsed time is 284.233592 seconds.

chan =

    58

Elapsed time is 289.698246 seconds.

chan =

    59

Elapsed time is 288.947051 seconds.

chan =

    60

Elapsed time is 275.911751 seconds.

chan =

    61

Elapsed time is 269.588510 seconds.

chan =

    62

Elapsed time is 276.768746 seconds.

chan =

    63

Elapsed time is 285.286289 seconds.

chan =

    64

Elapsed time is 268.781394 seconds.

chan =

    65

Elapsed time is 278.702350 seconds.

chan =

    66

Elapsed time is 258.016598 seconds.

chan =

    67

Elapsed time is 244.383330 seconds.

chan =

    68

Elapsed time is 287.613959 seconds.

chan =

    69

Elapsed time is 279.231462 seconds.

chan =

    70

Elapsed time is 273.694861 seconds.

chan =

    71

Elapsed time is 280.952687 seconds.

chan =

    72

Elapsed time is 257.347428 seconds.

chan =

    73

Elapsed time is 266.948569 seconds.

chan =

    74

Elapsed time is 277.626171 seconds.

chan =

    75

Elapsed time is 267.892225 seconds.

chan =

    76

Elapsed time is 271.254462 seconds.

chan =

    77

Elapsed time is 272.618316 seconds.

chan =

    78

Elapsed time is 271.063705 seconds.

chan =

    79

Elapsed time is 276.339010 seconds.

chan =

    80

Elapsed time is 277.712145 seconds.

chan =

    81

Elapsed time is 280.867899 seconds.

chan =

    82

Elapsed time is 276.302095 seconds.

chan =

    83

Elapsed time is 263.124222 seconds.

chan =

    84

Elapsed time is 277.194462 seconds.

chan =

    85

Elapsed time is 280.206525 seconds.

chan =

    86

Elapsed time is 281.192978 seconds.

chan =

    87

Elapsed time is 282.019650 seconds.

chan =

    88

Elapsed time is 233.641889 seconds.

chan =

    89

Elapsed time is 268.195441 seconds.

chan =

    90

Elapsed time is 283.280206 seconds.

chan =

    91

Elapsed time is 283.860948 seconds.

chan =

    92

Elapsed time is 275.886242 seconds.

chan =

    93

Elapsed time is 272.488000 seconds.

chan =

    94

Elapsed time is 288.215878 seconds.

chan =

    95

Elapsed time is 281.267044 seconds.

chan =

    96

Elapsed time is 281.062307 seconds.

chan =

    97

Elapsed time is 296.351782 seconds.

chan =

    98

Elapsed time is 274.356228 seconds.

chan =

    99

Elapsed time is 294.757526 seconds.

chan =

   100

Elapsed time is 292.197186 seconds.

chan =

   101

Elapsed time is 300.111511 seconds.

chan =

   102

Elapsed time is 299.024809 seconds.

chan =

   103

Elapsed time is 278.950903 seconds.

chan =

   104

Elapsed time is 288.589948 seconds.

chan =

   105

Elapsed time is 293.311926 seconds.

chan =

   106

Elapsed time is 281.131412 seconds.

