getting started: 2824
attempting file: 2824
going for OH27 30
data loaded: OH27 30
HFB already done

chan =

     1

Elapsed time is 239.013897 seconds.

chan =

     2

Elapsed time is 232.879138 seconds.

chan =

     3

Elapsed time is 235.461788 seconds.

chan =

     4

Elapsed time is 238.075511 seconds.

chan =

     5

Elapsed time is 236.082300 seconds.

chan =

     6

Elapsed time is 238.643900 seconds.

chan =

     7

Elapsed time is 238.023570 seconds.

chan =

     8

Elapsed time is 236.083533 seconds.

chan =

     9

Elapsed time is 237.074971 seconds.

chan =

    10

Elapsed time is 235.797217 seconds.

chan =

    11

Elapsed time is 236.130120 seconds.

chan =

    12

Elapsed time is 237.222300 seconds.

chan =

    13

Elapsed time is 238.246413 seconds.

chan =

    14

Elapsed time is 235.750687 seconds.

chan =

    15

Elapsed time is 236.737029 seconds.

chan =

    16

Elapsed time is 234.827137 seconds.

chan =

    17

Elapsed time is 235.127405 seconds.

chan =

    18

Elapsed time is 236.086084 seconds.

chan =

    19

Elapsed time is 234.204362 seconds.

chan =

    20

Elapsed time is 236.200846 seconds.

chan =

    21

Elapsed time is 237.774703 seconds.

chan =

    22

Elapsed time is 237.918355 seconds.

chan =

    23

Elapsed time is 237.932652 seconds.

chan =

    24

Elapsed time is 234.160617 seconds.

chan =

    25

Elapsed time is 235.190103 seconds.

chan =

    26

Elapsed time is 235.368651 seconds.

chan =

    27

Elapsed time is 237.718747 seconds.

chan =

    28

Elapsed time is 235.932408 seconds.

chan =

    29

Elapsed time is 237.581257 seconds.

chan =

    30

Elapsed time is 235.587443 seconds.

chan =

    31

Elapsed time is 241.273670 seconds.

chan =

    32

Elapsed time is 417.420713 seconds.

chan =

    33

Elapsed time is 410.850880 seconds.

chan =

    34

Elapsed time is 416.097608 seconds.

chan =

    35

Elapsed time is 410.525327 seconds.

chan =

    36

Elapsed time is 410.205978 seconds.

chan =

    37

Elapsed time is 407.196194 seconds.

chan =

    38

Elapsed time is 411.020400 seconds.

chan =

    39

Elapsed time is 406.365228 seconds.

chan =

    40

Elapsed time is 404.838061 seconds.

chan =

    41

Elapsed time is 406.423788 seconds.

chan =

    42

Elapsed time is 414.161025 seconds.

chan =

    43

Elapsed time is 401.823775 seconds.

chan =

    44

Elapsed time is 409.592409 seconds.

chan =

    45

Elapsed time is 402.944427 seconds.

chan =

    46

Elapsed time is 408.199858 seconds.

chan =

    47

Elapsed time is 407.916260 seconds.

chan =

    48

Elapsed time is 404.002143 seconds.

chan =

    49

Elapsed time is 402.526179 seconds.

chan =

    50

Elapsed time is 403.394457 seconds.

chan =

    51

Elapsed time is 396.569997 seconds.

chan =

    52

Elapsed time is 404.952630 seconds.

chan =

    53

Elapsed time is 398.848604 seconds.

chan =

    54

Elapsed time is 410.312880 seconds.

chan =

    55

Elapsed time is 400.443105 seconds.

chan =

    56

Elapsed time is 404.562631 seconds.

chan =

    57

Elapsed time is 401.669361 seconds.

chan =

    58

Elapsed time is 408.368006 seconds.

chan =

    59

Elapsed time is 397.462830 seconds.

chan =

    60

Elapsed time is 409.320924 seconds.

chan =

    61

Elapsed time is 402.151347 seconds.

chan =

    62

Elapsed time is 405.238980 seconds.

chan =

    63

Elapsed time is 399.441106 seconds.

chan =

    64

Elapsed time is 402.778909 seconds.

chan =

    65

Elapsed time is 397.543404 seconds.

chan =

    66

Elapsed time is 406.035325 seconds.

chan =

    67

Elapsed time is 402.560990 seconds.

chan =

    68

Elapsed time is 404.404686 seconds.

chan =

    69

Elapsed time is 396.888629 seconds.

chan =

    70

Elapsed time is 405.394807 seconds.

chan =

    71

Elapsed time is 407.391164 seconds.

chan =

    72

Elapsed time is 406.777868 seconds.

chan =

    73

Elapsed time is 396.236829 seconds.

chan =

    74

Elapsed time is 401.077567 seconds.

chan =

    75

Elapsed time is 393.223507 seconds.

chan =

    76

Elapsed time is 402.753869 seconds.

chan =

    77

Elapsed time is 406.277127 seconds.

chan =

    78

Elapsed time is 407.403101 seconds.

chan =

    79

Elapsed time is 396.922210 seconds.

chan =

    80

Elapsed time is 409.773930 seconds.

chan =

    81

Elapsed time is 407.741239 seconds.

chan =

    82

Elapsed time is 413.108333 seconds.

chan =

    83

Elapsed time is 407.519683 seconds.

chan =

    84

Elapsed time is 413.733266 seconds.

chan =

    85

Elapsed time is 408.387727 seconds.

chan =

    86

Elapsed time is 412.345253 seconds.

chan =

    87

Elapsed time is 409.177522 seconds.

chan =

    88

Elapsed time is 411.412884 seconds.

chan =

    89

Elapsed time is 406.950370 seconds.

chan =

    90

Elapsed time is 417.119516 seconds.

chan =

    91

Elapsed time is 410.034498 seconds.

chan =

    92

Elapsed time is 416.755391 seconds.

chan =

    93

Elapsed time is 411.317399 seconds.

chan =

    94

Elapsed time is 419.098490 seconds.

chan =

    95

Elapsed time is 414.038209 seconds.

chan =

    96

Elapsed time is 413.186979 seconds.

chan =

    97

Elapsed time is 412.390679 seconds.

chan =

    98

Elapsed time is 414.306333 seconds.

chan =

    99

Elapsed time is 404.781466 seconds.

chan =

   100

Elapsed time is 408.774218 seconds.

chan =

   101

Elapsed time is 412.298993 seconds.

chan =

   102

Elapsed time is 412.179191 seconds.

chan =

   103

Elapsed time is 409.827399 seconds.

chan =

   104

Elapsed time is 415.544798 seconds.

chan =

   105

Elapsed time is 412.069426 seconds.

chan =

   106

Elapsed time is 421.756044 seconds.

