getting started: 2861
attempting file: 2861
going for OH27 67
data loaded: OH27 67
HFB already done

chan =

     1

Elapsed time is 242.923622 seconds.

chan =

     2

Elapsed time is 253.535831 seconds.

chan =

     3

Elapsed time is 243.642150 seconds.

chan =

     4

Elapsed time is 239.444430 seconds.

chan =

     5

Elapsed time is 246.748231 seconds.

chan =

     6

Elapsed time is 246.760241 seconds.

chan =

     7

Elapsed time is 247.696735 seconds.

chan =

     8

Elapsed time is 243.132810 seconds.

chan =

     9

Elapsed time is 245.068817 seconds.

chan =

    10

Elapsed time is 243.273712 seconds.

chan =

    11

Elapsed time is 245.745343 seconds.

chan =

    12

Elapsed time is 244.059273 seconds.

chan =

    13

Elapsed time is 241.845963 seconds.

chan =

    14

Elapsed time is 246.042817 seconds.

chan =

    15

Elapsed time is 244.527096 seconds.

chan =

    16

Elapsed time is 244.439734 seconds.

chan =

    17

Elapsed time is 242.584505 seconds.

chan =

    18

Elapsed time is 242.737525 seconds.

chan =

    19

Elapsed time is 245.279567 seconds.

chan =

    20

Elapsed time is 246.781617 seconds.

chan =

    21

Elapsed time is 246.749309 seconds.

chan =

    22

Elapsed time is 246.805738 seconds.

chan =

    23

Elapsed time is 246.507274 seconds.

chan =

    24

Elapsed time is 245.816159 seconds.

chan =

    25

Elapsed time is 244.541645 seconds.

chan =

    26

Elapsed time is 241.666389 seconds.

chan =

    27

Elapsed time is 244.261536 seconds.

chan =

    28

Elapsed time is 245.118589 seconds.

chan =

    29

Elapsed time is 247.592062 seconds.

chan =

    30

Elapsed time is 246.096802 seconds.

chan =

    31

Elapsed time is 242.316524 seconds.

chan =

    32

Elapsed time is 255.926352 seconds.

chan =

    33

Elapsed time is 268.996731 seconds.

chan =

    34

Elapsed time is 267.120166 seconds.

chan =

    35

Elapsed time is 261.731166 seconds.

chan =

    36

Elapsed time is 270.920869 seconds.

chan =

    37

Elapsed time is 266.597133 seconds.

chan =

    38

Elapsed time is 271.109345 seconds.

chan =

    39

Elapsed time is 267.718463 seconds.

chan =

    40

Elapsed time is 268.046002 seconds.

chan =

    41

Elapsed time is 270.359857 seconds.

chan =

    42

Elapsed time is 243.353614 seconds.

chan =

    43

Elapsed time is 227.941827 seconds.

chan =

    44

Elapsed time is 261.311806 seconds.

chan =

    45

Elapsed time is 257.509080 seconds.

chan =

    46

Elapsed time is 259.845989 seconds.

chan =

    47

Elapsed time is 259.402758 seconds.

chan =

    48

Elapsed time is 258.803023 seconds.

chan =

    49

Elapsed time is 220.536369 seconds.

chan =

    50

Elapsed time is 218.445509 seconds.

chan =

    51

Elapsed time is 230.504188 seconds.

chan =

    52

Elapsed time is 218.509887 seconds.

chan =

    53

Elapsed time is 229.609978 seconds.

chan =

    54

Elapsed time is 239.264496 seconds.

chan =

    55

Elapsed time is 241.757356 seconds.

chan =

    56

Elapsed time is 247.990487 seconds.

chan =

    57

Elapsed time is 251.277513 seconds.

chan =

    58

Elapsed time is 247.194435 seconds.

chan =

    59

Elapsed time is 243.355675 seconds.

chan =

    60

Elapsed time is 244.442429 seconds.

chan =

    61

Elapsed time is 248.323308 seconds.

chan =

    62

Elapsed time is 247.387542 seconds.

chan =

    63

Elapsed time is 234.121094 seconds.

chan =

    64

Elapsed time is 242.837695 seconds.

chan =

    65

Elapsed time is 236.676836 seconds.

chan =

    66

Elapsed time is 249.215318 seconds.

chan =

    67

Elapsed time is 246.765324 seconds.

chan =

    68

Elapsed time is 239.928557 seconds.

chan =

    69

Elapsed time is 243.999795 seconds.

chan =

    70

Elapsed time is 243.223997 seconds.

chan =

    71

Elapsed time is 244.966729 seconds.

chan =

    72

Elapsed time is 246.566282 seconds.

chan =

    73

Elapsed time is 235.862803 seconds.

chan =

    74

Elapsed time is 245.955569 seconds.

chan =

    75

Elapsed time is 244.246424 seconds.

chan =

    76

Elapsed time is 241.915708 seconds.

chan =

    77

Elapsed time is 248.209775 seconds.

chan =

    78

Elapsed time is 239.908141 seconds.

chan =

    79

Elapsed time is 247.340363 seconds.

chan =

    80

Elapsed time is 243.675792 seconds.

chan =

    81

Elapsed time is 239.891690 seconds.

chan =

    82

Elapsed time is 243.814218 seconds.

chan =

    83

Elapsed time is 234.062906 seconds.

chan =

    84

Elapsed time is 226.110856 seconds.

chan =

    85

Elapsed time is 238.111985 seconds.

chan =

    86

Elapsed time is 242.295722 seconds.

chan =

    87

Elapsed time is 240.749927 seconds.

chan =

    88

Elapsed time is 242.342206 seconds.

chan =

    89

Elapsed time is 238.192403 seconds.

chan =

    90

Elapsed time is 243.427042 seconds.

chan =

    91

Elapsed time is 243.665821 seconds.

chan =

    92

Elapsed time is 240.254365 seconds.

chan =

    93

Elapsed time is 247.110985 seconds.

chan =

    94

Elapsed time is 239.954937 seconds.

chan =

    95

Elapsed time is 243.834539 seconds.

chan =

    96

Elapsed time is 248.012827 seconds.

chan =

    97

Elapsed time is 238.750344 seconds.

chan =

    98

Elapsed time is 245.341308 seconds.

chan =

    99

Elapsed time is 236.043888 seconds.

chan =

   100

Elapsed time is 238.356166 seconds.

chan =

   101

Elapsed time is 250.550059 seconds.

chan =

   102

Elapsed time is 243.285911 seconds.

chan =

   103

Elapsed time is 248.190340 seconds.

chan =

   104

Elapsed time is 237.237708 seconds.

chan =

   105

Elapsed time is 245.497976 seconds.

chan =

   106

Elapsed time is 245.530496 seconds.

