getting started: 2945
attempting file: 2945
going for OH30 44
data loaded: OH30 44
HFB already done

chan =

     1

Elapsed time is 573.268067 seconds.

chan =

     2

Elapsed time is 570.277895 seconds.

chan =

     3

Elapsed time is 584.871060 seconds.

chan =

     4

Elapsed time is 594.206630 seconds.

chan =

     5

Elapsed time is 587.057287 seconds.

chan =

     6

Elapsed time is 584.978800 seconds.

chan =

     7

Elapsed time is 587.502219 seconds.

chan =

     8

Elapsed time is 586.366343 seconds.

chan =

     9

Elapsed time is 582.592894 seconds.

chan =

    10

Elapsed time is 579.017015 seconds.

chan =

    11

Elapsed time is 582.161476 seconds.

chan =

    12

Elapsed time is 582.141255 seconds.

chan =

    13

Elapsed time is 575.465921 seconds.

chan =

    14

Elapsed time is 560.346437 seconds.

chan =

    15

Elapsed time is 560.943750 seconds.

chan =

    16

Elapsed time is 559.335564 seconds.

chan =

    17

Elapsed time is 561.333806 seconds.

chan =

    18

Elapsed time is 559.655621 seconds.

chan =

    19

Elapsed time is 562.024505 seconds.

chan =

    20

Elapsed time is 563.590776 seconds.

chan =

    21

Elapsed time is 564.041101 seconds.

chan =

    22

Elapsed time is 562.691988 seconds.

chan =

    23

Elapsed time is 563.103625 seconds.

chan =

    24

Elapsed time is 562.818875 seconds.

chan =

    25

Elapsed time is 565.642211 seconds.

chan =

    26

Elapsed time is 562.782213 seconds.

chan =

    27

Elapsed time is 563.774404 seconds.

chan =

    28

Elapsed time is 562.242648 seconds.

chan =

    29

Elapsed time is 564.259070 seconds.

chan =

    30

Elapsed time is 564.916849 seconds.

chan =

    31

Elapsed time is 566.050042 seconds.

chan =

    32

Elapsed time is 564.730868 seconds.

chan =

    33

Elapsed time is 559.148392 seconds.

chan =

    34

Elapsed time is 560.066877 seconds.

chan =

    35

Elapsed time is 562.084419 seconds.

chan =

    36

Elapsed time is 563.985213 seconds.

chan =

    37

Elapsed time is 566.406278 seconds.

chan =

    38

Elapsed time is 561.728827 seconds.

chan =

    39

Elapsed time is 560.979839 seconds.

chan =

    40

Elapsed time is 562.887869 seconds.

chan =

    41

Elapsed time is 565.484979 seconds.

chan =

    42

Elapsed time is 562.553532 seconds.

chan =

    43

Elapsed time is 564.721066 seconds.

chan =

    44

Elapsed time is 564.258587 seconds.

chan =

    45

Elapsed time is 562.791218 seconds.

chan =

    46

Elapsed time is 567.268828 seconds.

chan =

    47

Elapsed time is 568.841848 seconds.

chan =

    48

Elapsed time is 564.593139 seconds.

chan =

    49

Elapsed time is 572.136850 seconds.

chan =

    50

Elapsed time is 569.192439 seconds.

chan =

    51

Elapsed time is 570.539574 seconds.

chan =

    52

Elapsed time is 569.156895 seconds.

chan =

    53

Elapsed time is 567.399344 seconds.

chan =

    54

Elapsed time is 567.828516 seconds.

chan =

    55

Elapsed time is 567.581488 seconds.

chan =

    56

Elapsed time is 564.805854 seconds.

chan =

    57

Elapsed time is 567.081338 seconds.

chan =

    58

Elapsed time is 567.171599 seconds.

chan =

    59

Elapsed time is 569.739528 seconds.

chan =

    60

Elapsed time is 566.005865 seconds.

chan =

    61

Elapsed time is 565.482319 seconds.

chan =

    62

Elapsed time is 554.498291 seconds.

chan =

    63

Elapsed time is 551.964492 seconds.

chan =

    64

Elapsed time is 550.158024 seconds.

chan =

    65

Elapsed time is 550.789068 seconds.

chan =

    66

Elapsed time is 547.804113 seconds.

chan =

    67

Elapsed time is 548.548694 seconds.

chan =

    68

Elapsed time is 550.380953 seconds.

chan =

    69

Elapsed time is 550.354300 seconds.

chan =

    70

Elapsed time is 552.629178 seconds.

chan =

    71

Elapsed time is 555.366808 seconds.

chan =

    72

Elapsed time is 557.352554 seconds.

chan =

    73

Elapsed time is 557.447044 seconds.

chan =

    74

Elapsed time is 556.861148 seconds.

chan =

    75

Elapsed time is 555.279089 seconds.

chan =

    76

Elapsed time is 554.080085 seconds.

chan =

    77

Elapsed time is 552.428343 seconds.

chan =

    78

Elapsed time is 554.847712 seconds.

chan =

    79

Elapsed time is 552.511524 seconds.

chan =

    80

Elapsed time is 554.185860 seconds.

chan =

    81

Elapsed time is 552.668500 seconds.

chan =

    82

Elapsed time is 552.189595 seconds.

chan =

    83

Elapsed time is 555.262972 seconds.

chan =

    84

Elapsed time is 556.353181 seconds.

chan =

    85

Elapsed time is 556.653866 seconds.

chan =

    86

Elapsed time is 554.432225 seconds.

chan =

    87

Elapsed time is 554.980675 seconds.

chan =

    88

Elapsed time is 557.312939 seconds.

chan =

    89

Elapsed time is 557.137439 seconds.

chan =

    90

Elapsed time is 558.282260 seconds.

chan =

    91

Elapsed time is 556.666411 seconds.

chan =

    92

Elapsed time is 556.225053 seconds.

chan =

    93

Elapsed time is 554.826763 seconds.

chan =

    94

Elapsed time is 554.406161 seconds.

chan =

    95

Elapsed time is 554.335672 seconds.

chan =

    96

Elapsed time is 547.482653 seconds.

chan =

    97

Elapsed time is 548.722834 seconds.

chan =

    98

Elapsed time is 548.053596 seconds.

chan =

    99

Elapsed time is 549.246441 seconds.

chan =

   100

Elapsed time is 551.347416 seconds.

chan =

   101

Elapsed time is 545.443000 seconds.

chan =

   102

Elapsed time is 547.371300 seconds.

chan =

   103

Elapsed time is 549.419094 seconds.

chan =

   104

Elapsed time is 548.789450 seconds.

chan =

   105

Elapsed time is 549.075880 seconds.

chan =

   106

Elapsed time is 548.753371 seconds.

chan =

   107

Elapsed time is 548.800514 seconds.

chan =

   108

Elapsed time is 548.863908 seconds.

chan =

   109

Elapsed time is 546.794895 seconds.

chan =

   110

Elapsed time is 548.234108 seconds.

chan =

   111

Elapsed time is 547.423017 seconds.

chan =

   112

Elapsed time is 544.055410 seconds.

chan =

   113

Elapsed time is 542.868639 seconds.

chan =

   114

Elapsed time is 541.598121 seconds.

chan =

   115

Elapsed time is 542.814059 seconds.

chan =

   116

Elapsed time is 541.474345 seconds.

chan =

   117

Elapsed time is 540.199335 seconds.

chan =

   118

Elapsed time is 537.405591 seconds.

chan =

   119

Elapsed time is 544.280121 seconds.

chan =

   120

Elapsed time is 545.529147 seconds.

chan =

   121

Elapsed time is 546.159978 seconds.

chan =

   122

