getting started: 2984
attempting file: 2984
going for OH30 83
data loaded: OH30 83
HFB already done

chan =

     1

Elapsed time is 534.303487 seconds.

chan =

     2

Elapsed time is 525.849188 seconds.

chan =

     3

Elapsed time is 536.401371 seconds.

chan =

     4

Elapsed time is 538.467171 seconds.

chan =

     5

Elapsed time is 543.884543 seconds.

chan =

     6

Elapsed time is 539.453750 seconds.

chan =

     7

Elapsed time is 539.827394 seconds.

chan =

     8

Elapsed time is 537.651191 seconds.

chan =

     9

Elapsed time is 541.441730 seconds.

chan =

    10

Elapsed time is 535.933536 seconds.

chan =

    11

Elapsed time is 538.793394 seconds.

chan =

    12

Elapsed time is 538.370841 seconds.

chan =

    13

Elapsed time is 538.115860 seconds.

chan =

    14

Elapsed time is 536.504660 seconds.

chan =

    15

Elapsed time is 540.364092 seconds.

chan =

    16

Elapsed time is 538.307638 seconds.

chan =

    17

Elapsed time is 534.491881 seconds.

chan =

    18

Elapsed time is 535.636338 seconds.

chan =

    19

Elapsed time is 538.550891 seconds.

chan =

    20

Elapsed time is 536.306359 seconds.

chan =

    21

Elapsed time is 536.696277 seconds.

chan =

    22

Elapsed time is 533.399755 seconds.

chan =

    23

Elapsed time is 537.423999 seconds.

chan =

    24

Elapsed time is 533.489639 seconds.

chan =

    25

Elapsed time is 539.207738 seconds.

chan =

    26

Elapsed time is 534.838982 seconds.

chan =

    27

Elapsed time is 537.550128 seconds.

chan =

    28

Elapsed time is 535.183075 seconds.

chan =

    29

Elapsed time is 537.137025 seconds.

chan =

    30

Elapsed time is 536.082055 seconds.

chan =

    31

Elapsed time is 534.405316 seconds.

chan =

    32

Elapsed time is 534.519401 seconds.

chan =

    33

Elapsed time is 536.857834 seconds.

chan =

    34

Elapsed time is 532.277937 seconds.

chan =

    35

Elapsed time is 536.988174 seconds.

chan =

    36

Elapsed time is 535.728178 seconds.

chan =

    37

Elapsed time is 535.740651 seconds.

chan =

    38

Elapsed time is 533.998455 seconds.

chan =

    39

Elapsed time is 534.849221 seconds.

chan =

    40

Elapsed time is 534.333419 seconds.

chan =

    41

Elapsed time is 534.195944 seconds.

chan =

    42

Elapsed time is 535.200897 seconds.

chan =

    43

Elapsed time is 537.349323 seconds.

chan =

    44

Elapsed time is 537.933444 seconds.

chan =

    45

Elapsed time is 535.823920 seconds.

chan =

    46

Elapsed time is 535.417733 seconds.

chan =

    47

Elapsed time is 535.698560 seconds.

chan =

    48

Elapsed time is 532.230343 seconds.

chan =

    49

Elapsed time is 539.635135 seconds.

chan =

    50

Elapsed time is 539.582825 seconds.

chan =

    51

Elapsed time is 539.023244 seconds.

chan =

    52

Elapsed time is 538.423050 seconds.

chan =

    53

Elapsed time is 537.030778 seconds.

chan =

    54

Elapsed time is 538.996957 seconds.

chan =

    55

Elapsed time is 536.941937 seconds.

chan =

    56

Elapsed time is 539.255001 seconds.

chan =

    57

Elapsed time is 535.241518 seconds.

chan =

    58

Elapsed time is 538.586037 seconds.

chan =

    59

Elapsed time is 533.723821 seconds.

chan =

    60

Elapsed time is 537.349139 seconds.

chan =

    61

Elapsed time is 536.914232 seconds.

chan =

    62

Elapsed time is 534.296286 seconds.

chan =

    63

Elapsed time is 528.417280 seconds.

chan =

    64

Elapsed time is 525.139064 seconds.

chan =

    65

Elapsed time is 527.987221 seconds.

chan =

    66

Elapsed time is 526.417604 seconds.

chan =

    67

Elapsed time is 523.071103 seconds.

chan =

    68

Elapsed time is 526.992653 seconds.

chan =

    69

Elapsed time is 526.583168 seconds.

chan =

    70

Elapsed time is 525.556622 seconds.

chan =

    71

Elapsed time is 528.184395 seconds.

chan =

    72

Elapsed time is 524.975129 seconds.

chan =

    73

Elapsed time is 527.849003 seconds.

chan =

    74

Elapsed time is 528.696704 seconds.

chan =

    75

Elapsed time is 526.094476 seconds.

chan =

    76

Elapsed time is 528.087374 seconds.

chan =

    77

Elapsed time is 525.879803 seconds.

chan =

    78

Elapsed time is 526.984399 seconds.

chan =

    79

Elapsed time is 526.556231 seconds.

chan =

    80

Elapsed time is 526.519533 seconds.

chan =

    81

Elapsed time is 526.547743 seconds.

chan =

    82

Elapsed time is 526.073514 seconds.

chan =

    83

Elapsed time is 529.768015 seconds.

chan =

    84

Elapsed time is 526.316321 seconds.

chan =

    85

Elapsed time is 527.432929 seconds.

chan =

    86

Elapsed time is 528.348056 seconds.

chan =

    87

Elapsed time is 526.407289 seconds.

chan =

    88

Elapsed time is 528.895654 seconds.

chan =

    89

Elapsed time is 528.763134 seconds.

chan =

    90

Elapsed time is 529.067678 seconds.

chan =

    91

Elapsed time is 530.963703 seconds.

chan =

    92

Elapsed time is 526.071565 seconds.

chan =

    93

Elapsed time is 528.952475 seconds.

chan =

    94

Elapsed time is 523.597846 seconds.

chan =

    95

Elapsed time is 529.692080 seconds.

chan =

    96

Elapsed time is 526.273670 seconds.

chan =

    97

Elapsed time is 527.021543 seconds.

chan =

    98

Elapsed time is 528.445946 seconds.

chan =

    99

Elapsed time is 526.630283 seconds.

chan =

   100

Elapsed time is 526.548165 seconds.

chan =

   101

Elapsed time is 521.580269 seconds.

chan =

   102

Elapsed time is 521.807866 seconds.

chan =

   103

Elapsed time is 522.968367 seconds.

chan =

   104

Elapsed time is 523.562237 seconds.

chan =

   105

Elapsed time is 521.287016 seconds.

chan =

   106

Elapsed time is 525.786414 seconds.

chan =

   107

Elapsed time is 519.449977 seconds.

chan =

   108

Elapsed time is 521.548454 seconds.

chan =

   109

Elapsed time is 518.298806 seconds.

chan =

   110

Elapsed time is 521.865140 seconds.

chan =

   111

Elapsed time is 520.622374 seconds.

chan =

   112

Elapsed time is 522.866596 seconds.

chan =

   113

Elapsed time is 523.930380 seconds.

chan =

   114

Elapsed time is 520.564707 seconds.

chan =

   115

Elapsed time is 522.693657 seconds.

chan =

   116

Elapsed time is 518.932414 seconds.

chan =

   117

Elapsed time is 522.896828 seconds.

chan =

   118

Elapsed time is 516.833825 seconds.

chan =

   119

Elapsed time is 523.166943 seconds.

chan =

   120

Elapsed time is 521.423402 seconds.

chan =

   121

Elapsed time is 522.776723 seconds.

chan =

   122

Elapsed time is 522.358100 seconds.

chan =

   123

Elapsed time is 518.257351 seconds.

chan =

   124

Elapsed time is 515.934222 seconds.

chan =

   125

Elapsed time is 518.260879 seconds.

chan =

   126

Elapsed time is 514.394561 seconds.

chan =

   127

Elapsed time is 516.670751 seconds.

chan =

   128

