getting started: 2981
attempting file: 2981
going for OH30 80
data loaded: OH30 80
HFB already done

chan =

     1

Elapsed time is 395.051999 seconds.

chan =

     2

Elapsed time is 427.157902 seconds.

chan =

     3

Elapsed time is 437.587876 seconds.

chan =

     4

Elapsed time is 430.286171 seconds.

chan =

     5

Elapsed time is 431.602433 seconds.

chan =

     6

Elapsed time is 435.670219 seconds.

chan =

     7

Elapsed time is 430.319006 seconds.

chan =

     8

Elapsed time is 434.859308 seconds.

chan =

     9

Elapsed time is 429.890951 seconds.

chan =

    10

Elapsed time is 418.147615 seconds.

chan =

    11

Elapsed time is 420.306347 seconds.

chan =

    12

Elapsed time is 421.149655 seconds.

chan =

    13

Elapsed time is 419.643046 seconds.

chan =

    14

Elapsed time is 422.492550 seconds.

chan =

    15

Elapsed time is 420.073597 seconds.

chan =

    16

Elapsed time is 421.469172 seconds.

chan =

    17

Elapsed time is 420.411204 seconds.

chan =

    18

Elapsed time is 481.434288 seconds.

chan =

    19

Elapsed time is 469.935369 seconds.

chan =

    20

Elapsed time is 424.453310 seconds.

chan =

    21

Elapsed time is 465.560947 seconds.

chan =

    22

Elapsed time is 452.906671 seconds.

chan =

    23

Elapsed time is 425.036871 seconds.

chan =

    24

Elapsed time is 440.545938 seconds.

chan =

    25

Elapsed time is 466.673965 seconds.

chan =

    26

Elapsed time is 424.170767 seconds.

chan =

    27

Elapsed time is 442.558117 seconds.

chan =

    28

Elapsed time is 467.204938 seconds.

chan =

    29

Elapsed time is 471.836647 seconds.

chan =

    30

Elapsed time is 425.863696 seconds.

chan =

    31

Elapsed time is 398.535116 seconds.

chan =

    32

Elapsed time is 399.359495 seconds.

chan =

    33

Elapsed time is 397.597095 seconds.

chan =

    34

Elapsed time is 433.883205 seconds.

chan =

    35

Elapsed time is 404.658824 seconds.

chan =

    36

Elapsed time is 404.655793 seconds.

chan =

    37

Elapsed time is 395.635291 seconds.

chan =

    38

Elapsed time is 399.461742 seconds.

chan =

    39

Elapsed time is 402.049963 seconds.

chan =

    40

Elapsed time is 407.347966 seconds.

chan =

    41

Elapsed time is 407.859777 seconds.

chan =

    42

Elapsed time is 406.900914 seconds.

chan =

    43

Elapsed time is 409.898798 seconds.

chan =

    44

Elapsed time is 405.687365 seconds.

chan =

    45

Elapsed time is 401.917149 seconds.

chan =

    46

Elapsed time is 405.799299 seconds.

chan =

    47

Elapsed time is 402.706094 seconds.

chan =

    48

Elapsed time is 403.035409 seconds.

chan =

    49

Elapsed time is 386.732201 seconds.

chan =

    50

Elapsed time is 380.281477 seconds.

chan =

    51

Elapsed time is 380.480839 seconds.

chan =

    52

Elapsed time is 382.665127 seconds.

chan =

    53

Elapsed time is 381.567488 seconds.

chan =

    54

Elapsed time is 384.602098 seconds.

chan =

    55

Elapsed time is 387.662613 seconds.

chan =

    56

Elapsed time is 385.083065 seconds.

chan =

    57

Elapsed time is 388.341998 seconds.

chan =

    58

Elapsed time is 397.309175 seconds.

chan =

    59

Elapsed time is 398.923052 seconds.

chan =

    60

Elapsed time is 394.973197 seconds.

chan =

    61

Elapsed time is 387.716533 seconds.

chan =

    62

Elapsed time is 385.954841 seconds.

chan =

    63

Elapsed time is 385.066578 seconds.

chan =

    64

Elapsed time is 384.394858 seconds.

chan =

    65

Elapsed time is 391.072163 seconds.

chan =

    66

Elapsed time is 391.182544 seconds.

chan =

    67

Elapsed time is 385.256262 seconds.

chan =

    68

Elapsed time is 399.406134 seconds.

chan =

    69

Elapsed time is 401.483448 seconds.

chan =

    70

Elapsed time is 400.239698 seconds.

chan =

    71

Elapsed time is 399.389120 seconds.

chan =

    72

Elapsed time is 394.588908 seconds.

chan =

    73

Elapsed time is 396.768761 seconds.

chan =

    74

Elapsed time is 403.258339 seconds.

chan =

    75

Elapsed time is 392.874445 seconds.

chan =

    76

Elapsed time is 393.085757 seconds.

chan =

    77

Elapsed time is 414.259681 seconds.

chan =

    78

Elapsed time is 438.012644 seconds.

chan =

    79

Elapsed time is 434.571997 seconds.

chan =

    80

Elapsed time is 391.092506 seconds.

chan =

    81

Elapsed time is 429.571531 seconds.

chan =

    82

Elapsed time is 431.688566 seconds.

chan =

    83

Elapsed time is 422.963627 seconds.

chan =

    84

Elapsed time is 435.815273 seconds.

chan =

    85

Elapsed time is 440.791410 seconds.

chan =

    86

Elapsed time is 429.981388 seconds.

chan =

    87

Elapsed time is 444.456881 seconds.

chan =

    88

Elapsed time is 445.828655 seconds.

chan =

    89

Elapsed time is 417.466118 seconds.

chan =

    90

Elapsed time is 442.435011 seconds.

chan =

    91

Elapsed time is 444.053092 seconds.

chan =

    92

Elapsed time is 423.936892 seconds.

chan =

    93

Elapsed time is 439.308034 seconds.

chan =

    94

Elapsed time is 427.387289 seconds.

chan =

    95

Elapsed time is 423.847926 seconds.

chan =

    96

Elapsed time is 443.892197 seconds.

chan =

    97

Elapsed time is 436.562209 seconds.

chan =

    98

Elapsed time is 437.262217 seconds.

chan =

    99

Elapsed time is 447.990779 seconds.

chan =

   100

Elapsed time is 431.353602 seconds.

chan =

   101

Elapsed time is 443.816070 seconds.

chan =

   102

Elapsed time is 446.061783 seconds.

chan =

   103

Elapsed time is 430.264698 seconds.

chan =

   104

Elapsed time is 446.169953 seconds.

chan =

   105

Elapsed time is 449.020037 seconds.

chan =

   106

Elapsed time is 428.790664 seconds.

chan =

   107

Elapsed time is 444.064546 seconds.

chan =

   108

Elapsed time is 446.222350 seconds.

chan =

   109

Elapsed time is 427.115827 seconds.

chan =

   110

Elapsed time is 444.746350 seconds.

chan =

   111

Elapsed time is 435.556757 seconds.

chan =

   112

Elapsed time is 449.580116 seconds.

chan =

   113

Elapsed time is 447.742093 seconds.

chan =

   114

Elapsed time is 422.499247 seconds.

chan =

   115

Elapsed time is 446.766126 seconds.

chan =

   116

Elapsed time is 446.708369 seconds.

chan =

   117

Elapsed time is 420.004947 seconds.

chan =

   118

Elapsed time is 426.900010 seconds.

chan =

   119

Elapsed time is 439.344779 seconds.

chan =

   120

Elapsed time is 384.534933 seconds.

chan =

   121

Elapsed time is 373.665654 seconds.

chan =

   122

Elapsed time is 376.875096 seconds.

chan =

   123

Elapsed time is 378.080479 seconds.

chan =

   124

Elapsed time is 375.322001 seconds.

chan =

   125

Elapsed time is 380.088273 seconds.

chan =

   126

Elapsed time is 377.168829 seconds.

chan =

   127

Elapsed time is 379.363110 seconds.

chan =

   128

Elapsed time is 375.461652 seconds.

chan =

   129

Elapsed time is 375.000608 seconds.

chan =

   130

Elapsed time is 373.081389 seconds.

chan =

   131

Elapsed time is 374.755331 seconds.

chan =

   132

Elapsed time is 376.993867 seconds.

chan =

   133

Elapsed time is 379.093788 seconds.

chan =

   134

Elapsed time is 377.501492 seconds.

chan =

   135

Elapsed time is 376.785952 seconds.

chan =

   136

Elapsed time is 375.883000 seconds.

chan =

   137

Elapsed time is 377.298454 seconds.

chan =

   138

Elapsed time is 378.336970 seconds.

chan =

   139

Elapsed time is 372.318631 seconds.
attempting saving
save success: /projects/p31578/dtf8829/QuestConnect/CHANDAT/chanDat_OH30_080.mat
working on TF
encoding done
encoding RT done
