getting started: 2820
attempting file: 2820
going for OH27 26
data loaded: OH27 26
HFB already done

chan =

     1

Elapsed time is 215.736826 seconds.

chan =

     2

Elapsed time is 210.086747 seconds.

chan =

     3

Elapsed time is 207.659221 seconds.

chan =

     4

Elapsed time is 212.524075 seconds.

chan =

     5

Elapsed time is 243.892753 seconds.

chan =

     6

Elapsed time is 245.665990 seconds.

chan =

     7

Elapsed time is 245.056921 seconds.

chan =

     8

Elapsed time is 244.379378 seconds.

chan =

     9

Elapsed time is 245.313466 seconds.

chan =

    10

Elapsed time is 244.285939 seconds.

chan =

    11

Elapsed time is 243.963015 seconds.

chan =

    12

Elapsed time is 245.419383 seconds.

chan =

    13

Elapsed time is 244.467476 seconds.

chan =

    14

Elapsed time is 243.963445 seconds.

chan =

    15

Elapsed time is 236.592289 seconds.

chan =

    16

Elapsed time is 222.628022 seconds.

chan =

    17

Elapsed time is 209.055886 seconds.

chan =

    18

Elapsed time is 200.411575 seconds.

chan =

    19

Elapsed time is 192.065154 seconds.

chan =

    20

Elapsed time is 192.120556 seconds.

chan =

    21

Elapsed time is 189.532905 seconds.

chan =

    22

Elapsed time is 185.145253 seconds.

chan =

    23

Elapsed time is 183.603466 seconds.

chan =

    24

Elapsed time is 185.074602 seconds.

chan =

    25

Elapsed time is 183.712346 seconds.

chan =

    26

Elapsed time is 185.549295 seconds.

chan =

    27

Elapsed time is 185.558482 seconds.

chan =

    28

Elapsed time is 185.647909 seconds.

chan =

    29

Elapsed time is 184.245318 seconds.

chan =

    30

Elapsed time is 184.475335 seconds.

chan =

    31

Elapsed time is 183.159075 seconds.

chan =

    32

Elapsed time is 182.714319 seconds.

chan =

    33

Elapsed time is 184.834600 seconds.

chan =

    34

Elapsed time is 186.392865 seconds.

chan =

    35

Elapsed time is 186.836210 seconds.

chan =

    36

Elapsed time is 247.545229 seconds.

chan =

    37

Elapsed time is 378.797290 seconds.

chan =

    38

Elapsed time is 373.180600 seconds.

chan =

    39

Elapsed time is 373.977416 seconds.

chan =

    40

Elapsed time is 376.046224 seconds.

chan =

    41

Elapsed time is 373.456799 seconds.

chan =

    42

Elapsed time is 373.807329 seconds.

chan =

    43

Elapsed time is 370.092193 seconds.

chan =

    44

Elapsed time is 371.112716 seconds.

chan =

    45

Elapsed time is 372.611403 seconds.

chan =

    46

Elapsed time is 371.452971 seconds.

chan =

    47

Elapsed time is 372.548836 seconds.

chan =

    48

Elapsed time is 342.644240 seconds.

chan =

    49

Elapsed time is 243.074184 seconds.

chan =

    50

Elapsed time is 394.404014 seconds.

chan =

    51

Elapsed time is 394.156783 seconds.

chan =

    52

Elapsed time is 390.987528 seconds.

chan =

    53

Elapsed time is 394.055811 seconds.

chan =

    54

Elapsed time is 387.748494 seconds.

chan =

    55

Elapsed time is 383.401743 seconds.

chan =

    56

Elapsed time is 378.413125 seconds.

chan =

    57

Elapsed time is 380.953321 seconds.

chan =

    58

Elapsed time is 382.172673 seconds.

chan =

    59

Elapsed time is 380.515469 seconds.

chan =

    60

Elapsed time is 380.767422 seconds.

chan =

    61

Elapsed time is 386.558707 seconds.

chan =

    62

Elapsed time is 380.472076 seconds.

chan =

    63

Elapsed time is 380.474676 seconds.

chan =

    64

Elapsed time is 378.853056 seconds.

chan =

    65

Elapsed time is 385.430981 seconds.

chan =

    66

Elapsed time is 380.738057 seconds.

chan =

    67

Elapsed time is 384.755059 seconds.

chan =

    68

Elapsed time is 381.258390 seconds.

chan =

    69

Elapsed time is 378.092421 seconds.

chan =

    70

Elapsed time is 372.701729 seconds.

chan =

    71

Elapsed time is 381.997496 seconds.

chan =

    72

Elapsed time is 376.668676 seconds.

chan =

    73

Elapsed time is 379.144850 seconds.

chan =

    74

Elapsed time is 374.701710 seconds.

chan =

    75

Elapsed time is 376.417754 seconds.

chan =

    76

Elapsed time is 377.440770 seconds.

chan =

    77

Elapsed time is 265.442640 seconds.

chan =

    78

Elapsed time is 182.958031 seconds.

chan =

    79

Elapsed time is 182.298600 seconds.

chan =

    80

Elapsed time is 181.920706 seconds.

chan =

    81

Elapsed time is 182.367954 seconds.

chan =

    82

Elapsed time is 181.509346 seconds.

chan =

    83

Elapsed time is 186.468026 seconds.

chan =

    84

Elapsed time is 197.691644 seconds.

chan =

    85

Elapsed time is 197.951084 seconds.

chan =

    86

Elapsed time is 196.649926 seconds.

chan =

    87

Elapsed time is 181.684249 seconds.

chan =

    88

Elapsed time is 179.778328 seconds.

chan =

    89

Elapsed time is 181.707673 seconds.

chan =

    90

Elapsed time is 181.842945 seconds.

chan =

    91

Elapsed time is 181.374412 seconds.

chan =

    92

Elapsed time is 181.144241 seconds.

chan =

    93

Elapsed time is 181.811306 seconds.

chan =

    94

Elapsed time is 181.362942 seconds.

chan =

    95

Elapsed time is 181.259154 seconds.

chan =

    96

Elapsed time is 181.416160 seconds.

chan =

    97

Elapsed time is 181.253810 seconds.

chan =

    98

Elapsed time is 180.696892 seconds.

chan =

    99

Elapsed time is 178.937925 seconds.

chan =

   100

Elapsed time is 180.191486 seconds.

chan =

   101

Elapsed time is 183.714477 seconds.

chan =

   102

Elapsed time is 182.985726 seconds.

chan =

   103

Elapsed time is 182.815852 seconds.

chan =

   104

Elapsed time is 182.430227 seconds.

chan =

   105

Elapsed time is 183.378587 seconds.

chan =

   106

Elapsed time is 182.515298 seconds.

