getting started: 2822
attempting file: 2822
going for OH27 28
data loaded: OH27 28
HFB already done

chan =

     1

Elapsed time is 236.347648 seconds.

chan =

     2

Elapsed time is 230.345723 seconds.

chan =

     3

Elapsed time is 232.025458 seconds.

chan =

     4

Elapsed time is 233.420531 seconds.

chan =

     5

Elapsed time is 234.819239 seconds.

chan =

     6

Elapsed time is 237.712617 seconds.

chan =

     7

Elapsed time is 231.293064 seconds.

chan =

     8

Elapsed time is 231.543660 seconds.

chan =

     9

Elapsed time is 232.609598 seconds.

chan =

    10

Elapsed time is 232.729378 seconds.

chan =

    11

Elapsed time is 232.334727 seconds.

chan =

    12

Elapsed time is 233.202164 seconds.

chan =

    13

Elapsed time is 231.459233 seconds.

chan =

    14

Elapsed time is 232.087528 seconds.

chan =

    15

Elapsed time is 232.019103 seconds.

chan =

    16

Elapsed time is 229.802486 seconds.

chan =

    17

Elapsed time is 225.986065 seconds.

chan =

    18

Elapsed time is 232.986564 seconds.

chan =

    19

Elapsed time is 231.009528 seconds.

chan =

    20

Elapsed time is 235.029797 seconds.

chan =

    21

Elapsed time is 235.645098 seconds.

chan =

    22

Elapsed time is 229.977342 seconds.

chan =

    23

Elapsed time is 234.885743 seconds.

chan =

    24

Elapsed time is 234.204949 seconds.

chan =

    25

Elapsed time is 230.734174 seconds.

chan =

    26

Elapsed time is 232.214618 seconds.

chan =

    27

Elapsed time is 231.367649 seconds.

chan =

    28

Elapsed time is 232.566612 seconds.

chan =

    29

Elapsed time is 231.257170 seconds.

chan =

    30

Elapsed time is 231.573775 seconds.

chan =

    31

Elapsed time is 232.709077 seconds.

chan =

    32

Elapsed time is 232.818518 seconds.

chan =

    33

Elapsed time is 234.201261 seconds.

chan =

    34

Elapsed time is 235.012676 seconds.

chan =

    35

Elapsed time is 239.017994 seconds.

chan =

    36

Elapsed time is 237.100973 seconds.

chan =

    37

Elapsed time is 237.748932 seconds.

chan =

    38

Elapsed time is 238.079271 seconds.

chan =

    39

Elapsed time is 240.617015 seconds.

chan =

    40

Elapsed time is 237.839659 seconds.

chan =

    41

Elapsed time is 238.729091 seconds.

chan =

    42

Elapsed time is 235.962023 seconds.

chan =

    43

Elapsed time is 236.401032 seconds.

chan =

    44

Elapsed time is 236.825318 seconds.

chan =

    45

Elapsed time is 237.128134 seconds.

chan =

    46

Elapsed time is 235.157629 seconds.

chan =

    47

Elapsed time is 236.219873 seconds.

chan =

    48

Elapsed time is 234.124711 seconds.

chan =

    49

Elapsed time is 236.524699 seconds.

chan =

    50

Elapsed time is 236.107869 seconds.

chan =

    51

Elapsed time is 233.734196 seconds.

chan =

    52

Elapsed time is 238.787811 seconds.

chan =

    53

Elapsed time is 237.319747 seconds.

chan =

    54

Elapsed time is 236.739329 seconds.

chan =

    55

Elapsed time is 241.019690 seconds.

chan =

    56

Elapsed time is 238.611766 seconds.

chan =

    57

Elapsed time is 238.146899 seconds.

chan =

    58

Elapsed time is 233.678289 seconds.

chan =

    59

Elapsed time is 235.653382 seconds.

chan =

    60

Elapsed time is 235.111886 seconds.

chan =

    61

Elapsed time is 236.231478 seconds.

chan =

    62

Elapsed time is 237.493212 seconds.

chan =

    63

Elapsed time is 237.434365 seconds.

chan =

    64

Elapsed time is 236.292860 seconds.

chan =

    65

Elapsed time is 238.668030 seconds.

chan =

    66

Elapsed time is 238.634237 seconds.

chan =

    67

Elapsed time is 239.031502 seconds.

chan =

    68

Elapsed time is 237.254308 seconds.

chan =

    69

Elapsed time is 239.653335 seconds.

chan =

    70

Elapsed time is 237.477518 seconds.

chan =

    71

Elapsed time is 241.811397 seconds.

chan =

    72

Elapsed time is 238.859987 seconds.

chan =

    73

Elapsed time is 239.922728 seconds.

chan =

    74

Elapsed time is 237.330479 seconds.

chan =

    75

Elapsed time is 236.462189 seconds.

chan =

    76

Elapsed time is 237.833405 seconds.

chan =

    77

Elapsed time is 239.128026 seconds.

chan =

    78

Elapsed time is 238.891879 seconds.

chan =

    79

Elapsed time is 239.101711 seconds.

chan =

    80

Elapsed time is 238.271669 seconds.

chan =

    81

Elapsed time is 237.522455 seconds.

chan =

    82

Elapsed time is 235.423435 seconds.

chan =

    83

Elapsed time is 238.527503 seconds.

chan =

    84

Elapsed time is 237.755283 seconds.

chan =

    85

Elapsed time is 239.093159 seconds.

chan =

    86

Elapsed time is 237.402025 seconds.

chan =

    87

Elapsed time is 237.681233 seconds.

chan =

    88

Elapsed time is 236.074812 seconds.

chan =

    89

Elapsed time is 235.378619 seconds.

chan =

    90

Elapsed time is 237.688959 seconds.

chan =

    91

Elapsed time is 236.401950 seconds.

chan =

    92

Elapsed time is 235.622563 seconds.

chan =

    93

Elapsed time is 238.966407 seconds.

chan =

    94

Elapsed time is 237.544675 seconds.

chan =

    95

Elapsed time is 239.043074 seconds.

chan =

    96

Elapsed time is 237.953907 seconds.

chan =

    97

Elapsed time is 208.754545 seconds.

chan =

    98

Elapsed time is 226.087147 seconds.

chan =

    99

Elapsed time is 222.564469 seconds.

chan =

   100

Elapsed time is 224.947518 seconds.

chan =

   101

Elapsed time is 230.042115 seconds.

chan =

   102

Elapsed time is 229.334642 seconds.

chan =

   103

Elapsed time is 198.976336 seconds.

chan =

   104

Elapsed time is 179.797736 seconds.

chan =

   105

Elapsed time is 180.677378 seconds.

chan =

   106

Elapsed time is 181.287255 seconds.

