getting started: 2904
attempting file: 2904
going for OH30 3
data loaded: OH30 3
HFB already done

chan =

     1

Elapsed time is 773.265966 seconds.

chan =

     2

Elapsed time is 760.854956 seconds.

chan =

     3

Elapsed time is 756.947074 seconds.

chan =

     4

Elapsed time is 759.697087 seconds.

chan =

     5

Elapsed time is 763.383216 seconds.

chan =

     6

Elapsed time is 758.727999 seconds.

chan =

     7

Elapsed time is 765.144663 seconds.

chan =

     8

Elapsed time is 756.154143 seconds.

chan =

     9

Elapsed time is 749.223628 seconds.

chan =

    10

Elapsed time is 747.432876 seconds.

chan =

    11

Elapsed time is 752.048238 seconds.

chan =

    12

Elapsed time is 747.618854 seconds.

chan =

    13

Elapsed time is 749.857917 seconds.

chan =

    14

Elapsed time is 752.187928 seconds.

chan =

    15

Elapsed time is 748.300993 seconds.

chan =

    16

Elapsed time is 751.014591 seconds.

chan =

    17

Elapsed time is 748.265791 seconds.

chan =

    18

Elapsed time is 751.547640 seconds.

chan =

    19

Elapsed time is 749.120679 seconds.

chan =

    20

Elapsed time is 751.043311 seconds.

chan =

    21

Elapsed time is 753.175428 seconds.

chan =

    22

Elapsed time is 744.799953 seconds.

chan =

    23

Elapsed time is 754.906260 seconds.

chan =

    24

Elapsed time is 749.749449 seconds.

chan =

    25

Elapsed time is 751.018164 seconds.

chan =

    26

Elapsed time is 749.265370 seconds.

chan =

    27

Elapsed time is 745.951927 seconds.

chan =

    28

Elapsed time is 753.243335 seconds.

chan =

    29

Elapsed time is 751.583483 seconds.

chan =

    30

Elapsed time is 747.970513 seconds.

chan =

    31

Elapsed time is 750.630622 seconds.

chan =

    32

Elapsed time is 746.699361 seconds.

chan =

    33

Elapsed time is 745.802608 seconds.

chan =

    34

Elapsed time is 747.263834 seconds.

chan =

    35

Elapsed time is 746.821241 seconds.

chan =

    36

Elapsed time is 751.244262 seconds.

chan =

    37

Elapsed time is 748.028297 seconds.

chan =

    38

Elapsed time is 745.406430 seconds.

chan =

    39

Elapsed time is 747.979567 seconds.

chan =

    40

Elapsed time is 751.749269 seconds.

chan =

    41

Elapsed time is 755.609334 seconds.

chan =

    42

Elapsed time is 747.080219 seconds.

chan =

    43

Elapsed time is 749.180700 seconds.

chan =

    44

Elapsed time is 750.724060 seconds.

chan =

    45

Elapsed time is 750.129015 seconds.

chan =

    46

Elapsed time is 752.801089 seconds.

chan =

    47

Elapsed time is 746.725914 seconds.

chan =

    48

Elapsed time is 745.635328 seconds.

chan =

    49

Elapsed time is 751.237171 seconds.

chan =

    50

Elapsed time is 752.042139 seconds.

chan =

    51

Elapsed time is 752.915878 seconds.

chan =

    52

Elapsed time is 756.688622 seconds.

chan =

    53

Elapsed time is 750.430828 seconds.

chan =

    54

Elapsed time is 754.534788 seconds.

chan =

    55

Elapsed time is 751.409909 seconds.

chan =

    56

Elapsed time is 755.603086 seconds.

chan =

    57

Elapsed time is 752.154519 seconds.

chan =

    58

Elapsed time is 754.725090 seconds.

chan =

    59

Elapsed time is 756.243291 seconds.

chan =

    60

Elapsed time is 752.884059 seconds.

chan =

    61

Elapsed time is 748.088090 seconds.

chan =

    62

Elapsed time is 753.607180 seconds.

chan =

    63

Elapsed time is 746.227873 seconds.

chan =

    64

Elapsed time is 755.703222 seconds.

chan =

    65

Elapsed time is 748.494340 seconds.

chan =

    66

Elapsed time is 752.594005 seconds.

chan =

    67

Elapsed time is 742.019491 seconds.

chan =

    68

Elapsed time is 741.903371 seconds.

chan =

    69

Elapsed time is 742.861711 seconds.

chan =

    70

Elapsed time is 739.334356 seconds.

chan =

    71

Elapsed time is 738.704165 seconds.

chan =

    72

Elapsed time is 744.740482 seconds.

chan =

    73

Elapsed time is 739.706718 seconds.

chan =

    74

Elapsed time is 747.099676 seconds.

chan =

    75

Elapsed time is 743.449563 seconds.

chan =

    76

Elapsed time is 744.011398 seconds.

chan =

    77

Elapsed time is 737.947246 seconds.

chan =

    78

Elapsed time is 740.012674 seconds.

chan =

    79

Elapsed time is 736.372352 seconds.

chan =

    80

Elapsed time is 742.440615 seconds.

chan =

    81

Elapsed time is 735.521164 seconds.

chan =

    82

Elapsed time is 742.401914 seconds.

chan =

    83

Elapsed time is 739.039539 seconds.

chan =

    84

Elapsed time is 751.606952 seconds.

chan =

    85

Elapsed time is 753.812790 seconds.

chan =

    86

Elapsed time is 755.402494 seconds.

chan =

    87

Elapsed time is 754.723579 seconds.

chan =

    88

Elapsed time is 752.957218 seconds.

chan =

    89

Elapsed time is 750.271648 seconds.

chan =

    90

Elapsed time is 757.800813 seconds.

chan =

    91

