getting started: 2816
attempting file: 2816
going for OH27 22
data loaded: OH27 22
HFB already done

chan =

     1

Elapsed time is 261.336125 seconds.

chan =

     2

Elapsed time is 255.873689 seconds.

chan =

     3

Elapsed time is 257.816435 seconds.

chan =

     4

Elapsed time is 260.322877 seconds.

chan =

     5

Elapsed time is 262.236383 seconds.

chan =

     6

Elapsed time is 262.614529 seconds.

chan =

     7

Elapsed time is 261.931839 seconds.

chan =

     8

Elapsed time is 269.232712 seconds.

chan =

     9

Elapsed time is 268.103394 seconds.

chan =

    10

Elapsed time is 264.100282 seconds.

chan =

    11

Elapsed time is 266.413299 seconds.

chan =

    12

Elapsed time is 269.540583 seconds.

chan =

    13

Elapsed time is 266.406094 seconds.

chan =

    14

Elapsed time is 266.727037 seconds.

chan =

    15

Elapsed time is 265.778676 seconds.

chan =

    16

Elapsed time is 263.072811 seconds.

chan =

    17

Elapsed time is 261.605333 seconds.

chan =

    18

Elapsed time is 258.931150 seconds.

chan =

    19

Elapsed time is 261.769328 seconds.

chan =

    20

Elapsed time is 262.869062 seconds.

chan =

    21

Elapsed time is 261.628497 seconds.

chan =

    22

Elapsed time is 255.845544 seconds.

chan =

    23

Elapsed time is 257.433050 seconds.

chan =

    24

Elapsed time is 261.138337 seconds.

chan =

    25

Elapsed time is 255.606446 seconds.

chan =

    26

Elapsed time is 256.781799 seconds.

chan =

    27

Elapsed time is 259.727056 seconds.

chan =

    28

Elapsed time is 256.097804 seconds.

chan =

    29

Elapsed time is 262.656859 seconds.

chan =

    30

Elapsed time is 270.319474 seconds.

chan =

    31

Elapsed time is 276.573154 seconds.

chan =

    32

Elapsed time is 276.676651 seconds.

chan =

    33

Elapsed time is 278.098667 seconds.

chan =

    34

Elapsed time is 267.231143 seconds.

chan =

    35

Elapsed time is 272.158873 seconds.

chan =

    36

Elapsed time is 281.447274 seconds.

chan =

    37

Elapsed time is 282.981639 seconds.

chan =

    38

Elapsed time is 280.492243 seconds.

chan =

    39

Elapsed time is 283.231364 seconds.

chan =

    40

Elapsed time is 281.500483 seconds.

chan =

    41

Elapsed time is 270.691577 seconds.

chan =

    42

Elapsed time is 280.621316 seconds.

chan =

    43

Elapsed time is 261.792515 seconds.

chan =

    44

Elapsed time is 285.223273 seconds.

chan =

    45

Elapsed time is 272.151101 seconds.

chan =

    46

Elapsed time is 279.164065 seconds.

chan =

    47

Elapsed time is 279.420978 seconds.

chan =

    48

Elapsed time is 281.416285 seconds.

chan =

    49

Elapsed time is 266.973871 seconds.

chan =

    50

Elapsed time is 275.526586 seconds.

chan =

    51

Elapsed time is 267.569489 seconds.

chan =

    52

Elapsed time is 275.294895 seconds.

chan =

    53

Elapsed time is 263.433358 seconds.

chan =

    54

Elapsed time is 268.112838 seconds.

chan =

    55

Elapsed time is 264.960041 seconds.

chan =

    56

Elapsed time is 266.007153 seconds.

chan =

    57

Elapsed time is 259.957281 seconds.

chan =

    58

Elapsed time is 261.149265 seconds.

chan =

    59

Elapsed time is 263.114038 seconds.

chan =

    60

Elapsed time is 261.784894 seconds.

chan =

    61

Elapsed time is 257.897951 seconds.

chan =

    62

Elapsed time is 256.851512 seconds.

chan =

    63

Elapsed time is 256.513334 seconds.

chan =

    64

Elapsed time is 259.266911 seconds.

chan =

    65

Elapsed time is 250.049364 seconds.

chan =

    66

Elapsed time is 249.122497 seconds.

chan =

    67

Elapsed time is 235.195254 seconds.

chan =

    68

Elapsed time is 260.357451 seconds.

chan =

    69

Elapsed time is 258.332378 seconds.

chan =

    70

Elapsed time is 254.644025 seconds.

chan =

    71

Elapsed time is 248.626038 seconds.

chan =

    72

Elapsed time is 234.902692 seconds.

chan =

    73

Elapsed time is 251.237359 seconds.

chan =

    74

Elapsed time is 252.244048 seconds.

chan =

    75

Elapsed time is 247.883334 seconds.

chan =

    76

Elapsed time is 248.484730 seconds.

chan =

    77

Elapsed time is 230.291568 seconds.

chan =

    78

Elapsed time is 249.437503 seconds.

chan =

    79

Elapsed time is 250.562006 seconds.

chan =

    80

Elapsed time is 252.021411 seconds.

chan =

    81

Elapsed time is 250.902065 seconds.

chan =

    82

Elapsed time is 240.720872 seconds.

chan =

    83

Elapsed time is 246.736530 seconds.

chan =

    84

Elapsed time is 248.344969 seconds.

chan =

    85

Elapsed time is 248.048260 seconds.

chan =

    86

Elapsed time is 247.407100 seconds.

chan =

    87

Elapsed time is 240.934623 seconds.

chan =

    88

Elapsed time is 226.643418 seconds.

chan =

    89

Elapsed time is 249.347776 seconds.

chan =

    90

Elapsed time is 255.146047 seconds.

chan =

    91

Elapsed time is 246.569734 seconds.

chan =

    92

Elapsed time is 243.058973 seconds.

chan =

    93

Elapsed time is 220.858825 seconds.

chan =

    94

Elapsed time is 209.444522 seconds.

chan =

    95

Elapsed time is 238.485175 seconds.

chan =

    96

Elapsed time is 240.695714 seconds.

chan =

    97

Elapsed time is 243.693440 seconds.

chan =

    98

Elapsed time is 241.409177 seconds.

chan =

    99

Elapsed time is 235.264763 seconds.

chan =

   100

Elapsed time is 215.523042 seconds.

chan =

   101

Elapsed time is 244.225375 seconds.

chan =

   102

Elapsed time is 245.910570 seconds.

chan =

   103

Elapsed time is 244.074564 seconds.

chan =

   104

Elapsed time is 248.936090 seconds.

chan =

   105

Elapsed time is 224.175751 seconds.

chan =

   106

Elapsed time is 207.278257 seconds.

