getting started: 2977
attempting file: 2977
going for OH30 76
data loaded: OH30 76
HFB already done

chan =

     1

Elapsed time is 516.491422 seconds.

chan =

     2

Elapsed time is 543.526641 seconds.

chan =

     3

Elapsed time is 544.603777 seconds.

chan =

     4

Elapsed time is 543.567960 seconds.

chan =

     5

Elapsed time is 535.003981 seconds.

chan =

     6

Elapsed time is 519.660939 seconds.

chan =

     7

Elapsed time is 518.005129 seconds.

chan =

     8

Elapsed time is 514.177755 seconds.

chan =

     9

Elapsed time is 513.776592 seconds.

chan =

    10

Elapsed time is 504.318977 seconds.

chan =

    11

Elapsed time is 490.687978 seconds.

chan =

    12

Elapsed time is 510.901018 seconds.

chan =

    13

Elapsed time is 510.942456 seconds.

chan =

    14

Elapsed time is 513.279028 seconds.

chan =

    15

Elapsed time is 515.519489 seconds.

chan =

    16

Elapsed time is 512.906526 seconds.

chan =

    17

Elapsed time is 510.460588 seconds.

chan =

    18

Elapsed time is 513.273011 seconds.

chan =

    19

Elapsed time is 514.480783 seconds.

chan =

    20

Elapsed time is 513.389336 seconds.

chan =

    21

Elapsed time is 515.348288 seconds.

chan =

    22

Elapsed time is 515.416914 seconds.

chan =

    23

Elapsed time is 516.834395 seconds.

chan =

    24

Elapsed time is 518.764505 seconds.

chan =

    25

Elapsed time is 506.291952 seconds.

chan =

    26

Elapsed time is 504.041252 seconds.

chan =

    27

Elapsed time is 511.219823 seconds.

chan =

    28

Elapsed time is 512.726254 seconds.

chan =

    29

Elapsed time is 482.348684 seconds.

chan =

    30

Elapsed time is 467.747251 seconds.

chan =

    31

Elapsed time is 465.790827 seconds.

chan =

    32

Elapsed time is 470.509092 seconds.

chan =

    33

Elapsed time is 466.671893 seconds.

chan =

    34

Elapsed time is 477.871612 seconds.

chan =

    35

Elapsed time is 477.748101 seconds.

chan =

    36

Elapsed time is 479.004477 seconds.

chan =

    37

Elapsed time is 476.893407 seconds.

chan =

    38

Elapsed time is 478.871162 seconds.

chan =

    39

Elapsed time is 475.656523 seconds.

chan =

    40

Elapsed time is 478.739529 seconds.

chan =

    41

Elapsed time is 479.405059 seconds.

chan =

    42

Elapsed time is 470.789845 seconds.

chan =

    43

Elapsed time is 465.990845 seconds.

chan =

    44

Elapsed time is 468.397965 seconds.

chan =

    45

Elapsed time is 463.593836 seconds.

chan =

    46

Elapsed time is 464.645139 seconds.

chan =

    47

Elapsed time is 465.185209 seconds.

chan =

    48

Elapsed time is 464.321968 seconds.

chan =

    49

Elapsed time is 470.047605 seconds.

chan =

    50

Elapsed time is 468.998615 seconds.

chan =

    51

Elapsed time is 466.371315 seconds.

chan =

    52

Elapsed time is 469.343015 seconds.

chan =

    53

Elapsed time is 465.614706 seconds.

chan =

    54

Elapsed time is 468.731490 seconds.

chan =

    55

Elapsed time is 471.070568 seconds.

chan =

    56

Elapsed time is 485.607200 seconds.

chan =

    57

Elapsed time is 469.167989 seconds.

chan =

    58

Elapsed time is 470.737062 seconds.

chan =

    59

Elapsed time is 468.292873 seconds.

chan =

    60

Elapsed time is 469.306622 seconds.

chan =

    61

Elapsed time is 469.057997 seconds.

chan =

    62

Elapsed time is 468.938731 seconds.

chan =

    63

Elapsed time is 477.238874 seconds.

chan =

    64

Elapsed time is 480.414461 seconds.

chan =

    65

Elapsed time is 490.039472 seconds.

chan =

    66

Elapsed time is 489.572962 seconds.

chan =

    67

Elapsed time is 488.981973 seconds.

chan =

    68

Elapsed time is 501.503677 seconds.

chan =

    69

Elapsed time is 505.087599 seconds.

chan =

    70

Elapsed time is 489.651554 seconds.

chan =

    71

Elapsed time is 483.238758 seconds.

chan =

    72

Elapsed time is 483.735075 seconds.

chan =

    73

Elapsed time is 481.146205 seconds.

chan =

    74

Elapsed time is 479.708309 seconds.

chan =

    75

Elapsed time is 481.794474 seconds.

chan =

    76

Elapsed time is 483.454630 seconds.

chan =

    77

Elapsed time is 477.556491 seconds.

chan =

    78

Elapsed time is 481.064201 seconds.

chan =

    79

Elapsed time is 477.331816 seconds.

chan =

    80

Elapsed time is 467.839750 seconds.

chan =

    81

Elapsed time is 464.007518 seconds.

chan =

    82

Elapsed time is 465.413699 seconds.

chan =

    83

Elapsed time is 467.597893 seconds.

chan =

    84

Elapsed time is 468.844795 seconds.

chan =

    85

Elapsed time is 464.766933 seconds.

chan =

    86

Elapsed time is 467.647676 seconds.

chan =

    87

Elapsed time is 468.121139 seconds.

chan =

    88

Elapsed time is 468.260569 seconds.

chan =

    89

Elapsed time is 469.251527 seconds.

chan =

    90

Elapsed time is 470.706002 seconds.

chan =

    91

Elapsed time is 470.561098 seconds.

chan =

    92

Elapsed time is 470.053408 seconds.

chan =

    93

Elapsed time is 467.041559 seconds.

chan =

    94

Elapsed time is 469.847471 seconds.

chan =

    95

Elapsed time is 472.983066 seconds.

chan =

    96

Elapsed time is 473.377681 seconds.

chan =

    97

Elapsed time is 470.397591 seconds.

chan =

    98

Elapsed time is 473.593738 seconds.

chan =

    99

Elapsed time is 472.617517 seconds.

chan =

   100

Elapsed time is 471.410274 seconds.

chan =

   101

Elapsed time is 467.384060 seconds.

chan =

   102

Elapsed time is 464.987664 seconds.

chan =

   103

Elapsed time is 466.400199 seconds.

chan =

   104

Elapsed time is 468.640864 seconds.

chan =

   105

Elapsed time is 465.851724 seconds.

chan =

   106

Elapsed time is 467.312153 seconds.

chan =

   107

Elapsed time is 469.680127 seconds.

chan =

   108

Elapsed time is 470.206614 seconds.

chan =

   109

Elapsed time is 466.301703 seconds.

chan =

   110

Elapsed time is 468.876427 seconds.

chan =

   111

Elapsed time is 467.841786 seconds.

chan =

   112

Elapsed time is 470.180519 seconds.

chan =

   113

Elapsed time is 469.712963 seconds.

chan =

   114

Elapsed time is 470.508606 seconds.

chan =

   115

Elapsed time is 469.055223 seconds.

chan =

   116

Elapsed time is 471.519170 seconds.

chan =

   117

Elapsed time is 467.160467 seconds.

chan =

   118

Elapsed time is 467.780041 seconds.

chan =

   119

Elapsed time is 470.451245 seconds.

chan =

   120

Elapsed time is 472.202005 seconds.

chan =

   121

Elapsed time is 470.000116 seconds.

chan =

   122

Elapsed time is 471.834311 seconds.

chan =

   123

Elapsed time is 466.066855 seconds.

chan =

   124

Elapsed time is 471.320783 seconds.

chan =

   125

Elapsed time is 473.232404 seconds.

chan =

   126

Elapsed time is 473.865218 seconds.

chan =

   127

Elapsed time is 473.884637 seconds.

chan =

   128

Elapsed time is 471.565307 seconds.

chan =

   129

Elapsed time is 470.625173 seconds.

chan =

   130

Elapsed time is 469.876410 seconds.

chan =

   131

Elapsed time is 466.751218 seconds.

chan =

   132

Elapsed time is 471.295423 seconds.

chan =

   133

Elapsed time is 470.459264 seconds.

chan =

   134

Elapsed time is 473.243923 seconds.

chan =

   135

Elapsed time is 468.874908 seconds.

chan =

   136

Elapsed time is 472.481935 seconds.

chan =

   137

Elapsed time is 471.774010 seconds.

chan =

   138

Elapsed time is 473.667490 seconds.

chan =

   139

Elapsed time is 458.518880 seconds.
attempting saving
save success: /projects/p31578/dtf8829/QuestConnect/CHANDAT/chanDat_OH30_076.mat
working on TF
encoding done
encoding RT done
