getting started: 2838
attempting file: 2838
going for OH27 44
data loaded: OH27 44
HFB already done

chan =

     1

Elapsed time is 281.179016 seconds.

chan =

     2

Elapsed time is 275.802730 seconds.

chan =

     3

Elapsed time is 275.011354 seconds.

chan =

     4

Elapsed time is 277.550083 seconds.

chan =

     5

Elapsed time is 274.921286 seconds.

chan =

     6

Elapsed time is 275.367707 seconds.

chan =

     7

Elapsed time is 276.691713 seconds.

chan =

     8

Elapsed time is 272.178363 seconds.

chan =

     9

Elapsed time is 265.344885 seconds.

chan =

    10

Elapsed time is 266.813722 seconds.

chan =

    11

Elapsed time is 265.910371 seconds.

chan =

    12

Elapsed time is 266.336598 seconds.

chan =

    13

Elapsed time is 265.650225 seconds.

chan =

    14

Elapsed time is 264.686368 seconds.

chan =

    15

Elapsed time is 265.655785 seconds.

chan =

    16

Elapsed time is 262.677093 seconds.

chan =

    17

Elapsed time is 264.468277 seconds.

chan =

    18

Elapsed time is 264.794236 seconds.

chan =

    19

Elapsed time is 264.058772 seconds.

chan =

    20

Elapsed time is 266.294019 seconds.

chan =

    21

Elapsed time is 265.830456 seconds.

chan =

    22

Elapsed time is 262.433863 seconds.

chan =

    23

Elapsed time is 264.074429 seconds.

chan =

    24

Elapsed time is 264.592852 seconds.

chan =

    25

Elapsed time is 263.631234 seconds.

chan =

    26

Elapsed time is 263.267559 seconds.

chan =

    27

Elapsed time is 262.417962 seconds.

chan =

    28

Elapsed time is 265.284137 seconds.

chan =

    29

Elapsed time is 263.924058 seconds.

chan =

    30

Elapsed time is 263.989544 seconds.

chan =

    31

Elapsed time is 263.687055 seconds.

chan =

    32

Elapsed time is 261.512161 seconds.

chan =

    33

Elapsed time is 264.927557 seconds.

chan =

    34

Elapsed time is 265.176491 seconds.

chan =

    35

Elapsed time is 264.812159 seconds.

chan =

    36

Elapsed time is 264.709741 seconds.

chan =

    37

Elapsed time is 266.460099 seconds.

chan =

    38

Elapsed time is 265.776320 seconds.

chan =

    39

Elapsed time is 264.703201 seconds.

chan =

    40

Elapsed time is 261.576206 seconds.

chan =

    41

Elapsed time is 263.198370 seconds.

chan =

    42

Elapsed time is 262.640083 seconds.

chan =

    43

Elapsed time is 261.826243 seconds.

chan =

    44

Elapsed time is 264.568149 seconds.

chan =

    45

Elapsed time is 263.422828 seconds.

chan =

    46

Elapsed time is 264.671705 seconds.

chan =

    47

Elapsed time is 263.251643 seconds.

chan =

    48

Elapsed time is 267.718991 seconds.

chan =

    49

Elapsed time is 267.547133 seconds.

chan =

    50

Elapsed time is 266.545187 seconds.

chan =

    51

Elapsed time is 267.443219 seconds.

chan =

    52

Elapsed time is 256.078781 seconds.

chan =

    53

Elapsed time is 252.713541 seconds.

chan =

    54

Elapsed time is 265.492021 seconds.

chan =

    55

Elapsed time is 268.565672 seconds.

chan =

    56

Elapsed time is 268.698012 seconds.

chan =

    57

Elapsed time is 294.288518 seconds.

chan =

    58

Elapsed time is 288.523646 seconds.

chan =

    59

Elapsed time is 293.445409 seconds.

chan =

    60

Elapsed time is 290.261828 seconds.

chan =

    61

Elapsed time is 290.250470 seconds.

chan =

    62

Elapsed time is 289.844851 seconds.

chan =

    63

Elapsed time is 285.068180 seconds.

chan =

    64

Elapsed time is 288.750770 seconds.

chan =

    65

Elapsed time is 283.263947 seconds.

chan =

    66

Elapsed time is 291.839995 seconds.

chan =

    67

Elapsed time is 287.454417 seconds.

chan =

    68

Elapsed time is 289.299850 seconds.

chan =

    69

Elapsed time is 291.673619 seconds.

chan =

    70

Elapsed time is 285.491074 seconds.

chan =

    71

Elapsed time is 289.206238 seconds.

chan =

    72

Elapsed time is 287.562268 seconds.

chan =

    73

Elapsed time is 287.568430 seconds.

chan =

    74

Elapsed time is 295.865045 seconds.

chan =

    75

Elapsed time is 300.567320 seconds.

chan =

    76

Elapsed time is 300.669500 seconds.

chan =

    77

Elapsed time is 298.690184 seconds.

chan =

    78

Elapsed time is 299.544446 seconds.

chan =

    79

Elapsed time is 300.602865 seconds.

chan =

    80

Elapsed time is 299.073149 seconds.

chan =

    81

Elapsed time is 302.544142 seconds.

chan =

    82

Elapsed time is 299.336094 seconds.

chan =

    83

Elapsed time is 298.901133 seconds.

chan =

    84

Elapsed time is 301.269344 seconds.

chan =

    85

Elapsed time is 298.583516 seconds.

chan =

    86

Elapsed time is 301.082262 seconds.

chan =

    87

Elapsed time is 297.127928 seconds.

chan =

    88

Elapsed time is 297.083643 seconds.

chan =

    89

Elapsed time is 277.139301 seconds.

chan =

    90

Elapsed time is 249.352431 seconds.

chan =

    91

Elapsed time is 244.622415 seconds.

chan =

    92

Elapsed time is 233.284056 seconds.

chan =

    93

Elapsed time is 224.747456 seconds.

chan =

    94

Elapsed time is 221.417071 seconds.

chan =

    95

Elapsed time is 222.227379 seconds.

chan =

    96

Elapsed time is 225.280851 seconds.

chan =

    97

Elapsed time is 221.920804 seconds.

chan =

    98

Elapsed time is 220.994635 seconds.

chan =

    99

Elapsed time is 220.649691 seconds.

chan =

   100

Elapsed time is 221.333941 seconds.

chan =

   101

Elapsed time is 228.341781 seconds.

chan =

   102

Elapsed time is 225.973012 seconds.

chan =

   103

Elapsed time is 225.334304 seconds.

chan =

   104

Elapsed time is 222.099592 seconds.

chan =

   105

Elapsed time is 223.374676 seconds.

chan =

   106

Elapsed time is 222.101577 seconds.

