getting started: 2877
attempting file: 2877
going for OH27 83
data loaded: OH27 83
HFB already done

chan =

     1

Elapsed time is 251.172726 seconds.

chan =

     2

Elapsed time is 261.390839 seconds.

chan =

     3

Elapsed time is 251.743686 seconds.

chan =

     4

Elapsed time is 251.906900 seconds.

chan =

     5

Elapsed time is 253.372931 seconds.

chan =

     6

Elapsed time is 253.420140 seconds.

chan =

     7

Elapsed time is 249.049116 seconds.

chan =

     8

Elapsed time is 263.133028 seconds.

chan =

     9

Elapsed time is 257.256837 seconds.

chan =

    10

Elapsed time is 256.033821 seconds.

chan =

    11

Elapsed time is 256.161299 seconds.

chan =

    12

Elapsed time is 255.811323 seconds.

chan =

    13

Elapsed time is 255.951202 seconds.

chan =

    14

Elapsed time is 254.895725 seconds.

chan =

    15

Elapsed time is 255.177469 seconds.

chan =

    16

Elapsed time is 253.773675 seconds.

chan =

    17

Elapsed time is 253.952670 seconds.

chan =

    18

Elapsed time is 254.837532 seconds.

chan =

    19

Elapsed time is 254.341679 seconds.

chan =

    20

Elapsed time is 255.132623 seconds.

chan =

    21

Elapsed time is 250.994767 seconds.

chan =

    22

Elapsed time is 247.350967 seconds.

chan =

    23

Elapsed time is 239.394174 seconds.

chan =

    24

Elapsed time is 232.397920 seconds.

chan =

    25

Elapsed time is 227.686446 seconds.

chan =

    26

Elapsed time is 215.493440 seconds.

chan =

    27

Elapsed time is 211.022116 seconds.

chan =

    28

Elapsed time is 203.840496 seconds.

chan =

    29

Elapsed time is 200.826455 seconds.

chan =

    30

Elapsed time is 210.083573 seconds.

chan =

    31

Elapsed time is 249.361010 seconds.

chan =

    32

Elapsed time is 250.808859 seconds.

chan =

    33

Elapsed time is 258.603370 seconds.

chan =

    34

Elapsed time is 248.847450 seconds.

chan =

    35

Elapsed time is 248.830978 seconds.

chan =

    36

Elapsed time is 238.412090 seconds.

chan =

    37

Elapsed time is 235.968633 seconds.

chan =

    38

Elapsed time is 248.613165 seconds.

chan =

    39

Elapsed time is 242.766258 seconds.

chan =

    40

Elapsed time is 241.519183 seconds.

chan =

    41

Elapsed time is 234.274589 seconds.

chan =

    42

Elapsed time is 230.319428 seconds.

chan =

    43

Elapsed time is 204.123129 seconds.

chan =

    44

Elapsed time is 233.837877 seconds.

chan =

    45

Elapsed time is 234.381437 seconds.

chan =

    46

Elapsed time is 203.169475 seconds.

chan =

    47

Elapsed time is 239.082054 seconds.

chan =

    48

Elapsed time is 239.104001 seconds.

chan =

    49

Elapsed time is 235.469248 seconds.

chan =

    50

Elapsed time is 232.491799 seconds.

chan =

    51

Elapsed time is 226.110052 seconds.

chan =

    52

Elapsed time is 199.324148 seconds.

chan =

    53

Elapsed time is 223.116239 seconds.

chan =

    54

Elapsed time is 191.222991 seconds.

chan =

    55

Elapsed time is 187.856759 seconds.

chan =

    56

Elapsed time is 186.998483 seconds.

chan =

    57

Elapsed time is 185.556824 seconds.

chan =

    58

Elapsed time is 187.802061 seconds.

chan =

    59

Elapsed time is 187.317537 seconds.

chan =

    60

Elapsed time is 188.562623 seconds.

chan =

    61

Elapsed time is 187.619868 seconds.

chan =

    62

Elapsed time is 188.241497 seconds.

chan =

    63

Elapsed time is 186.667437 seconds.

chan =

    64

Elapsed time is 187.208121 seconds.

chan =

    65

Elapsed time is 185.238779 seconds.

chan =

    66

Elapsed time is 187.452579 seconds.

chan =

    67

Elapsed time is 189.208582 seconds.

chan =

    68

Elapsed time is 187.994049 seconds.

chan =

    69

Elapsed time is 188.143507 seconds.

chan =

    70

Elapsed time is 185.064373 seconds.

chan =

    71

Elapsed time is 190.595858 seconds.

chan =

    72

Elapsed time is 187.083158 seconds.

chan =

    73

Elapsed time is 189.502048 seconds.

chan =

    74

Elapsed time is 184.287361 seconds.

chan =

    75

Elapsed time is 186.647196 seconds.

chan =

    76

Elapsed time is 185.246199 seconds.

chan =

    77

Elapsed time is 185.793575 seconds.

chan =

    78

Elapsed time is 185.909128 seconds.

chan =

    79

Elapsed time is 186.041048 seconds.

chan =

    80

Elapsed time is 185.929732 seconds.

chan =

    81

Elapsed time is 185.454175 seconds.

chan =

    82

Elapsed time is 185.050830 seconds.

chan =

    83

Elapsed time is 184.699514 seconds.

chan =

    84

Elapsed time is 183.078359 seconds.

chan =

    85

Elapsed time is 184.027364 seconds.

chan =

    86

Elapsed time is 182.287032 seconds.

chan =

    87

Elapsed time is 184.699672 seconds.

chan =

    88

Elapsed time is 181.339751 seconds.

chan =

    89

Elapsed time is 184.872825 seconds.

chan =

    90

Elapsed time is 183.763361 seconds.

chan =

    91

Elapsed time is 186.551085 seconds.

chan =

    92

Elapsed time is 180.775997 seconds.

chan =

    93

Elapsed time is 185.080977 seconds.

chan =

    94

Elapsed time is 181.235313 seconds.

chan =

    95

Elapsed time is 184.941890 seconds.

chan =

    96

Elapsed time is 182.342039 seconds.

chan =

    97

Elapsed time is 183.350891 seconds.

chan =

    98

Elapsed time is 180.430324 seconds.

chan =

    99

Elapsed time is 182.635607 seconds.

chan =

   100

Elapsed time is 181.017105 seconds.

chan =

   101

Elapsed time is 185.004760 seconds.

chan =

   102

Elapsed time is 183.549304 seconds.

chan =

   103

Elapsed time is 185.340844 seconds.

chan =

   104

Elapsed time is 192.470169 seconds.

chan =

   105

Elapsed time is 287.729026 seconds.

chan =

   106

Elapsed time is 286.197476 seconds.

