getting started: 2846
attempting file: 2846
going for OH27 52
data loaded: OH27 52
HFB already done

chan =

     1

Elapsed time is 237.042405 seconds.

chan =

     2

Elapsed time is 233.813728 seconds.

chan =

     3

Elapsed time is 234.571501 seconds.

chan =

     4

Elapsed time is 234.168921 seconds.

chan =

     5

Elapsed time is 232.970137 seconds.

chan =

     6

Elapsed time is 227.642778 seconds.

chan =

     7

Elapsed time is 220.197312 seconds.

chan =

     8

Elapsed time is 218.540274 seconds.

chan =

     9

Elapsed time is 255.925029 seconds.

chan =

    10

Elapsed time is 255.933962 seconds.

chan =

    11

Elapsed time is 255.867994 seconds.

chan =

    12

Elapsed time is 254.557316 seconds.

chan =

    13

Elapsed time is 254.163020 seconds.

chan =

    14

Elapsed time is 255.180439 seconds.

chan =

    15

Elapsed time is 256.390664 seconds.

chan =

    16

Elapsed time is 254.906132 seconds.

chan =

    17

Elapsed time is 253.063900 seconds.

chan =

    18

Elapsed time is 254.701148 seconds.

chan =

    19

Elapsed time is 252.800145 seconds.

chan =

    20

Elapsed time is 254.475933 seconds.

chan =

    21

Elapsed time is 253.630814 seconds.

chan =

    22

Elapsed time is 254.662809 seconds.

chan =

    23

Elapsed time is 253.348515 seconds.

chan =

    24

Elapsed time is 252.433590 seconds.

chan =

    25

Elapsed time is 253.136741 seconds.

chan =

    26

Elapsed time is 245.501667 seconds.

chan =

    27

Elapsed time is 247.232312 seconds.

chan =

    28

Elapsed time is 244.493675 seconds.

chan =

    29

Elapsed time is 244.003987 seconds.

chan =

    30

Elapsed time is 250.759707 seconds.

chan =

    31

Elapsed time is 251.922965 seconds.

chan =

    32

Elapsed time is 247.957339 seconds.

chan =

    33

Elapsed time is 253.672410 seconds.

chan =

    34

Elapsed time is 256.381786 seconds.

chan =

    35

Elapsed time is 254.690412 seconds.

chan =

    36

Elapsed time is 255.433366 seconds.

chan =

    37

Elapsed time is 255.199883 seconds.

chan =

    38

Elapsed time is 254.720982 seconds.

chan =

    39

Elapsed time is 253.958994 seconds.

chan =

    40

Elapsed time is 256.024560 seconds.

chan =

    41

Elapsed time is 253.297588 seconds.

chan =

    42

Elapsed time is 250.691187 seconds.

chan =

    43

Elapsed time is 249.927203 seconds.

chan =

    44

Elapsed time is 254.634477 seconds.

chan =

    45

Elapsed time is 253.383899 seconds.

chan =

    46

Elapsed time is 255.821276 seconds.

chan =

    47

Elapsed time is 254.122652 seconds.

chan =

    48

Elapsed time is 251.888951 seconds.

chan =

    49

Elapsed time is 242.754952 seconds.

chan =

    50

Elapsed time is 244.520954 seconds.

chan =

    51

Elapsed time is 245.272307 seconds.

chan =

    52

Elapsed time is 247.111278 seconds.

chan =

    53

Elapsed time is 243.632379 seconds.

chan =

    54

Elapsed time is 244.053909 seconds.

chan =

    55

Elapsed time is 248.768513 seconds.

chan =

    56

Elapsed time is 248.463137 seconds.

chan =

    57

Elapsed time is 247.086547 seconds.

chan =

    58

Elapsed time is 248.646559 seconds.

chan =

    59

Elapsed time is 248.239364 seconds.

chan =

    60

Elapsed time is 251.568504 seconds.

chan =

    61

Elapsed time is 249.286221 seconds.

chan =

    62

Elapsed time is 246.033229 seconds.

chan =

    63

Elapsed time is 245.884892 seconds.

chan =

    64

Elapsed time is 245.949531 seconds.

chan =

    65

Elapsed time is 247.732310 seconds.

chan =

    66

Elapsed time is 247.286074 seconds.

chan =

    67

Elapsed time is 245.614963 seconds.

chan =

    68

Elapsed time is 250.874590 seconds.

chan =

    69

Elapsed time is 250.791648 seconds.

chan =

    70

Elapsed time is 250.807229 seconds.

chan =

    71

Elapsed time is 250.308410 seconds.

chan =

    72

Elapsed time is 249.903035 seconds.

chan =

    73

Elapsed time is 249.118870 seconds.

chan =

    74

Elapsed time is 249.614055 seconds.

chan =

    75

Elapsed time is 248.902064 seconds.

chan =

    76

Elapsed time is 250.406642 seconds.

chan =

    77

Elapsed time is 249.889237 seconds.

chan =

    78

Elapsed time is 250.745765 seconds.

chan =

    79

Elapsed time is 247.919987 seconds.

chan =

    80

Elapsed time is 249.789123 seconds.

chan =

    81

Elapsed time is 249.002753 seconds.

chan =

    82

Elapsed time is 249.601359 seconds.

chan =

    83

Elapsed time is 248.750373 seconds.

chan =

    84

Elapsed time is 242.862364 seconds.

chan =

    85

Elapsed time is 243.584487 seconds.

chan =

    86

Elapsed time is 244.521867 seconds.

chan =

    87

Elapsed time is 245.440626 seconds.

chan =

    88

Elapsed time is 244.147006 seconds.

chan =

    89

Elapsed time is 243.535010 seconds.

chan =

    90

Elapsed time is 244.202339 seconds.

chan =

    91

Elapsed time is 243.420626 seconds.

chan =

    92

Elapsed time is 243.073619 seconds.

chan =

    93

Elapsed time is 244.696849 seconds.

chan =

    94

Elapsed time is 243.525484 seconds.

chan =

    95

Elapsed time is 245.226936 seconds.

chan =

    96

Elapsed time is 245.541676 seconds.

chan =

    97

Elapsed time is 246.051012 seconds.

chan =

    98

Elapsed time is 246.216538 seconds.

chan =

    99

Elapsed time is 249.517938 seconds.

chan =

   100

Elapsed time is 248.584044 seconds.

chan =

   101

Elapsed time is 252.381257 seconds.

chan =

   102

Elapsed time is 250.633437 seconds.

chan =

   103

Elapsed time is 252.528106 seconds.

chan =

   104

Elapsed time is 254.820968 seconds.

chan =

   105

Elapsed time is 253.701567 seconds.

chan =

   106

Elapsed time is 253.020712 seconds.

