getting started: 2813
attempting file: 2813
going for OH27 19
data loaded: OH27 19
HFB already done

chan =

     1

Elapsed time is 240.822357 seconds.

chan =

     2

Elapsed time is 234.094264 seconds.

chan =

     3

Elapsed time is 236.260066 seconds.

chan =

     4

Elapsed time is 236.453549 seconds.

chan =

     5

Elapsed time is 229.782399 seconds.

chan =

     6

Elapsed time is 216.901389 seconds.

chan =

     7

Elapsed time is 233.446241 seconds.

chan =

     8

Elapsed time is 261.400280 seconds.

chan =

     9

Elapsed time is 273.569622 seconds.

chan =

    10

Elapsed time is 272.834865 seconds.

chan =

    11

Elapsed time is 273.290537 seconds.

chan =

    12

Elapsed time is 274.504966 seconds.

chan =

    13

Elapsed time is 273.813066 seconds.

chan =

    14

Elapsed time is 275.417972 seconds.

chan =

    15

Elapsed time is 271.545553 seconds.

chan =

    16

Elapsed time is 273.280873 seconds.

chan =

    17

Elapsed time is 269.433684 seconds.

chan =

    18

Elapsed time is 274.090114 seconds.

chan =

    19

Elapsed time is 275.028672 seconds.

chan =

    20

Elapsed time is 273.760977 seconds.

chan =

    21

Elapsed time is 275.436131 seconds.

chan =

    22

Elapsed time is 270.581293 seconds.

chan =

    23

Elapsed time is 273.357641 seconds.

chan =

    24

Elapsed time is 273.214640 seconds.

chan =

    25

Elapsed time is 273.788685 seconds.

chan =

    26

Elapsed time is 269.445435 seconds.

chan =

    27

Elapsed time is 274.346436 seconds.

chan =

    28

Elapsed time is 273.003585 seconds.

chan =

    29

Elapsed time is 273.319840 seconds.

chan =

    30

Elapsed time is 275.279562 seconds.

chan =

    31

Elapsed time is 272.705127 seconds.

chan =

    32

Elapsed time is 272.222174 seconds.

chan =

    33

Elapsed time is 273.253173 seconds.

chan =

    34

Elapsed time is 275.640056 seconds.

chan =

    35

Elapsed time is 273.849800 seconds.

chan =

    36

Elapsed time is 275.359084 seconds.

chan =

    37

Elapsed time is 272.184415 seconds.

chan =

    38

Elapsed time is 277.119875 seconds.

chan =

    39

Elapsed time is 276.114303 seconds.

chan =

    40

Elapsed time is 272.372960 seconds.

chan =

    41

Elapsed time is 277.347433 seconds.

chan =

    42

Elapsed time is 271.413055 seconds.

chan =

    43

Elapsed time is 273.217321 seconds.

chan =

    44

Elapsed time is 273.456237 seconds.

chan =

    45

Elapsed time is 279.095837 seconds.

chan =

    46

Elapsed time is 271.578314 seconds.

chan =

    47

Elapsed time is 277.495383 seconds.

chan =

    48

Elapsed time is 275.390599 seconds.

chan =

    49

Elapsed time is 273.630313 seconds.

chan =

    50

Elapsed time is 271.975985 seconds.

chan =

    51

Elapsed time is 272.008104 seconds.

chan =

    52

Elapsed time is 273.135512 seconds.

chan =

    53

Elapsed time is 275.307130 seconds.

chan =

    54

Elapsed time is 273.571229 seconds.

chan =

    55

Elapsed time is 274.435038 seconds.

chan =

    56

Elapsed time is 275.142805 seconds.

chan =

    57

Elapsed time is 268.992668 seconds.

chan =

    58

Elapsed time is 273.273228 seconds.

chan =

    59

Elapsed time is 271.726672 seconds.

chan =

    60

Elapsed time is 275.226194 seconds.

chan =

    61

Elapsed time is 275.946759 seconds.

chan =

    62

Elapsed time is 272.568058 seconds.

chan =

    63

Elapsed time is 273.916013 seconds.

chan =

    64

Elapsed time is 270.631675 seconds.

chan =

    65

Elapsed time is 256.634784 seconds.

chan =

    66

Elapsed time is 269.965353 seconds.

chan =

    67

Elapsed time is 275.931811 seconds.

chan =

    68

Elapsed time is 273.909751 seconds.

chan =

    69

Elapsed time is 274.798965 seconds.

chan =

    70

Elapsed time is 237.465261 seconds.

chan =

    71

Elapsed time is 268.855524 seconds.

chan =

    72

Elapsed time is 268.812969 seconds.

chan =

    73

Elapsed time is 270.127232 seconds.

chan =

    74

Elapsed time is 267.115572 seconds.

chan =

    75

Elapsed time is 254.456592 seconds.

chan =

    76

Elapsed time is 269.819446 seconds.

chan =

    77

Elapsed time is 266.843368 seconds.

chan =

    78

Elapsed time is 267.460575 seconds.

chan =

    79

Elapsed time is 268.016508 seconds.

chan =

    80

Elapsed time is 249.016100 seconds.

chan =

    81

Elapsed time is 269.372320 seconds.

chan =

    82

Elapsed time is 267.067893 seconds.

chan =

    83

Elapsed time is 266.409702 seconds.

chan =

    84

Elapsed time is 266.446638 seconds.

chan =

    85

Elapsed time is 246.632117 seconds.

chan =

    86

Elapsed time is 242.922164 seconds.

chan =

    87

Elapsed time is 265.225890 seconds.

chan =

    88

Elapsed time is 266.536402 seconds.

chan =

    89

Elapsed time is 266.187222 seconds.

chan =

    90

Elapsed time is 264.978215 seconds.

chan =

    91

Elapsed time is 235.303934 seconds.

chan =

    92

Elapsed time is 254.391843 seconds.

chan =

    93

Elapsed time is 264.630284 seconds.

chan =

    94

Elapsed time is 264.839523 seconds.

chan =

    95

Elapsed time is 262.703411 seconds.

chan =

    96

Elapsed time is 253.980692 seconds.

chan =

    97

Elapsed time is 238.629705 seconds.

chan =

    98

Elapsed time is 260.944157 seconds.

chan =

    99

Elapsed time is 261.432759 seconds.

chan =

   100

Elapsed time is 263.222274 seconds.

chan =

   101

Elapsed time is 267.601251 seconds.

chan =

   102

Elapsed time is 240.805318 seconds.

chan =

   103

Elapsed time is 232.469357 seconds.

chan =

   104

Elapsed time is 243.141909 seconds.

chan =

   105

Elapsed time is 238.667319 seconds.

chan =

   106

Elapsed time is 236.799783 seconds.

