getting started: 2644
attempting file: 2644
going for NM04 7
data loaded: NM04 7
HFB already done

chan =

     1

Elapsed time is 290.994181 seconds.

chan =

     2

Elapsed time is 289.545118 seconds.

chan =

     3

Elapsed time is 290.057372 seconds.

chan =

     4

Elapsed time is 297.101338 seconds.

chan =

     5

Elapsed time is 293.517559 seconds.

chan =

     6

Elapsed time is 294.486354 seconds.

chan =

     7

Elapsed time is 307.479944 seconds.

chan =

     8

Elapsed time is 295.196066 seconds.

chan =

     9

Elapsed time is 294.805838 seconds.

chan =

    10

Elapsed time is 292.691998 seconds.

chan =

    11

Elapsed time is 293.916801 seconds.

chan =

    12

Elapsed time is 291.057189 seconds.

chan =

    13

Elapsed time is 292.652668 seconds.

chan =

    14

Elapsed time is 287.660050 seconds.

chan =

    15

Elapsed time is 283.759670 seconds.

chan =

    16

Elapsed time is 285.446293 seconds.

chan =

    17

Elapsed time is 283.849463 seconds.

chan =

    18

Elapsed time is 279.597116 seconds.

chan =

    19

Elapsed time is 287.330061 seconds.

chan =

    20

Elapsed time is 280.046760 seconds.

chan =

    21

Elapsed time is 280.401619 seconds.

chan =

    22

Elapsed time is 277.640204 seconds.

chan =

    23

Elapsed time is 282.210311 seconds.

chan =

    24

Elapsed time is 279.970264 seconds.

chan =

    25

Elapsed time is 282.296210 seconds.

chan =

    26

Elapsed time is 282.743131 seconds.

chan =

    27

Elapsed time is 279.352389 seconds.

chan =

    28

Elapsed time is 283.193714 seconds.

chan =

    29

Elapsed time is 263.407071 seconds.

chan =

    30

Elapsed time is 249.463605 seconds.

chan =

    31

Elapsed time is 262.911635 seconds.

chan =

    32

Elapsed time is 261.586007 seconds.

chan =

    33

Elapsed time is 261.779903 seconds.

chan =

    34

Elapsed time is 257.686022 seconds.

chan =

    35

Elapsed time is 270.077542 seconds.

chan =

    36

Elapsed time is 255.183556 seconds.

chan =

    37

Elapsed time is 245.893780 seconds.

chan =

    38

Elapsed time is 248.454412 seconds.

chan =

    39

Elapsed time is 244.544778 seconds.

chan =

    40

Elapsed time is 238.002998 seconds.

chan =

    41

Elapsed time is 262.786123 seconds.

chan =

    42

Elapsed time is 260.775056 seconds.

chan =

    43

Elapsed time is 259.821951 seconds.

chan =

    44

Elapsed time is 263.095992 seconds.

chan =

    45

Elapsed time is 260.641917 seconds.

chan =

    46

Elapsed time is 256.513735 seconds.

chan =

    47

Elapsed time is 261.415971 seconds.

chan =

    48

Elapsed time is 251.075565 seconds.

chan =

    49

Elapsed time is 260.317971 seconds.

chan =

    50

Elapsed time is 255.610914 seconds.

chan =

    51

Elapsed time is 246.972718 seconds.

chan =

    52

Elapsed time is 253.370766 seconds.

chan =

    53

Elapsed time is 249.741796 seconds.

chan =

    54

Elapsed time is 253.035891 seconds.

chan =

    55

Elapsed time is 239.341830 seconds.

chan =

    56

Elapsed time is 236.485209 seconds.

chan =

    57

Elapsed time is 260.522129 seconds.

chan =

    58

Elapsed time is 242.362286 seconds.

chan =

    59

Elapsed time is 230.599946 seconds.

chan =

    60

Elapsed time is 235.256126 seconds.

chan =

    61

Elapsed time is 239.228839 seconds.

chan =

    62

Elapsed time is 241.256750 seconds.

chan =

    63

Elapsed time is 241.663716 seconds.

chan =

    64

Elapsed time is 239.846237 seconds.

chan =

    65

Elapsed time is 240.413155 seconds.

chan =

    66

Elapsed time is 236.918190 seconds.

chan =

    67

Elapsed time is 242.571219 seconds.

chan =

    68

Elapsed time is 236.895646 seconds.

chan =

    69

Elapsed time is 241.084469 seconds.

chan =

    70

Elapsed time is 237.118007 seconds.

chan =

    71

Elapsed time is 233.709361 seconds.

chan =

    72

Elapsed time is 239.175672 seconds.

chan =

    73

Elapsed time is 235.645379 seconds.

chan =

    74

Elapsed time is 228.042068 seconds.

chan =

    75

Elapsed time is 236.668099 seconds.

chan =

    76

Elapsed time is 227.070388 seconds.

chan =

    77

Elapsed time is 232.550309 seconds.

chan =

    78

Elapsed time is 239.370732 seconds.

chan =

    79

Elapsed time is 237.242192 seconds.

chan =

    80

Elapsed time is 235.799306 seconds.

chan =

    81

Elapsed time is 235.768885 seconds.

chan =

    82

Elapsed time is 232.100092 seconds.

chan =

    83

Elapsed time is 237.000717 seconds.

chan =

    84

Elapsed time is 233.968369 seconds.

chan =

    85

Elapsed time is 229.043079 seconds.

chan =

    86

Elapsed time is 237.966631 seconds.

chan =

    87

Elapsed time is 231.525782 seconds.

chan =

    88

Elapsed time is 238.120337 seconds.

chan =

    89

Elapsed time is 240.842020 seconds.

chan =

    90

Elapsed time is 235.726416 seconds.

chan =

    91

Elapsed time is 239.680344 seconds.
attempting saving
save success: /projects/p31578/dtf8829/QuestConnect/CHANDAT/chanDat_NM04_007.mat
working on TF
encoding done
encoding RT done
retrieval 1 done
retrieval 2 done
attempting saving
save success: /projects/p31578/dtf8829/QuestConnect/CHANDAT/chanDat_NM04_007.mat
working on ISPC
channel: 1 took 0 minutes
channel: 2 took 0 minutes
channel: 3 took 0 minutes
channel: 4 took 0 minutes
channel: 5 took 0 minutes
channel: 6 took 0 minutes
channel: 7 took 0 minutes
channel: 8 took 3.4 minutes
channel: 9 took 3.5 minutes
channel: 10 took 3.4 minutes
channel: 11 took 3.4 minutes
channel: 12 took 3.5 minutes
channel: 13 took 3.4 minutes
channel: 14 took 3.4 minutes
channel: 15 took 3.5 minutes
channel: 16 took 3.4 minutes
channel: 17 took 3.4 minutes
channel: 18 took 3.4 minutes
channel: 19 took 3.3 minutes
channel: 20 took 3.4 minutes
channel: 21 took 3.5 minutes
channel: 22 took 3.4 minutes
channel: 23 took 3.4 minutes
channel: 24 took 3.4 minutes
channel: 25 took 3.4 minutes
channel: 26 took 3.4 minutes
channel: 27 took 3.5 minutes
channel: 28 took 3.4 minutes
channel: 29 took 3.5 minutes
channel: 30 took 3.4 minutes
channel: 31 took 3.4 minutes
channel: 32 took 3.5 minutes
channel: 33 took 3.4 minutes
channel: 34 took 3.4 minutes
channel: 35 took 3.4 minutes
channel: 36 took 3.4 minutes
channel: 37 took 3.5 minutes
channel: 38 took 3.4 minutes
channel: 39 took 3.4 minutes
channel: 40 took 3.5 minutes
channel: 41 took 3.4 minutes
channel: 42 took 3.5 minutes
channel: 43 took 3.5 minutes
channel: 44 took 3.5 minutes
channel: 45 took 3.4 minutes
channel: 46 took 3.4 minutes
channel: 47 took 3.3 minutes
channel: 48 took 3.4 minutes
channel: 49 took 3.4 minutes
channel: 50 took 3.3 minutes
channel: 51 took 3.4 minutes
channel: 52 took 3.4 minutes
channel: 53 took 3.3 minutes
channel: 54 took 3.5 minutes
channel: 55 took 3.4 minutes
channel: 56 took 3.3 minutes
channel: 57 took 3.4 minutes
channel: 58 took 3.4 minutes
channel: 59 took 3.4 minutes
channel: 60 took 3.5 minutes
channel: 61 took 3.4 minutes
channel: 62 took 3.4 minutes
channel: 63 took 3.5 minutes
channel: 64 took 3.5 minutes
channel: 65 took 3.5 minutes
channel: 66 took 3.5 minutes
channel: 67 took 3.5 minutes
channel: 68 took 3.5 minutes
channel: 69 took 3.4 minutes
channel: 70 took 3.5 minutes
channel: 71 took 3.5 minutes
channel: 72 took 3.5 minutes
channel: 73 took 3.4 minutes
channel: 74 took 3.5 minutes
channel: 75 took 3.4 minutes
channel: 76 took 3.5 minutes
channel: 77 took 3.5 minutes
channel: 78 took 3.5 minutes
channel: 79 took 3.4 minutes
channel: 80 took 3.4 minutes
channel: 81 took 3.4 minutes
channel: 82 took 3.5 minutes
channel: 83 took 3.4 minutes
channel: 84 took 3.4 minutes
channel: 85 took 3.4 minutes
channel: 86 took 3.4 minutes
channel: 87 took 3.5 minutes
channel: 88 took 3.4 minutes
channel: 89 took 3.4 minutes
channel: 90 took 3.4 minutes
channel: 91 took 3.3 minutes
attempting saving
save success: /projects/p31578/dtf8829/QuestConnect/CHANDAT/chanDat_NM04_007.mat
Elapsed time is 204.089482 seconds.
