getting started: 2906
attempting file: 2906
going for OH30 5
data loaded: OH30 5
HFB already done

chan =

     1

Elapsed time is 759.397414 seconds.

chan =

     2

Elapsed time is 751.077138 seconds.

chan =

     3

Elapsed time is 754.095528 seconds.

chan =

     4

Elapsed time is 751.972413 seconds.

chan =

     5

Elapsed time is 753.324227 seconds.

chan =

     6

Elapsed time is 749.101608 seconds.

chan =

     7

Elapsed time is 753.486453 seconds.

chan =

     8

Elapsed time is 748.982815 seconds.

chan =

     9

Elapsed time is 745.856314 seconds.

chan =

    10

Elapsed time is 739.576605 seconds.

chan =

    11

Elapsed time is 749.555691 seconds.

chan =

    12

Elapsed time is 744.212643 seconds.

chan =

    13

Elapsed time is 753.991045 seconds.

chan =

    14

Elapsed time is 744.248039 seconds.

chan =

    15

Elapsed time is 747.666567 seconds.

chan =

    16

Elapsed time is 745.012188 seconds.

chan =

    17

Elapsed time is 747.728261 seconds.

chan =

    18

Elapsed time is 749.943684 seconds.

chan =

    19

Elapsed time is 748.475508 seconds.

chan =

    20

Elapsed time is 745.544201 seconds.

chan =

    21

Elapsed time is 756.179672 seconds.

chan =

    22

Elapsed time is 747.617601 seconds.

chan =

    23

Elapsed time is 757.205059 seconds.

chan =

    24

Elapsed time is 741.018653 seconds.

chan =

    25

Elapsed time is 750.027787 seconds.

chan =

    26

Elapsed time is 743.825087 seconds.

chan =

    27

Elapsed time is 742.648375 seconds.

chan =

    28

Elapsed time is 740.362614 seconds.

chan =

    29

Elapsed time is 751.825393 seconds.

chan =

    30

Elapsed time is 742.234077 seconds.

chan =

    31

Elapsed time is 747.221951 seconds.

chan =

    32

Elapsed time is 739.550124 seconds.

chan =

    33

Elapsed time is 739.590675 seconds.

chan =

    34

Elapsed time is 742.696982 seconds.

chan =

    35

Elapsed time is 742.929505 seconds.

chan =

    36

Elapsed time is 742.469306 seconds.

chan =

    37

Elapsed time is 741.497442 seconds.

chan =

    38

Elapsed time is 738.867028 seconds.

chan =

    39

Elapsed time is 744.872582 seconds.

chan =

    40

Elapsed time is 745.103149 seconds.

chan =

    41

Elapsed time is 749.596225 seconds.

chan =

    42

Elapsed time is 738.661043 seconds.

chan =

    43

Elapsed time is 745.143073 seconds.

chan =

    44

Elapsed time is 745.441729 seconds.

chan =

    45

Elapsed time is 738.199193 seconds.

chan =

    46

Elapsed time is 736.484653 seconds.

chan =

    47

Elapsed time is 746.669470 seconds.

chan =

    48

Elapsed time is 737.986341 seconds.

chan =

    49

Elapsed time is 746.067690 seconds.

chan =

    50

Elapsed time is 739.277221 seconds.

chan =

    51

Elapsed time is 745.153020 seconds.

chan =

    52

Elapsed time is 745.759294 seconds.

chan =

    53

Elapsed time is 743.433302 seconds.

chan =

    54

Elapsed time is 744.263273 seconds.

chan =

    55

Elapsed time is 747.041847 seconds.

chan =

    56

Elapsed time is 742.557954 seconds.

chan =

    57

Elapsed time is 746.661287 seconds.

chan =

    58

Elapsed time is 741.304483 seconds.

chan =

    59

Elapsed time is 753.386418 seconds.

chan =

    60

Elapsed time is 745.630466 seconds.

chan =

    61

Elapsed time is 746.147900 seconds.

chan =

    62

Elapsed time is 741.443847 seconds.

chan =

    63

Elapsed time is 747.703820 seconds.

chan =

    64

Elapsed time is 743.001711 seconds.

chan =

    65

Elapsed time is 747.743401 seconds.

chan =

    66

Elapsed time is 737.117831 seconds.

chan =

    67

Elapsed time is 745.636972 seconds.

chan =

    68

Elapsed time is 734.953748 seconds.

chan =

    69

Elapsed time is 739.963434 seconds.

chan =

    70

Elapsed time is 731.529066 seconds.

chan =

    71

Elapsed time is 738.894238 seconds.

chan =

    72

Elapsed time is 738.178350 seconds.

chan =

    73

Elapsed time is 739.573225 seconds.

chan =

    74

Elapsed time is 730.998673 seconds.

chan =

    75

Elapsed time is 740.547771 seconds.

chan =

    76

Elapsed time is 732.492297 seconds.

chan =

    77

Elapsed time is 736.417292 seconds.

chan =

    78

Elapsed time is 737.004172 seconds.

chan =

    79

Elapsed time is 743.684421 seconds.

chan =

    80

Elapsed time is 737.911751 seconds.

chan =

    81

Elapsed time is 737.315832 seconds.

chan =

    82

Elapsed time is 729.652220 seconds.

chan =

    83

Elapsed time is 743.711990 seconds.

chan =

    84

Elapsed time is 733.915586 seconds.

chan =

    85

Elapsed time is 748.640629 seconds.

chan =

    86

Elapsed time is 734.653433 seconds.

chan =

    87

Elapsed time is 746.950588 seconds.

chan =

    88

Elapsed time is 745.822466 seconds.

chan =

    89

Elapsed time is 748.499977 seconds.

chan =

    90

Elapsed time is 742.073305 seconds.

chan =

    91

Elapsed time is 750.026486 seconds.

chan =

    92

