getting started: 2931
attempting file: 2931
going for OH30 30
data loaded: OH30 30
HFB already done

chan =

     1

Elapsed time is 393.509867 seconds.

chan =

     2

Elapsed time is 383.207875 seconds.

chan =

     3

Elapsed time is 393.645528 seconds.

chan =

     4

Elapsed time is 395.695906 seconds.

chan =

     5

Elapsed time is 403.276875 seconds.

chan =

     6

Elapsed time is 411.516540 seconds.

chan =

     7

Elapsed time is 407.442065 seconds.

chan =

     8

Elapsed time is 402.977756 seconds.

chan =

     9

Elapsed time is 402.017468 seconds.

chan =

    10

Elapsed time is 400.479571 seconds.

chan =

    11

Elapsed time is 392.770114 seconds.

chan =

    12

Elapsed time is 404.210044 seconds.

chan =

    13

Elapsed time is 390.074570 seconds.

chan =

    14

Elapsed time is 402.133541 seconds.

chan =

    15

Elapsed time is 398.255151 seconds.

chan =

    16

Elapsed time is 401.502902 seconds.

chan =

    17

Elapsed time is 397.663250 seconds.

chan =

    18

Elapsed time is 395.454875 seconds.

chan =

    19

Elapsed time is 408.033448 seconds.

chan =

    20

Elapsed time is 401.707781 seconds.

chan =

    21

Elapsed time is 383.851469 seconds.

chan =

    22

Elapsed time is 385.739122 seconds.

chan =

    23

Elapsed time is 391.890264 seconds.

chan =

    24

Elapsed time is 365.978545 seconds.

chan =

    25

Elapsed time is 378.038849 seconds.

chan =

    26

Elapsed time is 372.623285 seconds.

chan =

    27

Elapsed time is 360.763200 seconds.

chan =

    28

Elapsed time is 377.764911 seconds.

chan =

    29

Elapsed time is 376.454032 seconds.

chan =

    30

Elapsed time is 382.931387 seconds.

chan =

    31

Elapsed time is 367.837734 seconds.

chan =

    32

Elapsed time is 352.068758 seconds.

chan =

    33

Elapsed time is 367.587165 seconds.

chan =

    34

Elapsed time is 370.634812 seconds.

chan =

    35

Elapsed time is 364.075888 seconds.

chan =

    36

Elapsed time is 340.007829 seconds.

chan =

    37

Elapsed time is 348.682660 seconds.

chan =

    38

Elapsed time is 357.179204 seconds.

chan =

    39

Elapsed time is 344.035863 seconds.

chan =

    40

Elapsed time is 345.861942 seconds.

chan =

    41

Elapsed time is 344.414438 seconds.

chan =

    42

Elapsed time is 347.772906 seconds.

chan =

    43

Elapsed time is 345.059896 seconds.

chan =

    44

Elapsed time is 348.265273 seconds.

chan =

    45

Elapsed time is 345.373909 seconds.

chan =

    46

Elapsed time is 352.508646 seconds.

chan =

    47

Elapsed time is 347.793539 seconds.

chan =

    48

Elapsed time is 342.733050 seconds.

chan =

    49

Elapsed time is 350.093175 seconds.

chan =

    50

Elapsed time is 351.932442 seconds.

chan =

    51

Elapsed time is 348.237917 seconds.

chan =

    52

Elapsed time is 355.525561 seconds.

chan =

    53

Elapsed time is 348.560609 seconds.

chan =

    54

Elapsed time is 344.358434 seconds.

chan =

    55

Elapsed time is 343.908441 seconds.

chan =

    56

Elapsed time is 345.249014 seconds.

chan =

    57

Elapsed time is 346.127768 seconds.

chan =

    58

Elapsed time is 344.373764 seconds.

chan =

    59

Elapsed time is 372.217307 seconds.

chan =

    60

Elapsed time is 382.931804 seconds.

chan =

    61

Elapsed time is 382.039089 seconds.

chan =

    62

Elapsed time is 378.709351 seconds.

chan =

    63

Elapsed time is 378.643099 seconds.

chan =

    64

Elapsed time is 384.771659 seconds.

chan =

    65

Elapsed time is 371.201908 seconds.

chan =

    66

Elapsed time is 377.300811 seconds.

chan =

    67

Elapsed time is 374.003250 seconds.

chan =

    68

Elapsed time is 373.920263 seconds.

chan =

    69

Elapsed time is 383.237225 seconds.

chan =

    70

Elapsed time is 377.443378 seconds.

chan =

    71

Elapsed time is 365.962902 seconds.

chan =

    72

Elapsed time is 392.760927 seconds.

chan =

    73

Elapsed time is 376.945234 seconds.

chan =

    74

Elapsed time is 361.679437 seconds.

chan =

    75

Elapsed time is 377.712359 seconds.

chan =

    76

Elapsed time is 379.856139 seconds.

chan =

    77

Elapsed time is 365.243015 seconds.

chan =

    78

Elapsed time is 384.039627 seconds.

chan =

    79

Elapsed time is 375.877370 seconds.

chan =

    80

Elapsed time is 367.585894 seconds.

chan =

    81

Elapsed time is 373.331741 seconds.

chan =

    82

Elapsed time is 377.034186 seconds.

chan =

    83

Elapsed time is 367.640559 seconds.

chan =

    84

Elapsed time is 385.808833 seconds.

chan =

    85

Elapsed time is 375.246977 seconds.

chan =

    86

Elapsed time is 352.870814 seconds.

chan =

    87

Elapsed time is 378.810585 seconds.

chan =

    88

Elapsed time is 377.830013 seconds.

chan =

    89

Elapsed time is 365.135494 seconds.

chan =

    90

Elapsed time is 378.357884 seconds.

chan =

    91

Elapsed time is 378.503052 seconds.

chan =

    92

Elapsed time is 375.144904 seconds.

chan =

    93

Elapsed time is 337.694297 seconds.

chan =

    94

Elapsed time is 337.636799 seconds.

chan =

    95

Elapsed time is 340.320565 seconds.

chan =

    96

Elapsed time is 343.074088 seconds.

chan =

    97

Elapsed time is 336.891440 seconds.

chan =

    98

Elapsed time is 339.376497 seconds.

chan =

    99

Elapsed time is 336.767848 seconds.

chan =

   100

Elapsed time is 343.598387 seconds.

chan =

   101

Elapsed time is 338.270247 seconds.

chan =

   102

Elapsed time is 338.246397 seconds.

chan =

   103

Elapsed time is 337.976430 seconds.

chan =

   104

Elapsed time is 336.012886 seconds.

chan =

   105

Elapsed time is 341.384380 seconds.

chan =

   106

Elapsed time is 340.887472 seconds.

chan =

   107

Elapsed time is 341.454987 seconds.

chan =

   108

Elapsed time is 338.132662 seconds.

chan =

   109

Elapsed time is 337.611868 seconds.

chan =

   110

Elapsed time is 338.507087 seconds.

chan =

   111

Elapsed time is 340.938760 seconds.

chan =

   112

Elapsed time is 339.555068 seconds.

chan =

   113

Elapsed time is 338.961369 seconds.

chan =

   114

Elapsed time is 335.497943 seconds.

chan =

   115

Elapsed time is 337.729917 seconds.

chan =

   116

Elapsed time is 336.417436 seconds.

chan =

   117

Elapsed time is 337.648518 seconds.

chan =

   118

Elapsed time is 333.183259 seconds.

chan =

   119

Elapsed time is 337.746364 seconds.

chan =

   120

Elapsed time is 346.732875 seconds.

chan =

   121

Elapsed time is 338.159076 seconds.

chan =

   122

Elapsed time is 343.318127 seconds.

chan =

   123

Elapsed time is 337.657693 seconds.

chan =

   124

Elapsed time is 337.952294 seconds.

chan =

   125

Elapsed time is 339.878942 seconds.

chan =

   126

Elapsed time is 339.645179 seconds.

chan =

   127

Elapsed time is 339.561245 seconds.

chan =

   128

Elapsed time is 335.889818 seconds.

chan =

   129

Elapsed time is 333.158305 seconds.

chan =

   130

Elapsed time is 335.718260 seconds.

chan =

   131

Elapsed time is 335.037534 seconds.

chan =

   132

Elapsed time is 336.958467 seconds.

chan =

   133

Elapsed time is 338.272943 seconds.

chan =

   134

Elapsed time is 341.565824 seconds.

chan =

   135

Elapsed time is 336.867423 seconds.

chan =

   136

Elapsed time is 339.177211 seconds.

chan =

   137

Elapsed time is 338.630705 seconds.

chan =

   138

Elapsed time is 337.853445 seconds.

chan =

   139

Elapsed time is 336.045389 seconds.
attempting saving
save success: /projects/p31578/dtf8829/QuestConnect/CHANDAT/chanDat_OH30_030.mat
working on TF
encoding done
encoding RT done
