getting started: 2849
attempting file: 2849
going for OH27 55
data loaded: OH27 55
HFB already done

chan =

     1

Elapsed time is 270.412659 seconds.

chan =

     2

Elapsed time is 267.927850 seconds.

chan =

     3

Elapsed time is 270.525920 seconds.

chan =

     4

Elapsed time is 279.318292 seconds.

chan =

     5

Elapsed time is 266.324753 seconds.

chan =

     6

Elapsed time is 268.115800 seconds.

chan =

     7

Elapsed time is 271.453390 seconds.

chan =

     8

Elapsed time is 268.689151 seconds.

chan =

     9

Elapsed time is 268.751595 seconds.

chan =

    10

Elapsed time is 270.117267 seconds.

chan =

    11

Elapsed time is 270.061843 seconds.

chan =

    12

Elapsed time is 265.588844 seconds.

chan =

    13

Elapsed time is 237.937739 seconds.

chan =

    14

Elapsed time is 232.836582 seconds.

chan =

    15

Elapsed time is 232.430606 seconds.

chan =

    16

Elapsed time is 230.558475 seconds.

chan =

    17

Elapsed time is 231.211412 seconds.

chan =

    18

Elapsed time is 231.993761 seconds.

chan =

    19

Elapsed time is 228.746729 seconds.

chan =

    20

Elapsed time is 232.425526 seconds.

chan =

    21

Elapsed time is 233.617990 seconds.

chan =

    22

Elapsed time is 231.878097 seconds.

chan =

    23

Elapsed time is 232.159084 seconds.

chan =

    24

Elapsed time is 231.080688 seconds.

chan =

    25

Elapsed time is 231.737969 seconds.

chan =

    26

Elapsed time is 229.534640 seconds.

chan =

    27

Elapsed time is 230.252538 seconds.

chan =

    28

Elapsed time is 230.298042 seconds.

chan =

    29

Elapsed time is 230.958389 seconds.

chan =

    30

Elapsed time is 263.228750 seconds.

chan =

    31

Elapsed time is 267.972976 seconds.

chan =

    32

Elapsed time is 267.787812 seconds.

chan =

    33

Elapsed time is 260.590114 seconds.

chan =

    34

Elapsed time is 228.679600 seconds.

chan =

    35

Elapsed time is 263.495396 seconds.

chan =

    36

Elapsed time is 269.639471 seconds.

chan =

    37

Elapsed time is 275.284693 seconds.

chan =

    38

Elapsed time is 273.128130 seconds.

chan =

    39

Elapsed time is 272.726833 seconds.

chan =

    40

Elapsed time is 248.883281 seconds.

chan =

    41

Elapsed time is 247.405026 seconds.

chan =

    42

Elapsed time is 244.325606 seconds.

chan =

    43

Elapsed time is 267.807057 seconds.

chan =

    44

Elapsed time is 267.373863 seconds.

chan =

    45

Elapsed time is 270.636535 seconds.

chan =

    46

Elapsed time is 237.478283 seconds.

chan =

    47

Elapsed time is 268.512982 seconds.

chan =

    48

Elapsed time is 237.258505 seconds.

chan =

    49

Elapsed time is 227.629802 seconds.

chan =

    50

Elapsed time is 232.750769 seconds.

chan =

    51

Elapsed time is 249.232957 seconds.

chan =

    52

Elapsed time is 228.473640 seconds.

chan =

    53

Elapsed time is 236.092590 seconds.

chan =

    54

Elapsed time is 266.846340 seconds.

chan =

    55

Elapsed time is 264.384085 seconds.

chan =

    56

Elapsed time is 254.665258 seconds.

chan =

    57

Elapsed time is 236.321229 seconds.

chan =

    58

Elapsed time is 264.314645 seconds.

chan =

    59

Elapsed time is 249.051638 seconds.

chan =

    60

Elapsed time is 229.363099 seconds.

chan =

    61

Elapsed time is 229.746427 seconds.

chan =

    62

Elapsed time is 227.334763 seconds.

chan =

    63

Elapsed time is 228.300221 seconds.

chan =

    64

Elapsed time is 228.680452 seconds.

chan =

    65

Elapsed time is 227.327941 seconds.

chan =

    66

Elapsed time is 229.472670 seconds.

chan =

    67

Elapsed time is 230.168016 seconds.

chan =

    68

Elapsed time is 230.442521 seconds.

chan =

    69

Elapsed time is 230.378170 seconds.

chan =

    70

Elapsed time is 226.123814 seconds.

chan =

    71

Elapsed time is 229.731966 seconds.

chan =

    72

Elapsed time is 227.931404 seconds.

chan =

    73

Elapsed time is 229.539910 seconds.

chan =

    74

Elapsed time is 230.398675 seconds.

chan =

    75

Elapsed time is 228.744712 seconds.

chan =

    76

Elapsed time is 227.754949 seconds.

chan =

    77

Elapsed time is 228.552953 seconds.

chan =

    78

Elapsed time is 227.598781 seconds.

chan =

    79

Elapsed time is 228.619028 seconds.

chan =

    80

Elapsed time is 228.294951 seconds.

chan =

    81

Elapsed time is 228.656826 seconds.

chan =

    82

Elapsed time is 228.392285 seconds.

chan =

    83

Elapsed time is 230.398798 seconds.

chan =

    84

Elapsed time is 230.575540 seconds.

chan =

    85

Elapsed time is 228.562312 seconds.

chan =

    86

Elapsed time is 226.965952 seconds.

chan =

    87

Elapsed time is 226.650530 seconds.

chan =

    88

Elapsed time is 227.429019 seconds.

chan =

    89

Elapsed time is 230.519187 seconds.

chan =

    90

Elapsed time is 230.131865 seconds.

chan =

    91

Elapsed time is 230.635431 seconds.

chan =

    92

Elapsed time is 228.555928 seconds.

chan =

    93

Elapsed time is 230.081348 seconds.

chan =

    94

Elapsed time is 231.007607 seconds.

chan =

    95

Elapsed time is 230.376402 seconds.

chan =

    96

Elapsed time is 228.700807 seconds.

chan =

    97

Elapsed time is 228.414620 seconds.

chan =

    98

Elapsed time is 226.741879 seconds.

chan =

    99

Elapsed time is 226.625842 seconds.

chan =

   100

Elapsed time is 228.802260 seconds.

chan =

   101

Elapsed time is 282.466571 seconds.

chan =

   102

Elapsed time is 286.108376 seconds.

chan =

   103

Elapsed time is 286.066843 seconds.

chan =

   104

Elapsed time is 287.255267 seconds.

chan =

   105

Elapsed time is 265.563319 seconds.

chan =

   106

Elapsed time is 280.468154 seconds.

