getting started: 2989
attempting file: 2989
going for OH30 88
data loaded: OH30 88
HFB already done

chan =

     1

Elapsed time is 459.020517 seconds.

chan =

     2

Elapsed time is 442.672405 seconds.

chan =

     3

Elapsed time is 447.697362 seconds.

chan =

     4

Elapsed time is 444.074423 seconds.

chan =

     5

Elapsed time is 455.106308 seconds.

chan =

     6

Elapsed time is 443.615087 seconds.

chan =

     7

Elapsed time is 450.380230 seconds.

chan =

     8

Elapsed time is 446.056235 seconds.

chan =

     9

Elapsed time is 450.545907 seconds.

chan =

    10

Elapsed time is 446.592012 seconds.

chan =

    11

Elapsed time is 452.162324 seconds.

chan =

    12

Elapsed time is 446.233315 seconds.

chan =

    13

Elapsed time is 446.804573 seconds.

chan =

    14

Elapsed time is 446.682199 seconds.

chan =

    15

Elapsed time is 450.447460 seconds.

chan =

    16

Elapsed time is 449.175936 seconds.

chan =

    17

Elapsed time is 449.682478 seconds.

chan =

    18

Elapsed time is 445.319629 seconds.

chan =

    19

Elapsed time is 451.794206 seconds.

chan =

    20

Elapsed time is 445.431790 seconds.

chan =

    21

Elapsed time is 451.898852 seconds.

chan =

    22

Elapsed time is 447.264218 seconds.

chan =

    23

Elapsed time is 451.752033 seconds.

chan =

    24

Elapsed time is 443.712484 seconds.

chan =

    25

Elapsed time is 449.671591 seconds.

chan =

    26

Elapsed time is 445.881735 seconds.

chan =

    27

Elapsed time is 450.572493 seconds.

chan =

    28

Elapsed time is 448.798524 seconds.

chan =

    29

Elapsed time is 455.147537 seconds.

chan =

    30

Elapsed time is 447.148631 seconds.

chan =

    31

Elapsed time is 451.073974 seconds.

chan =

    32

Elapsed time is 446.178617 seconds.

chan =

    33

Elapsed time is 446.081167 seconds.

chan =

    34

Elapsed time is 446.145456 seconds.

chan =

    35

Elapsed time is 446.937804 seconds.

chan =

    36

Elapsed time is 446.490668 seconds.

chan =

    37

Elapsed time is 449.287007 seconds.

chan =

    38

Elapsed time is 442.664509 seconds.

chan =

    39

Elapsed time is 445.963513 seconds.

chan =

    40

Elapsed time is 445.800094 seconds.

chan =

    41

Elapsed time is 450.260628 seconds.

chan =

    42

Elapsed time is 447.954514 seconds.

chan =

    43

Elapsed time is 452.223509 seconds.

chan =

    44

Elapsed time is 446.722302 seconds.

chan =

    45

Elapsed time is 448.013787 seconds.

chan =

    46

Elapsed time is 447.008137 seconds.

chan =

    47

Elapsed time is 449.160688 seconds.

chan =

    48

Elapsed time is 441.440847 seconds.

chan =

    49

Elapsed time is 451.299772 seconds.

chan =

    50

Elapsed time is 445.822777 seconds.

chan =

    51

Elapsed time is 452.085933 seconds.

chan =

    52

Elapsed time is 447.983978 seconds.

chan =

    53

Elapsed time is 449.509687 seconds.

chan =

    54

Elapsed time is 449.091011 seconds.

chan =

    55

Elapsed time is 452.045752 seconds.

chan =

    56

Elapsed time is 446.207387 seconds.

chan =

    57

Elapsed time is 451.250356 seconds.

chan =

    58

Elapsed time is 445.239542 seconds.

chan =

    59

Elapsed time is 452.426259 seconds.

chan =

    60

Elapsed time is 443.667916 seconds.

chan =

    61

Elapsed time is 449.968667 seconds.

chan =

    62

Elapsed time is 446.367496 seconds.

chan =

    63

Elapsed time is 448.821872 seconds.

chan =

    64

Elapsed time is 448.835515 seconds.

chan =

    65

Elapsed time is 451.715981 seconds.

chan =

    66

Elapsed time is 446.947376 seconds.

chan =

    67

Elapsed time is 449.449488 seconds.

chan =

    68

Elapsed time is 450.362351 seconds.

chan =

    69

Elapsed time is 451.976808 seconds.

chan =

    70

Elapsed time is 444.117953 seconds.

chan =

    71

Elapsed time is 451.347761 seconds.

chan =

    72

Elapsed time is 449.241794 seconds.

chan =

    73

Elapsed time is 452.574992 seconds.

chan =

    74

Elapsed time is 446.527778 seconds.

chan =

    75

Elapsed time is 451.560384 seconds.

chan =

    76

Elapsed time is 445.915101 seconds.

chan =

    77

Elapsed time is 448.859252 seconds.

chan =

    78

Elapsed time is 448.488006 seconds.

chan =

    79

Elapsed time is 445.995386 seconds.

chan =

    80

Elapsed time is 445.739836 seconds.

chan =

    81

Elapsed time is 448.872671 seconds.

chan =

    82

Elapsed time is 445.553938 seconds.

chan =

    83

Elapsed time is 450.221230 seconds.

chan =

    84

Elapsed time is 447.685549 seconds.

chan =

    85

Elapsed time is 449.965099 seconds.

chan =

    86

Elapsed time is 443.657310 seconds.

chan =

    87

Elapsed time is 448.996924 seconds.

chan =

    88

Elapsed time is 445.170257 seconds.

chan =

    89

Elapsed time is 452.283131 seconds.

chan =

    90

Elapsed time is 448.605208 seconds.

chan =

    91

Elapsed time is 450.357000 seconds.

chan =

    92

Elapsed time is 448.911788 seconds.

chan =

    93

Elapsed time is 448.580474 seconds.

chan =

    94

Elapsed time is 444.932656 seconds.

chan =

    95

Elapsed time is 453.106525 seconds.

chan =

    96

Elapsed time is 448.454110 seconds.

chan =

    97

Elapsed time is 452.834902 seconds.

chan =

    98

Elapsed time is 446.063175 seconds.

chan =

    99

Elapsed time is 453.713156 seconds.

chan =

   100

Elapsed time is 447.032001 seconds.

chan =

   101

Elapsed time is 449.826531 seconds.

chan =

   102

Elapsed time is 447.506463 seconds.

chan =

   103

Elapsed time is 451.424357 seconds.

chan =

   104

Elapsed time is 447.351933 seconds.

chan =

   105

Elapsed time is 452.631468 seconds.

chan =

   106

Elapsed time is 449.144815 seconds.

chan =

   107

Elapsed time is 452.688401 seconds.

chan =

   108

Elapsed time is 446.927267 seconds.

chan =

   109

Elapsed time is 450.176801 seconds.

chan =

   110

Elapsed time is 448.310045 seconds.

chan =

   111

Elapsed time is 449.590475 seconds.

chan =

   112

Elapsed time is 447.627911 seconds.

chan =

   113

Elapsed time is 450.999557 seconds.

chan =

   114

Elapsed time is 446.536898 seconds.

chan =

   115

Elapsed time is 450.893685 seconds.

chan =

   116

Elapsed time is 446.933515 seconds.

chan =

   117

Elapsed time is 450.451244 seconds.

chan =

   118

Elapsed time is 445.075735 seconds.

chan =

   119

Elapsed time is 454.891148 seconds.

chan =

   120

Elapsed time is 448.694438 seconds.

chan =

   121

Elapsed time is 454.018563 seconds.

chan =

   122

Elapsed time is 448.049437 seconds.

chan =

   123

Elapsed time is 454.230577 seconds.

chan =

   124

Elapsed time is 449.295208 seconds.

chan =

   125

Elapsed time is 451.783734 seconds.

chan =

   126

Elapsed time is 448.884257 seconds.

chan =

   127

Elapsed time is 452.276898 seconds.

chan =

   128

Elapsed time is 445.670757 seconds.

chan =

   129

Elapsed time is 451.477669 seconds.

chan =

   130

Elapsed time is 448.457835 seconds.

chan =

   131

Elapsed time is 449.099306 seconds.

chan =

   132

Elapsed time is 449.378290 seconds.

chan =

   133

Elapsed time is 452.738287 seconds.

chan =

   134

Elapsed time is 449.024798 seconds.

chan =

   135

Elapsed time is 453.646576 seconds.

chan =

   136

Elapsed time is 446.790974 seconds.

chan =

   137

Elapsed time is 452.040621 seconds.

chan =

   138

Elapsed time is 448.061544 seconds.

chan =

   139

Elapsed time is 451.342387 seconds.
attempting saving
save success: /projects/p31578/dtf8829/QuestConnect/CHANDAT/chanDat_OH30_088.mat
working on TF
encoding done
encoding RT done
