getting started: 2850
attempting file: 2850
going for OH27 56
data loaded: OH27 56
HFB already done

chan =

     1

Elapsed time is 226.177251 seconds.

chan =

     2

Elapsed time is 220.498334 seconds.

chan =

     3

Elapsed time is 224.958132 seconds.

chan =

     4

Elapsed time is 223.010214 seconds.

chan =

     5

Elapsed time is 221.228489 seconds.

chan =

     6

Elapsed time is 222.708910 seconds.

chan =

     7

Elapsed time is 222.406607 seconds.

chan =

     8

Elapsed time is 221.768589 seconds.

chan =

     9

Elapsed time is 222.426876 seconds.

chan =

    10

Elapsed time is 221.447254 seconds.

chan =

    11

Elapsed time is 221.841724 seconds.

chan =

    12

Elapsed time is 221.918987 seconds.

chan =

    13

Elapsed time is 222.343336 seconds.

chan =

    14

Elapsed time is 222.176270 seconds.

chan =

    15

Elapsed time is 221.931036 seconds.

chan =

    16

Elapsed time is 220.696127 seconds.

chan =

    17

Elapsed time is 220.598567 seconds.

chan =

    18

Elapsed time is 222.147100 seconds.

chan =

    19

Elapsed time is 221.249673 seconds.

chan =

    20

Elapsed time is 223.221798 seconds.

chan =

    21

Elapsed time is 222.796873 seconds.

chan =

    22

Elapsed time is 222.964306 seconds.

chan =

    23

Elapsed time is 221.921301 seconds.

chan =

    24

Elapsed time is 222.978490 seconds.

chan =

    25

Elapsed time is 222.574623 seconds.

chan =

    26

Elapsed time is 219.364378 seconds.

chan =

    27

Elapsed time is 220.386161 seconds.

chan =

    28

Elapsed time is 219.951861 seconds.

chan =

    29

Elapsed time is 219.667191 seconds.

chan =

    30

Elapsed time is 218.771041 seconds.

chan =

    31

Elapsed time is 219.597628 seconds.

chan =

    32

Elapsed time is 218.756265 seconds.

chan =

    33

Elapsed time is 220.718608 seconds.

chan =

    34

Elapsed time is 221.610314 seconds.

chan =

    35

Elapsed time is 222.074193 seconds.

chan =

    36

Elapsed time is 220.985230 seconds.

chan =

    37

Elapsed time is 220.079977 seconds.

chan =

    38

Elapsed time is 219.182894 seconds.

chan =

    39

Elapsed time is 219.802211 seconds.

chan =

    40

Elapsed time is 217.629492 seconds.

chan =

    41

Elapsed time is 220.488945 seconds.

chan =

    42

Elapsed time is 219.259916 seconds.

chan =

    43

Elapsed time is 219.585269 seconds.

chan =

    44

Elapsed time is 219.999838 seconds.

chan =

    45

Elapsed time is 221.947836 seconds.

chan =

    46

Elapsed time is 220.449795 seconds.

chan =

    47

Elapsed time is 220.383695 seconds.

chan =

    48

Elapsed time is 220.187667 seconds.

chan =

    49

Elapsed time is 218.772317 seconds.

chan =

    50

Elapsed time is 219.949751 seconds.

chan =

    51

Elapsed time is 220.108221 seconds.

chan =

    52

Elapsed time is 220.678301 seconds.

chan =

    53

Elapsed time is 221.548180 seconds.

chan =

    54

Elapsed time is 219.850168 seconds.

chan =

    55

Elapsed time is 219.977735 seconds.

chan =

    56

Elapsed time is 219.425344 seconds.

chan =

    57

Elapsed time is 219.842398 seconds.

chan =

    58

Elapsed time is 219.014576 seconds.

chan =

    59

Elapsed time is 221.121745 seconds.

chan =

    60

Elapsed time is 219.955929 seconds.

chan =

    61

Elapsed time is 221.938157 seconds.

chan =

    62

Elapsed time is 219.819694 seconds.

chan =

    63

Elapsed time is 220.905541 seconds.

chan =

    64

Elapsed time is 220.071532 seconds.

chan =

    65

Elapsed time is 219.095679 seconds.

chan =

    66

Elapsed time is 220.599392 seconds.

chan =

    67

Elapsed time is 221.406091 seconds.

chan =

    68

Elapsed time is 221.034379 seconds.

chan =

    69

Elapsed time is 220.654889 seconds.

chan =

    70

Elapsed time is 218.812829 seconds.

chan =

    71

Elapsed time is 220.742481 seconds.

chan =

    72

Elapsed time is 219.502774 seconds.

chan =

    73

Elapsed time is 221.663002 seconds.

chan =

    74

Elapsed time is 219.829881 seconds.

chan =

    75

Elapsed time is 221.946254 seconds.

chan =

    76

Elapsed time is 220.109193 seconds.

chan =

    77

Elapsed time is 220.317927 seconds.

chan =

    78

Elapsed time is 220.594944 seconds.

chan =

    79

Elapsed time is 222.004050 seconds.

chan =

    80

Elapsed time is 219.840901 seconds.

chan =

    81

Elapsed time is 221.028360 seconds.

chan =

    82

Elapsed time is 220.541481 seconds.

chan =

    83

Elapsed time is 220.242097 seconds.

chan =

    84

Elapsed time is 219.089624 seconds.

chan =

    85

Elapsed time is 218.967666 seconds.

chan =

    86

Elapsed time is 219.259418 seconds.

chan =

    87

Elapsed time is 219.446566 seconds.

chan =

    88

Elapsed time is 217.538070 seconds.

chan =

    89

Elapsed time is 220.331969 seconds.

chan =

    90

Elapsed time is 220.607522 seconds.

chan =

    91

Elapsed time is 221.073355 seconds.

chan =

    92

Elapsed time is 219.345987 seconds.

chan =

    93

Elapsed time is 221.402883 seconds.

chan =

    94

Elapsed time is 219.371820 seconds.

chan =

    95

Elapsed time is 219.943781 seconds.

chan =

    96

Elapsed time is 219.517654 seconds.

chan =

    97

Elapsed time is 220.231192 seconds.

chan =

    98

Elapsed time is 218.574183 seconds.

chan =

    99

Elapsed time is 218.679791 seconds.

chan =

   100

Elapsed time is 219.403936 seconds.

chan =

   101

Elapsed time is 223.037990 seconds.

chan =

   102

Elapsed time is 221.154469 seconds.

chan =

   103

Elapsed time is 221.633746 seconds.

chan =

   104

Elapsed time is 221.416123 seconds.

chan =

   105

Elapsed time is 221.367150 seconds.

chan =

   106

Elapsed time is 220.494944 seconds.

