getting started: 2863
attempting file: 2863
going for OH27 69
data loaded: OH27 69
HFB already done

chan =

     1

Elapsed time is 319.693134 seconds.

chan =

     2

Elapsed time is 311.533352 seconds.

chan =

     3

Elapsed time is 203.104405 seconds.

chan =

     4

Elapsed time is 204.697054 seconds.

chan =

     5

Elapsed time is 221.073603 seconds.

chan =

     6

Elapsed time is 291.362048 seconds.

chan =

     7

Elapsed time is 290.612934 seconds.

chan =

     8

Elapsed time is 288.875707 seconds.

chan =

     9

Elapsed time is 290.164484 seconds.

chan =

    10

Elapsed time is 288.589878 seconds.

chan =

    11

Elapsed time is 289.264506 seconds.

chan =

    12

Elapsed time is 290.454063 seconds.

chan =

    13

Elapsed time is 290.305756 seconds.

chan =

    14

Elapsed time is 290.820526 seconds.

chan =

    15

Elapsed time is 288.937720 seconds.

chan =

    16

Elapsed time is 289.126303 seconds.

chan =

    17

Elapsed time is 287.964670 seconds.

chan =

    18

Elapsed time is 290.344980 seconds.

chan =

    19

Elapsed time is 288.371088 seconds.

chan =

    20

Elapsed time is 290.649238 seconds.

chan =

    21

Elapsed time is 288.686626 seconds.

chan =

    22

Elapsed time is 291.146502 seconds.

chan =

    23

Elapsed time is 289.670717 seconds.

chan =

    24

Elapsed time is 290.566814 seconds.

chan =

    25

Elapsed time is 289.419675 seconds.

chan =

    26

Elapsed time is 288.062254 seconds.

chan =

    27

Elapsed time is 287.603414 seconds.

chan =

    28

Elapsed time is 284.881260 seconds.

chan =

    29

Elapsed time is 280.920538 seconds.

chan =

    30

Elapsed time is 279.735565 seconds.

chan =

    31

Elapsed time is 276.714618 seconds.

chan =

    32

Elapsed time is 273.525999 seconds.

chan =

    33

Elapsed time is 270.123759 seconds.

chan =

    34

Elapsed time is 275.397875 seconds.

chan =

    35

Elapsed time is 278.866283 seconds.

chan =

    36

Elapsed time is 267.890143 seconds.

chan =

    37

Elapsed time is 248.494762 seconds.

chan =

    38

Elapsed time is 261.454343 seconds.

chan =

    39

Elapsed time is 262.620484 seconds.

chan =

    40

Elapsed time is 242.234433 seconds.

chan =

    41

Elapsed time is 251.817502 seconds.

chan =

    42

Elapsed time is 247.784549 seconds.

chan =

    43

Elapsed time is 241.698847 seconds.

chan =

    44

Elapsed time is 255.838945 seconds.

chan =

    45

Elapsed time is 263.562564 seconds.

chan =

    46

Elapsed time is 248.676000 seconds.

chan =

    47

Elapsed time is 256.672580 seconds.

chan =

    48

Elapsed time is 233.669155 seconds.

chan =

    49

Elapsed time is 230.798312 seconds.

chan =

    50

Elapsed time is 251.663852 seconds.

chan =

    51

Elapsed time is 235.629013 seconds.

chan =

    52

Elapsed time is 215.447763 seconds.

chan =

    53

Elapsed time is 210.563767 seconds.

chan =

    54

Elapsed time is 241.025584 seconds.

chan =

    55

Elapsed time is 212.428695 seconds.

chan =

    56

Elapsed time is 204.306164 seconds.

chan =

    57

Elapsed time is 200.340718 seconds.

chan =

    58

Elapsed time is 201.522256 seconds.

chan =

    59

Elapsed time is 199.654165 seconds.

chan =

    60

Elapsed time is 201.296865 seconds.

chan =

    61

Elapsed time is 200.947603 seconds.

chan =

    62

Elapsed time is 201.167064 seconds.

chan =

    63

Elapsed time is 199.812203 seconds.

chan =

    64

Elapsed time is 199.466545 seconds.

chan =

    65

Elapsed time is 197.645691 seconds.

chan =

    66

Elapsed time is 200.841021 seconds.

chan =

    67

Elapsed time is 201.024370 seconds.

chan =

    68

Elapsed time is 201.763755 seconds.

chan =

    69

Elapsed time is 200.985739 seconds.

chan =

    70

Elapsed time is 199.514891 seconds.

chan =

    71

Elapsed time is 201.383643 seconds.

chan =

    72

Elapsed time is 199.447940 seconds.

chan =

    73

Elapsed time is 202.171346 seconds.

chan =

    74

Elapsed time is 200.288033 seconds.

chan =

    75

Elapsed time is 200.833880 seconds.

chan =

    76

Elapsed time is 198.859014 seconds.

chan =

    77

Elapsed time is 200.371726 seconds.

chan =

    78

Elapsed time is 200.337959 seconds.

chan =

    79

Elapsed time is 201.071434 seconds.

chan =

    80

Elapsed time is 200.861687 seconds.

chan =

    81

Elapsed time is 199.784809 seconds.

chan =

    82

Elapsed time is 199.205147 seconds.

chan =

    83

Elapsed time is 199.085776 seconds.

chan =

    84

Elapsed time is 198.028673 seconds.

chan =

    85

Elapsed time is 198.964218 seconds.

chan =

    86

Elapsed time is 199.966648 seconds.

chan =

    87

Elapsed time is 199.605296 seconds.

chan =

    88

Elapsed time is 198.385155 seconds.

chan =

    89

Elapsed time is 199.235575 seconds.

chan =

    90

Elapsed time is 201.830900 seconds.

chan =

    91

Elapsed time is 198.914679 seconds.

chan =

    92

Elapsed time is 199.797390 seconds.

chan =

    93

Elapsed time is 199.378432 seconds.

chan =

    94

Elapsed time is 200.478211 seconds.

chan =

    95

Elapsed time is 199.903850 seconds.

chan =

    96

Elapsed time is 199.492187 seconds.

chan =

    97

Elapsed time is 199.046063 seconds.

chan =

    98

Elapsed time is 199.092799 seconds.

chan =

    99

Elapsed time is 197.563962 seconds.

chan =

   100

Elapsed time is 197.862743 seconds.

chan =

   101

Elapsed time is 200.715585 seconds.

chan =

   102

Elapsed time is 201.407047 seconds.

chan =

   103

Elapsed time is 201.430754 seconds.

chan =

   104

Elapsed time is 199.335281 seconds.

chan =

   105

Elapsed time is 201.274180 seconds.

chan =

   106

Elapsed time is 200.083802 seconds.

