getting started: 2927
attempting file: 2927
going for OH30 26
data loaded: OH30 26
HFB already done

chan =

     1

Elapsed time is 610.966957 seconds.

chan =

     2

Elapsed time is 597.849764 seconds.

chan =

     3

Elapsed time is 596.585682 seconds.

chan =

     4

Elapsed time is 590.903255 seconds.

chan =

     5

Elapsed time is 592.710517 seconds.

chan =

     6

Elapsed time is 585.036812 seconds.

chan =

     7

Elapsed time is 588.341320 seconds.

chan =

     8

Elapsed time is 586.680025 seconds.

chan =

     9

Elapsed time is 589.525710 seconds.

chan =

    10

Elapsed time is 582.212704 seconds.

chan =

    11

Elapsed time is 587.498894 seconds.

chan =

    12

Elapsed time is 583.336055 seconds.

chan =

    13

Elapsed time is 587.957216 seconds.

chan =

    14

Elapsed time is 582.674144 seconds.

chan =

    15

Elapsed time is 586.226712 seconds.

chan =

    16

Elapsed time is 580.268481 seconds.

chan =

    17

Elapsed time is 585.011202 seconds.

chan =

    18

Elapsed time is 581.953406 seconds.

chan =

    19

Elapsed time is 582.635952 seconds.

chan =

    20

Elapsed time is 580.278153 seconds.

chan =

    21

Elapsed time is 586.196537 seconds.

chan =

    22

Elapsed time is 579.591035 seconds.

chan =

    23

Elapsed time is 588.129565 seconds.

chan =

    24

Elapsed time is 578.407649 seconds.

chan =

    25

Elapsed time is 587.964002 seconds.

chan =

    26

Elapsed time is 576.783669 seconds.

chan =

    27

Elapsed time is 579.933629 seconds.

chan =

    28

Elapsed time is 579.189043 seconds.

chan =

    29

Elapsed time is 585.192043 seconds.

chan =

    30

Elapsed time is 579.353619 seconds.

chan =

    31

Elapsed time is 581.531747 seconds.

chan =

    32

Elapsed time is 581.566220 seconds.

chan =

    33

Elapsed time is 586.009289 seconds.

chan =

    34

Elapsed time is 583.312794 seconds.

chan =

    35

Elapsed time is 585.552358 seconds.

chan =

    36

Elapsed time is 582.537984 seconds.

chan =

    37

Elapsed time is 585.565617 seconds.

chan =

    38

Elapsed time is 574.594134 seconds.

chan =

    39

Elapsed time is 581.779010 seconds.

chan =

    40

Elapsed time is 580.836070 seconds.

chan =

    41

Elapsed time is 586.304887 seconds.

chan =

    42

Elapsed time is 581.607158 seconds.

chan =

    43

Elapsed time is 584.377818 seconds.

chan =

    44

Elapsed time is 579.352819 seconds.

chan =

    45

Elapsed time is 579.124694 seconds.

chan =

    46

Elapsed time is 581.031356 seconds.

chan =

    47

Elapsed time is 581.081003 seconds.

chan =

    48

Elapsed time is 576.674160 seconds.

chan =

    49

Elapsed time is 587.784585 seconds.

chan =

    50

Elapsed time is 582.790216 seconds.

chan =

    51

Elapsed time is 589.837058 seconds.

chan =

    52

Elapsed time is 582.439264 seconds.

chan =

    53

Elapsed time is 588.697968 seconds.

chan =

    54

Elapsed time is 579.997685 seconds.

chan =

    55

Elapsed time is 587.392828 seconds.

chan =

    56

Elapsed time is 580.803186 seconds.

chan =

    57

Elapsed time is 587.312945 seconds.

chan =

    58

Elapsed time is 579.402922 seconds.

chan =

    59

Elapsed time is 585.349098 seconds.

chan =

    60

Elapsed time is 579.214152 seconds.

chan =

    61

Elapsed time is 584.127589 seconds.

chan =

    62

Elapsed time is 579.280859 seconds.

chan =

    63

Elapsed time is 583.864909 seconds.

chan =

    64

Elapsed time is 580.827394 seconds.

chan =

    65

Elapsed time is 586.104780 seconds.

chan =

    66

Elapsed time is 575.828186 seconds.

chan =

    67

Elapsed time is 583.064249 seconds.

chan =

    68

Elapsed time is 581.784782 seconds.

chan =

    69

Elapsed time is 587.673775 seconds.

chan =

    70

Elapsed time is 579.142928 seconds.

chan =

    71

Elapsed time is 587.090473 seconds.

chan =

    72

Elapsed time is 579.412110 seconds.

chan =

    73

Elapsed time is 586.999742 seconds.

chan =

    74

Elapsed time is 581.901391 seconds.

chan =

    75

Elapsed time is 586.359721 seconds.

chan =

    76

Elapsed time is 580.312230 seconds.

chan =

    77

Elapsed time is 583.353006 seconds.

chan =

    78

Elapsed time is 582.482383 seconds.

chan =

    79

Elapsed time is 589.045901 seconds.

chan =

    80

Elapsed time is 580.330047 seconds.

chan =

    81

Elapsed time is 586.505348 seconds.

chan =

    82

Elapsed time is 583.026495 seconds.

chan =

    83

Elapsed time is 588.348871 seconds.

chan =

    84

Elapsed time is 583.219445 seconds.

chan =

    85

Elapsed time is 587.581687 seconds.

chan =

    86

Elapsed time is 575.096093 seconds.

chan =

    87

Elapsed time is 584.057436 seconds.

chan =

    88

Elapsed time is 578.107279 seconds.

chan =

    89

Elapsed time is 588.398634 seconds.

chan =

    90

Elapsed time is 582.459748 seconds.

chan =

    91

Elapsed time is 586.337398 seconds.

chan =

    92

Elapsed time is 582.743125 seconds.

chan =

    93

Elapsed time is 588.469483 seconds.

chan =

    94

Elapsed time is 578.816073 seconds.

chan =

    95

Elapsed time is 592.074079 seconds.

chan =

    96

Elapsed time is 582.830722 seconds.

chan =

    97

Elapsed time is 587.990430 seconds.

chan =

    98

Elapsed time is 583.185616 seconds.

chan =

    99

Elapsed time is 583.975311 seconds.

chan =

   100

Elapsed time is 582.134559 seconds.

chan =

   101

Elapsed time is 584.627889 seconds.

chan =

   102

Elapsed time is 579.623228 seconds.

chan =

   103

Elapsed time is 585.639945 seconds.

chan =

   104

Elapsed time is 583.469981 seconds.

chan =

   105

Elapsed time is 583.880928 seconds.

chan =

   106

Elapsed time is 581.600598 seconds.

chan =

   107

Elapsed time is 588.767805 seconds.

chan =

   108

Elapsed time is 583.679104 seconds.

chan =

   109

Elapsed time is 588.253240 seconds.

chan =

   110

Elapsed time is 579.827130 seconds.

chan =

   111

Elapsed time is 574.289990 seconds.

chan =

   112

Elapsed time is 572.271053 seconds.

chan =

   113

Elapsed time is 575.412914 seconds.

chan =

   114

Elapsed time is 572.200558 seconds.

chan =

   115

Elapsed time is 573.941810 seconds.

chan =

   116

Elapsed time is 567.646712 seconds.

chan =

   117

