getting started: 2854
attempting file: 2854
going for OH27 60
data loaded: OH27 60
HFB already done

chan =

     1

Elapsed time is 257.133602 seconds.

chan =

     2

Elapsed time is 258.435589 seconds.

chan =

     3

Elapsed time is 253.645294 seconds.

chan =

     4

Elapsed time is 255.417815 seconds.

chan =

     5

Elapsed time is 250.035675 seconds.

chan =

     6

Elapsed time is 242.353048 seconds.

chan =

     7

Elapsed time is 250.564378 seconds.

chan =

     8

Elapsed time is 279.555704 seconds.

chan =

     9

Elapsed time is 284.129476 seconds.

chan =

    10

Elapsed time is 280.978672 seconds.

chan =

    11

Elapsed time is 279.290149 seconds.

chan =

    12

Elapsed time is 295.027679 seconds.

chan =

    13

Elapsed time is 303.509176 seconds.

chan =

    14

Elapsed time is 304.713093 seconds.

chan =

    15

Elapsed time is 303.339654 seconds.

chan =

    16

Elapsed time is 304.868765 seconds.

chan =

    17

Elapsed time is 303.194732 seconds.

chan =

    18

Elapsed time is 304.704871 seconds.

chan =

    19

Elapsed time is 301.963689 seconds.

chan =

    20

Elapsed time is 305.513107 seconds.

chan =

    21

Elapsed time is 304.240893 seconds.

chan =

    22

Elapsed time is 305.517437 seconds.

chan =

    23

Elapsed time is 304.022881 seconds.

chan =

    24

Elapsed time is 304.915301 seconds.

chan =

    25

Elapsed time is 302.693216 seconds.

chan =

    26

Elapsed time is 301.372021 seconds.

chan =

    27

Elapsed time is 299.218976 seconds.

chan =

    28

Elapsed time is 300.831547 seconds.

chan =

    29

Elapsed time is 299.067298 seconds.

chan =

    30

Elapsed time is 283.868824 seconds.

chan =

    31

Elapsed time is 292.651941 seconds.

chan =

    32

Elapsed time is 279.174531 seconds.

chan =

    33

Elapsed time is 292.716303 seconds.

chan =

    34

Elapsed time is 286.523817 seconds.

chan =

    35

Elapsed time is 288.910952 seconds.

chan =

    36

Elapsed time is 278.827743 seconds.

chan =

    37

Elapsed time is 278.935516 seconds.

chan =

    38

Elapsed time is 275.170849 seconds.

chan =

    39

Elapsed time is 295.732876 seconds.

chan =

    40

Elapsed time is 293.134541 seconds.

chan =

    41

Elapsed time is 277.394878 seconds.

chan =

    42

Elapsed time is 291.644197 seconds.

chan =

    43

Elapsed time is 291.162411 seconds.

chan =

    44

Elapsed time is 286.874995 seconds.

chan =

    45

Elapsed time is 295.700474 seconds.

chan =

    46

Elapsed time is 297.909719 seconds.

chan =

    47

Elapsed time is 293.404383 seconds.

chan =

    48

Elapsed time is 290.058983 seconds.

chan =

    49

Elapsed time is 282.688427 seconds.

chan =

    50

Elapsed time is 279.634168 seconds.

chan =

    51

Elapsed time is 339.779012 seconds.

chan =

    52

Elapsed time is 361.846906 seconds.

chan =

    53

Elapsed time is 355.559525 seconds.

chan =

    54

Elapsed time is 360.100052 seconds.

chan =

    55

Elapsed time is 356.237415 seconds.

chan =

    56

Elapsed time is 355.029366 seconds.

chan =

    57

Elapsed time is 354.740229 seconds.

chan =

    58

Elapsed time is 362.639463 seconds.

chan =

    59

Elapsed time is 355.638184 seconds.

chan =

    60

Elapsed time is 357.466900 seconds.

chan =

    61

Elapsed time is 354.470626 seconds.

chan =

    62

Elapsed time is 362.348058 seconds.

chan =

    63

Elapsed time is 359.217343 seconds.

chan =

    64

Elapsed time is 360.593078 seconds.

chan =

    65

Elapsed time is 348.788120 seconds.

chan =

    66

Elapsed time is 360.919963 seconds.

chan =

    67

Elapsed time is 359.684353 seconds.

chan =

    68

Elapsed time is 365.040560 seconds.

chan =

    69

Elapsed time is 354.490056 seconds.

chan =

    70

Elapsed time is 357.049680 seconds.

chan =

    71

Elapsed time is 362.913314 seconds.

chan =

    72

Elapsed time is 361.853610 seconds.

chan =

    73

Elapsed time is 359.148306 seconds.

chan =

    74

Elapsed time is 356.342039 seconds.

chan =

    75

Elapsed time is 356.073204 seconds.

chan =

    76

Elapsed time is 358.997828 seconds.

chan =

    77

Elapsed time is 356.702778 seconds.

chan =

    78

Elapsed time is 358.738200 seconds.

chan =

    79

Elapsed time is 360.071367 seconds.

chan =

    80

Elapsed time is 358.058619 seconds.

chan =

    81

Elapsed time is 357.608095 seconds.

chan =

    82

Elapsed time is 358.766310 seconds.

chan =

    83

Elapsed time is 359.019950 seconds.

chan =

    84

Elapsed time is 361.512704 seconds.

chan =

    85

Elapsed time is 357.273331 seconds.

chan =

    86

Elapsed time is 362.579364 seconds.

chan =

    87

Elapsed time is 357.388116 seconds.

chan =

    88

Elapsed time is 359.767144 seconds.

chan =

    89

Elapsed time is 363.083677 seconds.

chan =

    90

Elapsed time is 362.404972 seconds.

chan =

    91

Elapsed time is 353.789653 seconds.

chan =

    92

Elapsed time is 344.023363 seconds.

chan =

    93

Elapsed time is 336.929207 seconds.

chan =

    94

Elapsed time is 339.451667 seconds.

chan =

    95

Elapsed time is 338.337783 seconds.

chan =

    96

Elapsed time is 340.519680 seconds.

chan =

    97

Elapsed time is 338.818384 seconds.

chan =

    98

Elapsed time is 339.908957 seconds.

chan =

    99

Elapsed time is 337.219104 seconds.

chan =

   100

Elapsed time is 331.383569 seconds.

chan =

   101

Elapsed time is 339.278183 seconds.

chan =

   102

Elapsed time is 341.620336 seconds.

chan =

   103

Elapsed time is 340.876250 seconds.

chan =

   104

Elapsed time is 341.321540 seconds.

chan =

   105

Elapsed time is 333.692530 seconds.

chan =

   106

Elapsed time is 352.766356 seconds.

