getting started: 2869
attempting file: 2869
going for OH27 75
data loaded: OH27 75
HFB already done

chan =

     1

Elapsed time is 286.944549 seconds.

chan =

     2

Elapsed time is 281.454866 seconds.

chan =

     3

Elapsed time is 282.120964 seconds.

chan =

     4

Elapsed time is 282.083965 seconds.

chan =

     5

Elapsed time is 280.992979 seconds.

chan =

     6

Elapsed time is 281.901910 seconds.

chan =

     7

Elapsed time is 281.145335 seconds.

chan =

     8

Elapsed time is 281.639028 seconds.

chan =

     9

Elapsed time is 282.089869 seconds.

chan =

    10

Elapsed time is 281.972918 seconds.

chan =

    11

Elapsed time is 281.902307 seconds.

chan =

    12

Elapsed time is 282.004846 seconds.

chan =

    13

Elapsed time is 280.404729 seconds.

chan =

    14

Elapsed time is 281.113651 seconds.

chan =

    15

Elapsed time is 279.613163 seconds.

chan =

    16

Elapsed time is 278.545583 seconds.

chan =

    17

Elapsed time is 278.373233 seconds.

chan =

    18

Elapsed time is 280.505946 seconds.

chan =

    19

Elapsed time is 279.522189 seconds.

chan =

    20

Elapsed time is 276.574825 seconds.

chan =

    21

Elapsed time is 277.424878 seconds.

chan =

    22

Elapsed time is 278.611899 seconds.

chan =

    23

Elapsed time is 272.263857 seconds.

chan =

    24

Elapsed time is 271.614215 seconds.

chan =

    25

Elapsed time is 262.637444 seconds.

chan =

    26

Elapsed time is 260.985634 seconds.

chan =

    27

Elapsed time is 272.833163 seconds.

chan =

    28

Elapsed time is 256.256710 seconds.

chan =

    29

Elapsed time is 264.515276 seconds.

chan =

    30

Elapsed time is 276.159976 seconds.

chan =

    31

Elapsed time is 277.945068 seconds.

chan =

    32

Elapsed time is 273.896513 seconds.

chan =

    33

Elapsed time is 279.087790 seconds.

chan =

    34

Elapsed time is 277.437964 seconds.

chan =

    35

Elapsed time is 278.308375 seconds.

chan =

    36

Elapsed time is 277.793626 seconds.

chan =

    37

Elapsed time is 276.219602 seconds.

chan =

    38

Elapsed time is 274.543176 seconds.

chan =

    39

Elapsed time is 271.137313 seconds.

chan =

    40

Elapsed time is 276.800156 seconds.

chan =

    41

Elapsed time is 271.617738 seconds.

chan =

    42

Elapsed time is 255.390354 seconds.

chan =

    43

Elapsed time is 257.724019 seconds.

chan =

    44

Elapsed time is 261.815257 seconds.

chan =

    45

Elapsed time is 245.440961 seconds.

chan =

    46

Elapsed time is 241.940337 seconds.

chan =

    47

Elapsed time is 240.663058 seconds.

chan =

    48

Elapsed time is 228.088650 seconds.

chan =

    49

Elapsed time is 225.278462 seconds.

chan =

    50

Elapsed time is 222.526542 seconds.

chan =

    51

Elapsed time is 225.976911 seconds.

chan =

    52

Elapsed time is 224.839681 seconds.

chan =

    53

Elapsed time is 256.387290 seconds.

chan =

    54

Elapsed time is 246.707747 seconds.

chan =

    55

Elapsed time is 250.383683 seconds.

chan =

    56

Elapsed time is 237.260685 seconds.

chan =

    57

Elapsed time is 224.150435 seconds.

chan =

    58

Elapsed time is 225.400833 seconds.

chan =

    59

Elapsed time is 226.613944 seconds.

chan =

    60

Elapsed time is 226.855938 seconds.

chan =

    61

Elapsed time is 226.387276 seconds.

chan =

    62

Elapsed time is 226.467160 seconds.

chan =

    63

Elapsed time is 225.355735 seconds.

chan =

    64

Elapsed time is 224.549507 seconds.

chan =

    65

Elapsed time is 225.409431 seconds.

chan =

    66

Elapsed time is 230.343009 seconds.

chan =

    67

Elapsed time is 229.172892 seconds.

chan =

    68

Elapsed time is 229.249071 seconds.

chan =

    69

Elapsed time is 228.598658 seconds.

chan =

    70

Elapsed time is 226.913366 seconds.

chan =

    71

Elapsed time is 229.666404 seconds.

chan =

    72

Elapsed time is 230.563074 seconds.

chan =

    73

Elapsed time is 228.657085 seconds.

chan =

    74

Elapsed time is 229.709314 seconds.

chan =

    75

Elapsed time is 226.141800 seconds.

chan =

    76

Elapsed time is 228.192511 seconds.

chan =

    77

Elapsed time is 225.896419 seconds.

chan =

    78

Elapsed time is 225.943815 seconds.

chan =

    79

Elapsed time is 226.301070 seconds.

chan =

    80

Elapsed time is 228.751193 seconds.

chan =

    81

Elapsed time is 228.320787 seconds.

chan =

    82

Elapsed time is 226.443186 seconds.

chan =

    83

Elapsed time is 226.958946 seconds.

chan =

    84

Elapsed time is 225.600372 seconds.

chan =

    85

Elapsed time is 224.776061 seconds.

chan =

    86

Elapsed time is 223.913315 seconds.

chan =

    87

Elapsed time is 222.965985 seconds.

chan =

    88

Elapsed time is 244.247909 seconds.

chan =

    89

Elapsed time is 303.211704 seconds.

chan =

    90

Elapsed time is 306.266253 seconds.

chan =

    91

Elapsed time is 305.069777 seconds.

chan =

    92

Elapsed time is 304.640783 seconds.

chan =

    93

Elapsed time is 298.022220 seconds.

chan =

    94

Elapsed time is 305.199881 seconds.

chan =

    95

Elapsed time is 302.599726 seconds.

chan =

    96

Elapsed time is 301.890182 seconds.

chan =

    97

Elapsed time is 295.869415 seconds.

chan =

    98

Elapsed time is 304.706866 seconds.

chan =

    99

Elapsed time is 297.654496 seconds.

chan =

   100

Elapsed time is 297.536437 seconds.

chan =

   101

Elapsed time is 305.293684 seconds.

chan =

   102

Elapsed time is 298.642925 seconds.

chan =

   103

Elapsed time is 298.692363 seconds.

chan =

   104

Elapsed time is 298.228820 seconds.

chan =

   105

Elapsed time is 293.020515 seconds.

chan =

   106

Elapsed time is 293.825127 seconds.

