getting started: 2884
attempting file: 2884
going for OH27 90
data loaded: OH27 90
HFB already done

chan =

     1

Elapsed time is 270.797375 seconds.

chan =

     2

Elapsed time is 264.451440 seconds.

chan =

     3

Elapsed time is 267.941528 seconds.

chan =

     4

Elapsed time is 276.251465 seconds.

chan =

     5

Elapsed time is 268.066451 seconds.

chan =

     6

Elapsed time is 270.606618 seconds.

chan =

     7

Elapsed time is 271.723164 seconds.

chan =

     8

Elapsed time is 264.033933 seconds.

chan =

     9

Elapsed time is 263.767748 seconds.

chan =

    10

Elapsed time is 265.522659 seconds.

chan =

    11

Elapsed time is 257.901462 seconds.

chan =

    12

Elapsed time is 261.285398 seconds.

chan =

    13

Elapsed time is 264.679317 seconds.

chan =

    14

Elapsed time is 266.728874 seconds.

chan =

    15

Elapsed time is 263.657109 seconds.

chan =

    16

Elapsed time is 256.108178 seconds.

chan =

    17

Elapsed time is 263.418622 seconds.

chan =

    18

Elapsed time is 267.378082 seconds.

chan =

    19

Elapsed time is 258.993205 seconds.

chan =

    20

Elapsed time is 261.981432 seconds.

chan =

    21

Elapsed time is 260.291688 seconds.

chan =

    22

Elapsed time is 266.556494 seconds.

chan =

    23

Elapsed time is 261.713621 seconds.

chan =

    24

Elapsed time is 259.292579 seconds.

chan =

    25

Elapsed time is 258.008870 seconds.

chan =

    26

Elapsed time is 260.123940 seconds.

chan =

    27

Elapsed time is 260.609014 seconds.

chan =

    28

Elapsed time is 251.104656 seconds.

chan =

    29

Elapsed time is 271.329653 seconds.

chan =

    30

Elapsed time is 276.171666 seconds.

chan =

    31

Elapsed time is 273.423330 seconds.

chan =

    32

Elapsed time is 259.684008 seconds.

chan =

    33

Elapsed time is 277.333042 seconds.

chan =

    34

Elapsed time is 283.111974 seconds.

chan =

    35

Elapsed time is 283.138632 seconds.

chan =

    36

Elapsed time is 277.021637 seconds.

chan =

    37

Elapsed time is 272.902906 seconds.

chan =

    38

Elapsed time is 268.626616 seconds.

chan =

    39

Elapsed time is 243.597042 seconds.

chan =

    40

Elapsed time is 280.682436 seconds.

chan =

    41

Elapsed time is 264.583066 seconds.

chan =

    42

Elapsed time is 288.887653 seconds.

chan =

    43

Elapsed time is 282.526092 seconds.

chan =

    44

Elapsed time is 264.757470 seconds.

chan =

    45

Elapsed time is 266.853709 seconds.

chan =

    46

Elapsed time is 271.778657 seconds.

chan =

    47

Elapsed time is 262.869242 seconds.

chan =

    48

Elapsed time is 260.345536 seconds.

chan =

    49

Elapsed time is 250.248648 seconds.

chan =

    50

Elapsed time is 255.957845 seconds.

chan =

    51

Elapsed time is 239.051633 seconds.

chan =

    52

Elapsed time is 240.261741 seconds.

chan =

    53

Elapsed time is 240.570499 seconds.

chan =

    54

Elapsed time is 242.380773 seconds.

chan =

    55

Elapsed time is 238.046879 seconds.

chan =

    56

Elapsed time is 235.828814 seconds.

chan =

    57

Elapsed time is 233.253183 seconds.

chan =

    58

Elapsed time is 238.503058 seconds.

chan =

    59

Elapsed time is 239.336642 seconds.

chan =

    60

Elapsed time is 245.852366 seconds.

chan =

    61

Elapsed time is 240.789445 seconds.

chan =

    62

Elapsed time is 235.783034 seconds.

chan =

    63

Elapsed time is 237.269501 seconds.

chan =

    64

Elapsed time is 241.427126 seconds.

chan =

    65

Elapsed time is 236.054018 seconds.

chan =

    66

Elapsed time is 242.290336 seconds.

chan =

    67

Elapsed time is 241.198208 seconds.

chan =

    68

Elapsed time is 242.011794 seconds.

chan =

    69

Elapsed time is 240.962943 seconds.

chan =

    70

Elapsed time is 241.063756 seconds.

chan =

    71

Elapsed time is 240.017973 seconds.

chan =

    72

Elapsed time is 240.699508 seconds.

chan =

    73

Elapsed time is 235.955397 seconds.

chan =

    74

Elapsed time is 229.454877 seconds.

chan =

    75

Elapsed time is 231.943671 seconds.

chan =

    76

Elapsed time is 234.271152 seconds.

chan =

    77

Elapsed time is 232.661104 seconds.

chan =

    78

Elapsed time is 239.368405 seconds.

chan =

    79

Elapsed time is 237.523391 seconds.

chan =

    80

Elapsed time is 229.350559 seconds.

chan =

    81

Elapsed time is 231.909921 seconds.

chan =

    82

Elapsed time is 237.738825 seconds.

chan =

    83

Elapsed time is 235.617575 seconds.

chan =

    84

Elapsed time is 234.101103 seconds.

chan =

    85

Elapsed time is 231.363665 seconds.

chan =

    86

Elapsed time is 233.841823 seconds.

chan =

    87

Elapsed time is 231.826690 seconds.

chan =

    88

Elapsed time is 232.352966 seconds.

chan =

    89

Elapsed time is 235.474088 seconds.

chan =

    90

Elapsed time is 236.276185 seconds.

chan =

    91

Elapsed time is 236.491190 seconds.

chan =

    92

Elapsed time is 229.323063 seconds.

chan =

    93

Elapsed time is 232.826791 seconds.

chan =

    94

Elapsed time is 226.542677 seconds.

chan =

    95

Elapsed time is 231.527152 seconds.

chan =

    96

Elapsed time is 232.405232 seconds.

chan =

    97

Elapsed time is 226.077688 seconds.

chan =

    98

Elapsed time is 233.581327 seconds.

chan =

    99

Elapsed time is 226.492146 seconds.

chan =

   100

Elapsed time is 227.596534 seconds.

chan =

   101

Elapsed time is 234.481698 seconds.

chan =

   102

Elapsed time is 229.421973 seconds.

chan =

   103

Elapsed time is 223.225638 seconds.

chan =

   104

Elapsed time is 218.330285 seconds.

chan =

   105

Elapsed time is 217.186442 seconds.

chan =

   106

Elapsed time is 209.928967 seconds.

