getting started: 2930
attempting file: 2930
going for OH30 29
data loaded: OH30 29
HFB already done

chan =

     1

Elapsed time is 613.307906 seconds.

chan =

     2

Elapsed time is 602.401829 seconds.

chan =

     3

Elapsed time is 597.468448 seconds.

chan =

     4

Elapsed time is 598.519065 seconds.

chan =

     5

Elapsed time is 596.562613 seconds.

chan =

     6

Elapsed time is 596.280427 seconds.

chan =

     7

Elapsed time is 595.741578 seconds.

chan =

     8

Elapsed time is 594.701304 seconds.

chan =

     9

Elapsed time is 594.102361 seconds.

chan =

    10

Elapsed time is 590.969279 seconds.

chan =

    11

Elapsed time is 591.328428 seconds.

chan =

    12

Elapsed time is 590.700536 seconds.

chan =

    13

Elapsed time is 589.908347 seconds.

chan =

    14

Elapsed time is 591.461752 seconds.

chan =

    15

Elapsed time is 588.236871 seconds.

chan =

    16

Elapsed time is 588.972871 seconds.

chan =

    17

Elapsed time is 587.142849 seconds.

chan =

    18

Elapsed time is 591.987848 seconds.

chan =

    19

Elapsed time is 588.322397 seconds.

chan =

    20

Elapsed time is 590.825446 seconds.

chan =

    21

Elapsed time is 592.107806 seconds.

chan =

    22

Elapsed time is 591.161225 seconds.

chan =

    23

Elapsed time is 590.997250 seconds.

chan =

    24

Elapsed time is 591.708333 seconds.

chan =

    25

Elapsed time is 591.180971 seconds.

chan =

    26

Elapsed time is 589.782328 seconds.

chan =

    27

Elapsed time is 584.882285 seconds.

chan =

    28

Elapsed time is 589.737748 seconds.

chan =

    29

Elapsed time is 588.379637 seconds.

chan =

    30

Elapsed time is 588.588340 seconds.

chan =

    31

Elapsed time is 589.851851 seconds.

chan =

    32

Elapsed time is 589.645172 seconds.

chan =

    33

Elapsed time is 590.903838 seconds.

chan =

    34

Elapsed time is 586.639787 seconds.

chan =

    35

Elapsed time is 588.785834 seconds.

chan =

    36

Elapsed time is 588.671053 seconds.

chan =

    37

Elapsed time is 586.191817 seconds.

chan =

    38

Elapsed time is 585.637872 seconds.

chan =

    39

Elapsed time is 586.377729 seconds.

chan =

    40

Elapsed time is 590.067829 seconds.

chan =

    41

Elapsed time is 589.410334 seconds.

chan =

    42

Elapsed time is 588.015257 seconds.

chan =

    43

Elapsed time is 587.278822 seconds.

chan =

    44

Elapsed time is 585.854841 seconds.

chan =

    45

Elapsed time is 588.935309 seconds.

chan =

    46

Elapsed time is 584.217928 seconds.

chan =

    47

Elapsed time is 588.008721 seconds.

chan =

    48

Elapsed time is 583.882924 seconds.

chan =

    49

Elapsed time is 593.209188 seconds.

chan =

    50

Elapsed time is 592.791231 seconds.

chan =

    51

Elapsed time is 592.588117 seconds.

chan =

    52

Elapsed time is 590.336416 seconds.

chan =

    53

Elapsed time is 591.859076 seconds.

chan =

    54

Elapsed time is 587.422855 seconds.

chan =

    55

Elapsed time is 592.560919 seconds.

chan =

    56

Elapsed time is 588.255506 seconds.

chan =

    57

Elapsed time is 592.035452 seconds.

chan =

    58

Elapsed time is 587.945639 seconds.

chan =

    59

Elapsed time is 587.136811 seconds.

chan =

    60

Elapsed time is 584.277368 seconds.

chan =

    61

Elapsed time is 586.269277 seconds.

chan =

    62

Elapsed time is 586.771392 seconds.

chan =

    63

Elapsed time is 590.699763 seconds.

chan =

    64

Elapsed time is 586.628546 seconds.

chan =

    65

Elapsed time is 586.716592 seconds.

chan =

    66

Elapsed time is 586.765141 seconds.

chan =

    67

Elapsed time is 588.324596 seconds.

chan =

    68

Elapsed time is 587.846249 seconds.

chan =

    69

Elapsed time is 592.686647 seconds.

chan =

    70

Elapsed time is 587.713699 seconds.

chan =

    71

Elapsed time is 589.526945 seconds.

chan =

    72

Elapsed time is 588.733713 seconds.

chan =

    73

Elapsed time is 593.391153 seconds.

chan =

    74

Elapsed time is 591.419860 seconds.

chan =

    75

Elapsed time is 589.158883 seconds.

chan =

    76

Elapsed time is 589.381318 seconds.

chan =

    77

Elapsed time is 587.300192 seconds.

chan =

    78

Elapsed time is 593.397017 seconds.

chan =

    79

Elapsed time is 587.634159 seconds.

chan =

    80

Elapsed time is 589.498715 seconds.

chan =

    81

Elapsed time is 593.763493 seconds.

chan =

    82

Elapsed time is 588.852163 seconds.

chan =

    83

Elapsed time is 591.076536 seconds.

chan =

    84

Elapsed time is 592.539797 seconds.

chan =

    85

Elapsed time is 586.415236 seconds.

chan =

    86

Elapsed time is 587.155600 seconds.

chan =

    87

Elapsed time is 586.712527 seconds.

chan =

    88

Elapsed time is 589.906956 seconds.

chan =

    89

Elapsed time is 591.309494 seconds.

chan =

    90

Elapsed time is 590.752907 seconds.

chan =

    91

Elapsed time is 593.986846 seconds.

chan =

    92

Elapsed time is 592.712706 seconds.

chan =

    93

Elapsed time is 586.214008 seconds.

chan =

    94

Elapsed time is 590.295130 seconds.

chan =

    95

Elapsed time is 596.591540 seconds.

chan =

    96

Elapsed time is 595.013960 seconds.

chan =

    97

Elapsed time is 592.288771 seconds.

chan =

    98

Elapsed time is 587.453894 seconds.

chan =

    99

Elapsed time is 597.174550 seconds.

chan =

   100

Elapsed time is 592.811094 seconds.

chan =

   101

Elapsed time is 591.464374 seconds.

chan =

   102

Elapsed time is 589.625397 seconds.

chan =

   103

Elapsed time is 594.660633 seconds.

chan =

   104

Elapsed time is 590.280147 seconds.

chan =

   105

Elapsed time is 594.353662 seconds.

chan =

   106

Elapsed time is 593.170587 seconds.

chan =

   107

Elapsed time is 598.441258 seconds.

chan =

   108

Elapsed time is 595.033273 seconds.

chan =

   109

Elapsed time is 586.184962 seconds.

chan =

   110

Elapsed time is 581.459833 seconds.

chan =

   111

Elapsed time is 580.469421 seconds.

chan =

   112

Elapsed time is 582.206928 seconds.

chan =

   113

Elapsed time is 587.912475 seconds.

chan =

   114

Elapsed time is 584.067904 seconds.

chan =

   115

