getting started: 2810
attempting file: 2810
going for OH27 16
data loaded: OH27 16
HFB already done

chan =

     1

Elapsed time is 235.147783 seconds.

chan =

     2

Elapsed time is 231.448470 seconds.

chan =

     3

Elapsed time is 240.246992 seconds.

chan =

     4

Elapsed time is 240.064767 seconds.

chan =

     5

Elapsed time is 227.544829 seconds.

chan =

     6

Elapsed time is 214.644482 seconds.

chan =

     7

Elapsed time is 229.951177 seconds.

chan =

     8

Elapsed time is 250.658182 seconds.

chan =

     9

Elapsed time is 249.919654 seconds.

chan =

    10

Elapsed time is 259.127821 seconds.

chan =

    11

Elapsed time is 261.835181 seconds.

chan =

    12

Elapsed time is 263.000158 seconds.

chan =

    13

Elapsed time is 263.608293 seconds.

chan =

    14

Elapsed time is 263.457745 seconds.

chan =

    15

Elapsed time is 254.600541 seconds.

chan =

    16

Elapsed time is 252.937380 seconds.

chan =

    17

Elapsed time is 255.310867 seconds.

chan =

    18

Elapsed time is 253.459994 seconds.

chan =

    19

Elapsed time is 252.981773 seconds.

chan =

    20

Elapsed time is 256.591589 seconds.

chan =

    21

Elapsed time is 256.853922 seconds.

chan =

    22

Elapsed time is 253.913463 seconds.

chan =

    23

Elapsed time is 258.959687 seconds.

chan =

    24

Elapsed time is 255.544137 seconds.

chan =

    25

Elapsed time is 252.169539 seconds.

chan =

    26

Elapsed time is 254.832994 seconds.

chan =

    27

Elapsed time is 255.370675 seconds.

chan =

    28

Elapsed time is 253.937911 seconds.

chan =

    29

Elapsed time is 254.838853 seconds.

chan =

    30

Elapsed time is 254.540959 seconds.

chan =

    31

Elapsed time is 252.743995 seconds.

chan =

    32

Elapsed time is 249.935265 seconds.

chan =

    33

Elapsed time is 267.576381 seconds.

chan =

    34

Elapsed time is 273.673526 seconds.

chan =

    35

Elapsed time is 267.896624 seconds.

chan =

    36

Elapsed time is 272.590631 seconds.

chan =

    37

Elapsed time is 272.184878 seconds.

chan =

    38

Elapsed time is 257.285392 seconds.

chan =

    39

Elapsed time is 262.155949 seconds.

chan =

    40

Elapsed time is 271.475438 seconds.

chan =

    41

Elapsed time is 262.712757 seconds.

chan =

    42

Elapsed time is 271.716658 seconds.

chan =

    43

Elapsed time is 264.215394 seconds.

chan =

    44

Elapsed time is 247.550126 seconds.

chan =

    45

Elapsed time is 268.524825 seconds.

chan =

    46

Elapsed time is 269.226649 seconds.

chan =

    47

Elapsed time is 269.383904 seconds.

chan =

    48

Elapsed time is 262.843533 seconds.

chan =

    49

Elapsed time is 258.491877 seconds.

chan =

    50

Elapsed time is 247.939143 seconds.

chan =

    51

Elapsed time is 246.356177 seconds.

chan =

    52

Elapsed time is 253.656507 seconds.

chan =

    53

Elapsed time is 246.065009 seconds.

chan =

    54

Elapsed time is 244.450515 seconds.

chan =

    55

Elapsed time is 245.137713 seconds.

chan =

    56

Elapsed time is 244.319158 seconds.

chan =

    57

Elapsed time is 243.875224 seconds.

chan =

    58

Elapsed time is 255.125134 seconds.

chan =

    59

Elapsed time is 251.846595 seconds.

chan =

    60

Elapsed time is 258.988052 seconds.

chan =

    61

Elapsed time is 260.590027 seconds.

chan =

    62

Elapsed time is 248.034580 seconds.

chan =

    63

Elapsed time is 248.772653 seconds.

chan =

    64

Elapsed time is 246.553990 seconds.

chan =

    65

Elapsed time is 241.079437 seconds.

chan =

    66

Elapsed time is 246.524693 seconds.

chan =

    67

Elapsed time is 247.146813 seconds.

chan =

    68

Elapsed time is 249.672226 seconds.

chan =

    69

Elapsed time is 248.441961 seconds.

chan =

    70

Elapsed time is 244.804694 seconds.

chan =

    71

Elapsed time is 246.539342 seconds.

chan =

    72

Elapsed time is 247.835380 seconds.

chan =

    73

Elapsed time is 245.389483 seconds.

chan =

    74

Elapsed time is 245.821532 seconds.

chan =

    75

Elapsed time is 246.226257 seconds.

chan =

    76

Elapsed time is 245.555454 seconds.

chan =

    77

Elapsed time is 247.217250 seconds.

chan =

    78

Elapsed time is 240.472114 seconds.

chan =

    79

Elapsed time is 240.865869 seconds.

chan =

    80

Elapsed time is 242.304249 seconds.

chan =

    81

Elapsed time is 242.994754 seconds.

chan =

    82

Elapsed time is 243.944977 seconds.

chan =

    83

Elapsed time is 243.591023 seconds.

chan =

    84

Elapsed time is 242.100211 seconds.

chan =

    85

Elapsed time is 243.027616 seconds.

chan =

    86

Elapsed time is 238.437031 seconds.

chan =

    87

Elapsed time is 242.671666 seconds.

chan =

    88

Elapsed time is 239.501578 seconds.

chan =

    89

Elapsed time is 241.799099 seconds.

chan =

    90

Elapsed time is 242.429324 seconds.

chan =

    91

Elapsed time is 241.605669 seconds.

chan =

    92

Elapsed time is 244.629270 seconds.

chan =

    93

Elapsed time is 241.837438 seconds.

chan =

    94

Elapsed time is 244.104663 seconds.

chan =

    95

Elapsed time is 244.073747 seconds.

chan =

    96

Elapsed time is 244.296676 seconds.

chan =

    97

Elapsed time is 244.380890 seconds.

chan =

    98

Elapsed time is 245.372230 seconds.

chan =

    99

Elapsed time is 242.796911 seconds.

chan =

   100

Elapsed time is 243.241671 seconds.

chan =

   101

Elapsed time is 244.679613 seconds.

chan =

   102

Elapsed time is 246.496675 seconds.

chan =

   103

Elapsed time is 246.613437 seconds.

chan =

   104

Elapsed time is 246.723430 seconds.

chan =

   105

Elapsed time is 247.789308 seconds.

chan =

   106

Elapsed time is 248.207042 seconds.

