getting started: 2815
attempting file: 2815
going for OH27 21
data loaded: OH27 21
HFB already done

chan =

     1

Elapsed time is 259.002266 seconds.

chan =

     2

Elapsed time is 253.088483 seconds.

chan =

     3

Elapsed time is 255.657082 seconds.

chan =

     4

Elapsed time is 257.570809 seconds.

chan =

     5

Elapsed time is 259.165416 seconds.

chan =

     6

Elapsed time is 260.029813 seconds.

chan =

     7

Elapsed time is 258.970318 seconds.

chan =

     8

Elapsed time is 266.850567 seconds.

chan =

     9

Elapsed time is 266.066897 seconds.

chan =

    10

Elapsed time is 261.644752 seconds.

chan =

    11

Elapsed time is 263.332982 seconds.

chan =

    12

Elapsed time is 266.695455 seconds.

chan =

    13

Elapsed time is 263.506980 seconds.

chan =

    14

Elapsed time is 261.773550 seconds.

chan =

    15

Elapsed time is 265.505156 seconds.

chan =

    16

Elapsed time is 259.293673 seconds.

chan =

    17

Elapsed time is 259.550193 seconds.

chan =

    18

Elapsed time is 256.569823 seconds.

chan =

    19

Elapsed time is 256.856248 seconds.

chan =

    20

Elapsed time is 260.275098 seconds.

chan =

    21

Elapsed time is 257.594730 seconds.

chan =

    22

Elapsed time is 253.635742 seconds.

chan =

    23

Elapsed time is 251.531785 seconds.

chan =

    24

Elapsed time is 257.274155 seconds.

chan =

    25

Elapsed time is 254.076004 seconds.

chan =

    26

Elapsed time is 249.494731 seconds.

chan =

    27

Elapsed time is 258.397010 seconds.

chan =

    28

Elapsed time is 256.101225 seconds.

chan =

    29

Elapsed time is 253.539645 seconds.

chan =

    30

Elapsed time is 261.349696 seconds.

chan =

    31

Elapsed time is 272.796610 seconds.

chan =

    32

Elapsed time is 270.506925 seconds.

chan =

    33

Elapsed time is 273.421160 seconds.

chan =

    34

Elapsed time is 271.079216 seconds.

chan =

    35

Elapsed time is 258.758279 seconds.

chan =

    36

Elapsed time is 277.216407 seconds.

chan =

    37

Elapsed time is 278.097662 seconds.

chan =

    38

Elapsed time is 271.431135 seconds.

chan =

    39

Elapsed time is 282.816090 seconds.

chan =

    40

Elapsed time is 280.764506 seconds.

chan =

    41

Elapsed time is 272.590826 seconds.

chan =

    42

Elapsed time is 269.079117 seconds.

chan =

    43

Elapsed time is 269.429039 seconds.

chan =

    44

Elapsed time is 274.311095 seconds.

chan =

    45

Elapsed time is 280.594634 seconds.

chan =

    46

Elapsed time is 267.886011 seconds.

chan =

    47

Elapsed time is 278.028008 seconds.

chan =

    48

Elapsed time is 277.441932 seconds.

chan =

    49

Elapsed time is 267.274727 seconds.

chan =

    50

Elapsed time is 268.690779 seconds.

chan =

    51

Elapsed time is 271.677384 seconds.

chan =

    52

Elapsed time is 268.599474 seconds.

chan =

    53

Elapsed time is 262.705947 seconds.

chan =

    54

Elapsed time is 260.488124 seconds.

chan =

    55

Elapsed time is 267.794509 seconds.

chan =

    56

Elapsed time is 260.350808 seconds.

chan =

    57

Elapsed time is 261.315913 seconds.

chan =

    58

Elapsed time is 257.754581 seconds.

chan =

    59

Elapsed time is 260.185564 seconds.

chan =

    60

Elapsed time is 257.052030 seconds.

chan =

    61

Elapsed time is 257.760982 seconds.

chan =

    62

Elapsed time is 253.924895 seconds.

chan =

    63

Elapsed time is 250.830842 seconds.

chan =

    64

Elapsed time is 254.343500 seconds.

chan =

    65

Elapsed time is 252.128009 seconds.

chan =

    66

Elapsed time is 249.430454 seconds.

chan =

    67

Elapsed time is 239.825132 seconds.

chan =

    68

Elapsed time is 238.505288 seconds.

chan =

    69

Elapsed time is 253.252604 seconds.

chan =

    70

Elapsed time is 253.138087 seconds.

chan =

    71

Elapsed time is 251.886498 seconds.

chan =

    72

Elapsed time is 246.500190 seconds.

chan =

    73

Elapsed time is 230.560064 seconds.

chan =

    74

Elapsed time is 246.345706 seconds.

chan =

    75

Elapsed time is 247.450155 seconds.

chan =

    76

Elapsed time is 245.065016 seconds.

chan =

    77

Elapsed time is 245.416633 seconds.

chan =

    78

Elapsed time is 228.762741 seconds.

chan =

    79

Elapsed time is 244.758161 seconds.

chan =

    80

Elapsed time is 247.031031 seconds.

chan =

    81

Elapsed time is 247.075667 seconds.

chan =

    82

Elapsed time is 246.470948 seconds.

chan =

    83

Elapsed time is 238.905436 seconds.

chan =

    84

Elapsed time is 240.882594 seconds.

chan =

    85

Elapsed time is 242.065180 seconds.

chan =

    86

Elapsed time is 243.853923 seconds.

chan =

    87

Elapsed time is 244.623053 seconds.

chan =

    88

Elapsed time is 240.172319 seconds.

chan =

    89

Elapsed time is 216.973699 seconds.

chan =

    90

Elapsed time is 246.801804 seconds.

chan =

    91

Elapsed time is 249.258159 seconds.

chan =

    92

Elapsed time is 243.556162 seconds.

chan =

    93

Elapsed time is 240.095298 seconds.

chan =

    94

Elapsed time is 225.530893 seconds.

chan =

    95

Elapsed time is 206.338822 seconds.

chan =

    96

Elapsed time is 223.450667 seconds.

chan =

    97

Elapsed time is 238.460852 seconds.

chan =

    98

Elapsed time is 238.593813 seconds.

chan =

    99

Elapsed time is 234.379744 seconds.

chan =

   100

Elapsed time is 236.397586 seconds.

chan =

   101

Elapsed time is 217.383306 seconds.

chan =

   102

Elapsed time is 238.378431 seconds.

chan =

   103

Elapsed time is 241.930060 seconds.

chan =

   104

Elapsed time is 241.194570 seconds.

chan =

   105

Elapsed time is 244.006065 seconds.

chan =

   106

Elapsed time is 235.825966 seconds.

