getting started: 2685
attempting file: 2685
going for NM04 48
data loaded: NM04 48
HFB already done

chan =

     1

Elapsed time is 213.097353 seconds.

chan =

     2

Elapsed time is 209.825124 seconds.

chan =

     3

Elapsed time is 209.494013 seconds.

chan =

     4

Elapsed time is 209.144112 seconds.

chan =

     5

Elapsed time is 209.063530 seconds.

chan =

     6

Elapsed time is 209.714472 seconds.

chan =

     7

Elapsed time is 210.271357 seconds.

chan =

     8

Elapsed time is 208.598371 seconds.

chan =

     9

Elapsed time is 208.313916 seconds.

chan =

    10

Elapsed time is 208.431222 seconds.

chan =

    11

Elapsed time is 208.014240 seconds.

chan =

    12

Elapsed time is 209.519854 seconds.

chan =

    13

Elapsed time is 210.455098 seconds.

chan =

    14

Elapsed time is 209.168495 seconds.

chan =

    15

Elapsed time is 208.443260 seconds.

chan =

    16

Elapsed time is 209.225469 seconds.

chan =

    17

Elapsed time is 207.762569 seconds.

chan =

    18

Elapsed time is 207.782215 seconds.

chan =

    19

Elapsed time is 213.207835 seconds.

chan =

    20

Elapsed time is 207.142452 seconds.

chan =

    21

Elapsed time is 205.644916 seconds.

chan =

    22

Elapsed time is 208.712280 seconds.

chan =

    23

Elapsed time is 207.524781 seconds.

chan =

    24

Elapsed time is 210.040155 seconds.

chan =

    25

Elapsed time is 207.834876 seconds.

chan =

    26

Elapsed time is 208.422824 seconds.

chan =

    27

Elapsed time is 208.832634 seconds.

chan =

    28

Elapsed time is 209.091834 seconds.

chan =

    29

Elapsed time is 207.976557 seconds.

chan =

    30

Elapsed time is 208.176371 seconds.

chan =

    31

Elapsed time is 205.351183 seconds.

chan =

    32

Elapsed time is 207.066332 seconds.

chan =

    33

Elapsed time is 208.112480 seconds.

chan =

    34

Elapsed time is 206.855689 seconds.

chan =

    35

Elapsed time is 204.852230 seconds.

chan =

    36

Elapsed time is 213.126969 seconds.

chan =

    37

Elapsed time is 251.238408 seconds.

chan =

    38

Elapsed time is 250.343525 seconds.

chan =

    39

Elapsed time is 247.256350 seconds.

chan =

    40

Elapsed time is 212.094550 seconds.

chan =

    41

Elapsed time is 246.557018 seconds.

chan =

    42

Elapsed time is 213.830500 seconds.

chan =

    43

Elapsed time is 229.925219 seconds.

chan =

    44

Elapsed time is 245.339914 seconds.

chan =

    45

Elapsed time is 217.704475 seconds.

chan =

    46

Elapsed time is 240.297129 seconds.

chan =

    47

Elapsed time is 210.635967 seconds.

chan =

    48

Elapsed time is 238.838463 seconds.

chan =

    49

Elapsed time is 251.163511 seconds.

chan =

    50

Elapsed time is 243.194596 seconds.

chan =

    51

Elapsed time is 222.835580 seconds.

chan =

    52

Elapsed time is 253.329402 seconds.

chan =

    53

Elapsed time is 255.832486 seconds.

chan =

    54

Elapsed time is 252.118903 seconds.

chan =

    55

Elapsed time is 254.963012 seconds.

chan =

    56

Elapsed time is 256.846387 seconds.

chan =

    57

Elapsed time is 241.277933 seconds.

chan =

    58

Elapsed time is 217.600379 seconds.

chan =

    59

Elapsed time is 244.812187 seconds.

chan =

    60

Elapsed time is 253.848186 seconds.

chan =

    61

Elapsed time is 252.990324 seconds.

chan =

    62

Elapsed time is 254.504521 seconds.

chan =

    63

Elapsed time is 254.832401 seconds.

chan =

    64

Elapsed time is 253.412210 seconds.

chan =

    65

Elapsed time is 254.746381 seconds.

chan =

    66

Elapsed time is 245.080762 seconds.

chan =

    67

Elapsed time is 232.730304 seconds.

chan =

    68

Elapsed time is 218.387693 seconds.

chan =

    69

Elapsed time is 216.874005 seconds.

chan =

    70

Elapsed time is 217.185110 seconds.

chan =

    71

Elapsed time is 217.223252 seconds.

chan =

    72

Elapsed time is 217.771389 seconds.

chan =

    73

Elapsed time is 218.124495 seconds.

chan =

    74

Elapsed time is 218.682822 seconds.

chan =

    75

Elapsed time is 217.348365 seconds.

chan =

    76

Elapsed time is 218.220151 seconds.

chan =

    77

Elapsed time is 217.076096 seconds.

chan =

    78

Elapsed time is 218.459091 seconds.

chan =

    79

Elapsed time is 220.495874 seconds.

chan =

    80

Elapsed time is 219.040497 seconds.

chan =

    81

Elapsed time is 217.961479 seconds.

chan =

    82

Elapsed time is 218.310362 seconds.

chan =

    83

Elapsed time is 218.312585 seconds.

chan =

    84

Elapsed time is 219.179054 seconds.

chan =

    85

Elapsed time is 219.750655 seconds.

chan =

    86

Elapsed time is 218.721079 seconds.

chan =

    87

Elapsed time is 220.713283 seconds.

chan =

    88

Elapsed time is 221.761010 seconds.

chan =

    89

Elapsed time is 223.397700 seconds.

chan =

    90

Elapsed time is 217.217319 seconds.

chan =

    91

Elapsed time is 239.462511 seconds.
attempting saving
save success: /projects/p31578/dtf8829/QuestConnect/CHANDAT/chanDat_NM04_048.mat
working on TF
encoding done
encoding RT done
retrieval 1 done
retrieval 2 done
attempting saving
save success: /projects/p31578/dtf8829/QuestConnect/CHANDAT/chanDat_NM04_048.mat
working on ISPC
channel: 1 took 0 minutes
channel: 2 took 0 minutes
channel: 3 took 0 minutes
channel: 4 took 0 minutes
channel: 5 took 0 minutes
channel: 6 took 0 minutes
channel: 7 took 0 minutes
channel: 8 took 0 minutes
channel: 9 took 0 minutes
channel: 10 took 0 minutes
channel: 11 took 0 minutes
channel: 12 took 0 minutes
channel: 13 took 0 minutes
channel: 14 took 0 minutes
channel: 15 took 0 minutes
channel: 16 took 0 minutes
channel: 17 took 0 minutes
channel: 18 took 0 minutes
channel: 19 took 0 minutes
channel: 20 took 0 minutes
channel: 21 took 0 minutes
channel: 22 took 0 minutes
channel: 23 took 0 minutes
channel: 24 took 0 minutes
channel: 25 took 0 minutes
channel: 26 took 0 minutes
channel: 27 took 0 minutes
channel: 28 took 0 minutes
channel: 29 took 0 minutes
channel: 30 took 0 minutes
channel: 31 took 0 minutes
channel: 32 took 0 minutes
channel: 33 took 0 minutes
channel: 34 took 0 minutes
channel: 35 took 0 minutes
channel: 36 took 0 minutes
channel: 37 took 0 minutes
channel: 38 took 0 minutes
channel: 39 took 0 minutes
channel: 40 took 0 minutes
channel: 41 took 0 minutes
channel: 42 took 0 minutes
channel: 43 took 0 minutes
channel: 44 took 0 minutes
channel: 45 took 0 minutes
channel: 46 took 0 minutes
channel: 47 took 0 minutes
channel: 48 took 0 minutes
channel: 49 took 3.7 minutes
channel: 50 took 3.7 minutes
channel: 51 took 3.9 minutes
channel: 52 took 3.7 minutes
channel: 53 took 4 minutes
channel: 54 took 4 minutes
channel: 55 took 4 minutes
channel: 56 took 3.9 minutes
channel: 57 took 3.9 minutes
channel: 58 took 3.9 minutes
channel: 59 took 4 minutes
channel: 60 took 4 minutes
channel: 61 took 3.7 minutes
channel: 62 took 4 minutes
channel: 63 took 3.7 minutes
channel: 64 took 4 minutes
channel: 65 took 4 minutes
channel: 66 took 3.9 minutes
channel: 67 took 3.9 minutes
channel: 68 took 3.8 minutes
channel: 69 took 4 minutes
channel: 70 took 4 minutes
channel: 71 took 4 minutes
channel: 72 took 3.9 minutes
channel: 73 took 3.8 minutes
channel: 74 took 4 minutes
channel: 75 took 4 minutes
channel: 76 took 4 minutes
channel: 77 took 3.8 minutes
channel: 78 took 3.9 minutes
channel: 79 took 4 minutes
channel: 80 took 3.8 minutes
channel: 81 took 3.7 minutes
channel: 82 took 3.4 minutes
channel: 83 took 3.2 minutes
channel: 84 took 3.2 minutes
channel: 85 took 3.2 minutes
channel: 86 took 3.2 minutes
channel: 87 took 3.2 minutes
channel: 88 took 3.2 minutes
channel: 89 took 3.2 minutes
channel: 90 took 3.2 minutes
channel: 91 took 3.2 minutes
attempting saving
save success: /projects/p31578/dtf8829/QuestConnect/CHANDAT/chanDat_NM04_048.mat
Elapsed time is 196.210334 seconds.
