getting started: 2843
attempting file: 2843
going for OH27 49
data loaded: OH27 49
HFB already done

chan =

     1

Elapsed time is 279.023897 seconds.

chan =

     2

Elapsed time is 272.709521 seconds.

chan =

     3

Elapsed time is 272.934877 seconds.

chan =

     4

Elapsed time is 280.925515 seconds.

chan =

     5

Elapsed time is 274.462775 seconds.

chan =

     6

Elapsed time is 275.022120 seconds.

chan =

     7

Elapsed time is 274.911736 seconds.

chan =

     8

Elapsed time is 271.631466 seconds.

chan =

     9

Elapsed time is 265.003399 seconds.

chan =

    10

Elapsed time is 265.841224 seconds.

chan =

    11

Elapsed time is 264.724176 seconds.

chan =

    12

Elapsed time is 265.226839 seconds.

chan =

    13

Elapsed time is 264.631096 seconds.

chan =

    14

Elapsed time is 263.794997 seconds.

chan =

    15

Elapsed time is 264.882320 seconds.

chan =

    16

Elapsed time is 261.994725 seconds.

chan =

    17

Elapsed time is 263.056792 seconds.

chan =

    18

Elapsed time is 264.560338 seconds.

chan =

    19

Elapsed time is 263.094527 seconds.

chan =

    20

Elapsed time is 264.726351 seconds.

chan =

    21

Elapsed time is 264.895139 seconds.

chan =

    22

Elapsed time is 263.056627 seconds.

chan =

    23

Elapsed time is 264.047858 seconds.

chan =

    24

Elapsed time is 263.017894 seconds.

chan =

    25

Elapsed time is 263.813706 seconds.

chan =

    26

Elapsed time is 261.977833 seconds.

chan =

    27

Elapsed time is 262.467907 seconds.

chan =

    28

Elapsed time is 263.853769 seconds.

chan =

    29

Elapsed time is 263.585464 seconds.

chan =

    30

Elapsed time is 262.958278 seconds.

chan =

    31

Elapsed time is 262.721262 seconds.

chan =

    32

Elapsed time is 260.602125 seconds.

chan =

    33

Elapsed time is 263.354935 seconds.

chan =

    34

Elapsed time is 264.401447 seconds.

chan =

    35

Elapsed time is 263.803563 seconds.

chan =

    36

Elapsed time is 264.182132 seconds.

chan =

    37

Elapsed time is 264.310688 seconds.

chan =

    38

Elapsed time is 263.764889 seconds.

chan =

    39

Elapsed time is 262.945139 seconds.

chan =

    40

Elapsed time is 261.689275 seconds.

chan =

    41

Elapsed time is 261.905293 seconds.

chan =

    42

Elapsed time is 261.526930 seconds.

chan =

    43

Elapsed time is 261.552204 seconds.

chan =

    44

Elapsed time is 263.432459 seconds.

chan =

    45

Elapsed time is 263.131494 seconds.

chan =

    46

Elapsed time is 262.361586 seconds.

chan =

    47

Elapsed time is 262.402508 seconds.

chan =

    48

Elapsed time is 265.614443 seconds.

chan =

    49

Elapsed time is 266.166451 seconds.

chan =

    50

Elapsed time is 265.600909 seconds.

chan =

    51

Elapsed time is 266.279333 seconds.

chan =

    52

Elapsed time is 258.047627 seconds.

chan =

    53

Elapsed time is 252.148031 seconds.

chan =

    54

Elapsed time is 262.404423 seconds.

chan =

    55

Elapsed time is 267.581227 seconds.

chan =

    56

Elapsed time is 259.314856 seconds.

chan =

    57

Elapsed time is 293.381780 seconds.

chan =

    58

Elapsed time is 290.307218 seconds.

chan =

    59

Elapsed time is 295.268185 seconds.

chan =

    60

Elapsed time is 293.526587 seconds.

chan =

    61

Elapsed time is 291.616834 seconds.

chan =

    62

Elapsed time is 292.515614 seconds.

chan =

    63

Elapsed time is 286.754619 seconds.

chan =

    64

Elapsed time is 291.203809 seconds.

chan =

    65

Elapsed time is 286.932565 seconds.

chan =

    66

Elapsed time is 291.855193 seconds.

chan =

    67

Elapsed time is 290.546161 seconds.

chan =

    68

Elapsed time is 288.050442 seconds.

chan =

    69

Elapsed time is 290.701895 seconds.

chan =

    70

Elapsed time is 285.998228 seconds.

chan =

    71

Elapsed time is 287.968533 seconds.

chan =

    72

Elapsed time is 288.772291 seconds.

chan =

    73

Elapsed time is 285.359158 seconds.

chan =

    74

Elapsed time is 292.813609 seconds.

chan =

    75

Elapsed time is 299.840929 seconds.

chan =

    76

Elapsed time is 300.028719 seconds.

chan =

    77

Elapsed time is 299.720293 seconds.

chan =

    78

Elapsed time is 298.169486 seconds.

chan =

    79

Elapsed time is 299.636509 seconds.

chan =

    80

Elapsed time is 299.253730 seconds.

chan =

    81

Elapsed time is 300.013258 seconds.

chan =

    82

Elapsed time is 299.273197 seconds.

chan =

    83

Elapsed time is 298.926706 seconds.

chan =

    84

Elapsed time is 299.113909 seconds.

chan =

    85

Elapsed time is 296.761317 seconds.

chan =

    86

Elapsed time is 299.477450 seconds.

chan =

    87

Elapsed time is 295.612236 seconds.

chan =

    88

Elapsed time is 295.838942 seconds.

chan =

    89

Elapsed time is 286.777453 seconds.

chan =

    90

Elapsed time is 250.610182 seconds.

chan =

    91

Elapsed time is 244.661578 seconds.

chan =

    92

Elapsed time is 236.234964 seconds.

chan =

    93

Elapsed time is 225.347558 seconds.

chan =

    94

Elapsed time is 221.020269 seconds.

chan =

    95

Elapsed time is 221.189754 seconds.

chan =

    96

Elapsed time is 224.060398 seconds.

chan =

    97

Elapsed time is 222.836070 seconds.

chan =

    98

Elapsed time is 219.120064 seconds.

chan =

    99

Elapsed time is 218.063716 seconds.

chan =

   100

Elapsed time is 218.590100 seconds.

chan =

   101

Elapsed time is 225.480833 seconds.

chan =

   102

Elapsed time is 223.911518 seconds.

chan =

   103

Elapsed time is 223.588423 seconds.

chan =

   104

Elapsed time is 220.063858 seconds.

chan =

   105

Elapsed time is 220.773610 seconds.

chan =

   106

Elapsed time is 220.131284 seconds.

