getting started: 2865
attempting file: 2865
going for OH27 71
data loaded: OH27 71
HFB already done

chan =

     1

Elapsed time is 281.763794 seconds.

chan =

     2

Elapsed time is 275.466477 seconds.

chan =

     3

Elapsed time is 277.975640 seconds.

chan =

     4

Elapsed time is 284.983727 seconds.

chan =

     5

Elapsed time is 279.153325 seconds.

chan =

     6

Elapsed time is 288.923568 seconds.

chan =

     7

Elapsed time is 293.859693 seconds.

chan =

     8

Elapsed time is 290.205677 seconds.

chan =

     9

Elapsed time is 291.283175 seconds.

chan =

    10

Elapsed time is 288.173126 seconds.

chan =

    11

Elapsed time is 287.587130 seconds.

chan =

    12

Elapsed time is 288.033290 seconds.

chan =

    13

Elapsed time is 283.280000 seconds.

chan =

    14

Elapsed time is 278.284409 seconds.

chan =

    15

Elapsed time is 277.118600 seconds.

chan =

    16

Elapsed time is 277.232498 seconds.

chan =

    17

Elapsed time is 276.233102 seconds.

chan =

    18

Elapsed time is 277.835514 seconds.

chan =

    19

Elapsed time is 277.937364 seconds.

chan =

    20

Elapsed time is 280.960704 seconds.

chan =

    21

Elapsed time is 278.830867 seconds.

chan =

    22

Elapsed time is 278.891835 seconds.

chan =

    23

Elapsed time is 277.579414 seconds.

chan =

    24

Elapsed time is 277.139019 seconds.

chan =

    25

Elapsed time is 277.687498 seconds.

chan =

    26

Elapsed time is 284.773103 seconds.

chan =

    27

Elapsed time is 299.016378 seconds.

chan =

    28

Elapsed time is 298.198562 seconds.

chan =

    29

Elapsed time is 297.551226 seconds.

chan =

    30

Elapsed time is 295.545581 seconds.

chan =

    31

Elapsed time is 298.029872 seconds.

chan =

    32

Elapsed time is 294.664459 seconds.

chan =

    33

Elapsed time is 291.564608 seconds.

chan =

    34

Elapsed time is 296.024565 seconds.

chan =

    35

Elapsed time is 296.906973 seconds.

chan =

    36

Elapsed time is 292.347223 seconds.

chan =

    37

Elapsed time is 285.248634 seconds.

chan =

    38

Elapsed time is 285.779691 seconds.

chan =

    39

Elapsed time is 290.969691 seconds.

chan =

    40

Elapsed time is 276.275940 seconds.

chan =

    41

Elapsed time is 281.626741 seconds.

chan =

    42

Elapsed time is 287.143463 seconds.

chan =

    43

Elapsed time is 288.226293 seconds.

chan =

    44

Elapsed time is 287.475743 seconds.

chan =

    45

Elapsed time is 281.522043 seconds.

chan =

    46

Elapsed time is 273.103847 seconds.

chan =

    47

Elapsed time is 272.071989 seconds.

chan =

    48

Elapsed time is 270.546226 seconds.

chan =

    49

Elapsed time is 257.256225 seconds.

chan =

    50

Elapsed time is 254.210921 seconds.

chan =

    51

Elapsed time is 247.778136 seconds.

chan =

    52

Elapsed time is 240.344304 seconds.

chan =

    53

Elapsed time is 232.121591 seconds.

chan =

    54

Elapsed time is 232.403089 seconds.

chan =

    55

Elapsed time is 232.565467 seconds.

chan =

    56

Elapsed time is 231.882342 seconds.

chan =

    57

Elapsed time is 230.486625 seconds.

chan =

    58

Elapsed time is 232.477575 seconds.

chan =

    59

Elapsed time is 240.360441 seconds.

chan =

    60

Elapsed time is 227.435814 seconds.

chan =

    61

Elapsed time is 229.544786 seconds.

chan =

    62

Elapsed time is 242.082335 seconds.

chan =

    63

Elapsed time is 242.635006 seconds.

chan =

    64

Elapsed time is 241.769547 seconds.

chan =

    65

Elapsed time is 241.292619 seconds.

chan =

    66

Elapsed time is 243.805793 seconds.

chan =

    67

Elapsed time is 244.343272 seconds.

chan =

    68

Elapsed time is 244.246879 seconds.

chan =

    69

Elapsed time is 244.815512 seconds.

chan =

    70

Elapsed time is 243.328969 seconds.

chan =

    71

Elapsed time is 243.163470 seconds.

chan =

    72

Elapsed time is 243.386194 seconds.

chan =

    73

Elapsed time is 243.433355 seconds.

chan =

    74

Elapsed time is 242.598826 seconds.

chan =

    75

Elapsed time is 241.324250 seconds.

chan =

    76

Elapsed time is 242.146261 seconds.

chan =

    77

Elapsed time is 237.000916 seconds.

chan =

    78

Elapsed time is 230.368051 seconds.

chan =

    79

Elapsed time is 228.461536 seconds.

chan =

    80

Elapsed time is 231.257073 seconds.

chan =

    81

Elapsed time is 231.979080 seconds.

chan =

    82

Elapsed time is 233.293930 seconds.

chan =

    83

Elapsed time is 234.125441 seconds.

chan =

    84

Elapsed time is 231.911363 seconds.

chan =

    85

Elapsed time is 231.686495 seconds.

chan =

    86

Elapsed time is 229.943851 seconds.

chan =

    87

Elapsed time is 229.656639 seconds.

chan =

    88

Elapsed time is 229.589315 seconds.

chan =

    89

Elapsed time is 230.460725 seconds.

chan =

    90

Elapsed time is 225.429623 seconds.

chan =

    91

Elapsed time is 216.512231 seconds.

chan =

    92

Elapsed time is 212.691703 seconds.

chan =

    93

Elapsed time is 213.942233 seconds.

chan =

    94

Elapsed time is 212.853463 seconds.

chan =

    95

Elapsed time is 213.559712 seconds.

chan =

    96

Elapsed time is 213.664693 seconds.

chan =

    97

Elapsed time is 213.127703 seconds.

chan =

    98

Elapsed time is 213.412727 seconds.

chan =

    99

Elapsed time is 212.298762 seconds.

chan =

   100

Elapsed time is 212.599320 seconds.

chan =

   101

Elapsed time is 216.220212 seconds.

chan =

   102

Elapsed time is 217.635771 seconds.

chan =

   103

Elapsed time is 215.846548 seconds.

chan =

   104

Elapsed time is 215.704728 seconds.

chan =

   105

Elapsed time is 214.458234 seconds.

chan =

   106

Elapsed time is 214.604916 seconds.

