getting started: 2990
attempting file: 2990
going for OH30 89
data loaded: OH30 89
HFB already done

chan =

     1

Elapsed time is 477.032590 seconds.

chan =

     2

Elapsed time is 479.624507 seconds.

chan =

     3

Elapsed time is 484.244990 seconds.

chan =

     4

Elapsed time is 489.823453 seconds.

chan =

     5

Elapsed time is 498.528180 seconds.

chan =

     6

Elapsed time is 496.140009 seconds.

chan =

     7

Elapsed time is 499.195498 seconds.

chan =

     8

Elapsed time is 496.160235 seconds.

chan =

     9

Elapsed time is 490.378532 seconds.

chan =

    10

Elapsed time is 490.329073 seconds.

chan =

    11

Elapsed time is 486.801822 seconds.

chan =

    12

Elapsed time is 489.373185 seconds.

chan =

    13

Elapsed time is 490.407262 seconds.

chan =

    14

Elapsed time is 488.565379 seconds.

chan =

    15

Elapsed time is 492.871471 seconds.

chan =

    16

Elapsed time is 498.500569 seconds.

chan =

    17

Elapsed time is 498.058345 seconds.

chan =

    18

Elapsed time is 495.960724 seconds.

chan =

    19

Elapsed time is 494.077536 seconds.

chan =

    20

Elapsed time is 492.616762 seconds.

chan =

    21

Elapsed time is 490.261770 seconds.

chan =

    22

Elapsed time is 484.520451 seconds.

chan =

    23

Elapsed time is 481.186925 seconds.

chan =

    24

Elapsed time is 481.921873 seconds.

chan =

    25

Elapsed time is 491.589585 seconds.

chan =

    26

Elapsed time is 481.337442 seconds.

chan =

    27

Elapsed time is 483.962542 seconds.

chan =

    28

Elapsed time is 483.298483 seconds.

chan =

    29

Elapsed time is 486.288285 seconds.

chan =

    30

Elapsed time is 489.796640 seconds.

chan =

    31

Elapsed time is 491.346622 seconds.

chan =

    32

Elapsed time is 481.751588 seconds.

chan =

    33

Elapsed time is 479.490557 seconds.

chan =

    34

Elapsed time is 487.517862 seconds.

chan =

    35

Elapsed time is 493.893623 seconds.

chan =

    36

Elapsed time is 491.311909 seconds.

chan =

    37

Elapsed time is 489.878354 seconds.

chan =

    38

Elapsed time is 490.154474 seconds.

chan =

    39

Elapsed time is 485.959498 seconds.

chan =

    40

Elapsed time is 489.718237 seconds.

chan =

    41

Elapsed time is 492.439596 seconds.

chan =

    42

Elapsed time is 484.693847 seconds.

chan =

    43

Elapsed time is 479.050914 seconds.

chan =

    44

Elapsed time is 480.665805 seconds.

chan =

    45

Elapsed time is 478.397632 seconds.

chan =

    46

Elapsed time is 479.043879 seconds.

chan =

    47

Elapsed time is 481.831759 seconds.

chan =

    48

Elapsed time is 479.206581 seconds.

chan =

    49

Elapsed time is 492.334380 seconds.

chan =

    50

Elapsed time is 488.251564 seconds.

chan =

    51

Elapsed time is 492.732081 seconds.

chan =

    52

Elapsed time is 484.984566 seconds.

chan =

    53

Elapsed time is 482.942072 seconds.

chan =

    54

Elapsed time is 485.784203 seconds.

chan =

    55

Elapsed time is 489.452126 seconds.

chan =

    56

Elapsed time is 484.208719 seconds.

chan =

    57

Elapsed time is 491.716871 seconds.

chan =

    58

Elapsed time is 489.950463 seconds.

chan =

    59

Elapsed time is 487.461322 seconds.

chan =

    60

Elapsed time is 482.639824 seconds.

chan =

    61

Elapsed time is 482.907019 seconds.

chan =

    62

Elapsed time is 478.724789 seconds.

chan =

    63

Elapsed time is 476.253443 seconds.

chan =

    64

Elapsed time is 476.351303 seconds.

chan =

    65

Elapsed time is 474.873470 seconds.

chan =

    66

Elapsed time is 468.433371 seconds.

chan =

    67

Elapsed time is 474.307851 seconds.

chan =

    68

Elapsed time is 475.724088 seconds.

chan =

    69

Elapsed time is 474.190985 seconds.

chan =

    70

Elapsed time is 467.849760 seconds.

chan =

    71

Elapsed time is 472.271477 seconds.

chan =

    72

Elapsed time is 482.325898 seconds.

chan =

    73

Elapsed time is 475.745572 seconds.

chan =

    74

Elapsed time is 474.467250 seconds.

chan =

    75

Elapsed time is 485.344325 seconds.

chan =

    76

Elapsed time is 481.270402 seconds.

chan =

    77

Elapsed time is 481.957120 seconds.

chan =

    78

Elapsed time is 485.930758 seconds.

chan =

    79

Elapsed time is 482.706202 seconds.

chan =

    80

Elapsed time is 484.449610 seconds.

chan =

    81

Elapsed time is 469.575277 seconds.

chan =

    82

Elapsed time is 471.331890 seconds.

chan =

    83

Elapsed time is 478.128124 seconds.

chan =

    84

Elapsed time is 468.048648 seconds.

chan =

    85

Elapsed time is 465.299001 seconds.

chan =

    86

Elapsed time is 468.485242 seconds.

chan =

    87

Elapsed time is 472.369697 seconds.

chan =

    88

Elapsed time is 470.313304 seconds.

chan =

    89

Elapsed time is 465.320418 seconds.

chan =

    90

Elapsed time is 465.061150 seconds.

chan =

    91

Elapsed time is 464.773014 seconds.

chan =

    92

Elapsed time is 458.526814 seconds.

chan =

    93

Elapsed time is 462.806661 seconds.

chan =

    94

Elapsed time is 460.197077 seconds.

chan =

    95

Elapsed time is 464.745885 seconds.

chan =

    96

Elapsed time is 464.817311 seconds.

chan =

    97

Elapsed time is 464.328829 seconds.

chan =

    98

Elapsed time is 464.060107 seconds.

chan =

    99

Elapsed time is 466.163263 seconds.

chan =

   100

Elapsed time is 466.693987 seconds.

chan =

   101

Elapsed time is 465.083793 seconds.

chan =

   102

Elapsed time is 463.877896 seconds.

chan =

   103

Elapsed time is 460.335444 seconds.

chan =

   104

Elapsed time is 459.911887 seconds.

chan =

   105

Elapsed time is 455.652659 seconds.

chan =

   106

Elapsed time is 465.775125 seconds.

chan =

   107

Elapsed time is 481.404065 seconds.

chan =

   108

Elapsed time is 490.444320 seconds.

chan =

   109

Elapsed time is 490.459814 seconds.

chan =

   110

Elapsed time is 491.855169 seconds.

chan =

   111

Elapsed time is 483.301345 seconds.

chan =

   112

Elapsed time is 488.198222 seconds.

chan =

   113

Elapsed time is 498.725685 seconds.

chan =

   114

Elapsed time is 492.618053 seconds.

chan =

   115

Elapsed time is 495.282865 seconds.

chan =

   116

Elapsed time is 487.818306 seconds.

chan =

   117

Elapsed time is 488.525057 seconds.

chan =

   118

Elapsed time is 495.306920 seconds.

chan =

   119

Elapsed time is 496.535310 seconds.

chan =

   120

Elapsed time is 493.544873 seconds.

chan =

   121

Elapsed time is 489.266010 seconds.

chan =

   122

Elapsed time is 485.545489 seconds.

chan =

   123

Elapsed time is 489.563209 seconds.

chan =

   124

Elapsed time is 480.965832 seconds.

chan =

   125

Elapsed time is 468.475995 seconds.

chan =

   126

Elapsed time is 445.758480 seconds.

chan =

   127

Elapsed time is 450.822125 seconds.

chan =

   128

Elapsed time is 443.788622 seconds.

chan =

   129

Elapsed time is 440.986156 seconds.

chan =

   130

Elapsed time is 445.567655 seconds.

chan =

   131

Elapsed time is 443.142251 seconds.

chan =

   132

Elapsed time is 441.696226 seconds.

chan =

   133

Elapsed time is 438.063260 seconds.

chan =

   134

Elapsed time is 436.552657 seconds.

chan =

   135

Elapsed time is 437.400001 seconds.

chan =

   136

Elapsed time is 440.400306 seconds.

chan =

   137

Elapsed time is 442.424537 seconds.

chan =

   138

Elapsed time is 442.956522 seconds.

chan =

   139

Elapsed time is 437.575204 seconds.
attempting saving
save success: /projects/p31578/dtf8829/QuestConnect/CHANDAT/chanDat_OH30_089.mat
working on TF
encoding done
encoding RT done
