getting started: 2907
attempting file: 2907
going for OH30 6
data loaded: OH30 6
HFB already done

chan =

     1

Elapsed time is 772.613203 seconds.

chan =

     2

Elapsed time is 756.055022 seconds.

chan =

     3

Elapsed time is 758.916520 seconds.

chan =

     4

Elapsed time is 752.770543 seconds.

chan =

     5

Elapsed time is 757.600569 seconds.

chan =

     6

Elapsed time is 748.662384 seconds.

chan =

     7

Elapsed time is 746.614390 seconds.

chan =

     8

Elapsed time is 746.814149 seconds.

chan =

     9

Elapsed time is 745.347155 seconds.

chan =

    10

Elapsed time is 742.050896 seconds.

chan =

    11

Elapsed time is 750.941571 seconds.

chan =

    12

Elapsed time is 744.470032 seconds.

chan =

    13

Elapsed time is 746.146451 seconds.

chan =

    14

Elapsed time is 743.457483 seconds.

chan =

    15

Elapsed time is 742.551074 seconds.

chan =

    16

Elapsed time is 744.685400 seconds.

chan =

    17

Elapsed time is 743.239529 seconds.

chan =

    18

Elapsed time is 748.927084 seconds.

chan =

    19

Elapsed time is 745.237441 seconds.

chan =

    20

Elapsed time is 743.579086 seconds.

chan =

    21

Elapsed time is 740.525815 seconds.

chan =

    22

Elapsed time is 740.538810 seconds.

chan =

    23

Elapsed time is 741.208684 seconds.

chan =

    24

Elapsed time is 734.308963 seconds.

chan =

    25

Elapsed time is 739.532692 seconds.

chan =

    26

Elapsed time is 739.199152 seconds.

chan =

    27

Elapsed time is 737.832574 seconds.

chan =

    28

Elapsed time is 739.092056 seconds.

chan =

    29

Elapsed time is 745.089565 seconds.

chan =

    30

Elapsed time is 738.384382 seconds.

chan =

    31

Elapsed time is 741.221904 seconds.

chan =

    32

Elapsed time is 739.085437 seconds.

chan =

    33

Elapsed time is 737.292035 seconds.

chan =

    34

Elapsed time is 741.315613 seconds.

chan =

    35

Elapsed time is 738.988762 seconds.

chan =

    36

Elapsed time is 746.680745 seconds.

chan =

    37

Elapsed time is 741.080726 seconds.

chan =

    38

Elapsed time is 742.364656 seconds.

chan =

    39

Elapsed time is 740.310740 seconds.

chan =

    40

Elapsed time is 741.578809 seconds.

chan =

    41

Elapsed time is 739.938326 seconds.

chan =

    42

Elapsed time is 744.179125 seconds.

chan =

    43

Elapsed time is 739.406850 seconds.

chan =

    44

Elapsed time is 745.046935 seconds.

chan =

    45

Elapsed time is 737.232788 seconds.

chan =

    46

Elapsed time is 741.144715 seconds.

chan =

    47

Elapsed time is 741.696076 seconds.

chan =

    48

Elapsed time is 736.146548 seconds.

chan =

    49

Elapsed time is 747.645761 seconds.

chan =

    50

Elapsed time is 742.402793 seconds.

chan =

    51

Elapsed time is 741.713377 seconds.

chan =

    52

Elapsed time is 738.792363 seconds.

chan =

    53

Elapsed time is 741.296367 seconds.

chan =

    54

Elapsed time is 739.368997 seconds.

chan =

    55

Elapsed time is 738.746747 seconds.

chan =

    56

Elapsed time is 737.342856 seconds.

chan =

    57

Elapsed time is 739.489719 seconds.

chan =

    58

Elapsed time is 735.390461 seconds.

chan =

    59

Elapsed time is 737.416293 seconds.

chan =

    60

Elapsed time is 739.550501 seconds.

chan =

    61

Elapsed time is 748.788649 seconds.

chan =

    62

Elapsed time is 747.813530 seconds.

chan =

    63

Elapsed time is 739.097699 seconds.

chan =

    64

Elapsed time is 737.130796 seconds.

chan =

    65

Elapsed time is 741.268049 seconds.

chan =

    66

Elapsed time is 738.214934 seconds.

chan =

    67

Elapsed time is 739.501080 seconds.

chan =

    68

Elapsed time is 730.368538 seconds.

chan =

    69

Elapsed time is 731.145604 seconds.

chan =

    70

Elapsed time is 733.464625 seconds.

chan =

    71

Elapsed time is 732.571576 seconds.

chan =

    72

Elapsed time is 732.970200 seconds.

chan =

    73

Elapsed time is 738.909438 seconds.

chan =

    74

Elapsed time is 736.619861 seconds.

chan =

    75

Elapsed time is 737.236135 seconds.

chan =

    76

Elapsed time is 735.406017 seconds.

chan =

    77

Elapsed time is 732.856112 seconds.

chan =

    78

Elapsed time is 733.638900 seconds.

chan =

    79

Elapsed time is 730.179965 seconds.

chan =

    80

Elapsed time is 730.883928 seconds.

chan =

    81

Elapsed time is 732.009855 seconds.

chan =

    82

Elapsed time is 728.734170 seconds.

chan =

    83

Elapsed time is 736.787386 seconds.

chan =

    84

Elapsed time is 733.619972 seconds.

chan =

    85

Elapsed time is 737.797062 seconds.

chan =

    86

Elapsed time is 743.450400 seconds.

chan =

    87

Elapsed time is 746.523741 seconds.

chan =

    88

Elapsed time is 748.278332 seconds.

chan =

    89

Elapsed time is 744.414648 seconds.

chan =

    90

Elapsed time is 746.716675 seconds.

chan =

    91

Elapsed time is 748.143638 seconds.

chan =

    92

