getting started: 2887
attempting file: 2887
going for OH27 93
data loaded: OH27 93
HFB already done

chan =

     1

Elapsed time is 268.936843 seconds.

chan =

     2

Elapsed time is 262.340686 seconds.

chan =

     3

Elapsed time is 264.530806 seconds.

chan =

     4

Elapsed time is 264.803076 seconds.

chan =

     5

Elapsed time is 266.260042 seconds.

chan =

     6

Elapsed time is 267.946126 seconds.

chan =

     7

Elapsed time is 268.452736 seconds.

chan =

     8

Elapsed time is 261.859533 seconds.

chan =

     9

Elapsed time is 262.368333 seconds.

chan =

    10

Elapsed time is 262.444084 seconds.

chan =

    11

Elapsed time is 257.060028 seconds.

chan =

    12

Elapsed time is 259.857818 seconds.

chan =

    13

Elapsed time is 261.476281 seconds.

chan =

    14

Elapsed time is 264.906654 seconds.

chan =

    15

Elapsed time is 263.415752 seconds.

chan =

    16

Elapsed time is 255.744946 seconds.

chan =

    17

Elapsed time is 262.356331 seconds.

chan =

    18

Elapsed time is 266.145380 seconds.

chan =

    19

Elapsed time is 258.609889 seconds.

chan =

    20

Elapsed time is 262.072128 seconds.

chan =

    21

Elapsed time is 259.679957 seconds.

chan =

    22

Elapsed time is 262.960322 seconds.

chan =

    23

Elapsed time is 260.469251 seconds.

chan =

    24

Elapsed time is 259.898298 seconds.

chan =

    25

Elapsed time is 258.572243 seconds.

chan =

    26

Elapsed time is 257.893409 seconds.

chan =

    27

Elapsed time is 262.708400 seconds.

chan =

    28

Elapsed time is 253.911539 seconds.

chan =

    29

Elapsed time is 262.615692 seconds.

chan =

    30

Elapsed time is 277.326199 seconds.

chan =

    31

Elapsed time is 271.370928 seconds.

chan =

    32

Elapsed time is 257.339726 seconds.

chan =

    33

Elapsed time is 273.366900 seconds.

chan =

    34

Elapsed time is 280.078988 seconds.

chan =

    35

Elapsed time is 278.933297 seconds.

chan =

    36

Elapsed time is 278.696749 seconds.

chan =

    37

Elapsed time is 267.292692 seconds.

chan =

    38

Elapsed time is 274.229811 seconds.

chan =

    39

Elapsed time is 245.006035 seconds.

chan =

    40

Elapsed time is 266.692203 seconds.

chan =

    41

Elapsed time is 265.500867 seconds.

chan =

    42

Elapsed time is 275.811509 seconds.

chan =

    43

Elapsed time is 283.177714 seconds.

chan =

    44

Elapsed time is 261.795372 seconds.

chan =

    45

Elapsed time is 263.826092 seconds.

chan =

    46

Elapsed time is 272.453731 seconds.

chan =

    47

Elapsed time is 259.120611 seconds.

chan =

    48

Elapsed time is 261.855023 seconds.

chan =

    49

Elapsed time is 249.046562 seconds.

chan =

    50

Elapsed time is 248.990570 seconds.

chan =

    51

Elapsed time is 244.052453 seconds.

chan =

    52

Elapsed time is 235.223965 seconds.

chan =

    53

Elapsed time is 238.641891 seconds.

chan =

    54

Elapsed time is 239.822032 seconds.

chan =

    55

Elapsed time is 235.973874 seconds.

chan =

    56

Elapsed time is 236.586693 seconds.

chan =

    57

Elapsed time is 231.563348 seconds.

chan =

    58

Elapsed time is 233.254676 seconds.

chan =

    59

Elapsed time is 235.538920 seconds.

chan =

    60

Elapsed time is 241.404832 seconds.

chan =

    61

Elapsed time is 242.127918 seconds.

chan =

    62

Elapsed time is 233.668140 seconds.

chan =

    63

Elapsed time is 231.831537 seconds.

chan =

    64

Elapsed time is 234.205111 seconds.

chan =

    65

Elapsed time is 230.519520 seconds.

chan =

    66

Elapsed time is 235.736792 seconds.

chan =

    67

Elapsed time is 234.111568 seconds.

chan =

    68

Elapsed time is 236.866859 seconds.

chan =

    69

Elapsed time is 235.316201 seconds.

chan =

    70

Elapsed time is 235.479453 seconds.

chan =

    71

Elapsed time is 238.033156 seconds.

chan =

    72

Elapsed time is 235.037809 seconds.

chan =

    73

Elapsed time is 234.964582 seconds.

chan =

    74

Elapsed time is 227.454291 seconds.

chan =

    75

Elapsed time is 222.861864 seconds.

chan =

    76

Elapsed time is 227.433812 seconds.

chan =

    77

Elapsed time is 226.702303 seconds.

chan =

    78

Elapsed time is 227.983219 seconds.

chan =

    79

Elapsed time is 230.851612 seconds.

chan =

    80

Elapsed time is 231.926904 seconds.

chan =

    81

Elapsed time is 223.000833 seconds.

chan =

    82

Elapsed time is 226.173979 seconds.

chan =

    83

Elapsed time is 229.005014 seconds.

chan =

    84

Elapsed time is 229.947861 seconds.

chan =

    85

Elapsed time is 226.535692 seconds.

chan =

    86

Elapsed time is 227.318863 seconds.

chan =

    87

Elapsed time is 224.409271 seconds.

chan =

    88

Elapsed time is 229.146668 seconds.

chan =

    89

Elapsed time is 228.527117 seconds.

chan =

    90

Elapsed time is 233.677021 seconds.

chan =

    91

Elapsed time is 231.532311 seconds.

chan =

    92

Elapsed time is 234.012630 seconds.

chan =

    93

Elapsed time is 231.603587 seconds.

chan =

    94

Elapsed time is 229.313564 seconds.

chan =

    95

Elapsed time is 223.730836 seconds.

chan =

    96

Elapsed time is 229.093596 seconds.

chan =

    97

Elapsed time is 228.114764 seconds.

chan =

    98

Elapsed time is 229.334272 seconds.

chan =

    99

Elapsed time is 222.418335 seconds.

chan =

   100

Elapsed time is 232.405915 seconds.

chan =

   101

Elapsed time is 229.177805 seconds.

chan =

   102

Elapsed time is 229.993717 seconds.

chan =

   103

Elapsed time is 228.843497 seconds.

chan =

   104

Elapsed time is 222.131496 seconds.

chan =

   105

Elapsed time is 218.571775 seconds.

chan =

   106

Elapsed time is 214.972501 seconds.

