getting started: 2976
attempting file: 2976
going for OH30 75
data loaded: OH30 75
HFB already done

chan =

     1

Elapsed time is 519.141822 seconds.

chan =

     2

Elapsed time is 545.025055 seconds.

chan =

     3

Elapsed time is 545.425110 seconds.

chan =

     4

Elapsed time is 544.853301 seconds.

chan =

     5

Elapsed time is 538.403599 seconds.

chan =

     6

Elapsed time is 522.874679 seconds.

chan =

     7

Elapsed time is 521.200290 seconds.

chan =

     8

Elapsed time is 518.317418 seconds.

chan =

     9

Elapsed time is 515.334058 seconds.

chan =

    10

Elapsed time is 505.871386 seconds.

chan =

    11

Elapsed time is 494.647213 seconds.

chan =

    12

Elapsed time is 514.896626 seconds.

chan =

    13

Elapsed time is 515.184590 seconds.

chan =

    14

Elapsed time is 520.566403 seconds.

chan =

    15

Elapsed time is 520.526513 seconds.

chan =

    16

Elapsed time is 519.565245 seconds.

chan =

    17

Elapsed time is 514.734252 seconds.

chan =

    18

Elapsed time is 516.423406 seconds.

chan =

    19

Elapsed time is 514.787665 seconds.

chan =

    20

Elapsed time is 516.640570 seconds.

chan =

    21

Elapsed time is 514.784291 seconds.

chan =

    22

Elapsed time is 524.140892 seconds.

chan =

    23

Elapsed time is 513.671552 seconds.

chan =

    24

Elapsed time is 521.290556 seconds.

chan =

    25

Elapsed time is 507.476076 seconds.

chan =

    26

Elapsed time is 506.817619 seconds.

chan =

    27

Elapsed time is 511.692315 seconds.

chan =

    28

Elapsed time is 518.292965 seconds.

chan =

    29

Elapsed time is 474.770880 seconds.

chan =

    30

Elapsed time is 471.347664 seconds.

chan =

    31

Elapsed time is 469.883527 seconds.

chan =

    32

Elapsed time is 474.910426 seconds.

chan =

    33

Elapsed time is 468.750574 seconds.

chan =

    34

Elapsed time is 479.449472 seconds.

chan =

    35

Elapsed time is 479.301800 seconds.

chan =

    36

Elapsed time is 480.988545 seconds.

chan =

    37

Elapsed time is 479.517227 seconds.

chan =

    38

Elapsed time is 480.839087 seconds.

chan =

    39

Elapsed time is 476.246277 seconds.

chan =

    40

Elapsed time is 481.436756 seconds.

chan =

    41

Elapsed time is 479.663746 seconds.

chan =

    42

Elapsed time is 469.280960 seconds.

chan =

    43

Elapsed time is 466.385866 seconds.

chan =

    44

Elapsed time is 469.906538 seconds.

chan =

    45

Elapsed time is 463.779375 seconds.

chan =

    46

Elapsed time is 465.326294 seconds.

chan =

    47

Elapsed time is 466.183296 seconds.

chan =

    48

Elapsed time is 464.254125 seconds.

chan =

    49

Elapsed time is 470.066305 seconds.

chan =

    50

Elapsed time is 469.880040 seconds.

chan =

    51

Elapsed time is 467.576836 seconds.

chan =

    52

Elapsed time is 469.896673 seconds.

chan =

    53

Elapsed time is 467.970291 seconds.

chan =

    54

Elapsed time is 469.275158 seconds.

chan =

    55

Elapsed time is 478.556690 seconds.

chan =

    56

Elapsed time is 481.858200 seconds.

chan =

    57

Elapsed time is 470.461731 seconds.

chan =

    58

Elapsed time is 472.086474 seconds.

chan =

    59

Elapsed time is 470.181050 seconds.

chan =

    60

Elapsed time is 470.355240 seconds.

chan =

    61

Elapsed time is 469.600841 seconds.

chan =

    62

Elapsed time is 470.383036 seconds.

chan =

    63

Elapsed time is 481.089934 seconds.

chan =

    64

Elapsed time is 485.356553 seconds.

chan =

    65

Elapsed time is 492.254538 seconds.

chan =

    66

Elapsed time is 490.533420 seconds.

chan =

    67

Elapsed time is 493.215595 seconds.

chan =

    68

Elapsed time is 503.694020 seconds.

chan =

    69

Elapsed time is 507.810924 seconds.

chan =

    70

Elapsed time is 483.488179 seconds.

chan =

    71

Elapsed time is 483.907961 seconds.

chan =

    72

Elapsed time is 485.444668 seconds.

chan =

    73

Elapsed time is 481.243913 seconds.

chan =

    74

Elapsed time is 479.739022 seconds.

chan =

    75

Elapsed time is 485.158768 seconds.

chan =

    76

Elapsed time is 483.527297 seconds.

chan =

    77

Elapsed time is 478.232618 seconds.

chan =

    78

Elapsed time is 481.012688 seconds.

chan =

    79

Elapsed time is 475.830073 seconds.

chan =

    80

Elapsed time is 467.568142 seconds.

chan =

    81

Elapsed time is 465.198853 seconds.

chan =

    82

Elapsed time is 466.374608 seconds.

chan =

    83

Elapsed time is 468.823973 seconds.

chan =

    84

Elapsed time is 469.330265 seconds.

chan =

    85

Elapsed time is 466.257696 seconds.

chan =

    86

Elapsed time is 469.689932 seconds.

chan =

    87

Elapsed time is 467.046785 seconds.

chan =

    88

Elapsed time is 469.919425 seconds.

chan =

    89

Elapsed time is 469.519877 seconds.

chan =

    90

Elapsed time is 471.905737 seconds.

chan =

    91

Elapsed time is 469.378907 seconds.

chan =

    92

Elapsed time is 470.430851 seconds.

chan =

    93

Elapsed time is 469.260267 seconds.

chan =

    94

Elapsed time is 470.468376 seconds.

chan =

    95

Elapsed time is 473.803017 seconds.

chan =

    96

Elapsed time is 473.384264 seconds.

chan =

    97

Elapsed time is 471.495617 seconds.

chan =

    98

Elapsed time is 475.153239 seconds.

chan =

    99

Elapsed time is 472.230401 seconds.

chan =

   100

Elapsed time is 472.608622 seconds.

chan =

   101

Elapsed time is 466.115356 seconds.

chan =

   102

Elapsed time is 467.235438 seconds.

chan =

   103

Elapsed time is 467.990401 seconds.

chan =

   104

Elapsed time is 469.749590 seconds.

chan =

   105

Elapsed time is 465.776109 seconds.

chan =

   106

Elapsed time is 468.312367 seconds.

chan =

   107

Elapsed time is 471.213606 seconds.

chan =

   108

Elapsed time is 471.301663 seconds.

chan =

   109

Elapsed time is 465.937769 seconds.

chan =

   110

Elapsed time is 469.882756 seconds.

chan =

   111

Elapsed time is 468.702047 seconds.

chan =

   112

Elapsed time is 471.003482 seconds.

chan =

   113

Elapsed time is 471.303030 seconds.

chan =

   114

Elapsed time is 472.007239 seconds.

chan =

   115

Elapsed time is 471.152483 seconds.

chan =

   116

Elapsed time is 471.886132 seconds.

chan =

   117

Elapsed time is 468.107014 seconds.

chan =

   118

Elapsed time is 470.191398 seconds.

chan =

   119

Elapsed time is 470.879493 seconds.

chan =

   120

Elapsed time is 473.601134 seconds.

chan =

   121

Elapsed time is 472.929353 seconds.

chan =

   122

Elapsed time is 471.504309 seconds.

chan =

   123

Elapsed time is 468.917786 seconds.

chan =

   124

Elapsed time is 474.700823 seconds.

chan =

   125

Elapsed time is 475.449079 seconds.

chan =

   126

Elapsed time is 475.612527 seconds.

chan =

   127

Elapsed time is 475.527229 seconds.

chan =

   128

Elapsed time is 472.636557 seconds.

chan =

   129

Elapsed time is 471.956971 seconds.

chan =

   130

Elapsed time is 472.663940 seconds.

chan =

   131

Elapsed time is 472.486834 seconds.

chan =

   132

Elapsed time is 472.272601 seconds.

chan =

   133

Elapsed time is 476.252379 seconds.

chan =

   134

Elapsed time is 473.383195 seconds.

chan =

   135

Elapsed time is 472.765588 seconds.

chan =

   136

Elapsed time is 473.571529 seconds.

chan =

   137

Elapsed time is 474.171070 seconds.

chan =

   138

Elapsed time is 473.983976 seconds.

chan =

   139

Elapsed time is 445.569404 seconds.
attempting saving
save success: /projects/p31578/dtf8829/QuestConnect/CHANDAT/chanDat_OH30_075.mat
working on TF
encoding done
encoding RT done
