getting started: 2803
attempting file: 2803
going for OH27 9
data loaded: OH27 9
HFB already done

chan =

     1

Elapsed time is 216.557184 seconds.

chan =

     2

Elapsed time is 212.266091 seconds.

chan =

     3

Elapsed time is 213.798232 seconds.

chan =

     4

Elapsed time is 214.257630 seconds.

chan =

     5

Elapsed time is 214.996160 seconds.

chan =

     6

Elapsed time is 213.530817 seconds.

chan =

     7

Elapsed time is 214.288329 seconds.

chan =

     8

Elapsed time is 215.924555 seconds.

chan =

     9

Elapsed time is 212.750489 seconds.

chan =

    10

Elapsed time is 213.138313 seconds.

chan =

    11

Elapsed time is 214.991425 seconds.

chan =

    12

Elapsed time is 216.006930 seconds.

chan =

    13

Elapsed time is 214.519307 seconds.

chan =

    14

Elapsed time is 213.839809 seconds.

chan =

    15

Elapsed time is 213.028494 seconds.

chan =

    16

Elapsed time is 208.967574 seconds.

chan =

    17

Elapsed time is 210.115905 seconds.

chan =

    18

Elapsed time is 211.973260 seconds.

chan =

    19

Elapsed time is 210.861372 seconds.

chan =

    20

Elapsed time is 214.318672 seconds.

chan =

    21

Elapsed time is 212.384789 seconds.

chan =

    22

Elapsed time is 212.151817 seconds.

chan =

    23

Elapsed time is 211.698547 seconds.

chan =

    24

Elapsed time is 212.216980 seconds.

chan =

    25

Elapsed time is 212.877787 seconds.

chan =

    26

Elapsed time is 211.349066 seconds.

chan =

    27

Elapsed time is 213.772642 seconds.

chan =

    28

Elapsed time is 210.836125 seconds.

chan =

    29

Elapsed time is 212.365317 seconds.

chan =

    30

Elapsed time is 209.939627 seconds.

chan =

    31

Elapsed time is 209.767341 seconds.

chan =

    32

Elapsed time is 205.951964 seconds.

chan =

    33

Elapsed time is 209.122077 seconds.

chan =

    34

Elapsed time is 208.394966 seconds.

chan =

    35

Elapsed time is 209.008015 seconds.

chan =

    36

Elapsed time is 215.841456 seconds.

chan =

    37

Elapsed time is 229.323232 seconds.

chan =

    38

Elapsed time is 227.728964 seconds.

chan =

    39

Elapsed time is 230.971853 seconds.

chan =

    40

Elapsed time is 228.401756 seconds.

chan =

    41

Elapsed time is 234.195834 seconds.

chan =

    42

Elapsed time is 232.144926 seconds.

chan =

    43

Elapsed time is 217.960586 seconds.

chan =

    44

Elapsed time is 228.722595 seconds.

chan =

    45

Elapsed time is 224.596942 seconds.

chan =

    46

Elapsed time is 205.644228 seconds.

chan =

    47

Elapsed time is 243.641375 seconds.

chan =

    48

Elapsed time is 245.097315 seconds.

chan =

    49

Elapsed time is 247.905680 seconds.

chan =

    50

Elapsed time is 234.957772 seconds.

chan =

    51

Elapsed time is 219.402345 seconds.

chan =

    52

Elapsed time is 247.267192 seconds.

chan =

    53

Elapsed time is 246.539829 seconds.

chan =

    54

Elapsed time is 220.656830 seconds.

chan =

    55

Elapsed time is 228.850902 seconds.

chan =

    56

Elapsed time is 219.223674 seconds.

chan =

    57

Elapsed time is 244.584352 seconds.

chan =

    58

Elapsed time is 243.032436 seconds.

chan =

    59

Elapsed time is 221.873574 seconds.

chan =

    60

Elapsed time is 234.933009 seconds.

chan =

    61

Elapsed time is 225.840270 seconds.

chan =

    62

Elapsed time is 205.178552 seconds.

chan =

    63

Elapsed time is 205.796010 seconds.

chan =

    64

Elapsed time is 204.099878 seconds.

chan =

    65

Elapsed time is 203.332528 seconds.

chan =

    66

Elapsed time is 205.814055 seconds.

chan =

    67

Elapsed time is 219.989569 seconds.

chan =

    68

Elapsed time is 230.448828 seconds.

chan =

    69

Elapsed time is 220.698605 seconds.

chan =

    70

Elapsed time is 217.647251 seconds.

chan =

    71

Elapsed time is 220.140562 seconds.

chan =

    72

Elapsed time is 206.258307 seconds.

chan =

    73

Elapsed time is 207.608393 seconds.

chan =

    74

Elapsed time is 204.715446 seconds.

chan =

    75

Elapsed time is 205.608665 seconds.

chan =

    76

Elapsed time is 203.542914 seconds.

chan =

    77

Elapsed time is 205.377797 seconds.

chan =

    78

Elapsed time is 205.202435 seconds.

chan =

    79

Elapsed time is 206.897627 seconds.

chan =

    80

Elapsed time is 203.674347 seconds.

chan =

    81

Elapsed time is 205.011647 seconds.

chan =

    82

Elapsed time is 203.505027 seconds.

chan =

    83

Elapsed time is 206.253078 seconds.

chan =

    84

Elapsed time is 203.130681 seconds.

chan =

    85

Elapsed time is 204.469770 seconds.

chan =

    86

Elapsed time is 202.942080 seconds.

chan =

    87

Elapsed time is 206.064901 seconds.

chan =

    88

Elapsed time is 203.197530 seconds.

chan =

    89

Elapsed time is 204.567014 seconds.

chan =

    90

Elapsed time is 203.571452 seconds.

chan =

    91

Elapsed time is 205.547147 seconds.

chan =

    92

Elapsed time is 203.261892 seconds.

chan =

    93

Elapsed time is 205.471266 seconds.

chan =

    94

Elapsed time is 204.272581 seconds.

chan =

    95

Elapsed time is 204.453799 seconds.

chan =

    96

Elapsed time is 204.820108 seconds.

chan =

    97

Elapsed time is 206.638393 seconds.

chan =

    98

Elapsed time is 205.081514 seconds.

chan =

    99

Elapsed time is 203.388941 seconds.

chan =

   100

Elapsed time is 204.338665 seconds.

chan =

   101

Elapsed time is 208.016184 seconds.

chan =

   102

Elapsed time is 207.990569 seconds.

chan =

   103

Elapsed time is 207.916500 seconds.

chan =

   104

Elapsed time is 206.684068 seconds.

chan =

   105

Elapsed time is 204.856527 seconds.

chan =

   106

Elapsed time is 204.812110 seconds.

