getting started: 2692
attempting file: 2692
going for NM04 55
data loaded: NM04 55
HFB already done

chan =

     1

Elapsed time is 227.849247 seconds.

chan =

     2

Elapsed time is 223.196927 seconds.

chan =

     3

Elapsed time is 223.915447 seconds.

chan =

     4

Elapsed time is 223.320327 seconds.

chan =

     5

Elapsed time is 222.303548 seconds.

chan =

     6

Elapsed time is 223.532132 seconds.

chan =

     7

Elapsed time is 223.205136 seconds.

chan =

     8

Elapsed time is 221.015016 seconds.

chan =

     9

Elapsed time is 224.353490 seconds.

chan =

    10

Elapsed time is 220.516018 seconds.

chan =

    11

Elapsed time is 220.145232 seconds.

chan =

    12

Elapsed time is 217.244856 seconds.

chan =

    13

Elapsed time is 215.112298 seconds.

chan =

    14

Elapsed time is 215.163208 seconds.

chan =

    15

Elapsed time is 213.917421 seconds.

chan =

    16

Elapsed time is 214.155479 seconds.

chan =

    17

Elapsed time is 212.417147 seconds.

chan =

    18

Elapsed time is 214.902073 seconds.

chan =

    19

Elapsed time is 213.490244 seconds.

chan =

    20

Elapsed time is 213.890166 seconds.

chan =

    21

Elapsed time is 212.424744 seconds.

chan =

    22

Elapsed time is 215.112632 seconds.

chan =

    23

Elapsed time is 215.224905 seconds.

chan =

    24

Elapsed time is 215.250672 seconds.

chan =

    25

Elapsed time is 213.299854 seconds.

chan =

    26

Elapsed time is 215.888715 seconds.

chan =

    27

Elapsed time is 213.065696 seconds.

chan =

    28

Elapsed time is 216.338787 seconds.

chan =

    29

Elapsed time is 214.831732 seconds.

chan =

    30

Elapsed time is 216.877626 seconds.

chan =

    31

Elapsed time is 213.992657 seconds.

chan =

    32

Elapsed time is 215.545891 seconds.

chan =

    33

Elapsed time is 214.441597 seconds.

chan =

    34

Elapsed time is 217.414809 seconds.

chan =

    35

Elapsed time is 219.629782 seconds.

chan =

    36

Elapsed time is 254.701577 seconds.

chan =

    37

Elapsed time is 250.360622 seconds.

chan =

    38

Elapsed time is 253.861603 seconds.

chan =

    39

Elapsed time is 250.815727 seconds.

chan =

    40

Elapsed time is 251.713106 seconds.

chan =

    41

Elapsed time is 252.511095 seconds.

chan =

    42

Elapsed time is 235.215034 seconds.

chan =

    43

Elapsed time is 221.898364 seconds.

chan =

    44

Elapsed time is 253.856978 seconds.

chan =

    45

Elapsed time is 251.858593 seconds.

chan =

    46

Elapsed time is 249.485231 seconds.

chan =

    47

Elapsed time is 252.735198 seconds.

chan =

    48

Elapsed time is 252.787851 seconds.

chan =

    49

Elapsed time is 238.973384 seconds.

chan =

    50

Elapsed time is 221.784360 seconds.

chan =

    51

Elapsed time is 251.210456 seconds.

chan =

    52

Elapsed time is 222.674318 seconds.

chan =

    53

Elapsed time is 226.043065 seconds.

chan =

    54

Elapsed time is 250.045917 seconds.

chan =

    55

Elapsed time is 248.377786 seconds.

chan =

    56

Elapsed time is 249.174000 seconds.

chan =

    57

Elapsed time is 231.684882 seconds.

chan =

    58

Elapsed time is 240.017877 seconds.

chan =

    59

Elapsed time is 207.808213 seconds.

chan =

    60

Elapsed time is 220.486269 seconds.

chan =

    61

Elapsed time is 236.339516 seconds.

chan =

    62

Elapsed time is 207.943736 seconds.

chan =

    63

Elapsed time is 223.182531 seconds.

chan =

    64

Elapsed time is 240.271760 seconds.

chan =

    65

Elapsed time is 247.255002 seconds.

chan =

    66

Elapsed time is 223.445340 seconds.

chan =

    67

Elapsed time is 206.908094 seconds.

chan =

    68

Elapsed time is 207.346650 seconds.

chan =

    69

Elapsed time is 208.564645 seconds.

chan =

    70

Elapsed time is 241.382646 seconds.

chan =

    71

Elapsed time is 242.393359 seconds.

chan =

    72

Elapsed time is 243.696557 seconds.

chan =

    73

Elapsed time is 242.184968 seconds.

chan =

    74

Elapsed time is 231.362769 seconds.

chan =

    75

Elapsed time is 241.347626 seconds.

chan =

    76

Elapsed time is 242.756787 seconds.

chan =

    77

Elapsed time is 241.707518 seconds.

chan =

    78

Elapsed time is 242.772543 seconds.

chan =

    79

Elapsed time is 221.294959 seconds.

chan =

    80

Elapsed time is 243.982861 seconds.

chan =

    81

Elapsed time is 242.463294 seconds.

chan =

    82

Elapsed time is 243.449321 seconds.

chan =

    83

Elapsed time is 243.978078 seconds.

chan =

    84

Elapsed time is 224.024532 seconds.

chan =

    85

Elapsed time is 221.014891 seconds.

chan =

    86

Elapsed time is 246.935665 seconds.

chan =

    87

Elapsed time is 243.727779 seconds.

chan =

    88

Elapsed time is 244.830646 seconds.

chan =

    89

Elapsed time is 245.486235 seconds.

chan =

    90

Elapsed time is 216.213591 seconds.

chan =

    91

Elapsed time is 219.288526 seconds.
attempting saving
save success: /projects/p31578/dtf8829/QuestConnect/CHANDAT/chanDat_NM04_055.mat
working on TF
encoding done
encoding RT done
retrieval 1 done
retrieval 2 done
attempting saving
save success: /projects/p31578/dtf8829/QuestConnect/CHANDAT/chanDat_NM04_055.mat
working on ISPC
channel: 1 took 0 minutes
channel: 2 took 0 minutes
channel: 3 took 0 minutes
channel: 4 took 0 minutes
channel: 5 took 0 minutes
channel: 6 took 0 minutes
channel: 7 took 0 minutes
channel: 8 took 0 minutes
channel: 9 took 0 minutes
channel: 10 took 0 minutes
channel: 11 took 0 minutes
channel: 12 took 0 minutes
channel: 13 took 0 minutes
channel: 14 took 0 minutes
channel: 15 took 0 minutes
channel: 16 took 0 minutes
channel: 17 took 0 minutes
channel: 18 took 0 minutes
channel: 19 took 0 minutes
channel: 20 took 0 minutes
channel: 21 took 0 minutes
channel: 22 took 0 minutes
channel: 23 took 0 minutes
channel: 24 took 0 minutes
channel: 25 took 0 minutes
channel: 26 took 0 minutes
channel: 27 took 0 minutes
channel: 28 took 0 minutes
channel: 29 took 0 minutes
channel: 30 took 0 minutes
channel: 31 took 0 minutes
channel: 32 took 0 minutes
channel: 33 took 0 minutes
channel: 34 took 0 minutes
channel: 35 took 0 minutes
channel: 36 took 0 minutes
channel: 37 took 0 minutes
channel: 38 took 0 minutes
channel: 39 took 0 minutes
channel: 40 took 0 minutes
channel: 41 took 0 minutes
channel: 42 took 0 minutes
channel: 43 took 0 minutes
channel: 44 took 0 minutes
channel: 45 took 0 minutes
channel: 46 took 0 minutes
channel: 47 took 0 minutes
channel: 48 took 0 minutes
channel: 49 took 0 minutes
channel: 50 took 0 minutes
channel: 51 took 0 minutes
channel: 52 took 0 minutes
channel: 53 took 0 minutes
channel: 54 took 0 minutes
channel: 55 took 0 minutes
channel: 56 took 3.7 minutes
channel: 57 took 3.7 minutes
channel: 58 took 3.7 minutes
channel: 59 took 3.7 minutes
channel: 60 took 3.5 minutes
channel: 61 took 3.8 minutes
channel: 62 took 3.8 minutes
channel: 63 took 3.7 minutes
channel: 64 took 3.8 minutes
channel: 65 took 3.6 minutes
channel: 66 took 3.7 minutes
channel: 67 took 3.8 minutes
channel: 68 took 3.8 minutes
channel: 69 took 3.8 minutes
channel: 70 took 3.6 minutes
channel: 71 took 3.6 minutes
channel: 72 took 3.7 minutes
channel: 73 took 3.7 minutes
channel: 74 took 3.7 minutes
channel: 75 took 3.7 minutes
channel: 76 took 3.4 minutes
channel: 77 took 3.7 minutes
channel: 78 took 3.7 minutes
channel: 79 took 3.7 minutes
channel: 80 took 3.8 minutes
channel: 81 took 3.6 minutes
channel: 82 took 3.5 minutes
channel: 83 took 3.8 minutes
channel: 84 took 3.8 minutes
channel: 85 took 3.8 minutes
channel: 86 took 3.7 minutes
channel: 87 took 3.6 minutes
channel: 88 took 3.8 minutes
channel: 89 took 3.7 minutes
channel: 90 took 3.8 minutes
channel: 91 took 3.7 minutes
attempting saving
save success: /projects/p31578/dtf8829/QuestConnect/CHANDAT/chanDat_NM04_055.mat
Elapsed time is 229.541328 seconds.
