getting started: 2697
attempting file: 2697
going for NM04 60
data loaded: NM04 60
HFB already done

chan =

     1

Elapsed time is 234.122649 seconds.

chan =

     2

Elapsed time is 237.826969 seconds.

chan =

     3

Elapsed time is 240.484131 seconds.

chan =

     4

Elapsed time is 240.814227 seconds.

chan =

     5

Elapsed time is 237.363712 seconds.

chan =

     6

Elapsed time is 246.840985 seconds.

chan =

     7

Elapsed time is 247.452450 seconds.

chan =

     8

Elapsed time is 246.673904 seconds.

chan =

     9

Elapsed time is 244.991254 seconds.

chan =

    10

Elapsed time is 245.812931 seconds.

chan =

    11

Elapsed time is 246.246653 seconds.

chan =

    12

Elapsed time is 235.838570 seconds.

chan =

    13

Elapsed time is 222.294833 seconds.

chan =

    14

Elapsed time is 277.556577 seconds.

chan =

    15

Elapsed time is 281.806786 seconds.

chan =

    16

Elapsed time is 281.309819 seconds.

chan =

    17

Elapsed time is 281.350947 seconds.

chan =

    18

Elapsed time is 279.256885 seconds.

chan =

    19

Elapsed time is 279.257367 seconds.

chan =

    20

Elapsed time is 280.400303 seconds.

chan =

    21

Elapsed time is 278.976363 seconds.

chan =

    22

Elapsed time is 279.278967 seconds.

chan =

    23

Elapsed time is 280.205308 seconds.

chan =

    24

Elapsed time is 279.496389 seconds.

chan =

    25

Elapsed time is 269.167812 seconds.

chan =

    26

Elapsed time is 216.742783 seconds.

chan =

    27

Elapsed time is 216.103893 seconds.

chan =

    28

Elapsed time is 217.168140 seconds.

chan =

    29

Elapsed time is 218.376755 seconds.

chan =

    30

Elapsed time is 219.813832 seconds.

chan =

    31

Elapsed time is 262.336449 seconds.

chan =

    32

Elapsed time is 248.982161 seconds.

chan =

    33

Elapsed time is 250.453873 seconds.

chan =

    34

Elapsed time is 263.742278 seconds.

chan =

    35

Elapsed time is 249.011828 seconds.

chan =

    36

Elapsed time is 261.529214 seconds.

chan =

    37

Elapsed time is 264.915358 seconds.

chan =

    38

Elapsed time is 252.855231 seconds.

chan =

    39

Elapsed time is 250.075413 seconds.

chan =

    40

Elapsed time is 259.304461 seconds.

chan =

    41

Elapsed time is 259.491575 seconds.

chan =

    42

Elapsed time is 240.575493 seconds.

chan =

    43

Elapsed time is 234.375940 seconds.

chan =

    44

Elapsed time is 250.521887 seconds.

chan =

    45

Elapsed time is 262.607920 seconds.

chan =

    46

Elapsed time is 244.935348 seconds.

chan =

    47

Elapsed time is 257.377101 seconds.

chan =

    48

Elapsed time is 259.354886 seconds.

chan =

    49

Elapsed time is 255.266727 seconds.

chan =

    50

Elapsed time is 218.375409 seconds.

chan =

    51

Elapsed time is 220.148511 seconds.

chan =

    52

Elapsed time is 214.012337 seconds.

chan =

    53

Elapsed time is 263.340976 seconds.

chan =

    54

Elapsed time is 235.211998 seconds.

chan =

    55

Elapsed time is 220.561341 seconds.

chan =

    56

Elapsed time is 219.813854 seconds.

chan =

    57

Elapsed time is 219.476606 seconds.

chan =

    58

Elapsed time is 209.898530 seconds.

chan =

    59

Elapsed time is 210.484079 seconds.

chan =

    60

Elapsed time is 210.521662 seconds.

chan =

    61

Elapsed time is 209.673664 seconds.

chan =

    62

Elapsed time is 208.435852 seconds.

chan =

    63

Elapsed time is 209.714057 seconds.

chan =

    64

Elapsed time is 209.013627 seconds.

chan =

    65

Elapsed time is 211.019623 seconds.

chan =

    66

Elapsed time is 210.504449 seconds.

chan =

    67

Elapsed time is 210.348716 seconds.

chan =

    68

Elapsed time is 209.564435 seconds.

chan =

    69

Elapsed time is 209.032755 seconds.

chan =

    70

Elapsed time is 209.068506 seconds.

chan =

    71

Elapsed time is 210.339542 seconds.

chan =

    72

Elapsed time is 209.715950 seconds.

chan =

    73

Elapsed time is 210.660285 seconds.

chan =

    74

Elapsed time is 209.295890 seconds.

chan =

    75

Elapsed time is 210.493165 seconds.

chan =

    76

Elapsed time is 209.381366 seconds.

chan =

    77

Elapsed time is 210.324307 seconds.

chan =

    78

Elapsed time is 209.622253 seconds.

chan =

    79

Elapsed time is 211.688852 seconds.

chan =

    80

Elapsed time is 211.735614 seconds.

chan =

    81

Elapsed time is 210.450913 seconds.

chan =

    82

Elapsed time is 209.647925 seconds.

chan =

    83

Elapsed time is 210.361992 seconds.

chan =

    84

Elapsed time is 209.784596 seconds.

chan =

    85

Elapsed time is 211.275341 seconds.

chan =

    86

Elapsed time is 210.825499 seconds.

chan =

    87

Elapsed time is 211.201288 seconds.

chan =

    88

Elapsed time is 209.592263 seconds.

chan =

    89

Elapsed time is 210.618788 seconds.

chan =

    90

Elapsed time is 209.035265 seconds.

chan =

    91

Elapsed time is 208.164147 seconds.
attempting saving
save success: /projects/p31578/dtf8829/QuestConnect/CHANDAT/chanDat_NM04_060.mat
working on TF
encoding done
encoding RT done
retrieval 1 done
retrieval 2 done
attempting saving
save success: /projects/p31578/dtf8829/QuestConnect/CHANDAT/chanDat_NM04_060.mat
working on ISPC
channel: 1 took 0 minutes
channel: 2 took 0 minutes
channel: 3 took 0 minutes
channel: 4 took 0 minutes
channel: 5 took 0 minutes
channel: 6 took 0 minutes
channel: 7 took 0 minutes
channel: 8 took 0 minutes
channel: 9 took 0 minutes
channel: 10 took 0 minutes
channel: 11 took 0 minutes
channel: 12 took 0 minutes
channel: 13 took 0 minutes
channel: 14 took 0 minutes
channel: 15 took 0 minutes
channel: 16 took 0 minutes
channel: 17 took 0 minutes
channel: 18 took 0 minutes
channel: 19 took 0 minutes
channel: 20 took 0 minutes
channel: 21 took 0 minutes
channel: 22 took 0 minutes
channel: 23 took 0 minutes
channel: 24 took 0 minutes
channel: 25 took 0 minutes
channel: 26 took 0 minutes
channel: 27 took 0 minutes
channel: 28 took 0 minutes
channel: 29 took 0 minutes
channel: 30 took 0 minutes
channel: 31 took 0 minutes
channel: 32 took 0 minutes
channel: 33 took 0 minutes
channel: 34 took 0 minutes
channel: 35 took 0 minutes
channel: 36 took 0 minutes
channel: 37 took 0 minutes
channel: 38 took 0 minutes
channel: 39 took 0 minutes
channel: 40 took 0 minutes
channel: 41 took 0 minutes
channel: 42 took 0 minutes
channel: 43 took 0 minutes
channel: 44 took 0 minutes
channel: 45 took 0 minutes
channel: 46 took 0 minutes
channel: 47 took 0 minutes
channel: 48 took 0 minutes
channel: 49 took 0 minutes
channel: 50 took 0 minutes
channel: 51 took 0 minutes
channel: 52 took 0 minutes
channel: 53 took 0 minutes
channel: 54 took 0 minutes
channel: 55 took 0 minutes
channel: 56 took 0 minutes
channel: 57 took 0 minutes
channel: 58 took 0 minutes
channel: 59 took 0 minutes
channel: 60 took 0 minutes
channel: 61 took 3.2 minutes
channel: 62 took 3.2 minutes
channel: 63 took 3.2 minutes
channel: 64 took 3.2 minutes
channel: 65 took 3.2 minutes
channel: 66 took 3.2 minutes
channel: 67 took 3.2 minutes
channel: 68 took 3.2 minutes
channel: 69 took 3.3 minutes
channel: 70 took 3.5 minutes
channel: 71 took 3.5 minutes
channel: 72 took 3.5 minutes
channel: 73 took 3.5 minutes
channel: 74 took 3.5 minutes
channel: 75 took 3.3 minutes
channel: 76 took 3.2 minutes
channel: 77 took 3.2 minutes
channel: 78 took 3.2 minutes
channel: 79 took 3.2 minutes
channel: 80 took 3.2 minutes
channel: 81 took 3.2 minutes
channel: 82 took 3.2 minutes
channel: 83 took 3.2 minutes
channel: 84 took 3.2 minutes
channel: 85 took 3.2 minutes
channel: 86 took 3.2 minutes
channel: 87 took 3.2 minutes
channel: 88 took 3.2 minutes
channel: 89 took 3.2 minutes
channel: 90 took 3.2 minutes
channel: 91 took 3.2 minutes
attempting saving
save success: /projects/p31578/dtf8829/QuestConnect/CHANDAT/chanDat_NM04_060.mat
Elapsed time is 195.672588 seconds.
