getting started: 2890
attempting file: 2890
going for OH27 96
data loaded: OH27 96
HFB already done

chan =

     1

Elapsed time is 269.661671 seconds.

chan =

     2

Elapsed time is 262.723492 seconds.

chan =

     3

Elapsed time is 267.425296 seconds.

chan =

     4

Elapsed time is 275.416962 seconds.

chan =

     5

Elapsed time is 266.438913 seconds.

chan =

     6

Elapsed time is 269.709458 seconds.

chan =

     7

Elapsed time is 269.612246 seconds.

chan =

     8

Elapsed time is 264.269317 seconds.

chan =

     9

Elapsed time is 264.005029 seconds.

chan =

    10

Elapsed time is 265.382108 seconds.

chan =

    11

Elapsed time is 258.625130 seconds.

chan =

    12

Elapsed time is 262.041433 seconds.

chan =

    13

Elapsed time is 265.737949 seconds.

chan =

    14

Elapsed time is 266.602688 seconds.

chan =

    15

Elapsed time is 264.993484 seconds.

chan =

    16

Elapsed time is 254.340069 seconds.

chan =

    17

Elapsed time is 263.868603 seconds.

chan =

    18

Elapsed time is 266.886710 seconds.

chan =

    19

Elapsed time is 259.589003 seconds.

chan =

    20

Elapsed time is 260.562885 seconds.

chan =

    21

Elapsed time is 260.131631 seconds.

chan =

    22

Elapsed time is 262.963346 seconds.

chan =

    23

Elapsed time is 261.631702 seconds.

chan =

    24

Elapsed time is 258.629883 seconds.

chan =

    25

Elapsed time is 258.050675 seconds.

chan =

    26

Elapsed time is 257.224912 seconds.

chan =

    27

Elapsed time is 261.211631 seconds.

chan =

    28

Elapsed time is 251.386029 seconds.

chan =

    29

Elapsed time is 266.898386 seconds.

chan =

    30

Elapsed time is 275.970249 seconds.

chan =

    31

Elapsed time is 272.673169 seconds.

chan =

    32

Elapsed time is 258.484528 seconds.

chan =

    33

Elapsed time is 274.920943 seconds.

chan =

    34

Elapsed time is 281.842495 seconds.

chan =

    35

Elapsed time is 284.912017 seconds.

chan =

    36

Elapsed time is 277.330975 seconds.

chan =

    37

Elapsed time is 272.004724 seconds.

chan =

    38

Elapsed time is 269.057825 seconds.

chan =

    39

Elapsed time is 242.678460 seconds.

chan =

    40

Elapsed time is 278.623787 seconds.

chan =

    41

Elapsed time is 261.309086 seconds.

chan =

    42

Elapsed time is 285.293040 seconds.

chan =

    43

Elapsed time is 281.441137 seconds.

chan =

    44

Elapsed time is 262.276244 seconds.

chan =

    45

Elapsed time is 263.161033 seconds.

chan =

    46

Elapsed time is 274.134242 seconds.

chan =

    47

Elapsed time is 260.724946 seconds.

chan =

    48

Elapsed time is 261.410241 seconds.

chan =

    49

Elapsed time is 251.056829 seconds.

chan =

    50

Elapsed time is 254.289880 seconds.

chan =

    51

Elapsed time is 240.485071 seconds.

chan =

    52

Elapsed time is 238.683788 seconds.

chan =

    53

Elapsed time is 240.890842 seconds.

chan =

    54

Elapsed time is 241.017482 seconds.

chan =

    55

Elapsed time is 237.597060 seconds.

chan =

    56

Elapsed time is 236.207292 seconds.

chan =

    57

Elapsed time is 232.244357 seconds.

chan =

    58

Elapsed time is 235.591098 seconds.

chan =

    59

Elapsed time is 238.339813 seconds.

chan =

    60

Elapsed time is 244.273196 seconds.

chan =

    61

Elapsed time is 242.917960 seconds.

chan =

    62

Elapsed time is 232.255585 seconds.

chan =

    63

Elapsed time is 236.602623 seconds.

chan =

    64

Elapsed time is 237.043664 seconds.

chan =

    65

Elapsed time is 238.380282 seconds.

chan =

    66

Elapsed time is 238.915539 seconds.

chan =

    67

Elapsed time is 241.033432 seconds.

chan =

    68

Elapsed time is 237.205642 seconds.

chan =

    69

Elapsed time is 240.239274 seconds.

chan =

    70

Elapsed time is 241.383930 seconds.

chan =

    71

Elapsed time is 242.073801 seconds.

chan =

    72

Elapsed time is 238.578295 seconds.

chan =

    73

Elapsed time is 238.611297 seconds.

chan =

    74

Elapsed time is 228.659238 seconds.

chan =

    75

Elapsed time is 232.992909 seconds.

chan =

    76

Elapsed time is 232.941721 seconds.

chan =

    77

Elapsed time is 233.035948 seconds.

chan =

    78

Elapsed time is 239.897148 seconds.

chan =

    79

Elapsed time is 236.414645 seconds.

chan =

    80

Elapsed time is 228.013376 seconds.

chan =

    81

Elapsed time is 230.013078 seconds.

chan =

    82

Elapsed time is 230.499846 seconds.

chan =

    83

Elapsed time is 232.869593 seconds.

chan =

    84

Elapsed time is 229.726149 seconds.

chan =

    85

Elapsed time is 229.307338 seconds.

chan =

    86

Elapsed time is 227.213960 seconds.

chan =

    87

Elapsed time is 231.915125 seconds.

chan =

    88

Elapsed time is 225.571613 seconds.

chan =

    89

Elapsed time is 233.182247 seconds.

chan =

    90

Elapsed time is 235.204037 seconds.

chan =

    91

Elapsed time is 234.338014 seconds.

chan =

    92

Elapsed time is 232.663203 seconds.

chan =

    93

Elapsed time is 230.026356 seconds.

chan =

    94

Elapsed time is 226.075723 seconds.

chan =

    95

Elapsed time is 230.463238 seconds.

chan =

    96

Elapsed time is 228.379942 seconds.

chan =

    97

Elapsed time is 231.125002 seconds.

chan =

    98

Elapsed time is 223.706860 seconds.

chan =

    99

Elapsed time is 232.163393 seconds.

chan =

   100

Elapsed time is 224.094141 seconds.

chan =

   101

Elapsed time is 233.026995 seconds.

chan =

   102

Elapsed time is 233.576979 seconds.

chan =

   103

Elapsed time is 224.244801 seconds.

chan =

   104

Elapsed time is 220.173981 seconds.

chan =

   105

Elapsed time is 218.263402 seconds.

chan =

   106

Elapsed time is 212.967782 seconds.

