getting started: 2966
attempting file: 2966
going for OH30 65
data loaded: OH30 65
HFB already done

chan =

     1

Elapsed time is 531.767523 seconds.

chan =

     2

Elapsed time is 530.815771 seconds.

chan =

     3

Elapsed time is 546.536454 seconds.

chan =

     4

Elapsed time is 547.187525 seconds.

chan =

     5

Elapsed time is 548.010558 seconds.

chan =

     6

Elapsed time is 539.487733 seconds.

chan =

     7

Elapsed time is 517.887554 seconds.

chan =

     8

Elapsed time is 498.703916 seconds.

chan =

     9

Elapsed time is 478.774405 seconds.

chan =

    10

Elapsed time is 471.796589 seconds.

chan =

    11

Elapsed time is 475.262894 seconds.

chan =

    12

Elapsed time is 473.841501 seconds.

chan =

    13

Elapsed time is 473.115733 seconds.

chan =

    14

Elapsed time is 477.442699 seconds.

chan =

    15

Elapsed time is 506.112570 seconds.

chan =

    16

Elapsed time is 514.196071 seconds.

chan =

    17

Elapsed time is 515.490753 seconds.

chan =

    18

Elapsed time is 529.817044 seconds.

chan =

    19

Elapsed time is 529.655778 seconds.

chan =

    20

Elapsed time is 544.592915 seconds.

chan =

    21

Elapsed time is 544.064090 seconds.

chan =

    22

Elapsed time is 547.817048 seconds.

chan =

    23

Elapsed time is 539.962558 seconds.

chan =

    24

Elapsed time is 536.512409 seconds.

chan =

    25

Elapsed time is 530.744111 seconds.

chan =

    26

Elapsed time is 545.558539 seconds.

chan =

    27

Elapsed time is 527.426789 seconds.

chan =

    28

Elapsed time is 514.664309 seconds.

chan =

    29

Elapsed time is 488.279653 seconds.

chan =

    30

Elapsed time is 478.993859 seconds.

chan =

    31

Elapsed time is 478.700146 seconds.

chan =

    32

Elapsed time is 479.240065 seconds.

chan =

    33

Elapsed time is 475.767886 seconds.

chan =

    34

Elapsed time is 478.067086 seconds.

chan =

    35

Elapsed time is 477.646117 seconds.

chan =

    36

Elapsed time is 477.895799 seconds.

chan =

    37

Elapsed time is 478.348887 seconds.

chan =

    38

Elapsed time is 478.335364 seconds.

chan =

    39

Elapsed time is 474.804980 seconds.

chan =

    40

Elapsed time is 478.328911 seconds.

chan =

    41

Elapsed time is 477.337959 seconds.

chan =

    42

Elapsed time is 476.858365 seconds.

chan =

    43

Elapsed time is 476.776680 seconds.

chan =

    44

Elapsed time is 476.511106 seconds.

chan =

    45

Elapsed time is 473.406733 seconds.

chan =

    46

Elapsed time is 473.597469 seconds.

chan =

    47

Elapsed time is 474.475199 seconds.

chan =

    48

Elapsed time is 470.675529 seconds.

chan =

    49

Elapsed time is 476.517105 seconds.

chan =

    50

Elapsed time is 477.144154 seconds.

chan =

    51

Elapsed time is 511.302701 seconds.

chan =

    52

Elapsed time is 537.510141 seconds.

chan =

    53

Elapsed time is 519.998744 seconds.

chan =

    54

Elapsed time is 538.195646 seconds.

chan =

    55

Elapsed time is 529.906704 seconds.

chan =

    56

Elapsed time is 505.862644 seconds.

chan =

    57

Elapsed time is 521.178585 seconds.

chan =

    58

Elapsed time is 508.802970 seconds.

chan =

    59

Elapsed time is 460.880739 seconds.

chan =

    60

Elapsed time is 476.846907 seconds.

chan =

    61

Elapsed time is 505.273889 seconds.

chan =

    62

Elapsed time is 502.191643 seconds.

chan =

    63

Elapsed time is 451.646884 seconds.

chan =

    64

Elapsed time is 459.792949 seconds.

chan =

    65

Elapsed time is 457.597165 seconds.

chan =

    66

Elapsed time is 458.126466 seconds.

chan =

    67

Elapsed time is 456.269369 seconds.

chan =

    68

Elapsed time is 459.515645 seconds.

chan =

    69

Elapsed time is 458.677830 seconds.

chan =

    70

Elapsed time is 448.271959 seconds.

chan =

    71

Elapsed time is 444.001769 seconds.

chan =

    72

Elapsed time is 446.264165 seconds.

chan =

    73

Elapsed time is 444.679521 seconds.

chan =

    74

Elapsed time is 446.883524 seconds.

chan =

    75

Elapsed time is 442.489732 seconds.

chan =

    76

Elapsed time is 443.168412 seconds.

chan =

    77

Elapsed time is 439.179274 seconds.

chan =

    78

Elapsed time is 444.095104 seconds.

chan =

    79

Elapsed time is 441.413011 seconds.

chan =

    80

Elapsed time is 441.243278 seconds.

chan =

    81

Elapsed time is 454.844897 seconds.

chan =

    82

Elapsed time is 482.098613 seconds.

chan =

    83

Elapsed time is 481.632975 seconds.

chan =

    84

Elapsed time is 482.700295 seconds.

chan =

    85

Elapsed time is 480.364018 seconds.

chan =

    86

Elapsed time is 479.649423 seconds.

chan =

    87

Elapsed time is 476.572576 seconds.

chan =

    88

Elapsed time is 479.058265 seconds.

chan =

    89

Elapsed time is 479.525439 seconds.

chan =

    90

Elapsed time is 480.355266 seconds.

chan =

    91

Elapsed time is 478.857957 seconds.

chan =

    92

Elapsed time is 477.981985 seconds.

chan =

    93

Elapsed time is 476.076633 seconds.

chan =

    94

Elapsed time is 476.719203 seconds.

chan =

    95

Elapsed time is 476.545777 seconds.

chan =

    96

Elapsed time is 473.200739 seconds.

chan =

    97

Elapsed time is 470.645702 seconds.

chan =

    98

Elapsed time is 474.128234 seconds.

chan =

    99

Elapsed time is 472.908178 seconds.

chan =

   100

Elapsed time is 472.403817 seconds.

chan =

   101

Elapsed time is 470.916514 seconds.

chan =

   102

Elapsed time is 473.445595 seconds.

chan =

   103

Elapsed time is 467.816122 seconds.

chan =

   104

Elapsed time is 465.750758 seconds.

chan =

   105

Elapsed time is 464.484844 seconds.

chan =

   106

Elapsed time is 464.818359 seconds.

chan =

   107

Elapsed time is 464.197834 seconds.

chan =

   108

Elapsed time is 463.440692 seconds.

chan =

   109

Elapsed time is 461.064117 seconds.

chan =

   110

Elapsed time is 462.800100 seconds.

chan =

   111

Elapsed time is 462.500308 seconds.

chan =

   112

Elapsed time is 464.578710 seconds.

chan =

   113

Elapsed time is 464.528614 seconds.

chan =

   114

Elapsed time is 464.161703 seconds.

chan =

   115

Elapsed time is 462.431645 seconds.

chan =

   116

Elapsed time is 462.075098 seconds.

chan =

   117

Elapsed time is 460.888189 seconds.

chan =

   118

Elapsed time is 457.961555 seconds.

chan =

   119

Elapsed time is 464.037499 seconds.

chan =

   120

Elapsed time is 465.697196 seconds.

chan =

   121

Elapsed time is 463.821908 seconds.

chan =

   122

Elapsed time is 464.511719 seconds.

chan =

   123

Elapsed time is 463.395238 seconds.

chan =

   124

Elapsed time is 464.925893 seconds.

chan =

   125

Elapsed time is 462.969486 seconds.

chan =

   126

Elapsed time is 463.156944 seconds.

chan =

   127

Elapsed time is 462.276848 seconds.

chan =

   128

Elapsed time is 463.461525 seconds.

chan =

   129

Elapsed time is 460.988011 seconds.

chan =

   130

Elapsed time is 462.346879 seconds.

chan =

   131

Elapsed time is 457.872560 seconds.

chan =

   132

Elapsed time is 463.077225 seconds.

chan =

   133

Elapsed time is 462.917850 seconds.

chan =

   134

Elapsed time is 465.250040 seconds.

chan =

   135

Elapsed time is 463.474352 seconds.

chan =

   136

Elapsed time is 465.175001 seconds.

chan =

   137

Elapsed time is 453.366914 seconds.

chan =

   138

Elapsed time is 445.653894 seconds.

chan =

   139

Elapsed time is 402.251745 seconds.
attempting saving
save success: /projects/p31578/dtf8829/QuestConnect/CHANDAT/chanDat_OH30_065.mat
working on TF
encoding done
encoding RT done
