getting started: 2997
attempting file: 2997
going for OH30 96
data loaded: OH30 96
HFB already done

chan =

     1

Elapsed time is 437.991946 seconds.

chan =

     2

Elapsed time is 436.734684 seconds.

chan =

     3

Elapsed time is 436.680227 seconds.

chan =

     4

Elapsed time is 435.760900 seconds.

chan =

     5

Elapsed time is 434.435709 seconds.

chan =

     6

Elapsed time is 435.682633 seconds.

chan =

     7

Elapsed time is 440.079305 seconds.

chan =

     8

Elapsed time is 434.560680 seconds.

chan =

     9

Elapsed time is 438.066026 seconds.

chan =

    10

Elapsed time is 431.666068 seconds.

chan =

    11

Elapsed time is 437.094151 seconds.

chan =

    12

Elapsed time is 432.229885 seconds.

chan =

    13

Elapsed time is 432.061908 seconds.

chan =

    14

Elapsed time is 430.993428 seconds.

chan =

    15

Elapsed time is 433.208420 seconds.

chan =

    16

Elapsed time is 431.228814 seconds.

chan =

    17

Elapsed time is 430.203404 seconds.

chan =

    18

Elapsed time is 429.894216 seconds.

chan =

    19

Elapsed time is 432.001293 seconds.

chan =

    20

Elapsed time is 429.382625 seconds.

chan =

    21

Elapsed time is 431.411903 seconds.

chan =

    22

Elapsed time is 429.620874 seconds.

chan =

    23

Elapsed time is 432.754203 seconds.

chan =

    24

Elapsed time is 430.737639 seconds.

chan =

    25

Elapsed time is 432.494681 seconds.

chan =

    26

Elapsed time is 431.454115 seconds.

chan =

    27

Elapsed time is 434.483522 seconds.

chan =

    28

Elapsed time is 431.805007 seconds.

chan =

    29

Elapsed time is 435.043690 seconds.

chan =

    30

Elapsed time is 433.096153 seconds.

chan =

    31

Elapsed time is 433.052882 seconds.

chan =

    32

Elapsed time is 432.211899 seconds.

chan =

    33

Elapsed time is 433.007844 seconds.

chan =

    34

Elapsed time is 432.132410 seconds.

chan =

    35

Elapsed time is 434.311223 seconds.

chan =

    36

Elapsed time is 431.669952 seconds.

chan =

    37

Elapsed time is 433.368518 seconds.

chan =

    38

Elapsed time is 434.642684 seconds.

chan =

    39

Elapsed time is 430.225720 seconds.

chan =

    40

Elapsed time is 432.909173 seconds.

chan =

    41

Elapsed time is 435.120615 seconds.

chan =

    42

Elapsed time is 431.468452 seconds.

chan =

    43

Elapsed time is 433.521716 seconds.

chan =

    44

Elapsed time is 436.843062 seconds.

chan =

    45

Elapsed time is 433.344663 seconds.

chan =

    46

Elapsed time is 431.478065 seconds.

chan =

    47

Elapsed time is 433.537298 seconds.

chan =

    48

Elapsed time is 430.277658 seconds.

chan =

    49

Elapsed time is 433.804635 seconds.

chan =

    50

Elapsed time is 435.338689 seconds.

chan =

    51

Elapsed time is 434.237457 seconds.

chan =

    52

Elapsed time is 436.315197 seconds.

chan =

    53

Elapsed time is 431.753164 seconds.

chan =

    54

Elapsed time is 435.684418 seconds.

chan =

    55

Elapsed time is 436.254718 seconds.

chan =

    56

Elapsed time is 434.027998 seconds.

chan =

    57

Elapsed time is 435.336126 seconds.

chan =

    58

Elapsed time is 432.934005 seconds.

chan =

    59

Elapsed time is 432.378841 seconds.

chan =

    60

Elapsed time is 434.409490 seconds.

chan =

    61

Elapsed time is 431.196059 seconds.

chan =

    62

Elapsed time is 429.703826 seconds.

chan =

    63

Elapsed time is 427.933018 seconds.

chan =

    64

Elapsed time is 431.896683 seconds.

chan =

    65

Elapsed time is 433.685995 seconds.

chan =

    66

Elapsed time is 437.284300 seconds.

chan =

    67

Elapsed time is 433.451426 seconds.

chan =

    68

Elapsed time is 433.407876 seconds.

chan =

    69

Elapsed time is 431.002760 seconds.

chan =

    70

Elapsed time is 433.912028 seconds.

chan =

    71

Elapsed time is 432.780917 seconds.

chan =

    72

Elapsed time is 435.975988 seconds.

chan =

    73

Elapsed time is 432.216405 seconds.

chan =

    74

Elapsed time is 433.899203 seconds.

chan =

    75

Elapsed time is 431.200353 seconds.

chan =

    76

Elapsed time is 428.984474 seconds.

chan =

    77

Elapsed time is 433.992514 seconds.

chan =

    78

Elapsed time is 433.697256 seconds.

chan =

    79

Elapsed time is 435.503339 seconds.

chan =

    80

Elapsed time is 435.132641 seconds.

chan =

    81

Elapsed time is 432.781457 seconds.

chan =

    82

Elapsed time is 431.047668 seconds.

chan =

    83

Elapsed time is 437.492255 seconds.

chan =

    84

Elapsed time is 434.974136 seconds.

chan =

    85

Elapsed time is 431.839811 seconds.

chan =

    86

Elapsed time is 433.105825 seconds.

chan =

    87

Elapsed time is 435.663943 seconds.

chan =

    88

Elapsed time is 434.729964 seconds.

chan =

    89

Elapsed time is 434.425739 seconds.

chan =

    90

Elapsed time is 434.202670 seconds.

chan =

    91

Elapsed time is 431.875353 seconds.

chan =

    92

Elapsed time is 427.132856 seconds.

chan =

    93

Elapsed time is 430.873614 seconds.

chan =

    94

Elapsed time is 427.865746 seconds.

chan =

    95

Elapsed time is 434.035656 seconds.

chan =

    96

Elapsed time is 435.032895 seconds.

chan =

    97

Elapsed time is 434.853176 seconds.

chan =

    98

Elapsed time is 435.978626 seconds.

chan =

    99

Elapsed time is 434.671739 seconds.

chan =

   100

Elapsed time is 434.076109 seconds.

chan =

   101

Elapsed time is 433.347421 seconds.

chan =

   102

Elapsed time is 431.508180 seconds.

chan =

   103

Elapsed time is 432.297656 seconds.

chan =

   104

Elapsed time is 433.579251 seconds.

chan =

   105

Elapsed time is 432.395414 seconds.

chan =

   106

Elapsed time is 436.921684 seconds.

chan =

   107

Elapsed time is 435.253065 seconds.

chan =

   108

Elapsed time is 437.242331 seconds.

chan =

   109

Elapsed time is 435.772973 seconds.

chan =

   110

Elapsed time is 437.169984 seconds.

chan =

   111

Elapsed time is 438.909464 seconds.

chan =

   112

Elapsed time is 437.636725 seconds.

chan =

   113

Elapsed time is 438.510672 seconds.

chan =

   114

Elapsed time is 436.112934 seconds.

chan =

   115

Elapsed time is 433.666507 seconds.

chan =

   116

Elapsed time is 435.880917 seconds.

chan =

   117

Elapsed time is 430.234384 seconds.

chan =

   118

Elapsed time is 433.657738 seconds.

chan =

   119

Elapsed time is 436.795376 seconds.

chan =

   120

Elapsed time is 439.702016 seconds.

chan =

   121

Elapsed time is 437.224211 seconds.

chan =

   122

Elapsed time is 437.883567 seconds.

chan =

   123

Elapsed time is 435.648182 seconds.

chan =

   124

Elapsed time is 437.042295 seconds.

chan =

   125

Elapsed time is 439.582828 seconds.

chan =

   126

Elapsed time is 435.847997 seconds.

chan =

   127

Elapsed time is 435.129094 seconds.

chan =

   128

Elapsed time is 437.070679 seconds.

chan =

   129

Elapsed time is 434.611870 seconds.

chan =

   130

Elapsed time is 435.023188 seconds.

chan =

   131

Elapsed time is 429.726732 seconds.

chan =

   132

Elapsed time is 434.069874 seconds.

chan =

   133

Elapsed time is 437.334200 seconds.

chan =

   134

Elapsed time is 432.609543 seconds.

chan =

   135

Elapsed time is 434.668407 seconds.

chan =

   136

Elapsed time is 437.263300 seconds.

chan =

   137

Elapsed time is 436.560419 seconds.

chan =

   138

Elapsed time is 432.301746 seconds.

chan =

   139

Elapsed time is 409.375184 seconds.
attempting saving
save success: /projects/p31578/dtf8829/QuestConnect/CHANDAT/chanDat_OH30_096.mat
working on TF
encoding done
encoding RT done
