getting started: 2669
attempting file: 2669
going for NM04 32
data loaded: NM04 32
HFB already done

chan =

     1

Elapsed time is 272.889294 seconds.

chan =

     2

Elapsed time is 278.986082 seconds.

chan =

     3

Elapsed time is 282.477927 seconds.

chan =

     4

Elapsed time is 278.650963 seconds.

chan =

     5

Elapsed time is 282.065679 seconds.

chan =

     6

Elapsed time is 284.771029 seconds.

chan =

     7

Elapsed time is 282.518328 seconds.

chan =

     8

Elapsed time is 288.096911 seconds.

chan =

     9

Elapsed time is 292.062086 seconds.

chan =

    10

Elapsed time is 292.303516 seconds.

chan =

    11

Elapsed time is 292.370821 seconds.

chan =

    12

Elapsed time is 289.833803 seconds.

chan =

    13

Elapsed time is 288.862402 seconds.

chan =

    14

Elapsed time is 289.686401 seconds.

chan =

    15

Elapsed time is 285.591363 seconds.

chan =

    16

Elapsed time is 279.769893 seconds.

chan =

    17

Elapsed time is 277.792222 seconds.

chan =

    18

Elapsed time is 278.841121 seconds.

chan =

    19

Elapsed time is 278.724100 seconds.

chan =

    20

Elapsed time is 278.119509 seconds.

chan =

    21

Elapsed time is 278.333591 seconds.

chan =

    22

Elapsed time is 280.784635 seconds.

chan =

    23

Elapsed time is 280.060091 seconds.

chan =

    24

Elapsed time is 278.801004 seconds.

chan =

    25

Elapsed time is 278.157019 seconds.

chan =

    26

Elapsed time is 277.039904 seconds.

chan =

    27

Elapsed time is 278.073287 seconds.

chan =

    28

Elapsed time is 285.195947 seconds.

chan =

    29

Elapsed time is 300.340301 seconds.

chan =

    30

Elapsed time is 299.343392 seconds.

chan =

    31

Elapsed time is 299.182230 seconds.

chan =

    32

Elapsed time is 294.609125 seconds.

chan =

    33

Elapsed time is 299.966625 seconds.

chan =

    34

Elapsed time is 297.748109 seconds.

chan =

    35

Elapsed time is 293.181005 seconds.

chan =

    36

Elapsed time is 296.278590 seconds.

chan =

    37

Elapsed time is 296.866428 seconds.

chan =

    38

Elapsed time is 292.590118 seconds.

chan =

    39

Elapsed time is 285.760285 seconds.

chan =

    40

Elapsed time is 284.039661 seconds.

chan =

    41

Elapsed time is 291.392308 seconds.

chan =

    42

Elapsed time is 275.618739 seconds.

chan =

    43

Elapsed time is 277.159505 seconds.

chan =

    44

Elapsed time is 284.942861 seconds.

chan =

    45

Elapsed time is 288.162231 seconds.

chan =

    46

Elapsed time is 285.904240 seconds.

chan =

    47

Elapsed time is 277.275819 seconds.

chan =

    48

Elapsed time is 271.294160 seconds.

chan =

    49

Elapsed time is 269.510380 seconds.

chan =

    50

Elapsed time is 267.621529 seconds.

chan =

    51

Elapsed time is 257.090622 seconds.

chan =

    52

Elapsed time is 252.250715 seconds.

chan =

    53

Elapsed time is 247.424123 seconds.

chan =

    54

Elapsed time is 241.146423 seconds.

chan =

    55

Elapsed time is 230.118376 seconds.

chan =

    56

Elapsed time is 230.430500 seconds.

chan =

    57

Elapsed time is 230.544268 seconds.

chan =

    58

Elapsed time is 231.074984 seconds.

chan =

    59

Elapsed time is 230.917255 seconds.

chan =

    60

Elapsed time is 231.648205 seconds.

chan =

    61

Elapsed time is 243.381287 seconds.

chan =

    62

Elapsed time is 229.626097 seconds.

chan =

    63

Elapsed time is 230.135793 seconds.

chan =

    64

Elapsed time is 240.960093 seconds.

chan =

    65

Elapsed time is 244.381771 seconds.

chan =

    66

Elapsed time is 244.659168 seconds.

chan =

    67

Elapsed time is 245.288639 seconds.

chan =

    68

Elapsed time is 245.508672 seconds.

chan =

    69

Elapsed time is 244.878181 seconds.

chan =

    70

Elapsed time is 245.340272 seconds.

chan =

    71

Elapsed time is 245.911240 seconds.

chan =

    72

Elapsed time is 245.944248 seconds.

chan =

    73

Elapsed time is 245.465738 seconds.

chan =

    74

Elapsed time is 245.042948 seconds.

chan =

    75

Elapsed time is 243.395750 seconds.

chan =

    76

Elapsed time is 244.125535 seconds.

chan =

    77

Elapsed time is 244.292582 seconds.

chan =

    78

Elapsed time is 244.172898 seconds.

chan =

    79

Elapsed time is 241.186628 seconds.

chan =

    80

Elapsed time is 231.787493 seconds.

chan =

    81

Elapsed time is 230.302636 seconds.

chan =

    82

Elapsed time is 232.941938 seconds.

chan =

    83

Elapsed time is 234.790944 seconds.

chan =

    84

Elapsed time is 235.181256 seconds.

chan =

    85

Elapsed time is 237.772872 seconds.

chan =

    86

Elapsed time is 234.438972 seconds.

chan =

    87

Elapsed time is 235.645459 seconds.

chan =

    88

Elapsed time is 232.792703 seconds.

chan =

    89

Elapsed time is 235.180284 seconds.

chan =

    90

Elapsed time is 233.840870 seconds.

chan =

    91

Elapsed time is 233.735270 seconds.
attempting saving
save success: /projects/p31578/dtf8829/QuestConnect/CHANDAT/chanDat_NM04_032.mat
working on TF
encoding done
encoding RT done
retrieval 1 done
retrieval 2 done
attempting saving
save success: /projects/p31578/dtf8829/QuestConnect/CHANDAT/chanDat_NM04_032.mat
working on ISPC
channel: 1 took 0 minutes
channel: 2 took 0 minutes
channel: 3 took 0 minutes
channel: 4 took 0 minutes
channel: 5 took 0 minutes
channel: 6 took 0 minutes
channel: 7 took 0 minutes
channel: 8 took 0 minutes
channel: 9 took 0 minutes
channel: 10 took 0 minutes
channel: 11 took 0 minutes
channel: 12 took 0 minutes
channel: 13 took 0 minutes
channel: 14 took 0 minutes
channel: 15 took 0 minutes
channel: 16 took 0 minutes
channel: 17 took 0 minutes
channel: 18 took 0 minutes
channel: 19 took 0 minutes
channel: 20 took 0 minutes
channel: 21 took 0 minutes
channel: 22 took 0 minutes
channel: 23 took 0 minutes
channel: 24 took 0 minutes
channel: 25 took 0 minutes
channel: 26 took 0 minutes
channel: 27 took 0 minutes
channel: 28 took 0 minutes
channel: 29 took 0 minutes
channel: 30 took 0 minutes
channel: 31 took 0 minutes
channel: 32 took 0 minutes
channel: 33 took 3.4 minutes
channel: 34 took 3.3 minutes
channel: 35 took 3.3 minutes
channel: 36 took 3.3 minutes
channel: 37 took 3.3 minutes
channel: 38 took 3.3 minutes
channel: 39 took 3.3 minutes
channel: 40 took 3.3 minutes
channel: 41 took 3.3 minutes
channel: 42 took 3.3 minutes
channel: 43 took 3.3 minutes
channel: 44 took 3.3 minutes
channel: 45 took 3.3 minutes
channel: 46 took 3.3 minutes
channel: 47 took 3.3 minutes
channel: 48 took 3.3 minutes
channel: 49 took 3.3 minutes
channel: 50 took 3.3 minutes
channel: 51 took 3.5 minutes
channel: 52 took 3.3 minutes
channel: 53 took 3.5 minutes
channel: 54 took 3.3 minutes
channel: 55 took 3.3 minutes
channel: 56 took 3.3 minutes
channel: 57 took 3.3 minutes
channel: 58 took 3.3 minutes
channel: 59 took 3.2 minutes
channel: 60 took 3.2 minutes
channel: 61 took 3.2 minutes
channel: 62 took 3.2 minutes
channel: 63 took 3.2 minutes
channel: 64 took 3.2 minutes
channel: 65 took 3.2 minutes
channel: 66 took 3.2 minutes
channel: 67 took 3.2 minutes
channel: 68 took 3.2 minutes
channel: 69 took 3.2 minutes
channel: 70 took 3.5 minutes
channel: 71 took 3.2 minutes
channel: 72 took 3.4 minutes
channel: 73 took 3.6 minutes
channel: 74 took 3.6 minutes
channel: 75 took 3.7 minutes
channel: 76 took 3.7 minutes
channel: 77 took 3.7 minutes
channel: 78 took 3.7 minutes
channel: 79 took 3.7 minutes
channel: 80 took 3.7 minutes
channel: 81 took 3.7 minutes
channel: 82 took 3.7 minutes
channel: 83 took 3.7 minutes
channel: 84 took 3.2 minutes
channel: 85 took 3.2 minutes
channel: 86 took 3.2 minutes
channel: 87 took 3.2 minutes
channel: 88 took 3.2 minutes
channel: 89 took 3.2 minutes
channel: 90 took 3.2 minutes
channel: 91 took 3.2 minutes
attempting saving
save success: /projects/p31578/dtf8829/QuestConnect/CHANDAT/chanDat_NM04_032.mat
Elapsed time is 197.151398 seconds.
