getting started: 2901
attempting file: 2901
going for OH27 107
data loaded: OH27 107
HFB already done

chan =

     1

Elapsed time is 326.995957 seconds.

chan =

     2

Elapsed time is 320.611734 seconds.

chan =

     3

Elapsed time is 319.921682 seconds.

chan =

     4

Elapsed time is 320.012155 seconds.

chan =

     5

Elapsed time is 324.695270 seconds.

chan =

     6

Elapsed time is 328.104179 seconds.

chan =

     7

Elapsed time is 327.582947 seconds.

chan =

     8

Elapsed time is 333.144986 seconds.

chan =

     9

Elapsed time is 330.978256 seconds.

chan =

    10

Elapsed time is 324.161555 seconds.

chan =

    11

Elapsed time is 324.891050 seconds.

chan =

    12

Elapsed time is 316.559153 seconds.

chan =

    13

Elapsed time is 310.898168 seconds.

chan =

    14

Elapsed time is 307.632057 seconds.

chan =

    15

Elapsed time is 310.863181 seconds.

chan =

    16

Elapsed time is 311.612643 seconds.

chan =

    17

Elapsed time is 307.803110 seconds.

chan =

    18

Elapsed time is 302.974152 seconds.

chan =

    19

Elapsed time is 306.143770 seconds.

chan =

    20

Elapsed time is 307.764823 seconds.

chan =

    21

Elapsed time is 309.326435 seconds.

chan =

    22

Elapsed time is 312.136939 seconds.

chan =

    23

Elapsed time is 311.516940 seconds.

chan =

    24

Elapsed time is 309.534226 seconds.

chan =

    25

Elapsed time is 300.676382 seconds.

chan =

    26

Elapsed time is 312.080209 seconds.

chan =

    27

Elapsed time is 313.672573 seconds.

chan =

    28

Elapsed time is 298.881857 seconds.

chan =

    29

Elapsed time is 307.072056 seconds.

chan =

    30

Elapsed time is 295.249816 seconds.

chan =

    31

Elapsed time is 294.177132 seconds.

chan =

    32

Elapsed time is 304.859895 seconds.

chan =

    33

Elapsed time is 291.688464 seconds.

chan =

    34

Elapsed time is 296.134413 seconds.

chan =

    35

Elapsed time is 302.004797 seconds.

chan =

    36

Elapsed time is 294.880351 seconds.

chan =

    37

Elapsed time is 284.312618 seconds.

chan =

    38

Elapsed time is 259.826650 seconds.

chan =

    39

Elapsed time is 287.089581 seconds.

chan =

    40

Elapsed time is 286.129853 seconds.

chan =

    41

Elapsed time is 276.500514 seconds.

chan =

    42

Elapsed time is 283.640980 seconds.

chan =

    43

Elapsed time is 266.259017 seconds.

chan =

    44

Elapsed time is 269.765993 seconds.

chan =

    45

Elapsed time is 271.033222 seconds.

chan =

    46

Elapsed time is 274.628274 seconds.

chan =

    47

Elapsed time is 271.276835 seconds.

chan =

    48

Elapsed time is 265.822013 seconds.

chan =

    49

Elapsed time is 281.706139 seconds.

chan =

    50

Elapsed time is 275.708567 seconds.

chan =

    51

Elapsed time is 291.351207 seconds.

chan =

    52

Elapsed time is 291.586721 seconds.

chan =

    53

Elapsed time is 283.357513 seconds.

chan =

    54

Elapsed time is 282.797353 seconds.

chan =

    55

Elapsed time is 283.443624 seconds.

chan =

    56

Elapsed time is 286.767097 seconds.

chan =

    57

Elapsed time is 286.586152 seconds.

chan =

    58

Elapsed time is 289.991024 seconds.

chan =

    59

Elapsed time is 292.665138 seconds.

chan =

    60

Elapsed time is 273.384639 seconds.

chan =

    61

Elapsed time is 273.561036 seconds.

chan =

    62

Elapsed time is 278.882769 seconds.

chan =

    63

Elapsed time is 285.631628 seconds.

chan =

    64

Elapsed time is 267.504274 seconds.

chan =

    65

Elapsed time is 279.091314 seconds.

chan =

    66

Elapsed time is 256.080346 seconds.

chan =

    67

Elapsed time is 252.001011 seconds.

chan =

    68

Elapsed time is 288.693401 seconds.

chan =

    69

Elapsed time is 278.255330 seconds.

chan =

    70

Elapsed time is 276.530518 seconds.

chan =

    71

Elapsed time is 283.866011 seconds.

chan =

    72

Elapsed time is 252.951313 seconds.

chan =

    73

Elapsed time is 275.199427 seconds.

chan =

    74

Elapsed time is 275.029040 seconds.

chan =

    75

Elapsed time is 277.042355 seconds.

chan =

    76

Elapsed time is 272.988573 seconds.

chan =

    77

Elapsed time is 263.952982 seconds.

chan =

    78

Elapsed time is 281.392201 seconds.

chan =

    79

Elapsed time is 279.805172 seconds.

chan =

    80

Elapsed time is 281.205214 seconds.

chan =

    81

Elapsed time is 282.435350 seconds.

chan =

    82

Elapsed time is 269.315576 seconds.

chan =

    83

Elapsed time is 278.851172 seconds.

chan =

    84

Elapsed time is 279.206723 seconds.

chan =

    85

Elapsed time is 282.771160 seconds.

chan =

    86

Elapsed time is 284.436111 seconds.

chan =

    87

Elapsed time is 275.089881 seconds.

chan =

    88

Elapsed time is 246.843648 seconds.

chan =

    89

Elapsed time is 272.274863 seconds.

chan =

    90

Elapsed time is 287.389964 seconds.

chan =

    91

Elapsed time is 283.882333 seconds.

chan =

    92

Elapsed time is 284.910939 seconds.

chan =

    93

Elapsed time is 277.507206 seconds.

chan =

    94

Elapsed time is 283.418345 seconds.

chan =

    95

Elapsed time is 281.032175 seconds.

chan =

    96

Elapsed time is 290.662610 seconds.

chan =

    97

Elapsed time is 294.855223 seconds.

chan =

    98

Elapsed time is 280.925641 seconds.

chan =

    99

Elapsed time is 293.060456 seconds.

chan =

   100

Elapsed time is 295.913165 seconds.

chan =

   101

Elapsed time is 299.337506 seconds.

chan =

   102

Elapsed time is 291.133806 seconds.

chan =

   103

Elapsed time is 284.626343 seconds.

chan =

   104

Elapsed time is 292.546939 seconds.

chan =

   105

Elapsed time is 296.968454 seconds.

chan =

   106

Elapsed time is 281.037830 seconds.

