getting started: 2817
attempting file: 2817
going for OH27 23
data loaded: OH27 23
HFB already done

chan =

     1

Elapsed time is 197.919247 seconds.

chan =

     2

Elapsed time is 192.839769 seconds.

chan =

     3

Elapsed time is 193.907490 seconds.

chan =

     4

Elapsed time is 202.252499 seconds.

chan =

     5

Elapsed time is 197.231132 seconds.

chan =

     6

Elapsed time is 198.770581 seconds.

chan =

     7

Elapsed time is 198.133355 seconds.

chan =

     8

Elapsed time is 193.257435 seconds.

chan =

     9

Elapsed time is 199.274344 seconds.

chan =

    10

Elapsed time is 196.478316 seconds.

chan =

    11

Elapsed time is 196.132458 seconds.

chan =

    12

Elapsed time is 195.688044 seconds.

chan =

    13

Elapsed time is 193.148826 seconds.

chan =

    14

Elapsed time is 194.027957 seconds.

chan =

    15

Elapsed time is 195.479899 seconds.

chan =

    16

Elapsed time is 192.179004 seconds.

chan =

    17

Elapsed time is 194.263944 seconds.

chan =

    18

Elapsed time is 195.942042 seconds.

chan =

    19

Elapsed time is 191.736244 seconds.

chan =

    20

Elapsed time is 197.031100 seconds.

chan =

    21

Elapsed time is 194.733430 seconds.

chan =

    22

Elapsed time is 198.456367 seconds.

chan =

    23

Elapsed time is 196.583749 seconds.

chan =

    24

Elapsed time is 194.259173 seconds.

chan =

    25

Elapsed time is 195.652781 seconds.

chan =

    26

Elapsed time is 194.515854 seconds.

chan =

    27

Elapsed time is 195.216761 seconds.

chan =

    28

Elapsed time is 195.240149 seconds.

chan =

    29

Elapsed time is 194.910113 seconds.

chan =

    30

Elapsed time is 192.162084 seconds.

chan =

    31

Elapsed time is 194.381577 seconds.

chan =

    32

Elapsed time is 191.159083 seconds.

chan =

    33

Elapsed time is 196.438858 seconds.

chan =

    34

Elapsed time is 192.448110 seconds.

chan =

    35

Elapsed time is 197.691065 seconds.

chan =

    36

Elapsed time is 196.014652 seconds.

chan =

    37

Elapsed time is 194.769628 seconds.

chan =

    38

Elapsed time is 194.613067 seconds.

chan =

    39

Elapsed time is 193.143108 seconds.

chan =

    40

Elapsed time is 194.666245 seconds.

chan =

    41

Elapsed time is 196.473031 seconds.

chan =

    42

Elapsed time is 195.804056 seconds.

chan =

    43

Elapsed time is 193.231023 seconds.

chan =

    44

Elapsed time is 193.632147 seconds.

chan =

    45

Elapsed time is 196.997475 seconds.

chan =

    46

Elapsed time is 197.851720 seconds.

chan =

    47

Elapsed time is 197.856376 seconds.

chan =

    48

Elapsed time is 198.006628 seconds.

chan =

    49

Elapsed time is 197.012086 seconds.

chan =

    50

Elapsed time is 196.797415 seconds.

chan =

    51

Elapsed time is 191.648700 seconds.

chan =

    52

Elapsed time is 197.165408 seconds.

chan =

    53

Elapsed time is 197.702303 seconds.

chan =

    54

Elapsed time is 195.056011 seconds.

chan =

    55

Elapsed time is 191.205997 seconds.

chan =

    56

Elapsed time is 195.495192 seconds.

chan =

    57

Elapsed time is 194.426371 seconds.

chan =

    58

Elapsed time is 192.143350 seconds.

chan =

    59

Elapsed time is 197.138549 seconds.

chan =

    60

Elapsed time is 196.248932 seconds.

chan =

    61

Elapsed time is 197.261107 seconds.

chan =

    62

Elapsed time is 198.162303 seconds.

chan =

    63

Elapsed time is 196.547770 seconds.

chan =

    64

Elapsed time is 196.753806 seconds.

chan =

    65

Elapsed time is 195.054611 seconds.

chan =

    66

Elapsed time is 197.227092 seconds.

chan =

    67

Elapsed time is 192.252422 seconds.

chan =

    68

Elapsed time is 196.413613 seconds.

chan =

    69

Elapsed time is 190.369211 seconds.

chan =

    70

Elapsed time is 196.041762 seconds.

chan =

    71

Elapsed time is 197.717753 seconds.

chan =

    72

Elapsed time is 197.766092 seconds.

chan =

    73

Elapsed time is 197.942022 seconds.

chan =

    74

Elapsed time is 196.331900 seconds.

chan =

    75

Elapsed time is 195.647737 seconds.

chan =

    76

Elapsed time is 196.093023 seconds.

chan =

    77

Elapsed time is 195.134844 seconds.

chan =

    78

Elapsed time is 197.900866 seconds.

chan =

    79

Elapsed time is 195.172180 seconds.

chan =

    80

Elapsed time is 193.716402 seconds.

chan =

    81

Elapsed time is 195.915287 seconds.

chan =

    82

Elapsed time is 197.747821 seconds.

chan =

    83

Elapsed time is 195.974281 seconds.

chan =

    84

Elapsed time is 194.628538 seconds.

chan =

    85

Elapsed time is 191.749662 seconds.

chan =

    86

Elapsed time is 193.137213 seconds.

chan =

    87

Elapsed time is 194.749178 seconds.

chan =

    88

Elapsed time is 194.418822 seconds.

chan =

    89

Elapsed time is 192.391919 seconds.

chan =

    90

Elapsed time is 198.067393 seconds.

chan =

    91

Elapsed time is 193.953397 seconds.

chan =

    92

Elapsed time is 194.885953 seconds.

chan =

    93

Elapsed time is 195.838890 seconds.

chan =

    94

Elapsed time is 196.515248 seconds.

chan =

    95

Elapsed time is 198.140812 seconds.

chan =

    96

Elapsed time is 195.269843 seconds.

chan =

    97

Elapsed time is 195.544186 seconds.

chan =

    98

Elapsed time is 194.576798 seconds.

chan =

    99

Elapsed time is 190.706328 seconds.

chan =

   100

Elapsed time is 192.747294 seconds.

chan =

   101

Elapsed time is 197.448543 seconds.

chan =

   102

Elapsed time is 198.694237 seconds.

chan =

   103

Elapsed time is 198.511921 seconds.

chan =

   104

Elapsed time is 198.286265 seconds.

chan =

   105

Elapsed time is 197.195008 seconds.

chan =

   106

Elapsed time is 196.787545 seconds.

