getting started: 2970
attempting file: 2970
going for OH30 69
data loaded: OH30 69
HFB already done

chan =

     1

Elapsed time is 473.691674 seconds.

chan =

     2

Elapsed time is 444.169650 seconds.

chan =

     3

Elapsed time is 439.664075 seconds.

chan =

     4

Elapsed time is 487.252599 seconds.

chan =

     5

Elapsed time is 501.878208 seconds.

chan =

     6

Elapsed time is 509.741168 seconds.

chan =

     7

Elapsed time is 504.569093 seconds.

chan =

     8

Elapsed time is 498.105946 seconds.

chan =

     9

Elapsed time is 492.558187 seconds.

chan =

    10

Elapsed time is 491.551519 seconds.

chan =

    11

Elapsed time is 496.209141 seconds.

chan =

    12

Elapsed time is 492.725848 seconds.

chan =

    13

Elapsed time is 495.204581 seconds.

chan =

    14

Elapsed time is 494.877275 seconds.

chan =

    15

Elapsed time is 496.141103 seconds.

chan =

    16

Elapsed time is 496.850491 seconds.

chan =

    17

Elapsed time is 522.712716 seconds.

chan =

    18

Elapsed time is 517.949536 seconds.

chan =

    19

Elapsed time is 508.830744 seconds.

chan =

    20

Elapsed time is 520.377020 seconds.

chan =

    21

Elapsed time is 519.013700 seconds.

chan =

    22

Elapsed time is 493.424457 seconds.

chan =

    23

Elapsed time is 518.895364 seconds.

chan =

    24

Elapsed time is 512.501002 seconds.

chan =

    25

Elapsed time is 495.961270 seconds.

chan =

    26

Elapsed time is 488.163144 seconds.

chan =

    27

Elapsed time is 480.994329 seconds.

chan =

    28

Elapsed time is 479.080050 seconds.

chan =

    29

Elapsed time is 489.533887 seconds.

chan =

    30

Elapsed time is 491.999620 seconds.

chan =

    31

Elapsed time is 497.799861 seconds.

chan =

    32

Elapsed time is 483.195949 seconds.

chan =

    33

Elapsed time is 477.083601 seconds.

chan =

    34

Elapsed time is 480.995418 seconds.

chan =

    35

Elapsed time is 485.717774 seconds.

chan =

    36

Elapsed time is 479.383310 seconds.

chan =

    37

Elapsed time is 479.526300 seconds.

chan =

    38

Elapsed time is 480.170285 seconds.

chan =

    39

Elapsed time is 478.518494 seconds.

chan =

    40

Elapsed time is 471.571218 seconds.

chan =

    41

Elapsed time is 474.050008 seconds.

chan =

    42

Elapsed time is 478.029743 seconds.

chan =

    43

Elapsed time is 476.310663 seconds.

chan =

    44

Elapsed time is 473.325466 seconds.

chan =

    45

Elapsed time is 472.238798 seconds.

chan =

    46

Elapsed time is 473.260679 seconds.

chan =

    47

Elapsed time is 474.882971 seconds.

chan =

    48

Elapsed time is 470.124695 seconds.

chan =

    49

Elapsed time is 480.161508 seconds.

chan =

    50

Elapsed time is 480.783274 seconds.

chan =

    51

Elapsed time is 476.612011 seconds.

chan =

    52

Elapsed time is 477.421122 seconds.

chan =

    53

Elapsed time is 478.145989 seconds.

chan =

    54

Elapsed time is 480.205844 seconds.

chan =

    55

Elapsed time is 467.858076 seconds.

chan =

    56

Elapsed time is 459.324213 seconds.

chan =

    57

Elapsed time is 445.794167 seconds.

chan =

    58

Elapsed time is 432.900259 seconds.

chan =

    59

Elapsed time is 419.486791 seconds.

chan =

    60

Elapsed time is 400.028725 seconds.

chan =

    61

Elapsed time is 417.664048 seconds.

chan =

    62

Elapsed time is 511.776956 seconds.

chan =

    63

Elapsed time is 507.840817 seconds.

chan =

    64

Elapsed time is 505.599688 seconds.

chan =

    65

Elapsed time is 499.315209 seconds.

chan =

    66

Elapsed time is 496.378875 seconds.

chan =

    67

Elapsed time is 492.269760 seconds.

chan =

    68

Elapsed time is 500.859612 seconds.

chan =

    69

Elapsed time is 500.941996 seconds.

chan =

    70

Elapsed time is 499.351604 seconds.

chan =

    71

Elapsed time is 502.755559 seconds.

chan =

    72

Elapsed time is 505.575253 seconds.

chan =

    73

Elapsed time is 512.067029 seconds.

chan =

    74

Elapsed time is 511.065958 seconds.

chan =

    75

Elapsed time is 506.477015 seconds.

chan =

    76

Elapsed time is 511.105003 seconds.

chan =

    77

Elapsed time is 503.898339 seconds.

chan =

    78

Elapsed time is 509.242343 seconds.

chan =

    79

Elapsed time is 500.858446 seconds.

chan =

    80

Elapsed time is 507.157127 seconds.

chan =

    81

Elapsed time is 504.471019 seconds.

chan =

    82

Elapsed time is 506.358061 seconds.

chan =

    83

Elapsed time is 506.309224 seconds.

chan =

    84

Elapsed time is 508.453473 seconds.

chan =

    85

Elapsed time is 498.780661 seconds.

chan =

    86

Elapsed time is 497.275759 seconds.

chan =

    87

Elapsed time is 503.800904 seconds.

chan =

    88

Elapsed time is 505.551492 seconds.

chan =

    89

Elapsed time is 505.584141 seconds.

chan =

    90

Elapsed time is 496.203682 seconds.

chan =

    91

Elapsed time is 396.828474 seconds.

chan =

    92

Elapsed time is 394.964745 seconds.

chan =

    93

Elapsed time is 388.798545 seconds.

chan =

    94

Elapsed time is 369.270507 seconds.

chan =

    95

Elapsed time is 374.489399 seconds.

chan =

    96

Elapsed time is 366.329218 seconds.

chan =

    97

Elapsed time is 364.218590 seconds.

chan =

    98

Elapsed time is 366.712773 seconds.

chan =

    99

Elapsed time is 370.442007 seconds.

chan =

   100

Elapsed time is 366.448456 seconds.

chan =

   101

Elapsed time is 364.209852 seconds.

chan =

   102

Elapsed time is 360.242264 seconds.

chan =

   103

Elapsed time is 362.460596 seconds.

chan =

   104

Elapsed time is 362.519743 seconds.

chan =

   105

Elapsed time is 364.242217 seconds.

chan =

   106

Elapsed time is 365.478413 seconds.

chan =

   107

Elapsed time is 362.720205 seconds.

chan =

   108

Elapsed time is 356.972800 seconds.

chan =

   109

Elapsed time is 359.489904 seconds.

chan =

   110

Elapsed time is 359.507908 seconds.

chan =

   111

Elapsed time is 364.107182 seconds.

chan =

   112

Elapsed time is 363.059924 seconds.

chan =

   113

Elapsed time is 363.221544 seconds.

chan =

   114

Elapsed time is 363.276790 seconds.

chan =

   115

Elapsed time is 363.601562 seconds.

chan =

   116

Elapsed time is 358.174628 seconds.

chan =

   117

Elapsed time is 360.011849 seconds.

chan =

   118

Elapsed time is 356.445549 seconds.

chan =

   119

Elapsed time is 362.271562 seconds.

chan =

   120

Elapsed time is 353.735009 seconds.

chan =

   121

Elapsed time is 343.510409 seconds.

chan =

   122

Elapsed time is 343.954752 seconds.

chan =

   123

Elapsed time is 337.381956 seconds.

chan =

   124

Elapsed time is 336.765321 seconds.

chan =

   125

Elapsed time is 340.222513 seconds.

chan =

   126

Elapsed time is 342.019824 seconds.

chan =

   127

Elapsed time is 340.623303 seconds.

chan =

   128

Elapsed time is 338.639673 seconds.

chan =

   129

Elapsed time is 338.514299 seconds.

chan =

   130

Elapsed time is 336.469631 seconds.

chan =

   131

Elapsed time is 335.570545 seconds.

chan =

   132

Elapsed time is 338.746610 seconds.

chan =

   133

Elapsed time is 338.527040 seconds.

chan =

   134

Elapsed time is 341.809085 seconds.

chan =

   135

Elapsed time is 339.004236 seconds.

chan =

   136

Elapsed time is 338.878442 seconds.

chan =

   137

Elapsed time is 337.766177 seconds.

chan =

   138

Elapsed time is 331.931738 seconds.

chan =

   139

Elapsed time is 329.744547 seconds.
attempting saving
save success: /projects/p31578/dtf8829/QuestConnect/CHANDAT/chanDat_OH30_069.mat
working on TF
encoding done
encoding RT done
