getting started: 2898
attempting file: 2898
going for OH27 104
data loaded: OH27 104
HFB already done

chan =

     1

Elapsed time is 327.230266 seconds.

chan =

     2

Elapsed time is 321.769087 seconds.

chan =

     3

Elapsed time is 319.849440 seconds.

chan =

     4

Elapsed time is 320.888464 seconds.

chan =

     5

Elapsed time is 323.460061 seconds.

chan =

     6

Elapsed time is 327.408105 seconds.

chan =

     7

Elapsed time is 325.993024 seconds.

chan =

     8

Elapsed time is 331.595520 seconds.

chan =

     9

Elapsed time is 329.454768 seconds.

chan =

    10

Elapsed time is 322.528271 seconds.

chan =

    11

Elapsed time is 323.158770 seconds.

chan =

    12

Elapsed time is 316.895887 seconds.

chan =

    13

Elapsed time is 309.645204 seconds.

chan =

    14

Elapsed time is 307.616904 seconds.

chan =

    15

Elapsed time is 310.188058 seconds.

chan =

    16

Elapsed time is 311.137316 seconds.

chan =

    17

Elapsed time is 308.173414 seconds.

chan =

    18

Elapsed time is 303.338589 seconds.

chan =

    19

Elapsed time is 305.842735 seconds.

chan =

    20

Elapsed time is 309.970626 seconds.

chan =

    21

Elapsed time is 309.508009 seconds.

chan =

    22

Elapsed time is 312.690840 seconds.

chan =

    23

Elapsed time is 309.493560 seconds.

chan =

    24

Elapsed time is 310.436692 seconds.

chan =

    25

Elapsed time is 301.235798 seconds.

chan =

    26

Elapsed time is 309.649219 seconds.

chan =

    27

Elapsed time is 312.247310 seconds.

chan =

    28

Elapsed time is 298.861272 seconds.

chan =

    29

Elapsed time is 305.188995 seconds.

chan =

    30

Elapsed time is 294.178912 seconds.

chan =

    31

Elapsed time is 294.269267 seconds.

chan =

    32

Elapsed time is 302.295768 seconds.

chan =

    33

Elapsed time is 291.323414 seconds.

chan =

    34

Elapsed time is 291.843450 seconds.

chan =

    35

Elapsed time is 301.429557 seconds.

chan =

    36

Elapsed time is 295.156960 seconds.

chan =

    37

Elapsed time is 283.856652 seconds.

chan =

    38

Elapsed time is 253.998433 seconds.

chan =

    39

Elapsed time is 289.890022 seconds.

chan =

    40

Elapsed time is 286.233776 seconds.

chan =

    41

Elapsed time is 273.534409 seconds.

chan =

    42

Elapsed time is 286.159874 seconds.

chan =

    43

Elapsed time is 266.654646 seconds.

chan =

    44

Elapsed time is 271.856154 seconds.

chan =

    45

Elapsed time is 268.731669 seconds.

chan =

    46

Elapsed time is 269.476920 seconds.

chan =

    47

Elapsed time is 273.787404 seconds.

chan =

    48

Elapsed time is 264.200643 seconds.

chan =

    49

Elapsed time is 280.917688 seconds.

chan =

    50

Elapsed time is 273.827674 seconds.

chan =

    51

Elapsed time is 289.368591 seconds.

chan =

    52

Elapsed time is 292.887044 seconds.

chan =

    53

Elapsed time is 283.192698 seconds.

chan =

    54

Elapsed time is 281.452406 seconds.

chan =

    55

Elapsed time is 284.562555 seconds.

chan =

    56

Elapsed time is 285.031587 seconds.

chan =

    57

Elapsed time is 283.262663 seconds.

chan =

    58

Elapsed time is 289.468113 seconds.

chan =

    59

Elapsed time is 290.337431 seconds.

chan =

    60

Elapsed time is 277.237330 seconds.

chan =

    61

Elapsed time is 269.225937 seconds.

chan =

    62

Elapsed time is 276.406738 seconds.

chan =

    63

Elapsed time is 286.787193 seconds.

chan =

    64

Elapsed time is 270.793137 seconds.

chan =

    65

Elapsed time is 279.326442 seconds.

chan =

    66

Elapsed time is 257.623983 seconds.

chan =

    67

Elapsed time is 246.976449 seconds.

chan =

    68

Elapsed time is 288.716218 seconds.

chan =

    69

Elapsed time is 280.328925 seconds.

chan =

    70

Elapsed time is 273.716428 seconds.

chan =

    71

Elapsed time is 284.447247 seconds.

chan =

    72

Elapsed time is 259.979127 seconds.

chan =

    73

Elapsed time is 271.056874 seconds.

chan =

    74

Elapsed time is 279.011051 seconds.

chan =

    75

Elapsed time is 273.697491 seconds.

chan =

    76

Elapsed time is 275.043152 seconds.

chan =

    77

Elapsed time is 270.370194 seconds.

chan =

    78

Elapsed time is 277.523535 seconds.

chan =

    79

Elapsed time is 279.548829 seconds.

chan =

    80

Elapsed time is 281.676091 seconds.

chan =

    81

Elapsed time is 282.319359 seconds.

chan =

    82

Elapsed time is 273.837036 seconds.

chan =

    83

Elapsed time is 273.267774 seconds.

chan =

    84

Elapsed time is 279.041254 seconds.

chan =

    85

Elapsed time is 280.892727 seconds.

chan =

    86

Elapsed time is 283.167777 seconds.

chan =

    87

Elapsed time is 281.299511 seconds.

chan =

    88

Elapsed time is 243.005263 seconds.

chan =

    89

Elapsed time is 271.205087 seconds.

chan =

    90

Elapsed time is 286.767217 seconds.

chan =

    91

Elapsed time is 284.117463 seconds.

chan =

    92

Elapsed time is 284.037582 seconds.

chan =

    93

Elapsed time is 274.571301 seconds.

chan =

    94

Elapsed time is 283.274664 seconds.

chan =

    95

Elapsed time is 284.163567 seconds.

chan =

    96

Elapsed time is 286.998326 seconds.

chan =

    97

Elapsed time is 297.002579 seconds.

chan =

    98

Elapsed time is 277.046906 seconds.

chan =

    99

Elapsed time is 292.880722 seconds.

chan =

   100

Elapsed time is 296.619730 seconds.

chan =

   101

Elapsed time is 299.258022 seconds.

chan =

   102

Elapsed time is 296.970662 seconds.

chan =

   103

Elapsed time is 281.117436 seconds.

chan =

   104

Elapsed time is 291.587061 seconds.

chan =

   105

Elapsed time is 294.810076 seconds.

chan =

   106

Elapsed time is 280.532906 seconds.

