getting started: 2998
attempting file: 2998
going for OH30 97
data loaded: OH30 97
HFB already done

chan =

     1

Elapsed time is 435.211495 seconds.

chan =

     2

Elapsed time is 434.787827 seconds.

chan =

     3

Elapsed time is 436.273793 seconds.

chan =

     4

Elapsed time is 433.267679 seconds.

chan =

     5

Elapsed time is 433.443199 seconds.

chan =

     6

Elapsed time is 434.670042 seconds.

chan =

     7

Elapsed time is 437.146130 seconds.

chan =

     8

Elapsed time is 433.043335 seconds.

chan =

     9

Elapsed time is 434.102268 seconds.

chan =

    10

Elapsed time is 431.297586 seconds.

chan =

    11

Elapsed time is 431.213948 seconds.

chan =

    12

Elapsed time is 425.728473 seconds.

chan =

    13

Elapsed time is 425.596685 seconds.

chan =

    14

Elapsed time is 428.128282 seconds.

chan =

    15

Elapsed time is 430.652690 seconds.

chan =

    16

Elapsed time is 430.352118 seconds.

chan =

    17

Elapsed time is 426.741565 seconds.

chan =

    18

Elapsed time is 427.075223 seconds.

chan =

    19

Elapsed time is 430.823605 seconds.

chan =

    20

Elapsed time is 427.722904 seconds.

chan =

    21

Elapsed time is 427.405984 seconds.

chan =

    22

Elapsed time is 427.371664 seconds.

chan =

    23

Elapsed time is 430.667515 seconds.

chan =

    24

Elapsed time is 429.733775 seconds.

chan =

    25

Elapsed time is 427.981363 seconds.

chan =

    26

Elapsed time is 429.699381 seconds.

chan =

    27

Elapsed time is 431.985919 seconds.

chan =

    28

Elapsed time is 429.328195 seconds.

chan =

    29

Elapsed time is 431.917614 seconds.

chan =

    30

Elapsed time is 430.557408 seconds.

chan =

    31

Elapsed time is 431.086616 seconds.

chan =

    32

Elapsed time is 430.435109 seconds.

chan =

    33

Elapsed time is 429.354920 seconds.

chan =

    34

Elapsed time is 428.947176 seconds.

chan =

    35

Elapsed time is 431.769160 seconds.

chan =

    36

Elapsed time is 431.517951 seconds.

chan =

    37

Elapsed time is 428.258823 seconds.

chan =

    38

Elapsed time is 430.394672 seconds.

chan =

    39

Elapsed time is 428.643145 seconds.

chan =

    40

Elapsed time is 431.485701 seconds.

chan =

    41

Elapsed time is 429.529680 seconds.

chan =

    42

Elapsed time is 430.354234 seconds.

chan =

    43

Elapsed time is 428.111528 seconds.

chan =

    44

Elapsed time is 431.025899 seconds.

chan =

    45

Elapsed time is 428.583758 seconds.

chan =

    46

Elapsed time is 428.937883 seconds.

chan =

    47

Elapsed time is 433.184501 seconds.

chan =

    48

Elapsed time is 427.644516 seconds.

chan =

    49

Elapsed time is 431.397943 seconds.

chan =

    50

Elapsed time is 431.017636 seconds.

chan =

    51

Elapsed time is 432.568797 seconds.

chan =

    52

Elapsed time is 433.238844 seconds.

chan =

    53

Elapsed time is 429.334611 seconds.

chan =

    54

Elapsed time is 428.716171 seconds.

chan =

    55

Elapsed time is 434.072664 seconds.

chan =

    56

Elapsed time is 432.269030 seconds.

chan =

    57

Elapsed time is 430.839120 seconds.

chan =

    58

Elapsed time is 431.118243 seconds.

chan =

    59

Elapsed time is 428.758675 seconds.

chan =

    60

Elapsed time is 430.802480 seconds.

chan =

    61

Elapsed time is 427.783395 seconds.

chan =

    62

Elapsed time is 427.825813 seconds.

chan =

    63

Elapsed time is 426.734627 seconds.

chan =

    64

Elapsed time is 426.314246 seconds.

chan =

    65

Elapsed time is 429.275817 seconds.

chan =

    66

Elapsed time is 429.165095 seconds.

chan =

    67

Elapsed time is 431.163759 seconds.

chan =

    68

Elapsed time is 431.703344 seconds.

chan =

    69

Elapsed time is 426.390556 seconds.

chan =

    70

Elapsed time is 430.371820 seconds.

chan =

    71

Elapsed time is 432.194817 seconds.

chan =

    72

Elapsed time is 432.454485 seconds.

chan =

    73

Elapsed time is 431.391744 seconds.

chan =

    74

Elapsed time is 427.992943 seconds.

chan =

    75

Elapsed time is 430.451738 seconds.

chan =

    76

Elapsed time is 428.881361 seconds.

chan =

    77

Elapsed time is 425.027085 seconds.

chan =

    78

Elapsed time is 433.215789 seconds.

chan =

    79

Elapsed time is 431.258635 seconds.

chan =

    80

Elapsed time is 433.435532 seconds.

chan =

    81

Elapsed time is 429.885740 seconds.

chan =

    82

Elapsed time is 429.247864 seconds.

chan =

    83

Elapsed time is 435.411075 seconds.

chan =

    84

Elapsed time is 435.289432 seconds.

chan =

    85

Elapsed time is 427.703454 seconds.

chan =

    86

Elapsed time is 429.972113 seconds.

chan =

    87

Elapsed time is 435.193629 seconds.

chan =

    88

Elapsed time is 431.788487 seconds.

chan =

    89

Elapsed time is 430.684154 seconds.

chan =

    90

Elapsed time is 433.142153 seconds.

chan =

    91

Elapsed time is 432.031248 seconds.

chan =

    92

Elapsed time is 427.699688 seconds.

chan =

    93

Elapsed time is 426.397079 seconds.

chan =

    94

Elapsed time is 426.536675 seconds.

chan =

    95

Elapsed time is 428.184916 seconds.

chan =

    96

Elapsed time is 431.615200 seconds.

chan =

    97

Elapsed time is 429.506371 seconds.

chan =

    98

Elapsed time is 432.021296 seconds.

chan =

    99

Elapsed time is 434.024491 seconds.

chan =

   100

Elapsed time is 430.880203 seconds.

chan =

   101

Elapsed time is 427.757012 seconds.

chan =

   102

Elapsed time is 430.601645 seconds.

chan =

   103

Elapsed time is 430.521404 seconds.

chan =

   104

Elapsed time is 428.853924 seconds.

chan =

   105

Elapsed time is 428.361063 seconds.

chan =

   106

Elapsed time is 430.957554 seconds.

chan =

   107

Elapsed time is 432.037677 seconds.

chan =

   108

Elapsed time is 434.229898 seconds.

chan =

   109

Elapsed time is 430.538966 seconds.

chan =

   110

Elapsed time is 436.029745 seconds.

chan =

   111

Elapsed time is 432.918195 seconds.

chan =

   112

Elapsed time is 438.701935 seconds.

chan =

   113

Elapsed time is 432.280662 seconds.

chan =

   114

Elapsed time is 434.334367 seconds.

chan =

   115

Elapsed time is 431.279838 seconds.

chan =

   116

Elapsed time is 434.647904 seconds.

chan =

   117

Elapsed time is 427.467636 seconds.

chan =

   118

Elapsed time is 425.339415 seconds.

chan =

   119

Elapsed time is 436.486558 seconds.

chan =

   120

Elapsed time is 435.419128 seconds.

chan =

   121

Elapsed time is 434.772276 seconds.

chan =

   122

Elapsed time is 432.325612 seconds.

chan =

   123

Elapsed time is 435.004807 seconds.

chan =

   124

Elapsed time is 433.009327 seconds.

chan =

   125

Elapsed time is 433.676018 seconds.

chan =

   126

Elapsed time is 436.218113 seconds.

chan =

   127

Elapsed time is 434.017653 seconds.

chan =

   128

Elapsed time is 433.030562 seconds.

chan =

   129

Elapsed time is 432.683083 seconds.

chan =

   130

Elapsed time is 431.379297 seconds.

chan =

   131

Elapsed time is 430.654691 seconds.

chan =

   132

Elapsed time is 430.202789 seconds.

chan =

   133

Elapsed time is 431.836906 seconds.

chan =

   134

Elapsed time is 434.960085 seconds.

chan =

   135

Elapsed time is 428.979230 seconds.

chan =

   136

Elapsed time is 435.356834 seconds.

chan =

   137

Elapsed time is 432.316738 seconds.

chan =

   138

Elapsed time is 433.973782 seconds.

chan =

   139

Elapsed time is 426.922650 seconds.
attempting saving
save success: /projects/p31578/dtf8829/QuestConnect/CHANDAT/chanDat_OH30_097.mat
working on TF
encoding done
encoding RT done
