getting started: 2668
attempting file: 2668
going for NM04 31
data loaded: NM04 31
HFB already done

chan =

     1

Elapsed time is 273.049911 seconds.

chan =

     2

Elapsed time is 279.619107 seconds.

chan =

     3

Elapsed time is 283.200031 seconds.

chan =

     4

Elapsed time is 280.146535 seconds.

chan =

     5

Elapsed time is 282.455623 seconds.

chan =

     6

Elapsed time is 286.408313 seconds.

chan =

     7

Elapsed time is 284.184371 seconds.

chan =

     8

Elapsed time is 289.727140 seconds.

chan =

     9

Elapsed time is 293.823365 seconds.

chan =

    10

Elapsed time is 292.466658 seconds.

chan =

    11

Elapsed time is 294.215689 seconds.

chan =

    12

Elapsed time is 290.461388 seconds.

chan =

    13

Elapsed time is 291.071298 seconds.

chan =

    14

Elapsed time is 290.482578 seconds.

chan =

    15

Elapsed time is 286.635134 seconds.

chan =

    16

Elapsed time is 279.768085 seconds.

chan =

    17

Elapsed time is 278.571040 seconds.

chan =

    18

Elapsed time is 279.665639 seconds.

chan =

    19

Elapsed time is 279.773451 seconds.

chan =

    20

Elapsed time is 278.566815 seconds.

chan =

    21

Elapsed time is 281.306690 seconds.

chan =

    22

Elapsed time is 282.020643 seconds.

chan =

    23

Elapsed time is 281.790173 seconds.

chan =

    24

Elapsed time is 280.411698 seconds.

chan =

    25

Elapsed time is 279.795167 seconds.

chan =

    26

Elapsed time is 278.606347 seconds.

chan =

    27

Elapsed time is 280.215547 seconds.

chan =

    28

Elapsed time is 289.303146 seconds.

chan =

    29

Elapsed time is 301.896305 seconds.

chan =

    30

Elapsed time is 300.111606 seconds.

chan =

    31

Elapsed time is 299.331322 seconds.

chan =

    32

Elapsed time is 297.038828 seconds.

chan =

    33

Elapsed time is 302.537528 seconds.

chan =

    34

Elapsed time is 297.854011 seconds.

chan =

    35

Elapsed time is 292.858862 seconds.

chan =

    36

Elapsed time is 297.386877 seconds.

chan =

    37

Elapsed time is 297.947561 seconds.

chan =

    38

Elapsed time is 293.674069 seconds.

chan =

    39

Elapsed time is 286.453322 seconds.

chan =

    40

Elapsed time is 288.308145 seconds.

chan =

    41

Elapsed time is 294.058621 seconds.

chan =

    42

Elapsed time is 275.485480 seconds.

chan =

    43

Elapsed time is 286.788172 seconds.

chan =

    44

Elapsed time is 288.908862 seconds.

chan =

    45

Elapsed time is 291.931021 seconds.

chan =

    46

Elapsed time is 285.653684 seconds.

chan =

    47

Elapsed time is 283.300488 seconds.

chan =

    48

Elapsed time is 272.771444 seconds.

chan =

    49

Elapsed time is 273.829650 seconds.

chan =

    50

Elapsed time is 269.842248 seconds.

chan =

    51

Elapsed time is 255.726520 seconds.

chan =

    52

Elapsed time is 253.436090 seconds.

chan =

    53

Elapsed time is 248.434627 seconds.

chan =

    54

Elapsed time is 236.624029 seconds.

chan =

    55

Elapsed time is 230.426666 seconds.

chan =

    56

Elapsed time is 231.956464 seconds.

chan =

    57

Elapsed time is 231.990648 seconds.

chan =

    58

Elapsed time is 231.815788 seconds.

chan =

    59

Elapsed time is 231.262931 seconds.

chan =

    60

Elapsed time is 238.729120 seconds.

chan =

    61

Elapsed time is 238.646112 seconds.

chan =

    62

Elapsed time is 230.428381 seconds.

chan =

    63

Elapsed time is 233.433999 seconds.

chan =

    64

Elapsed time is 244.872529 seconds.

chan =

    65

Elapsed time is 246.497999 seconds.

chan =

    66

Elapsed time is 246.121305 seconds.

chan =

    67

Elapsed time is 247.026365 seconds.

chan =

    68

Elapsed time is 246.870810 seconds.

chan =

    69

Elapsed time is 246.207580 seconds.

chan =

    70

Elapsed time is 247.099287 seconds.

chan =

    71

Elapsed time is 248.240424 seconds.

chan =

    72

Elapsed time is 247.163778 seconds.

chan =

    73

Elapsed time is 246.988347 seconds.

chan =

    74

Elapsed time is 245.606819 seconds.

chan =

    75

Elapsed time is 245.521941 seconds.

chan =

    76

Elapsed time is 245.730165 seconds.

chan =

    77

Elapsed time is 245.615718 seconds.

chan =

    78

Elapsed time is 245.813726 seconds.

chan =

    79

Elapsed time is 236.418845 seconds.

chan =

    80

Elapsed time is 232.253315 seconds.

chan =

    81

Elapsed time is 233.542679 seconds.

chan =

    82

Elapsed time is 236.285550 seconds.

chan =

    83

Elapsed time is 235.933482 seconds.

chan =

    84

Elapsed time is 237.145322 seconds.

chan =

    85

Elapsed time is 237.559015 seconds.

chan =

    86

Elapsed time is 235.351382 seconds.

chan =

    87

Elapsed time is 234.774001 seconds.

chan =

    88

Elapsed time is 235.258370 seconds.

chan =

    89

Elapsed time is 236.461631 seconds.

chan =

    90

Elapsed time is 234.899931 seconds.

chan =

    91

Elapsed time is 231.992309 seconds.
attempting saving
save success: /projects/p31578/dtf8829/QuestConnect/CHANDAT/chanDat_NM04_031.mat
working on TF
encoding done
encoding RT done
retrieval 1 done
retrieval 2 done
attempting saving
save success: /projects/p31578/dtf8829/QuestConnect/CHANDAT/chanDat_NM04_031.mat
working on ISPC
channel: 1 took 0 minutes
channel: 2 took 0 minutes
channel: 3 took 0 minutes
channel: 4 took 0 minutes
channel: 5 took 0 minutes
channel: 6 took 0 minutes
channel: 7 took 0 minutes
channel: 8 took 0 minutes
channel: 9 took 0 minutes
channel: 10 took 0 minutes
channel: 11 took 0 minutes
channel: 12 took 0 minutes
channel: 13 took 0 minutes
channel: 14 took 0 minutes
channel: 15 took 0 minutes
channel: 16 took 0 minutes
channel: 17 took 0 minutes
channel: 18 took 0 minutes
channel: 19 took 0 minutes
channel: 20 took 0 minutes
channel: 21 took 0 minutes
channel: 22 took 0 minutes
channel: 23 took 0 minutes
channel: 24 took 0 minutes
channel: 25 took 0 minutes
channel: 26 took 0 minutes
channel: 27 took 0 minutes
channel: 28 took 0 minutes
channel: 29 took 0 minutes
channel: 30 took 0 minutes
channel: 31 took 0 minutes
channel: 32 took 3.4 minutes
channel: 33 took 3.3 minutes
channel: 34 took 3.3 minutes
channel: 35 took 3.3 minutes
channel: 36 took 3.3 minutes
channel: 37 took 3.3 minutes
channel: 38 took 3.3 minutes
channel: 39 took 3.3 minutes
channel: 40 took 3.4 minutes
channel: 41 took 3.3 minutes
channel: 42 took 3.3 minutes
channel: 43 took 3.3 minutes
channel: 44 took 3.4 minutes
channel: 45 took 3.3 minutes
channel: 46 took 3.3 minutes
channel: 47 took 3.3 minutes
channel: 48 took 3.3 minutes
channel: 49 took 3.5 minutes
channel: 50 took 3.4 minutes
channel: 51 took 3.5 minutes
channel: 52 took 3.3 minutes
channel: 53 took 3.3 minutes
channel: 54 took 3.3 minutes
channel: 55 took 3.3 minutes
channel: 56 took 3.3 minutes
channel: 57 took 3.3 minutes
channel: 58 took 3.3 minutes
channel: 59 took 3.2 minutes
channel: 60 took 3.3 minutes
channel: 61 took 3.3 minutes
channel: 62 took 3.3 minutes
channel: 63 took 3.2 minutes
channel: 64 took 3.3 minutes
channel: 65 took 3.3 minutes
channel: 66 took 3.3 minutes
channel: 67 took 3.3 minutes
channel: 68 took 3.5 minutes
channel: 69 took 3.2 minutes
channel: 70 took 3.4 minutes
channel: 71 took 3.7 minutes
channel: 72 took 3.7 minutes
channel: 73 took 3.7 minutes
channel: 74 took 3.7 minutes
channel: 75 took 3.7 minutes
channel: 76 took 3.7 minutes
channel: 77 took 3.7 minutes
channel: 78 took 3.7 minutes
channel: 79 took 3.7 minutes
channel: 80 took 3.7 minutes
channel: 81 took 3.7 minutes
channel: 82 took 3.3 minutes
channel: 83 took 3.3 minutes
channel: 84 took 3.3 minutes
channel: 85 took 3.3 minutes
channel: 86 took 3.3 minutes
channel: 87 took 3.2 minutes
channel: 88 took 3.2 minutes
channel: 89 took 3.2 minutes
channel: 90 took 3.2 minutes
channel: 91 took 3.2 minutes
attempting saving
save success: /projects/p31578/dtf8829/QuestConnect/CHANDAT/chanDat_NM04_031.mat
Elapsed time is 197.313234 seconds.
