getting started: 2695
attempting file: 2695
going for NM04 58
data loaded: NM04 58
HFB already done

chan =

     1

Elapsed time is 298.466437 seconds.

chan =

     2

Elapsed time is 301.525973 seconds.

chan =

     3

Elapsed time is 295.231823 seconds.

chan =

     4

Elapsed time is 294.498243 seconds.

chan =

     5

Elapsed time is 295.544351 seconds.

chan =

     6

Elapsed time is 301.217527 seconds.

chan =

     7

Elapsed time is 302.565148 seconds.

chan =

     8

Elapsed time is 295.189487 seconds.

chan =

     9

Elapsed time is 293.018832 seconds.

chan =

    10

Elapsed time is 292.607423 seconds.

chan =

    11

Elapsed time is 295.448636 seconds.

chan =

    12

Elapsed time is 295.309124 seconds.

chan =

    13

Elapsed time is 295.343698 seconds.

chan =

    14

Elapsed time is 295.474252 seconds.

chan =

    15

Elapsed time is 294.293646 seconds.

chan =

    16

Elapsed time is 293.813616 seconds.

chan =

    17

Elapsed time is 292.412294 seconds.

chan =

    18

Elapsed time is 293.792887 seconds.

chan =

    19

Elapsed time is 294.178799 seconds.

chan =

    20

Elapsed time is 292.201428 seconds.

chan =

    21

Elapsed time is 292.384305 seconds.

chan =

    22

Elapsed time is 293.847909 seconds.

chan =

    23

Elapsed time is 294.787666 seconds.

chan =

    24

Elapsed time is 294.923548 seconds.

chan =

    25

Elapsed time is 293.406222 seconds.

chan =

    26

Elapsed time is 293.541103 seconds.

chan =

    27

Elapsed time is 290.608430 seconds.

chan =

    28

Elapsed time is 293.136414 seconds.

chan =

    29

Elapsed time is 293.155627 seconds.

chan =

    30

Elapsed time is 293.175412 seconds.

chan =

    31

Elapsed time is 292.383232 seconds.

chan =

    32

Elapsed time is 291.212628 seconds.

chan =

    33

Elapsed time is 292.610284 seconds.

chan =

    34

Elapsed time is 292.049953 seconds.

chan =

    35

Elapsed time is 293.734736 seconds.

chan =

    36

Elapsed time is 293.000827 seconds.

chan =

    37

Elapsed time is 293.655382 seconds.

chan =

    38

Elapsed time is 293.013609 seconds.

chan =

    39

Elapsed time is 292.359454 seconds.

chan =

    40

Elapsed time is 294.723585 seconds.

chan =

    41

Elapsed time is 291.953360 seconds.

chan =

    42

Elapsed time is 292.264791 seconds.

chan =

    43

Elapsed time is 294.133959 seconds.

chan =

    44

Elapsed time is 293.258061 seconds.

chan =

    45

Elapsed time is 293.256505 seconds.

chan =

    46

Elapsed time is 293.588233 seconds.

chan =

    47

Elapsed time is 293.908709 seconds.

chan =

    48

Elapsed time is 293.785337 seconds.

chan =

    49

Elapsed time is 293.881134 seconds.

chan =

    50

Elapsed time is 293.413802 seconds.

chan =

    51

Elapsed time is 294.461314 seconds.

chan =

    52

Elapsed time is 295.464422 seconds.

chan =

    53

Elapsed time is 296.322053 seconds.

chan =

    54

Elapsed time is 296.081048 seconds.

chan =

    55

Elapsed time is 293.938973 seconds.

chan =

    56

Elapsed time is 293.841227 seconds.

chan =

    57

Elapsed time is 293.723545 seconds.

chan =

    58

Elapsed time is 291.145230 seconds.

chan =

    59

Elapsed time is 290.921791 seconds.

chan =

    60

Elapsed time is 290.560419 seconds.

chan =

    61

Elapsed time is 289.603284 seconds.

chan =

    62

Elapsed time is 288.617768 seconds.

chan =

    63

Elapsed time is 288.574430 seconds.

chan =

    64

Elapsed time is 287.996686 seconds.

chan =

    65

Elapsed time is 290.095721 seconds.

chan =

    66

Elapsed time is 288.941528 seconds.

chan =

    67

Elapsed time is 290.288761 seconds.

chan =

    68

Elapsed time is 289.009010 seconds.

chan =

    69

Elapsed time is 289.761202 seconds.

chan =

    70

Elapsed time is 290.048493 seconds.

chan =

    71

Elapsed time is 289.867597 seconds.

chan =

    72

Elapsed time is 290.224195 seconds.

chan =

    73

Elapsed time is 289.654252 seconds.

chan =

    74

Elapsed time is 289.940096 seconds.

chan =

    75

Elapsed time is 290.466452 seconds.

chan =

    76

Elapsed time is 289.502953 seconds.

chan =

    77

Elapsed time is 290.067419 seconds.

chan =

    78

Elapsed time is 289.877636 seconds.

chan =

    79

Elapsed time is 291.621674 seconds.

chan =

    80

Elapsed time is 291.581751 seconds.

chan =

    81

Elapsed time is 289.838483 seconds.

chan =

    82

Elapsed time is 290.377507 seconds.

chan =

    83

Elapsed time is 290.989368 seconds.

chan =

    84

Elapsed time is 290.316888 seconds.

chan =

    85

Elapsed time is 292.332565 seconds.

chan =

    86

Elapsed time is 291.669184 seconds.

chan =

    87

Elapsed time is 291.340303 seconds.

chan =

    88

Elapsed time is 291.135553 seconds.

chan =

    89

Elapsed time is 292.417312 seconds.

chan =

    90

Elapsed time is 291.173630 seconds.

chan =

    91

Elapsed time is 289.905976 seconds.
attempting saving
save success: /projects/p31578/dtf8829/QuestConnect/CHANDAT/chanDat_NM04_058.mat
working on TF
encoding done
encoding RT done
retrieval 1 done
retrieval 2 done
attempting saving
save success: /projects/p31578/dtf8829/QuestConnect/CHANDAT/chanDat_NM04_058.mat
working on ISPC
channel: 1 took 0 minutes
channel: 2 took 0 minutes
channel: 3 took 0 minutes
channel: 4 took 0 minutes
channel: 5 took 0 minutes
channel: 6 took 0 minutes
channel: 7 took 0 minutes
channel: 8 took 0 minutes
channel: 9 took 0 minutes
channel: 10 took 0 minutes
channel: 11 took 0 minutes
channel: 12 took 0 minutes
channel: 13 took 0 minutes
channel: 14 took 0 minutes
channel: 15 took 0 minutes
channel: 16 took 0 minutes
channel: 17 took 0 minutes
channel: 18 took 0 minutes
channel: 19 took 0 minutes
channel: 20 took 0 minutes
channel: 21 took 0 minutes
channel: 22 took 0 minutes
channel: 23 took 0 minutes
channel: 24 took 0 minutes
channel: 25 took 0 minutes
channel: 26 took 0 minutes
channel: 27 took 0 minutes
channel: 28 took 0 minutes
channel: 29 took 0 minutes
channel: 30 took 0 minutes
channel: 31 took 0 minutes
channel: 32 took 0 minutes
channel: 33 took 0 minutes
channel: 34 took 0 minutes
channel: 35 took 0 minutes
channel: 36 took 0 minutes
channel: 37 took 0 minutes
channel: 38 took 0 minutes
channel: 39 took 0 minutes
channel: 40 took 0 minutes
channel: 41 took 0 minutes
channel: 42 took 0 minutes
channel: 43 took 0 minutes
channel: 44 took 0 minutes
channel: 45 took 0 minutes
channel: 46 took 0 minutes
channel: 47 took 0 minutes
channel: 48 took 0 minutes
channel: 49 took 0 minutes
channel: 50 took 0 minutes
channel: 51 took 0 minutes
channel: 52 took 0 minutes
channel: 53 took 0 minutes
channel: 54 took 0 minutes
channel: 55 took 0 minutes
channel: 56 took 0 minutes
channel: 57 took 0 minutes
channel: 58 took 0 minutes
channel: 59 took 4.7 minutes
channel: 60 took 4.7 minutes
channel: 61 took 4.7 minutes
channel: 62 took 4.7 minutes
channel: 63 took 4.7 minutes
channel: 64 took 4.7 minutes
channel: 65 took 4.7 minutes
channel: 66 took 4.7 minutes
channel: 67 took 4.7 minutes
channel: 68 took 4.7 minutes
channel: 69 took 4.7 minutes
channel: 70 took 4.7 minutes
channel: 71 took 4.7 minutes
channel: 72 took 4.7 minutes
channel: 73 took 4.7 minutes
channel: 74 took 4.7 minutes
channel: 75 took 4.7 minutes
channel: 76 took 4.7 minutes
channel: 77 took 4.7 minutes
channel: 78 took 4.7 minutes
channel: 79 took 4.7 minutes
channel: 80 took 4.7 minutes
channel: 81 took 4.7 minutes
channel: 82 took 4.7 minutes
channel: 83 took 4.7 minutes
channel: 84 took 4.7 minutes
channel: 85 took 4.7 minutes
channel: 86 took 4.7 minutes
channel: 87 took 4.7 minutes
channel: 88 took 4.7 minutes
channel: 89 took 4.7 minutes
channel: 90 took 4.7 minutes
channel: 91 took 4.7 minutes
attempting saving
save success: /projects/p31578/dtf8829/QuestConnect/CHANDAT/chanDat_NM04_058.mat
Elapsed time is 288.898579 seconds.
