getting started: 2894
attempting file: 2894
going for OH27 100
data loaded: OH27 100
HFB already done

chan =

     1

Elapsed time is 265.902856 seconds.

chan =

     2

Elapsed time is 260.136117 seconds.

chan =

     3

Elapsed time is 263.944094 seconds.

chan =

     4

Elapsed time is 262.724897 seconds.

chan =

     5

Elapsed time is 264.901930 seconds.

chan =

     6

Elapsed time is 265.519696 seconds.

chan =

     7

Elapsed time is 266.798992 seconds.

chan =

     8

Elapsed time is 258.944120 seconds.

chan =

     9

Elapsed time is 262.459228 seconds.

chan =

    10

Elapsed time is 262.362808 seconds.

chan =

    11

Elapsed time is 256.886338 seconds.

chan =

    12

Elapsed time is 256.766492 seconds.

chan =

    13

Elapsed time is 258.204730 seconds.

chan =

    14

Elapsed time is 263.037351 seconds.

chan =

    15

Elapsed time is 262.205619 seconds.

chan =

    16

Elapsed time is 253.916416 seconds.

chan =

    17

Elapsed time is 256.953812 seconds.

chan =

    18

Elapsed time is 266.050780 seconds.

chan =

    19

Elapsed time is 256.431572 seconds.

chan =

    20

Elapsed time is 258.476222 seconds.

chan =

    21

Elapsed time is 259.841259 seconds.

chan =

    22

Elapsed time is 261.233621 seconds.

chan =

    23

Elapsed time is 258.628317 seconds.

chan =

    24

Elapsed time is 258.074572 seconds.

chan =

    25

Elapsed time is 255.367722 seconds.

chan =

    26

Elapsed time is 257.217574 seconds.

chan =

    27

Elapsed time is 260.415629 seconds.

chan =

    28

Elapsed time is 256.181809 seconds.

chan =

    29

Elapsed time is 249.493423 seconds.

chan =

    30

Elapsed time is 276.811880 seconds.

chan =

    31

Elapsed time is 270.442095 seconds.

chan =

    32

Elapsed time is 262.397055 seconds.

chan =

    33

Elapsed time is 266.349500 seconds.

chan =

    34

Elapsed time is 278.295943 seconds.

chan =

    35

Elapsed time is 279.205160 seconds.

chan =

    36

Elapsed time is 278.640955 seconds.

chan =

    37

Elapsed time is 266.508141 seconds.

chan =

    38

Elapsed time is 274.857756 seconds.

chan =

    39

Elapsed time is 248.737346 seconds.

chan =

    40

Elapsed time is 252.533391 seconds.

chan =

    41

Elapsed time is 266.293210 seconds.

chan =

    42

Elapsed time is 268.222454 seconds.

chan =

    43

Elapsed time is 282.741263 seconds.

chan =

    44

Elapsed time is 267.596059 seconds.

chan =

    45

Elapsed time is 262.833331 seconds.

chan =

    46

Elapsed time is 270.248963 seconds.

chan =

    47

Elapsed time is 260.377695 seconds.

chan =

    48

Elapsed time is 258.527201 seconds.

chan =

    49

Elapsed time is 252.934105 seconds.

chan =

    50

Elapsed time is 244.026241 seconds.

chan =

    51

Elapsed time is 247.426343 seconds.

chan =

    52

Elapsed time is 235.523172 seconds.

chan =

    53

Elapsed time is 234.371113 seconds.

chan =

    54

Elapsed time is 237.023847 seconds.

chan =

    55

Elapsed time is 237.456763 seconds.

chan =

    56

Elapsed time is 233.193457 seconds.

chan =

    57

Elapsed time is 230.156077 seconds.

chan =

    58

Elapsed time is 232.170979 seconds.

chan =

    59

Elapsed time is 232.900912 seconds.

chan =

    60

Elapsed time is 236.789151 seconds.

chan =

    61

Elapsed time is 242.532071 seconds.

chan =

    62

Elapsed time is 235.719138 seconds.

chan =

    63

Elapsed time is 230.403083 seconds.

chan =

    64

Elapsed time is 234.003470 seconds.

chan =

    65

Elapsed time is 234.970905 seconds.

chan =

    66

Elapsed time is 236.773919 seconds.

chan =

    67

Elapsed time is 237.835656 seconds.

chan =

    68

Elapsed time is 236.269825 seconds.

chan =

    69

Elapsed time is 232.741582 seconds.

chan =

    70

Elapsed time is 233.982707 seconds.

chan =

    71

Elapsed time is 239.465531 seconds.

chan =

    72

Elapsed time is 236.741962 seconds.

chan =

    73

Elapsed time is 235.351390 seconds.

chan =

    74

Elapsed time is 232.622428 seconds.

chan =

    75

Elapsed time is 223.825703 seconds.

chan =

    76

Elapsed time is 227.439437 seconds.

chan =

    77

Elapsed time is 229.130141 seconds.

chan =

    78

Elapsed time is 230.480744 seconds.

chan =

    79

Elapsed time is 235.773219 seconds.

chan =

    80

Elapsed time is 230.879891 seconds.

chan =

    81

Elapsed time is 226.085203 seconds.

chan =

    82

Elapsed time is 225.437880 seconds.

chan =

    83

Elapsed time is 229.802959 seconds.

chan =

    84

Elapsed time is 229.452636 seconds.

chan =

    85

Elapsed time is 226.124502 seconds.

chan =

    86

Elapsed time is 226.666857 seconds.

chan =

    87

Elapsed time is 226.494125 seconds.

chan =

    88

Elapsed time is 225.073753 seconds.

chan =

    89

Elapsed time is 225.621071 seconds.

chan =

    90

Elapsed time is 228.500803 seconds.

chan =

    91

Elapsed time is 231.415427 seconds.

chan =

    92

Elapsed time is 227.015631 seconds.

chan =

    93

Elapsed time is 230.198161 seconds.

chan =

    94

Elapsed time is 226.662578 seconds.

chan =

    95

Elapsed time is 225.180906 seconds.

chan =

    96

Elapsed time is 223.324622 seconds.

chan =

    97

Elapsed time is 224.625380 seconds.

chan =

    98

Elapsed time is 226.335706 seconds.

chan =

    99

Elapsed time is 216.559229 seconds.

chan =

   100

Elapsed time is 228.770321 seconds.

chan =

   101

Elapsed time is 225.691619 seconds.

chan =

   102

Elapsed time is 226.804919 seconds.

chan =

   103

Elapsed time is 231.567053 seconds.

chan =

   104

Elapsed time is 223.090333 seconds.

chan =

   105

Elapsed time is 219.554042 seconds.

chan =

   106

Elapsed time is 213.041358 seconds.

