getting started: 2667
attempting file: 2667
going for NM04 30
data loaded: NM04 30
HFB already done

chan =

     1

Elapsed time is 205.447715 seconds.

chan =

     2

Elapsed time is 200.204825 seconds.

chan =

     3

Elapsed time is 201.525922 seconds.

chan =

     4

Elapsed time is 204.000809 seconds.

chan =

     5

Elapsed time is 203.861305 seconds.

chan =

     6

Elapsed time is 203.766230 seconds.

chan =

     7

Elapsed time is 206.189258 seconds.

chan =

     8

Elapsed time is 204.669783 seconds.

chan =

     9

Elapsed time is 205.498055 seconds.

chan =

    10

Elapsed time is 205.224977 seconds.

chan =

    11

Elapsed time is 205.090516 seconds.

chan =

    12

Elapsed time is 202.716731 seconds.

chan =

    13

Elapsed time is 207.638306 seconds.

chan =

    14

Elapsed time is 202.934400 seconds.

chan =

    15

Elapsed time is 204.746050 seconds.

chan =

    16

Elapsed time is 205.869784 seconds.

chan =

    17

Elapsed time is 201.396767 seconds.

chan =

    18

Elapsed time is 200.561499 seconds.

chan =

    19

Elapsed time is 203.358854 seconds.

chan =

    20

Elapsed time is 202.925759 seconds.

chan =

    21

Elapsed time is 204.463037 seconds.

chan =

    22

Elapsed time is 202.943265 seconds.

chan =

    23

Elapsed time is 204.142981 seconds.

chan =

    24

Elapsed time is 201.138247 seconds.

chan =

    25

Elapsed time is 199.356690 seconds.

chan =

    26

Elapsed time is 202.382172 seconds.

chan =

    27

Elapsed time is 203.679582 seconds.

chan =

    28

Elapsed time is 201.213836 seconds.

chan =

    29

Elapsed time is 201.158510 seconds.

chan =

    30

Elapsed time is 204.339873 seconds.

chan =

    31

Elapsed time is 201.622837 seconds.

chan =

    32

Elapsed time is 202.436882 seconds.

chan =

    33

Elapsed time is 202.428526 seconds.

chan =

    34

Elapsed time is 200.903161 seconds.

chan =

    35

Elapsed time is 206.755559 seconds.

chan =

    36

Elapsed time is 203.115183 seconds.

chan =

    37

Elapsed time is 202.207472 seconds.

chan =

    38

Elapsed time is 205.176137 seconds.

chan =

    39

Elapsed time is 201.213697 seconds.

chan =

    40

Elapsed time is 202.532415 seconds.

chan =

    41

Elapsed time is 201.613814 seconds.

chan =

    42

Elapsed time is 202.671301 seconds.

chan =

    43

Elapsed time is 203.950674 seconds.

chan =

    44

Elapsed time is 206.229597 seconds.

chan =

    45

Elapsed time is 207.357071 seconds.

chan =

    46

Elapsed time is 204.149950 seconds.

chan =

    47

Elapsed time is 208.745470 seconds.

chan =

    48

Elapsed time is 202.475459 seconds.

chan =

    49

Elapsed time is 203.069211 seconds.

chan =

    50

Elapsed time is 207.183605 seconds.

chan =

    51

Elapsed time is 203.632721 seconds.

chan =

    52

Elapsed time is 210.193508 seconds.

chan =

    53

Elapsed time is 205.700221 seconds.

chan =

    54

Elapsed time is 206.497026 seconds.

chan =

    55

Elapsed time is 206.340503 seconds.

chan =

    56

Elapsed time is 204.734978 seconds.

chan =

    57

Elapsed time is 207.694865 seconds.

chan =

    58

Elapsed time is 209.115395 seconds.

chan =

    59

Elapsed time is 202.321587 seconds.

chan =

    60

Elapsed time is 208.867987 seconds.

chan =

    61

Elapsed time is 206.128526 seconds.

chan =

    62

Elapsed time is 201.344401 seconds.

chan =

    63

Elapsed time is 204.775602 seconds.

chan =

    64

Elapsed time is 207.532377 seconds.

chan =

    65

Elapsed time is 201.101079 seconds.

chan =

    66

Elapsed time is 202.272598 seconds.

chan =

    67

Elapsed time is 200.226024 seconds.

chan =

    68

Elapsed time is 204.113230 seconds.

chan =

    69

Elapsed time is 199.380052 seconds.

chan =

    70

Elapsed time is 200.311169 seconds.

chan =

    71

Elapsed time is 200.082924 seconds.

chan =

    72

Elapsed time is 199.942700 seconds.

chan =

    73

Elapsed time is 200.120385 seconds.

chan =

    74

Elapsed time is 201.904136 seconds.

chan =

    75

Elapsed time is 205.077528 seconds.

chan =

    76

Elapsed time is 200.337858 seconds.

chan =

    77

Elapsed time is 199.501491 seconds.

chan =

    78

Elapsed time is 202.856773 seconds.

chan =

    79

Elapsed time is 200.188996 seconds.

chan =

    80

Elapsed time is 201.933386 seconds.

chan =

    81

Elapsed time is 203.640034 seconds.

chan =

    82

Elapsed time is 199.811507 seconds.

chan =

    83

Elapsed time is 200.104985 seconds.

chan =

    84

Elapsed time is 202.653355 seconds.

chan =

    85

Elapsed time is 205.245296 seconds.

chan =

    86

Elapsed time is 202.074988 seconds.

chan =

    87

Elapsed time is 202.600941 seconds.

chan =

    88

Elapsed time is 203.560217 seconds.

chan =

    89

Elapsed time is 203.917373 seconds.

chan =

    90

Elapsed time is 204.868654 seconds.

chan =

    91

Elapsed time is 202.799983 seconds.
attempting saving
save success: /projects/p31578/dtf8829/QuestConnect/CHANDAT/chanDat_NM04_030.mat
working on TF
encoding done
encoding RT done
retrieval 1 done
retrieval 2 done
attempting saving
save success: /projects/p31578/dtf8829/QuestConnect/CHANDAT/chanDat_NM04_030.mat
working on ISPC
channel: 1 took 0 minutes
channel: 2 took 0 minutes
channel: 3 took 0 minutes
channel: 4 took 0 minutes
channel: 5 took 0 minutes
channel: 6 took 0 minutes
channel: 7 took 0 minutes
channel: 8 took 0 minutes
channel: 9 took 0 minutes
channel: 10 took 0 minutes
channel: 11 took 0 minutes
channel: 12 took 0 minutes
channel: 13 took 0 minutes
channel: 14 took 0 minutes
channel: 15 took 0 minutes
channel: 16 took 0 minutes
channel: 17 took 0 minutes
channel: 18 took 0 minutes
channel: 19 took 0 minutes
channel: 20 took 0 minutes
channel: 21 took 0 minutes
channel: 22 took 0 minutes
channel: 23 took 0 minutes
channel: 24 took 0 minutes
channel: 25 took 0 minutes
channel: 26 took 0 minutes
channel: 27 took 0 minutes
channel: 28 took 0 minutes
channel: 29 took 0 minutes
channel: 30 took 0 minutes
channel: 31 took 3 minutes
channel: 32 took 3 minutes
channel: 33 took 3 minutes
channel: 34 took 3 minutes
channel: 35 took 3 minutes
channel: 36 took 3 minutes
channel: 37 took 3 minutes
channel: 38 took 3 minutes
channel: 39 took 3 minutes
channel: 40 took 3 minutes
channel: 41 took 3 minutes
channel: 42 took 3 minutes
channel: 43 took 3 minutes
channel: 44 took 3 minutes
channel: 45 took 3 minutes
channel: 46 took 3 minutes
channel: 47 took 3 minutes
channel: 48 took 3 minutes
channel: 49 took 3 minutes
channel: 50 took 3 minutes
channel: 51 took 3 minutes
channel: 52 took 3 minutes
channel: 53 took 3 minutes
channel: 54 took 3 minutes
channel: 55 took 3 minutes
channel: 56 took 3 minutes
channel: 57 took 3 minutes
channel: 58 took 3 minutes
channel: 59 took 3 minutes
channel: 60 took 3 minutes
channel: 61 took 3 minutes
channel: 62 took 3 minutes
channel: 63 took 3 minutes
channel: 64 took 3 minutes
channel: 65 took 3 minutes
channel: 66 took 3 minutes
channel: 67 took 3 minutes
channel: 68 took 3 minutes
channel: 69 took 3 minutes
channel: 70 took 3 minutes
channel: 71 took 3 minutes
channel: 72 took 3 minutes
channel: 73 took 3 minutes
channel: 74 took 3 minutes
channel: 75 took 3 minutes
channel: 76 took 3 minutes
channel: 77 took 3 minutes
channel: 78 took 3 minutes
channel: 79 took 3 minutes
channel: 80 took 3 minutes
channel: 81 took 3 minutes
channel: 82 took 3 minutes
channel: 83 took 3 minutes
channel: 84 took 3 minutes
channel: 85 took 3 minutes
channel: 86 took 3 minutes
channel: 87 took 3 minutes
channel: 88 took 3 minutes
channel: 89 took 3 minutes
channel: 90 took 3 minutes
channel: 91 took 3 minutes
attempting saving
save success: /projects/p31578/dtf8829/QuestConnect/CHANDAT/chanDat_NM04_030.mat
Elapsed time is 184.532114 seconds.
