getting started: 2919
attempting file: 2919
going for OH30 18
data loaded: OH30 18
HFB already done

chan =

     1

Elapsed time is 613.433392 seconds.

chan =

     2

Elapsed time is 600.656479 seconds.

chan =

     3

Elapsed time is 601.049261 seconds.

chan =

     4

Elapsed time is 598.442271 seconds.

chan =

     5

Elapsed time is 599.485645 seconds.

chan =

     6

Elapsed time is 595.152300 seconds.

chan =

     7

Elapsed time is 597.758410 seconds.

chan =

     8

Elapsed time is 592.257661 seconds.

chan =

     9

Elapsed time is 599.372177 seconds.

chan =

    10

Elapsed time is 590.656969 seconds.

chan =

    11

Elapsed time is 596.562951 seconds.

chan =

    12

Elapsed time is 590.961234 seconds.

chan =

    13

Elapsed time is 595.151532 seconds.

chan =

    14

Elapsed time is 592.686265 seconds.

chan =

    15

Elapsed time is 593.955609 seconds.

chan =

    16

Elapsed time is 588.019940 seconds.

chan =

    17

Elapsed time is 593.469050 seconds.

chan =

    18

Elapsed time is 588.564045 seconds.

chan =

    19

Elapsed time is 593.263062 seconds.

chan =

    20

Elapsed time is 588.852003 seconds.

chan =

    21

Elapsed time is 596.356977 seconds.

chan =

    22

Elapsed time is 588.217708 seconds.

chan =

    23

Elapsed time is 596.022118 seconds.

chan =

    24

Elapsed time is 589.046383 seconds.

chan =

    25

Elapsed time is 592.581491 seconds.

chan =

    26

Elapsed time is 585.639019 seconds.

chan =

    27

Elapsed time is 590.754882 seconds.

chan =

    28

Elapsed time is 587.402140 seconds.

chan =

    29

Elapsed time is 591.839435 seconds.

chan =

    30

Elapsed time is 585.938282 seconds.

chan =

    31

Elapsed time is 593.900610 seconds.

chan =

    32

Elapsed time is 587.738894 seconds.

chan =

    33

Elapsed time is 595.600770 seconds.

chan =

    34

Elapsed time is 585.604575 seconds.

chan =

    35

Elapsed time is 594.454781 seconds.

chan =

    36

Elapsed time is 585.929479 seconds.

chan =

    37

Elapsed time is 589.045019 seconds.

chan =

    38

Elapsed time is 583.338503 seconds.

chan =

    39

Elapsed time is 590.991630 seconds.

chan =

    40

Elapsed time is 588.521425 seconds.

chan =

    41

Elapsed time is 592.378009 seconds.

chan =

    42

Elapsed time is 585.873461 seconds.

chan =

    43

Elapsed time is 588.593713 seconds.

chan =

    44

Elapsed time is 586.971296 seconds.

chan =

    45

Elapsed time is 589.570783 seconds.

chan =

    46

Elapsed time is 583.472960 seconds.

chan =

    47

Elapsed time is 583.843119 seconds.

chan =

    48

Elapsed time is 583.471277 seconds.

chan =

    49

Elapsed time is 588.661055 seconds.

chan =

    50

Elapsed time is 591.752968 seconds.

chan =

    51

Elapsed time is 585.945029 seconds.

chan =

    52

Elapsed time is 590.320550 seconds.

chan =

    53

Elapsed time is 589.052950 seconds.

chan =

    54

Elapsed time is 587.699045 seconds.

chan =

    55

Elapsed time is 590.249457 seconds.

chan =

    56

Elapsed time is 587.897661 seconds.

chan =

    57

Elapsed time is 586.928980 seconds.

chan =

    58

Elapsed time is 587.877065 seconds.

chan =

    59

Elapsed time is 585.747813 seconds.

chan =

    60

Elapsed time is 585.243476 seconds.

chan =

    61

Elapsed time is 585.353510 seconds.

chan =

    62

Elapsed time is 587.501408 seconds.

chan =

    63

Elapsed time is 588.819420 seconds.

chan =

    64

Elapsed time is 587.908497 seconds.

chan =

    65

Elapsed time is 584.052235 seconds.

chan =

    66

Elapsed time is 585.830607 seconds.

chan =

    67

Elapsed time is 584.581240 seconds.

chan =

    68

Elapsed time is 586.253703 seconds.

chan =

    69

Elapsed time is 589.240815 seconds.

chan =

    70

Elapsed time is 586.593603 seconds.

chan =

    71

Elapsed time is 586.231245 seconds.

chan =

    72

Elapsed time is 588.286265 seconds.

chan =

    73

Elapsed time is 591.850451 seconds.

chan =

    74

Elapsed time is 591.659749 seconds.

chan =

    75

Elapsed time is 586.925468 seconds.

chan =

    76

Elapsed time is 590.332817 seconds.

chan =

    77

Elapsed time is 586.433321 seconds.

chan =

    78

Elapsed time is 593.803560 seconds.

chan =

    79

Elapsed time is 587.895778 seconds.

chan =

    80

Elapsed time is 588.732810 seconds.

chan =

    81

Elapsed time is 593.171939 seconds.

chan =

    82

Elapsed time is 588.282636 seconds.

chan =

    83

Elapsed time is 593.590804 seconds.

chan =

    84

Elapsed time is 591.932652 seconds.

chan =

    85

Elapsed time is 586.759911 seconds.

chan =

    86

Elapsed time is 586.226223 seconds.

chan =

    87

Elapsed time is 589.529115 seconds.

chan =

    88

Elapsed time is 589.127740 seconds.

chan =

    89

Elapsed time is 593.667165 seconds.

chan =

    90

Elapsed time is 589.784632 seconds.

chan =

    91

Elapsed time is 596.141975 seconds.

chan =

    92

Elapsed time is 591.158553 seconds.

chan =

    93

Elapsed time is 590.052226 seconds.

chan =

    94

Elapsed time is 589.734400 seconds.

chan =

    95

Elapsed time is 598.781688 seconds.

chan =

    96

Elapsed time is 592.571132 seconds.

chan =

    97

Elapsed time is 593.863031 seconds.

chan =

    98

Elapsed time is 590.160570 seconds.

chan =

    99

Elapsed time is 599.596575 seconds.

chan =

   100

Elapsed time is 592.611946 seconds.

chan =

   101

Elapsed time is 596.010922 seconds.

chan =

   102

Elapsed time is 589.836824 seconds.

chan =

   103

Elapsed time is 596.724548 seconds.

chan =

   104

Elapsed time is 588.535421 seconds.

chan =

   105

Elapsed time is 597.285998 seconds.

chan =

   106

Elapsed time is 595.541286 seconds.

chan =

   107

Elapsed time is 600.831422 seconds.

chan =

   108

Elapsed time is 597.650556 seconds.

chan =

   109

Elapsed time is 589.391101 seconds.

chan =

   110

Elapsed time is 578.903109 seconds.

chan =

   111

Elapsed time is 581.494352 seconds.

chan =

   112

Elapsed time is 579.789237 seconds.

chan =

   113

Elapsed time is 586.521772 seconds.

chan =

   114

Elapsed time is 580.762572 seconds.

chan =

   115

