getting started: 2913
attempting file: 2913
going for OH30 12
data loaded: OH30 12
HFB already done

chan =

     1

Elapsed time is 608.663956 seconds.

chan =

     2

Elapsed time is 598.765944 seconds.

chan =

     3

Elapsed time is 596.668542 seconds.

chan =

     4

Elapsed time is 594.559476 seconds.

chan =

     5

Elapsed time is 597.403162 seconds.

chan =

     6

Elapsed time is 594.326826 seconds.

chan =

     7

Elapsed time is 593.946078 seconds.

chan =

     8

Elapsed time is 592.106714 seconds.

chan =

     9

Elapsed time is 594.703438 seconds.

chan =

    10

Elapsed time is 589.242704 seconds.

chan =

    11

Elapsed time is 591.023040 seconds.

chan =

    12

Elapsed time is 591.648442 seconds.

chan =

    13

Elapsed time is 589.724345 seconds.

chan =

    14

Elapsed time is 596.664464 seconds.

chan =

    15

Elapsed time is 589.916607 seconds.

chan =

    16

Elapsed time is 593.748171 seconds.

chan =

    17

Elapsed time is 588.899149 seconds.

chan =

    18

Elapsed time is 595.002133 seconds.

chan =

    19

Elapsed time is 587.629912 seconds.

chan =

    20

Elapsed time is 593.857800 seconds.

chan =

    21

Elapsed time is 591.073465 seconds.

chan =

    22

Elapsed time is 593.287584 seconds.

chan =

    23

Elapsed time is 590.100311 seconds.

chan =

    24

Elapsed time is 593.353108 seconds.

chan =

    25

Elapsed time is 589.007225 seconds.

chan =

    26

Elapsed time is 591.556752 seconds.

chan =

    27

Elapsed time is 583.586851 seconds.

chan =

    28

Elapsed time is 590.108407 seconds.

chan =

    29

Elapsed time is 588.033670 seconds.

chan =

    30

Elapsed time is 582.890269 seconds.

chan =

    31

Elapsed time is 584.903639 seconds.

chan =

    32

Elapsed time is 584.641153 seconds.

chan =

    33

Elapsed time is 588.152659 seconds.

chan =

    34

Elapsed time is 581.373714 seconds.

chan =

    35

Elapsed time is 585.810083 seconds.

chan =

    36

Elapsed time is 584.789035 seconds.

chan =

    37

Elapsed time is 581.999704 seconds.

chan =

    38

Elapsed time is 578.878972 seconds.

chan =

    39

Elapsed time is 583.383768 seconds.

chan =

    40

Elapsed time is 586.108518 seconds.

chan =

    41

Elapsed time is 588.417498 seconds.

chan =

    42

Elapsed time is 586.571912 seconds.

chan =

    43

Elapsed time is 585.063407 seconds.

chan =

    44

Elapsed time is 583.530121 seconds.

chan =

    45

Elapsed time is 586.550983 seconds.

chan =

    46

Elapsed time is 583.732374 seconds.

chan =

    47

Elapsed time is 584.064185 seconds.

chan =

    48

Elapsed time is 578.797000 seconds.

chan =

    49

Elapsed time is 588.021311 seconds.

chan =

    50

Elapsed time is 587.501909 seconds.

chan =

    51

Elapsed time is 586.650990 seconds.

chan =

    52

Elapsed time is 588.729457 seconds.

chan =

    53

Elapsed time is 586.330653 seconds.

chan =

    54

Elapsed time is 586.581029 seconds.

chan =

    55

Elapsed time is 588.579896 seconds.

chan =

    56

Elapsed time is 585.449811 seconds.

chan =

    57

Elapsed time is 584.660027 seconds.

chan =

    58

Elapsed time is 587.426668 seconds.

chan =

    59

Elapsed time is 581.610436 seconds.

chan =

    60

Elapsed time is 584.462915 seconds.

chan =

    61

Elapsed time is 582.689140 seconds.

chan =

    62

Elapsed time is 585.089044 seconds.

chan =

    63

Elapsed time is 587.251647 seconds.

chan =

    64

Elapsed time is 586.497400 seconds.

chan =

    65

Elapsed time is 584.037035 seconds.

chan =

    66

Elapsed time is 585.378348 seconds.

chan =

    67

Elapsed time is 583.105643 seconds.

chan =

    68

Elapsed time is 587.019228 seconds.

chan =

    69

Elapsed time is 586.383444 seconds.

chan =

    70

Elapsed time is 582.619535 seconds.

chan =

    71

Elapsed time is 587.195436 seconds.

chan =

    72

Elapsed time is 586.273706 seconds.

chan =

    73

Elapsed time is 588.284329 seconds.

chan =

    74

Elapsed time is 586.419114 seconds.

chan =

    75

Elapsed time is 583.964436 seconds.

chan =

    76

Elapsed time is 588.049009 seconds.

chan =

    77

Elapsed time is 583.425683 seconds.

chan =

    78

Elapsed time is 586.845280 seconds.

chan =

    79

Elapsed time is 584.925792 seconds.

chan =

    80

Elapsed time is 587.439552 seconds.

chan =

    81

Elapsed time is 588.176765 seconds.

chan =

    82

Elapsed time is 585.072680 seconds.

chan =

    83

Elapsed time is 590.541061 seconds.

chan =

    84

Elapsed time is 587.850795 seconds.

chan =

    85

Elapsed time is 584.401419 seconds.

chan =

    86

Elapsed time is 584.626300 seconds.

chan =

    87

Elapsed time is 583.698654 seconds.

chan =

    88

Elapsed time is 587.028897 seconds.

chan =

    89

Elapsed time is 589.569945 seconds.

chan =

    90

Elapsed time is 584.253698 seconds.

chan =

    91

Elapsed time is 587.723084 seconds.

chan =

    92

Elapsed time is 589.975795 seconds.

chan =

    93

Elapsed time is 586.831405 seconds.

chan =

    94

Elapsed time is 586.509888 seconds.

chan =

    95

Elapsed time is 589.082716 seconds.

chan =

    96

Elapsed time is 585.075798 seconds.

chan =

    97

Elapsed time is 586.253255 seconds.

chan =

    98

Elapsed time is 584.741974 seconds.

chan =

    99

Elapsed time is 586.615872 seconds.

chan =

   100

Elapsed time is 589.105175 seconds.

chan =

   101

Elapsed time is 585.976129 seconds.

chan =

   102

Elapsed time is 582.738885 seconds.

chan =

   103

Elapsed time is 587.357048 seconds.

chan =

   104

Elapsed time is 582.984024 seconds.

chan =

   105

Elapsed time is 589.756633 seconds.

chan =

   106

Elapsed time is 587.808562 seconds.

chan =

   107

Elapsed time is 591.177042 seconds.

chan =

   108

Elapsed time is 592.345448 seconds.

chan =

   109

Elapsed time is 589.907904 seconds.

chan =

   110

Elapsed time is 574.566630 seconds.

chan =

   111

Elapsed time is 577.030033 seconds.

chan =

   112

Elapsed time is 575.327094 seconds.

chan =

   113

Elapsed time is 579.082715 seconds.

chan =

   114

Elapsed time is 575.963473 seconds.

chan =

   115

Elapsed time is 575.175700 seconds.

chan =

   116

