getting started: 2829
attempting file: 2829
going for OH27 35
data loaded: OH27 35
HFB already done

chan =

     1

Elapsed time is 246.244513 seconds.

chan =

     2

Elapsed time is 241.589089 seconds.

chan =

     3

Elapsed time is 241.674015 seconds.

chan =

     4

Elapsed time is 242.023976 seconds.

chan =

     5

Elapsed time is 243.258016 seconds.

chan =

     6

Elapsed time is 249.314912 seconds.

chan =

     7

Elapsed time is 251.350447 seconds.

chan =

     8

Elapsed time is 241.304571 seconds.

chan =

     9

Elapsed time is 243.185053 seconds.

chan =

    10

Elapsed time is 246.551121 seconds.

chan =

    11

Elapsed time is 245.714656 seconds.

chan =

    12

Elapsed time is 250.034259 seconds.

chan =

    13

Elapsed time is 244.195080 seconds.

chan =

    14

Elapsed time is 240.959840 seconds.

chan =

    15

Elapsed time is 245.655936 seconds.

chan =

    16

Elapsed time is 245.301250 seconds.

chan =

    17

Elapsed time is 246.481625 seconds.

chan =

    18

Elapsed time is 248.033025 seconds.

chan =

    19

Elapsed time is 236.437752 seconds.

chan =

    20

Elapsed time is 245.075598 seconds.

chan =

    21

Elapsed time is 243.900313 seconds.

chan =

    22

Elapsed time is 243.448927 seconds.

chan =

    23

Elapsed time is 242.338620 seconds.

chan =

    24

Elapsed time is 240.546855 seconds.

chan =

    25

Elapsed time is 241.293691 seconds.

chan =

    26

Elapsed time is 235.892002 seconds.

chan =

    27

Elapsed time is 241.198891 seconds.

chan =

    28

Elapsed time is 243.545294 seconds.

chan =

    29

Elapsed time is 238.065201 seconds.

chan =

    30

Elapsed time is 242.282805 seconds.

chan =

    31

Elapsed time is 240.610134 seconds.

chan =

    32

Elapsed time is 234.937018 seconds.

chan =

    33

Elapsed time is 232.865841 seconds.

chan =

    34

Elapsed time is 252.896825 seconds.

chan =

    35

Elapsed time is 252.255981 seconds.

chan =

    36

Elapsed time is 254.190699 seconds.

chan =

    37

Elapsed time is 247.441716 seconds.

chan =

    38

Elapsed time is 256.239508 seconds.

chan =

    39

Elapsed time is 255.271706 seconds.

chan =

    40

Elapsed time is 241.356363 seconds.

chan =

    41

Elapsed time is 249.733236 seconds.

chan =

    42

Elapsed time is 250.466796 seconds.

chan =

    43

Elapsed time is 246.654867 seconds.

chan =

    44

Elapsed time is 245.154096 seconds.

chan =

    45

Elapsed time is 251.850569 seconds.

chan =

    46

Elapsed time is 244.679955 seconds.

chan =

    47

Elapsed time is 253.584517 seconds.

chan =

    48

Elapsed time is 255.207205 seconds.

chan =

    49

Elapsed time is 244.650155 seconds.

chan =

    50

Elapsed time is 252.880073 seconds.

chan =

    51

Elapsed time is 249.352758 seconds.

chan =

    52

Elapsed time is 253.953316 seconds.

chan =

    53

Elapsed time is 234.313725 seconds.

chan =

    54

Elapsed time is 235.185321 seconds.

chan =

    55

Elapsed time is 235.015982 seconds.

chan =

    56

Elapsed time is 234.017816 seconds.

chan =

    57

Elapsed time is 232.388174 seconds.

chan =

    58

Elapsed time is 233.156017 seconds.

chan =

    59

Elapsed time is 233.683896 seconds.

chan =

    60

Elapsed time is 234.052486 seconds.

chan =

    61

Elapsed time is 231.657760 seconds.

chan =

    62

Elapsed time is 236.956417 seconds.

chan =

    63

Elapsed time is 231.559300 seconds.

chan =

    64

Elapsed time is 234.457766 seconds.

chan =

    65

Elapsed time is 228.613047 seconds.

chan =

    66

Elapsed time is 226.805498 seconds.

chan =

    67

Elapsed time is 230.928011 seconds.

chan =

    68

Elapsed time is 227.735355 seconds.

chan =

    69

Elapsed time is 224.992282 seconds.

chan =

    70

Elapsed time is 227.475402 seconds.

chan =

    71

Elapsed time is 218.859128 seconds.

chan =

    72

Elapsed time is 228.052250 seconds.

chan =

    73

Elapsed time is 228.529693 seconds.

chan =

    74

Elapsed time is 230.965866 seconds.

chan =

    75

Elapsed time is 225.849657 seconds.

chan =

    76

Elapsed time is 232.359015 seconds.

chan =

    77

Elapsed time is 211.074043 seconds.

chan =

    78

Elapsed time is 222.458236 seconds.

chan =

    79

Elapsed time is 231.196079 seconds.

chan =

    80

Elapsed time is 234.595393 seconds.

chan =

    81

Elapsed time is 231.954044 seconds.

chan =

    82

Elapsed time is 232.565388 seconds.

chan =

    83

Elapsed time is 215.118732 seconds.

chan =

    84

Elapsed time is 220.694630 seconds.

chan =

    85

Elapsed time is 223.057578 seconds.

chan =

    86

Elapsed time is 229.028021 seconds.

chan =

    87

Elapsed time is 226.131014 seconds.

chan =

    88

Elapsed time is 228.157039 seconds.

chan =

    89

Elapsed time is 223.299296 seconds.

chan =

    90

Elapsed time is 228.560002 seconds.

chan =

    91

Elapsed time is 226.943765 seconds.

chan =

    92

Elapsed time is 229.367254 seconds.

chan =

    93

Elapsed time is 230.210129 seconds.

chan =

    94

Elapsed time is 223.296719 seconds.

chan =

    95

Elapsed time is 224.326610 seconds.

chan =

    96

Elapsed time is 229.251668 seconds.

chan =

    97

Elapsed time is 228.141594 seconds.

chan =

    98

Elapsed time is 228.878637 seconds.

chan =

    99

Elapsed time is 219.439897 seconds.

chan =

   100

Elapsed time is 227.414169 seconds.

chan =

   101

Elapsed time is 228.150357 seconds.

chan =

   102

Elapsed time is 233.636611 seconds.

chan =

   103

Elapsed time is 230.964090 seconds.

chan =

   104

Elapsed time is 224.729800 seconds.

chan =

   105

Elapsed time is 223.051687 seconds.

chan =

   106

Elapsed time is 228.399636 seconds.

