getting started: 2952
attempting file: 2952
going for OH30 51
data loaded: OH30 51
HFB already done

chan =

     1

Elapsed time is 563.712987 seconds.

chan =

     2

Elapsed time is 540.673000 seconds.

chan =

     3

Elapsed time is 558.358464 seconds.

chan =

     4

Elapsed time is 575.771928 seconds.

chan =

     5

Elapsed time is 570.298436 seconds.

chan =

     6

Elapsed time is 565.322651 seconds.

chan =

     7

Elapsed time is 571.434051 seconds.

chan =

     8

Elapsed time is 566.116622 seconds.

chan =

     9

Elapsed time is 568.522171 seconds.

chan =

    10

Elapsed time is 565.270263 seconds.

chan =

    11

Elapsed time is 563.037307 seconds.

chan =

    12

Elapsed time is 560.911707 seconds.

chan =

    13

Elapsed time is 555.610805 seconds.

chan =

    14

Elapsed time is 544.877615 seconds.

chan =

    15

Elapsed time is 547.080851 seconds.

chan =

    16

Elapsed time is 542.283535 seconds.

chan =

    17

Elapsed time is 551.795984 seconds.

chan =

    18

Elapsed time is 550.467045 seconds.

chan =

    19

Elapsed time is 555.362700 seconds.

chan =

    20

Elapsed time is 525.100047 seconds.

chan =

    21

Elapsed time is 525.573677 seconds.

chan =

    22

Elapsed time is 538.398186 seconds.

chan =

    23

Elapsed time is 487.829476 seconds.

chan =

    24

Elapsed time is 520.546366 seconds.

chan =

    25

Elapsed time is 462.601791 seconds.

chan =

    26

Elapsed time is 459.802895 seconds.

chan =

    27

Elapsed time is 488.109151 seconds.

chan =

    28

Elapsed time is 482.326033 seconds.

chan =

    29

Elapsed time is 456.782010 seconds.

chan =

    30

Elapsed time is 455.320198 seconds.

chan =

    31

Elapsed time is 465.915114 seconds.

chan =

    32

Elapsed time is 462.157668 seconds.

chan =

    33

Elapsed time is 474.325503 seconds.

chan =

    34

Elapsed time is 479.631164 seconds.

chan =

    35

Elapsed time is 481.389312 seconds.

chan =

    36

Elapsed time is 482.727124 seconds.

chan =

    37

Elapsed time is 479.232093 seconds.

chan =

    38

Elapsed time is 473.985104 seconds.

chan =

    39

Elapsed time is 469.390047 seconds.

chan =

    40

Elapsed time is 471.842238 seconds.

chan =

    41

Elapsed time is 467.167456 seconds.

chan =

    42

Elapsed time is 458.379047 seconds.

chan =

    43

Elapsed time is 456.911651 seconds.

chan =

    44

Elapsed time is 636.789571 seconds.

chan =

    45

Elapsed time is 650.925935 seconds.

chan =

    46

Elapsed time is 639.049041 seconds.

chan =

    47

Elapsed time is 645.153185 seconds.

chan =

    48

Elapsed time is 641.460555 seconds.

chan =

    49

Elapsed time is 642.535896 seconds.

chan =

    50

Elapsed time is 628.315079 seconds.

chan =

    51

Elapsed time is 634.585183 seconds.

chan =

    52

Elapsed time is 624.849874 seconds.

chan =

    53

Elapsed time is 638.242482 seconds.

chan =

    54

Elapsed time is 644.089281 seconds.

chan =

    55

Elapsed time is 507.183921 seconds.

chan =

    56

Elapsed time is 456.560389 seconds.

chan =

    57

Elapsed time is 453.806392 seconds.

chan =

    58

Elapsed time is 466.345575 seconds.

chan =

    59

Elapsed time is 484.498949 seconds.

chan =

    60

Elapsed time is 507.190223 seconds.

chan =

    61

Elapsed time is 502.705716 seconds.

chan =

    62

Elapsed time is 499.426174 seconds.

chan =

    63

Elapsed time is 498.864302 seconds.

chan =

    64

Elapsed time is 496.126988 seconds.

chan =

    65

Elapsed time is 450.722627 seconds.

chan =

    66

Elapsed time is 450.520839 seconds.

chan =

    67

Elapsed time is 446.126605 seconds.

chan =

    68

Elapsed time is 448.253320 seconds.

chan =

    69

Elapsed time is 453.347438 seconds.

chan =

    70

Elapsed time is 451.047497 seconds.

chan =

    71

Elapsed time is 454.009124 seconds.

chan =

    72

Elapsed time is 453.194615 seconds.

chan =

    73

Elapsed time is 455.672018 seconds.

chan =

    74

Elapsed time is 456.372961 seconds.

chan =

    75

Elapsed time is 455.841823 seconds.

chan =

    76

Elapsed time is 453.008694 seconds.

chan =

    77

Elapsed time is 451.428605 seconds.

chan =

    78

Elapsed time is 452.873712 seconds.

chan =

    79

Elapsed time is 447.308592 seconds.

chan =

    80

Elapsed time is 451.094942 seconds.

chan =

    81

Elapsed time is 449.212144 seconds.

chan =

    82

Elapsed time is 451.174607 seconds.

chan =

    83

Elapsed time is 448.301471 seconds.

chan =

    84

Elapsed time is 453.231328 seconds.

chan =

    85

Elapsed time is 448.675737 seconds.

chan =

    86

Elapsed time is 444.401972 seconds.

chan =

    87

Elapsed time is 445.489405 seconds.

chan =

    88

Elapsed time is 445.626291 seconds.

chan =

    89

Elapsed time is 447.149223 seconds.

chan =

    90

Elapsed time is 448.579739 seconds.

chan =

    91

Elapsed time is 449.232424 seconds.

chan =

    92

Elapsed time is 446.900247 seconds.

chan =

    93

Elapsed time is 442.187273 seconds.

chan =

    94

Elapsed time is 440.289300 seconds.

chan =

    95

Elapsed time is 444.517287 seconds.

chan =

    96

Elapsed time is 444.938244 seconds.

chan =

    97

Elapsed time is 443.568996 seconds.

chan =

    98

Elapsed time is 444.742330 seconds.

chan =

    99

Elapsed time is 445.275757 seconds.

chan =

   100

Elapsed time is 444.721070 seconds.

chan =

   101

Elapsed time is 443.641252 seconds.

chan =

   102

Elapsed time is 445.033050 seconds.

chan =

   103

Elapsed time is 448.702554 seconds.

chan =

   104

Elapsed time is 447.226042 seconds.

chan =

   105

Elapsed time is 451.171131 seconds.

chan =

   106

Elapsed time is 446.461465 seconds.

chan =

   107

Elapsed time is 442.191811 seconds.

chan =

   108

Elapsed time is 443.747828 seconds.

chan =

   109

Elapsed time is 442.689598 seconds.

chan =

   110

Elapsed time is 443.696721 seconds.

chan =

   111

Elapsed time is 447.492166 seconds.

chan =

   112

Elapsed time is 449.042958 seconds.

chan =

   113

Elapsed time is 447.235406 seconds.

chan =

   114

Elapsed time is 446.848515 seconds.

chan =

   115

Elapsed time is 446.973006 seconds.

chan =

   116

Elapsed time is 446.852006 seconds.

chan =

   117

Elapsed time is 444.082687 seconds.

chan =

   118

Elapsed time is 442.366730 seconds.

chan =

   119

Elapsed time is 442.947014 seconds.

chan =

   120

Elapsed time is 443.654460 seconds.

chan =

   121

Elapsed time is 442.708795 seconds.

chan =

   122

Elapsed time is 442.556797 seconds.

chan =

   123

Elapsed time is 442.962415 seconds.

chan =

   124

Elapsed time is 440.277746 seconds.

chan =

   125

Elapsed time is 445.685166 seconds.

chan =

   126

Elapsed time is 444.367034 seconds.

chan =

   127

Elapsed time is 446.010193 seconds.

chan =

   128

Elapsed time is 442.065241 seconds.

chan =

   129

Elapsed time is 441.623577 seconds.

chan =

   130

Elapsed time is 446.739007 seconds.

chan =

   131

Elapsed time is 438.377456 seconds.

chan =

   132

Elapsed time is 445.897902 seconds.

chan =

   133

Elapsed time is 439.186529 seconds.

chan =

   134

Elapsed time is 442.003024 seconds.

chan =

   135

Elapsed time is 442.902739 seconds.

chan =

   136

Elapsed time is 443.798209 seconds.

chan =

   137

Elapsed time is 429.856176 seconds.

chan =

   138

Elapsed time is 613.631865 seconds.

chan =

   139

Elapsed time is 603.006881 seconds.
attempting saving
save success: /projects/p31578/dtf8829/QuestConnect/CHANDAT/chanDat_OH30_051.mat
working on TF
