getting started: 2910
attempting file: 2910
going for OH30 9
data loaded: OH30 9
HFB already done

chan =

     1

Elapsed time is 757.253386 seconds.

chan =

     2

Elapsed time is 761.616811 seconds.

chan =

     3

Elapsed time is 752.069379 seconds.

chan =

     4

Elapsed time is 752.760314 seconds.

chan =

     5

Elapsed time is 756.482807 seconds.

chan =

     6

Elapsed time is 746.224308 seconds.

chan =

     7

Elapsed time is 754.384512 seconds.

chan =

     8

Elapsed time is 748.223121 seconds.

chan =

     9

Elapsed time is 754.019457 seconds.

chan =

    10

Elapsed time is 745.680682 seconds.

chan =

    11

Elapsed time is 749.711463 seconds.

chan =

    12

Elapsed time is 745.946161 seconds.

chan =

    13

Elapsed time is 748.135199 seconds.

chan =

    14

Elapsed time is 748.113145 seconds.

chan =

    15

Elapsed time is 743.743206 seconds.

chan =

    16

Elapsed time is 746.799727 seconds.

chan =

    17

Elapsed time is 739.091214 seconds.

chan =

    18

Elapsed time is 749.826006 seconds.

chan =

    19

Elapsed time is 742.998339 seconds.

chan =

    20

Elapsed time is 743.071915 seconds.

chan =

    21

Elapsed time is 756.534173 seconds.

chan =

    22

Elapsed time is 750.562550 seconds.

chan =

    23

Elapsed time is 752.475741 seconds.

chan =

    24

Elapsed time is 751.098024 seconds.

chan =

    25

Elapsed time is 744.370722 seconds.

chan =

    26

Elapsed time is 751.848189 seconds.

chan =

    27

Elapsed time is 743.666589 seconds.

chan =

    28

Elapsed time is 753.681441 seconds.

chan =

    29

Elapsed time is 747.184874 seconds.

chan =

    30

Elapsed time is 750.557156 seconds.

chan =

    31

Elapsed time is 747.809808 seconds.

chan =

    32

Elapsed time is 753.053210 seconds.

chan =

    33

Elapsed time is 739.689882 seconds.

chan =

    34

Elapsed time is 755.962282 seconds.

chan =

    35

Elapsed time is 740.513380 seconds.

chan =

    36

Elapsed time is 752.637133 seconds.

chan =

    37

Elapsed time is 740.451595 seconds.

chan =

    38

Elapsed time is 752.141180 seconds.

chan =

    39

Elapsed time is 738.748663 seconds.

chan =

    40

Elapsed time is 749.479187 seconds.

chan =

    41

Elapsed time is 742.248623 seconds.

chan =

    42

Elapsed time is 745.833640 seconds.

chan =

    43

Elapsed time is 736.606602 seconds.

chan =

    44

Elapsed time is 748.307522 seconds.

chan =

    45

Elapsed time is 733.995497 seconds.

chan =

    46

Elapsed time is 747.238832 seconds.

chan =

    47

Elapsed time is 737.499367 seconds.

chan =

    48

Elapsed time is 748.410026 seconds.

chan =

    49

Elapsed time is 745.307306 seconds.

chan =

    50

Elapsed time is 752.209983 seconds.

chan =

    51

Elapsed time is 740.325003 seconds.

chan =

    52

Elapsed time is 753.864894 seconds.

chan =

    53

Elapsed time is 740.183043 seconds.

chan =

    54

Elapsed time is 754.847146 seconds.

chan =

    55

Elapsed time is 740.863300 seconds.

chan =

    56

Elapsed time is 750.986601 seconds.

chan =

    57

Elapsed time is 739.772335 seconds.

chan =

    58

Elapsed time is 747.239608 seconds.

chan =

    59

Elapsed time is 741.098528 seconds.

chan =

    60

Elapsed time is 747.911096 seconds.

chan =

    61

Elapsed time is 742.230122 seconds.

chan =

    62

Elapsed time is 752.668543 seconds.

chan =

    63

Elapsed time is 739.861436 seconds.

chan =

    64

Elapsed time is 750.018288 seconds.

chan =

    65

Elapsed time is 741.191954 seconds.

chan =

    66

Elapsed time is 752.774306 seconds.

chan =

    67

Elapsed time is 738.521693 seconds.

chan =

    68

Elapsed time is 742.697066 seconds.

chan =

    69

Elapsed time is 732.059710 seconds.

chan =

    70

Elapsed time is 741.988638 seconds.

chan =

    71

Elapsed time is 727.353012 seconds.

chan =

    72

Elapsed time is 745.481412 seconds.

chan =

    73

Elapsed time is 736.418394 seconds.

chan =

    74

Elapsed time is 742.413489 seconds.

chan =

    75

Elapsed time is 731.796547 seconds.

chan =

    76

Elapsed time is 738.697990 seconds.

chan =

    77

Elapsed time is 733.523826 seconds.

chan =

    78

Elapsed time is 739.316070 seconds.

chan =

    79

Elapsed time is 730.971736 seconds.

chan =

    80

Elapsed time is 742.695289 seconds.

chan =

    81

Elapsed time is 732.467009 seconds.

chan =

    82

Elapsed time is 735.713729 seconds.

chan =

    83

Elapsed time is 734.254517 seconds.

chan =

    84

Elapsed time is 738.061652 seconds.

chan =

    85

Elapsed time is 744.473701 seconds.

chan =

    86

Elapsed time is 745.767061 seconds.

chan =

    87

Elapsed time is 740.840874 seconds.

chan =

    88

Elapsed time is 756.116480 seconds.

chan =

    89

Elapsed time is 752.471258 seconds.

chan =

    90

Elapsed time is 757.402423 seconds.

chan =

    91

Elapsed time is 747.262461 seconds.

chan =

    92

