getting started: 2852
attempting file: 2852
going for OH27 58
data loaded: OH27 58
HFB already done

chan =

     1

Elapsed time is 275.542882 seconds.

chan =

     2

Elapsed time is 279.059602 seconds.

chan =

     3

Elapsed time is 275.823973 seconds.

chan =

     4

Elapsed time is 295.190789 seconds.

chan =

     5

Elapsed time is 294.782877 seconds.

chan =

     6

Elapsed time is 293.783632 seconds.

chan =

     7

Elapsed time is 294.773112 seconds.

chan =

     8

Elapsed time is 291.505772 seconds.

chan =

     9

Elapsed time is 284.974673 seconds.

chan =

    10

Elapsed time is 269.077778 seconds.

chan =

    11

Elapsed time is 273.428492 seconds.

chan =

    12

Elapsed time is 288.561087 seconds.

chan =

    13

Elapsed time is 288.735455 seconds.

chan =

    14

Elapsed time is 289.717238 seconds.

chan =

    15

Elapsed time is 288.598856 seconds.

chan =

    16

Elapsed time is 287.473132 seconds.

chan =

    17

Elapsed time is 288.245989 seconds.

chan =

    18

Elapsed time is 288.496560 seconds.

chan =

    19

Elapsed time is 288.025830 seconds.

chan =

    20

Elapsed time is 289.844575 seconds.

chan =

    21

Elapsed time is 290.776454 seconds.

chan =

    22

Elapsed time is 290.272687 seconds.

chan =

    23

Elapsed time is 289.737478 seconds.

chan =

    24

Elapsed time is 289.031660 seconds.

chan =

    25

Elapsed time is 289.606967 seconds.

chan =

    26

Elapsed time is 286.690411 seconds.

chan =

    27

Elapsed time is 289.537547 seconds.

chan =

    28

Elapsed time is 288.010970 seconds.

chan =

    29

Elapsed time is 289.261564 seconds.

chan =

    30

Elapsed time is 267.438687 seconds.

chan =

    31

Elapsed time is 274.187043 seconds.

chan =

    32

Elapsed time is 259.085427 seconds.

chan =

    33

Elapsed time is 270.064547 seconds.

chan =

    34

Elapsed time is 272.283968 seconds.

chan =

    35

Elapsed time is 263.527120 seconds.

chan =

    36

Elapsed time is 270.607127 seconds.

chan =

    37

Elapsed time is 247.311954 seconds.

chan =

    38

Elapsed time is 258.234256 seconds.

chan =

    39

Elapsed time is 267.777872 seconds.

chan =

    40

Elapsed time is 266.258547 seconds.

chan =

    41

Elapsed time is 264.104749 seconds.

chan =

    42

Elapsed time is 249.037389 seconds.

chan =

    43

Elapsed time is 265.010217 seconds.

chan =

    44

Elapsed time is 272.496407 seconds.

chan =

    45

Elapsed time is 260.640134 seconds.

chan =

    46

Elapsed time is 274.846503 seconds.

chan =

    47

Elapsed time is 271.101034 seconds.

chan =

    48

Elapsed time is 271.769854 seconds.

chan =

    49

Elapsed time is 268.838557 seconds.

chan =

    50

Elapsed time is 243.143890 seconds.

chan =

    51

Elapsed time is 242.507745 seconds.

chan =

    52

Elapsed time is 247.416410 seconds.

chan =

    53

Elapsed time is 461.498494 seconds.

chan =

    54

Elapsed time is 465.774010 seconds.

chan =

    55

Elapsed time is 464.491796 seconds.

chan =

    56

Elapsed time is 463.575866 seconds.

chan =

    57

Elapsed time is 465.094253 seconds.

chan =

    58

Elapsed time is 466.181648 seconds.

chan =

    59

Elapsed time is 465.354515 seconds.

chan =

    60

Elapsed time is 465.437075 seconds.

chan =

    61

Elapsed time is 466.065018 seconds.

chan =

    62

Elapsed time is 466.823799 seconds.

chan =

    63

Elapsed time is 466.515263 seconds.

chan =

    64

Elapsed time is 466.300819 seconds.

chan =

    65

Elapsed time is 465.072742 seconds.

chan =

    66

Elapsed time is 462.178569 seconds.

chan =

    67

Elapsed time is 464.060841 seconds.

chan =

    68

Elapsed time is 463.262174 seconds.

chan =

    69

Elapsed time is 462.976186 seconds.

chan =

    70

Elapsed time is 463.244924 seconds.

chan =

    71

Elapsed time is 465.417757 seconds.

chan =

    72

Elapsed time is 462.415439 seconds.

chan =

    73

Elapsed time is 461.376359 seconds.

chan =

    74

Elapsed time is 464.700933 seconds.

chan =

    75

Elapsed time is 466.339075 seconds.

chan =

    76

Elapsed time is 466.293428 seconds.

chan =

    77

Elapsed time is 462.874456 seconds.

chan =

    78

Elapsed time is 463.296475 seconds.

chan =

    79

Elapsed time is 464.605236 seconds.

chan =

    80

Elapsed time is 463.482295 seconds.

chan =

    81

Elapsed time is 462.719762 seconds.

chan =

    82

Elapsed time is 464.743977 seconds.

chan =

    83

Elapsed time is 465.103461 seconds.

chan =

    84

Elapsed time is 464.829060 seconds.

chan =

    85

Elapsed time is 461.926718 seconds.

chan =

    86

Elapsed time is 463.028230 seconds.

chan =

    87

Elapsed time is 464.657708 seconds.

chan =

    88

Elapsed time is 460.249049 seconds.

chan =

    89

Elapsed time is 464.983329 seconds.

chan =

    90

Elapsed time is 462.441040 seconds.

chan =

    91

Elapsed time is 464.498131 seconds.

chan =

    92

Elapsed time is 463.648047 seconds.

chan =

    93

Elapsed time is 458.965399 seconds.

chan =

    94

Elapsed time is 457.731017 seconds.

chan =

    95

Elapsed time is 456.076268 seconds.

chan =

    96

Elapsed time is 450.123928 seconds.

chan =

    97

Elapsed time is 456.392786 seconds.

chan =

    98

Elapsed time is 457.045217 seconds.

chan =

    99

Elapsed time is 455.523058 seconds.

chan =

   100

Elapsed time is 459.196850 seconds.

chan =

   101

Elapsed time is 460.533464 seconds.

chan =

   102

Elapsed time is 460.712169 seconds.

chan =

   103

Elapsed time is 459.378840 seconds.

chan =

   104

Elapsed time is 457.589195 seconds.

chan =

   105

Elapsed time is 456.404461 seconds.

chan =

   106

Elapsed time is 458.341742 seconds.

