getting started: 2940
attempting file: 2940
going for OH30 39
data loaded: OH30 39
HFB already done

chan =

     1

Elapsed time is 574.532398 seconds.

chan =

     2

Elapsed time is 572.940734 seconds.

chan =

     3

Elapsed time is 581.347923 seconds.

chan =

     4

Elapsed time is 596.430947 seconds.

chan =

     5

Elapsed time is 588.557038 seconds.

chan =

     6

Elapsed time is 586.743017 seconds.

chan =

     7

Elapsed time is 588.705320 seconds.

chan =

     8

Elapsed time is 589.349307 seconds.

chan =

     9

Elapsed time is 584.248946 seconds.

chan =

    10

Elapsed time is 579.376851 seconds.

chan =

    11

Elapsed time is 580.764265 seconds.

chan =

    12

Elapsed time is 583.521819 seconds.

chan =

    13

Elapsed time is 574.986334 seconds.

chan =

    14

Elapsed time is 562.696573 seconds.

chan =

    15

Elapsed time is 561.976154 seconds.

chan =

    16

Elapsed time is 561.811219 seconds.

chan =

    17

Elapsed time is 563.922573 seconds.

chan =

    18

Elapsed time is 563.694484 seconds.

chan =

    19

Elapsed time is 566.087722 seconds.

chan =

    20

Elapsed time is 567.884039 seconds.

chan =

    21

Elapsed time is 566.140161 seconds.

chan =

    22

Elapsed time is 566.716677 seconds.

chan =

    23

Elapsed time is 566.033172 seconds.

chan =

    24

Elapsed time is 567.523960 seconds.

chan =

    25

Elapsed time is 565.559351 seconds.

chan =

    26

Elapsed time is 569.328826 seconds.

chan =

    27

Elapsed time is 563.909267 seconds.

chan =

    28

Elapsed time is 568.034145 seconds.

chan =

    29

Elapsed time is 567.747718 seconds.

chan =

    30

Elapsed time is 569.265933 seconds.

chan =

    31

Elapsed time is 565.748966 seconds.

chan =

    32

Elapsed time is 567.704907 seconds.

chan =

    33

Elapsed time is 564.124339 seconds.

chan =

    34

Elapsed time is 566.290624 seconds.

chan =

    35

Elapsed time is 562.473822 seconds.

chan =

    36

Elapsed time is 565.349554 seconds.

chan =

    37

Elapsed time is 564.450662 seconds.

chan =

    38

Elapsed time is 567.106911 seconds.

chan =

    39

Elapsed time is 563.422488 seconds.

chan =

    40

Elapsed time is 567.227385 seconds.

chan =

    41

Elapsed time is 566.269722 seconds.

chan =

    42

Elapsed time is 568.518989 seconds.

chan =

    43

Elapsed time is 566.457068 seconds.

chan =

    44

Elapsed time is 566.390279 seconds.

chan =

    45

Elapsed time is 564.106567 seconds.

chan =

    46

Elapsed time is 571.668096 seconds.

chan =

    47

Elapsed time is 569.690577 seconds.

chan =

    48

Elapsed time is 567.840265 seconds.

chan =

    49

Elapsed time is 574.570394 seconds.

chan =

    50

Elapsed time is 574.920971 seconds.

chan =

    51

Elapsed time is 571.657525 seconds.

chan =

    52

Elapsed time is 571.020074 seconds.

chan =

    53

Elapsed time is 568.960554 seconds.

chan =

    54

Elapsed time is 571.098135 seconds.

chan =

    55

Elapsed time is 567.703327 seconds.

chan =

    56

Elapsed time is 569.303974 seconds.

chan =

    57

Elapsed time is 569.750546 seconds.

chan =

    58

Elapsed time is 571.251999 seconds.

chan =

    59

Elapsed time is 569.712337 seconds.

chan =

    60

Elapsed time is 568.389528 seconds.

chan =

    61

Elapsed time is 562.161623 seconds.

chan =

    62

Elapsed time is 556.651512 seconds.

chan =

    63

Elapsed time is 551.459394 seconds.

chan =

    64

Elapsed time is 553.554656 seconds.

chan =

    65

Elapsed time is 551.483113 seconds.

chan =

    66

Elapsed time is 550.461553 seconds.

chan =

    67

Elapsed time is 549.040446 seconds.

chan =

    68

Elapsed time is 553.034243 seconds.

chan =

    69

Elapsed time is 551.755811 seconds.

chan =

    70

Elapsed time is 555.837970 seconds.

chan =

    71

Elapsed time is 556.058752 seconds.

chan =

    72

Elapsed time is 559.691557 seconds.

chan =

    73

Elapsed time is 558.092553 seconds.

chan =

    74

Elapsed time is 560.338147 seconds.

chan =

    75

Elapsed time is 555.496934 seconds.

chan =

    76

Elapsed time is 555.963355 seconds.

chan =

    77

Elapsed time is 553.650636 seconds.

chan =

    78

Elapsed time is 556.897750 seconds.

chan =

    79

Elapsed time is 552.561917 seconds.

chan =

    80

Elapsed time is 557.324902 seconds.

chan =

    81

Elapsed time is 553.922598 seconds.

chan =

    82

Elapsed time is 554.291423 seconds.

chan =

    83

Elapsed time is 555.878294 seconds.

chan =

    84

Elapsed time is 559.986805 seconds.

chan =

    85

Elapsed time is 556.394823 seconds.

chan =

    86

Elapsed time is 557.667824 seconds.

chan =

    87

Elapsed time is 557.057214 seconds.

chan =

    88

Elapsed time is 558.862349 seconds.

chan =

    89

Elapsed time is 557.639909 seconds.

chan =

    90

Elapsed time is 560.471693 seconds.

chan =

    91

Elapsed time is 557.692649 seconds.

chan =

    92

Elapsed time is 558.860953 seconds.

chan =

    93

Elapsed time is 555.953366 seconds.

chan =

    94

Elapsed time is 555.798358 seconds.

chan =

    95

Elapsed time is 552.179393 seconds.

chan =

    96

Elapsed time is 547.474420 seconds.

chan =

    97

Elapsed time is 548.734971 seconds.

chan =

    98

Elapsed time is 551.451909 seconds.

chan =

    99

Elapsed time is 550.318495 seconds.

chan =

   100

Elapsed time is 551.026896 seconds.

chan =

   101

Elapsed time is 546.108944 seconds.

chan =

   102

Elapsed time is 549.428470 seconds.

chan =

   103

Elapsed time is 549.153457 seconds.

chan =

   104

Elapsed time is 550.769037 seconds.

chan =

   105

Elapsed time is 551.355428 seconds.

chan =

   106

Elapsed time is 551.730816 seconds.

chan =

   107

Elapsed time is 549.656708 seconds.

chan =

   108

Elapsed time is 550.428703 seconds.

chan =

   109

Elapsed time is 546.799708 seconds.

chan =

   110

Elapsed time is 550.919264 seconds.

chan =

   111

Elapsed time is 545.509856 seconds.

chan =

   112

Elapsed time is 544.864611 seconds.

chan =

   113

Elapsed time is 543.496064 seconds.

chan =

   114

Elapsed time is 546.775321 seconds.

chan =

   115

Elapsed time is 542.367137 seconds.

chan =

   116

Elapsed time is 543.715036 seconds.

chan =

   117

Elapsed time is 540.862816 seconds.

chan =

   118

Elapsed time is 541.028880 seconds.

chan =

   119

Elapsed time is 544.930584 seconds.

chan =

   120

Elapsed time is 548.345408 seconds.

chan =

   121

