getting started: 2902
attempting file: 2902
going for OH30 1
data loaded: OH30 1
HFB already done

chan =

     1

Elapsed time is 357.079040 seconds.

chan =

     2

Elapsed time is 353.070851 seconds.

chan =

     3

Elapsed time is 354.302135 seconds.

chan =

     4

Elapsed time is 355.553465 seconds.

chan =

     5

Elapsed time is 355.345557 seconds.

chan =

     6

Elapsed time is 363.049349 seconds.

chan =

     7

Elapsed time is 354.573668 seconds.

chan =

     8

Elapsed time is 354.798165 seconds.

chan =

     9

Elapsed time is 348.156497 seconds.

chan =

    10

Elapsed time is 348.233736 seconds.

chan =

    11

Elapsed time is 351.451048 seconds.

chan =

    12

Elapsed time is 349.970291 seconds.

chan =

    13

Elapsed time is 344.165467 seconds.

chan =

    14

Elapsed time is 354.219645 seconds.

chan =

    15

Elapsed time is 345.504790 seconds.

chan =

    16

Elapsed time is 350.742299 seconds.

chan =

    17

Elapsed time is 347.289195 seconds.

chan =

    18

Elapsed time is 348.028453 seconds.

chan =

    19

Elapsed time is 347.178554 seconds.

chan =

    20

Elapsed time is 352.247541 seconds.

chan =

    21

Elapsed time is 346.963479 seconds.

chan =

    22

Elapsed time is 348.956822 seconds.

chan =

    23

Elapsed time is 352.220601 seconds.

chan =

    24

Elapsed time is 353.422759 seconds.

chan =

    25

Elapsed time is 355.472868 seconds.

chan =

    26

Elapsed time is 351.897260 seconds.

chan =

    27

Elapsed time is 352.854847 seconds.

chan =

    28

Elapsed time is 352.784076 seconds.

chan =

    29

Elapsed time is 355.341042 seconds.

chan =

    30

Elapsed time is 355.065846 seconds.

chan =

    31

Elapsed time is 360.778382 seconds.

chan =

    32

Elapsed time is 352.265584 seconds.

chan =

    33

Elapsed time is 352.947167 seconds.

chan =

    34

Elapsed time is 352.197612 seconds.

chan =

    35

Elapsed time is 352.590199 seconds.

chan =

    36

Elapsed time is 352.343294 seconds.

chan =

    37

Elapsed time is 351.264118 seconds.

chan =

    38

Elapsed time is 348.563228 seconds.

chan =

    39

Elapsed time is 345.712529 seconds.

chan =

    40

Elapsed time is 347.362230 seconds.

chan =

    41

Elapsed time is 350.324661 seconds.

chan =

    42

Elapsed time is 354.377876 seconds.

chan =

    43

Elapsed time is 349.259298 seconds.

chan =

    44

Elapsed time is 354.786201 seconds.

chan =

    45

Elapsed time is 358.584313 seconds.

chan =

    46

Elapsed time is 347.524554 seconds.

chan =

    47

Elapsed time is 350.843900 seconds.

chan =

    48

Elapsed time is 349.826888 seconds.

chan =

    49

Elapsed time is 354.856210 seconds.

chan =

    50

Elapsed time is 355.895216 seconds.

chan =

    51

Elapsed time is 353.911196 seconds.

chan =

    52

Elapsed time is 350.742696 seconds.

chan =

    53

Elapsed time is 355.489621 seconds.

chan =

    54

Elapsed time is 354.100312 seconds.

chan =

    55

Elapsed time is 349.546948 seconds.

chan =

    56

Elapsed time is 350.738177 seconds.

chan =

    57

Elapsed time is 349.774573 seconds.

chan =

    58

Elapsed time is 350.828293 seconds.

chan =

    59

Elapsed time is 352.112043 seconds.

chan =

    60

Elapsed time is 353.490798 seconds.

chan =

    61

Elapsed time is 347.904642 seconds.

chan =

    62

Elapsed time is 357.641950 seconds.

chan =

    63

Elapsed time is 349.300477 seconds.

chan =

    64

Elapsed time is 346.797061 seconds.

chan =

    65

Elapsed time is 349.297871 seconds.

chan =

    66

Elapsed time is 346.573182 seconds.

chan =

    67

Elapsed time is 343.888306 seconds.

chan =

    68

Elapsed time is 350.243256 seconds.

chan =

    69

Elapsed time is 349.781623 seconds.

chan =

    70

Elapsed time is 349.488900 seconds.

chan =

    71

Elapsed time is 349.574122 seconds.

chan =

    72

Elapsed time is 350.678039 seconds.

chan =

    73

Elapsed time is 352.972738 seconds.

chan =

    74

Elapsed time is 350.152483 seconds.

chan =

    75

Elapsed time is 346.767310 seconds.

chan =

    76

Elapsed time is 351.030072 seconds.

chan =

    77

Elapsed time is 341.476947 seconds.

chan =

    78

Elapsed time is 349.224471 seconds.

chan =

    79

Elapsed time is 345.420886 seconds.

chan =

    80

Elapsed time is 347.463189 seconds.

chan =

    81

Elapsed time is 346.525399 seconds.

chan =

    82

Elapsed time is 346.046990 seconds.

chan =

    83

Elapsed time is 351.983120 seconds.

chan =

    84

Elapsed time is 349.584692 seconds.

chan =

    85

Elapsed time is 352.537582 seconds.

chan =

    86

Elapsed time is 353.980581 seconds.

chan =

    87

Elapsed time is 348.882413 seconds.

chan =

    88

Elapsed time is 349.860230 seconds.

chan =

    89

Elapsed time is 353.209299 seconds.

chan =

    90

Elapsed time is 356.190293 seconds.

chan =

    91

Elapsed time is 351.380677 seconds.

chan =

    92

Elapsed time is 353.436181 seconds.

chan =

    93

Elapsed time is 352.633694 seconds.

chan =

    94

Elapsed time is 352.057455 seconds.

chan =

    95

Elapsed time is 349.898117 seconds.

chan =

    96

Elapsed time is 349.707691 seconds.

chan =

    97

Elapsed time is 347.289337 seconds.

chan =

    98

Elapsed time is 349.038069 seconds.

chan =

    99

Elapsed time is 348.747708 seconds.

chan =

   100

Elapsed time is 355.763979 seconds.

chan =

   101

Elapsed time is 346.929940 seconds.

chan =

   102

Elapsed time is 348.086423 seconds.

chan =

   103

Elapsed time is 350.577975 seconds.

chan =

   104

Elapsed time is 346.772156 seconds.

chan =

   105

Elapsed time is 348.401138 seconds.

chan =

   106

Elapsed time is 349.344488 seconds.

chan =

   107

Elapsed time is 346.898973 seconds.

chan =

   108

Elapsed time is 348.210602 seconds.

chan =

   109

Elapsed time is 342.328697 seconds.

chan =

   110

Elapsed time is 343.376065 seconds.

chan =

   111

Elapsed time is 347.115954 seconds.

chan =

   112

Elapsed time is 348.265011 seconds.

chan =

   113

Elapsed time is 347.168568 seconds.

chan =

   114

Elapsed time is 342.952993 seconds.

chan =

   115

Elapsed time is 349.280889 seconds.

chan =

   116

Elapsed time is 341.303691 seconds.

chan =

   117

Elapsed time is 340.527814 seconds.

chan =

   118

Elapsed time is 342.613457 seconds.

chan =

   119

Elapsed time is 347.244160 seconds.

chan =

   120

Elapsed time is 347.911553 seconds.

chan =

   121

Elapsed time is 347.482445 seconds.

chan =

   122

Elapsed time is 343.685182 seconds.

chan =

   123

Elapsed time is 344.645645 seconds.

chan =

   124

Elapsed time is 346.229817 seconds.

chan =

   125

Elapsed time is 343.373313 seconds.

chan =

   126

Elapsed time is 348.946546 seconds.

chan =

   127

Elapsed time is 344.998298 seconds.

chan =

   128

Elapsed time is 342.097664 seconds.

chan =

   129

Elapsed time is 347.785083 seconds.

chan =

   130

Elapsed time is 347.044470 seconds.

chan =

   131

Elapsed time is 337.662827 seconds.

chan =

   132

Elapsed time is 330.052009 seconds.

chan =

   133

Elapsed time is 331.968078 seconds.

chan =

   134

Elapsed time is 331.359258 seconds.

chan =

   135

Elapsed time is 332.591170 seconds.

chan =

   136

Elapsed time is 332.620000 seconds.

chan =

   137

Elapsed time is 331.620288 seconds.

chan =

   138

Elapsed time is 333.095430 seconds.

chan =

   139

Elapsed time is 328.141457 seconds.
attempting saving
save success: /projects/p31578/dtf8829/QuestConnect/CHANDAT/chanDat_OH30_001.mat
working on TF
encoding done
encoding RT done
