getting started: 2937
attempting file: 2937
going for OH30 36
data loaded: OH30 36
HFB already done

chan =

     1

Elapsed time is 517.252872 seconds.

chan =

     2

Elapsed time is 519.937181 seconds.

chan =

     3

Elapsed time is 510.675489 seconds.

chan =

     4

Elapsed time is 515.190867 seconds.

chan =

     5

Elapsed time is 520.714826 seconds.

chan =

     6

Elapsed time is 516.524842 seconds.

chan =

     7

Elapsed time is 517.368115 seconds.

chan =

     8

Elapsed time is 517.395432 seconds.

chan =

     9

Elapsed time is 522.310003 seconds.

chan =

    10

Elapsed time is 511.930563 seconds.

chan =

    11

Elapsed time is 516.135002 seconds.

chan =

    12

Elapsed time is 512.958325 seconds.

chan =

    13

Elapsed time is 509.930724 seconds.

chan =

    14

Elapsed time is 513.236456 seconds.

chan =

    15

Elapsed time is 512.776474 seconds.

chan =

    16

Elapsed time is 512.252734 seconds.

chan =

    17

Elapsed time is 496.785283 seconds.

chan =

    18

Elapsed time is 508.570372 seconds.

chan =

    19

Elapsed time is 510.815441 seconds.

chan =

    20

Elapsed time is 503.951044 seconds.

chan =

    21

Elapsed time is 509.322723 seconds.

chan =

    22

Elapsed time is 505.300860 seconds.

chan =

    23

Elapsed time is 506.105110 seconds.

chan =

    24

Elapsed time is 502.195936 seconds.

chan =

    25

Elapsed time is 501.871173 seconds.

chan =

    26

Elapsed time is 500.076189 seconds.

chan =

    27

Elapsed time is 503.275395 seconds.

chan =

    28

Elapsed time is 504.203568 seconds.

chan =

    29

Elapsed time is 483.757513 seconds.

chan =

    30

Elapsed time is 817.418676 seconds.

chan =

    31

Elapsed time is 689.171444 seconds.

chan =

    32

Elapsed time is 800.122665 seconds.

chan =

    33

Elapsed time is 593.533644 seconds.

chan =

    34

Elapsed time is 846.221182 seconds.

chan =

    35

Elapsed time is 811.214496 seconds.

chan =

    36

Elapsed time is 509.810326 seconds.

chan =

    37

Elapsed time is 492.737864 seconds.

chan =

    38

Elapsed time is 719.287439 seconds.

chan =

    39

Elapsed time is 894.546034 seconds.

chan =

    40

Elapsed time is 890.152267 seconds.

chan =

    41

Elapsed time is 803.462026 seconds.

chan =

    42

Elapsed time is 928.077878 seconds.

chan =

    43

Elapsed time is 929.022348 seconds.

chan =

    44

Elapsed time is 930.191565 seconds.

chan =

    45

Elapsed time is 930.476772 seconds.

chan =

    46

Elapsed time is 924.330950 seconds.

chan =

    47

Elapsed time is 923.153799 seconds.

chan =

    48

Elapsed time is 920.242101 seconds.

chan =

    49

Elapsed time is 914.359307 seconds.

chan =

    50

Elapsed time is 919.545023 seconds.

chan =

    51

Elapsed time is 919.434539 seconds.

chan =

    52

Elapsed time is 913.541796 seconds.

chan =

    53

Elapsed time is 921.296932 seconds.

chan =

    54

Elapsed time is 909.292918 seconds.

chan =

    55

Elapsed time is 905.457117 seconds.

chan =

    56

Elapsed time is 897.718158 seconds.

chan =

    57

Elapsed time is 895.854393 seconds.

chan =

    58

Elapsed time is 904.112406 seconds.

chan =

    59

Elapsed time is 899.807808 seconds.

chan =

    60

Elapsed time is 894.406143 seconds.

chan =

    61

Elapsed time is 893.357649 seconds.

chan =

    62

Elapsed time is 895.373636 seconds.

chan =

    63

Elapsed time is 564.089885 seconds.

chan =

    64

Elapsed time is 627.997325 seconds.

chan =

    65

Elapsed time is 648.481709 seconds.

chan =

    66

Elapsed time is 506.883975 seconds.

chan =

    67

Elapsed time is 429.380832 seconds.

chan =

    68

Elapsed time is 433.592550 seconds.

chan =

    69

Elapsed time is 430.672445 seconds.

chan =

    70

Elapsed time is 431.145523 seconds.

chan =

    71

Elapsed time is 434.034719 seconds.

chan =

    72

Elapsed time is 434.556633 seconds.

chan =

    73

Elapsed time is 434.391693 seconds.

chan =

    74

Elapsed time is 436.741125 seconds.

chan =

    75

Elapsed time is 431.609117 seconds.

chan =

    76

Elapsed time is 432.952951 seconds.

chan =

    77

Elapsed time is 431.040603 seconds.

chan =

    78

Elapsed time is 434.401459 seconds.

chan =

    79

Elapsed time is 432.498144 seconds.

chan =

    80

Elapsed time is 429.901856 seconds.

chan =

    81

Elapsed time is 431.747831 seconds.

chan =

    82

Elapsed time is 433.327119 seconds.

chan =

    83

Elapsed time is 431.363370 seconds.

chan =

    84

Elapsed time is 431.967878 seconds.

chan =

    85

Elapsed time is 433.432345 seconds.

chan =

    86

Elapsed time is 434.686766 seconds.

chan =

    87

Elapsed time is 433.533758 seconds.

chan =

    88

Elapsed time is 433.065835 seconds.

chan =

    89

Elapsed time is 435.918204 seconds.

chan =

    90

Elapsed time is 434.377452 seconds.

chan =

    91

Elapsed time is 437.659504 seconds.

chan =

    92

Elapsed time is 432.672698 seconds.

chan =

    93

Elapsed time is 434.172211 seconds.

chan =

    94

Elapsed time is 433.803096 seconds.

chan =

    95

Elapsed time is 437.107963 seconds.

chan =

    96

Elapsed time is 430.938746 seconds.

chan =

    97

Elapsed time is 437.717637 seconds.

chan =

    98

Elapsed time is 434.751805 seconds.

chan =

    99

Elapsed time is 436.393925 seconds.

chan =

   100

Elapsed time is 436.292237 seconds.

chan =

   101

Elapsed time is 434.241828 seconds.

chan =

   102

Elapsed time is 434.955455 seconds.

chan =

   103

Elapsed time is 436.959431 seconds.

chan =

   104

Elapsed time is 439.181064 seconds.

chan =

   105

Elapsed time is 443.935220 seconds.

chan =

   106

Elapsed time is 442.261419 seconds.

chan =

   107

Elapsed time is 442.931605 seconds.

chan =

   108

Elapsed time is 440.626306 seconds.

chan =

   109

Elapsed time is 438.510794 seconds.

chan =

   110

Elapsed time is 433.639890 seconds.

chan =

   111

Elapsed time is 427.937168 seconds.

chan =

   112

Elapsed time is 434.793163 seconds.

chan =

   113

Elapsed time is 432.463625 seconds.

chan =

   114

Elapsed time is 433.675191 seconds.

chan =

   115

Elapsed time is 434.189522 seconds.

chan =

   116

Elapsed time is 432.911620 seconds.

chan =

   117

Elapsed time is 430.164113 seconds.

chan =

   118

Elapsed time is 432.009492 seconds.

chan =

   119

