getting started: 2878
attempting file: 2878
going for OH27 84
data loaded: OH27 84
HFB already done

chan =

     1

Elapsed time is 229.426843 seconds.

chan =

     2

Elapsed time is 226.864766 seconds.

chan =

     3

Elapsed time is 224.213026 seconds.

chan =

     4

Elapsed time is 223.371663 seconds.

chan =

     5

Elapsed time is 224.124508 seconds.

chan =

     6

Elapsed time is 244.232499 seconds.

chan =

     7

Elapsed time is 230.229885 seconds.

chan =

     8

Elapsed time is 228.543161 seconds.

chan =

     9

Elapsed time is 234.913858 seconds.

chan =

    10

Elapsed time is 229.872671 seconds.

chan =

    11

Elapsed time is 228.744072 seconds.

chan =

    12

Elapsed time is 234.575872 seconds.

chan =

    13

Elapsed time is 234.142207 seconds.

chan =

    14

Elapsed time is 228.042023 seconds.

chan =

    15

Elapsed time is 234.258316 seconds.

chan =

    16

Elapsed time is 229.794360 seconds.

chan =

    17

Elapsed time is 234.316595 seconds.

chan =

    18

Elapsed time is 229.187613 seconds.

chan =

    19

Elapsed time is 225.493679 seconds.

chan =

    20

Elapsed time is 234.717489 seconds.

chan =

    21

Elapsed time is 234.075047 seconds.

chan =

    22

Elapsed time is 231.097738 seconds.

chan =

    23

Elapsed time is 235.950140 seconds.

chan =

    24

Elapsed time is 230.611492 seconds.

chan =

    25

Elapsed time is 232.247752 seconds.

chan =

    26

Elapsed time is 229.709609 seconds.

chan =

    27

Elapsed time is 235.069620 seconds.

chan =

    28

Elapsed time is 233.109725 seconds.

chan =

    29

Elapsed time is 234.681385 seconds.

chan =

    30

Elapsed time is 235.661262 seconds.

chan =

    31

Elapsed time is 229.329788 seconds.

chan =

    32

Elapsed time is 228.256136 seconds.

chan =

    33

Elapsed time is 227.345226 seconds.

chan =

    34

Elapsed time is 233.569992 seconds.

chan =

    35

Elapsed time is 228.963521 seconds.

chan =

    36

Elapsed time is 227.089981 seconds.

chan =

    37

Elapsed time is 233.062172 seconds.

chan =

    38

Elapsed time is 231.441987 seconds.

chan =

    39

Elapsed time is 231.780585 seconds.

chan =

    40

Elapsed time is 235.931381 seconds.

chan =

    41

Elapsed time is 234.128963 seconds.

chan =

    42

Elapsed time is 233.964136 seconds.

chan =

    43

Elapsed time is 228.193071 seconds.

chan =

    44

Elapsed time is 234.050652 seconds.

chan =

    45

Elapsed time is 237.571595 seconds.

chan =

    46

Elapsed time is 237.431413 seconds.

chan =

    47

Elapsed time is 234.220283 seconds.

chan =

    48

Elapsed time is 235.118804 seconds.

chan =

    49

Elapsed time is 234.255246 seconds.

chan =

    50

Elapsed time is 227.794689 seconds.

chan =

    51

Elapsed time is 228.230883 seconds.

chan =

    52

Elapsed time is 232.393042 seconds.

chan =

    53

Elapsed time is 231.817243 seconds.

chan =

    54

Elapsed time is 229.921902 seconds.

chan =

    55

Elapsed time is 237.025682 seconds.

chan =

    56

Elapsed time is 229.766279 seconds.

chan =

    57

Elapsed time is 230.001750 seconds.

chan =

    58

Elapsed time is 232.211751 seconds.

chan =

    59

Elapsed time is 230.766999 seconds.

chan =

    60

Elapsed time is 235.687899 seconds.

chan =

    61

Elapsed time is 228.602746 seconds.

chan =

    62

Elapsed time is 229.038490 seconds.

chan =

    63

Elapsed time is 230.281408 seconds.

chan =

    64

Elapsed time is 229.821066 seconds.

chan =

    65

Elapsed time is 231.469936 seconds.

chan =

    66

Elapsed time is 234.062552 seconds.

chan =

    67

Elapsed time is 237.605324 seconds.

chan =

    68

Elapsed time is 231.778343 seconds.

chan =

    69

Elapsed time is 226.636949 seconds.

chan =

    70

Elapsed time is 225.296544 seconds.

chan =

    71

Elapsed time is 228.083462 seconds.

chan =

    72

Elapsed time is 232.075242 seconds.

chan =

    73

Elapsed time is 235.676232 seconds.

chan =

    74

Elapsed time is 235.156121 seconds.

chan =

    75

Elapsed time is 233.264907 seconds.

chan =

    76

Elapsed time is 235.930524 seconds.

chan =

    77

Elapsed time is 234.455892 seconds.

chan =

    78

Elapsed time is 235.949092 seconds.

chan =

    79

Elapsed time is 231.718491 seconds.

chan =

    80

Elapsed time is 232.032378 seconds.

chan =

    81

Elapsed time is 231.451795 seconds.

chan =

    82

Elapsed time is 236.025421 seconds.

chan =

    83

Elapsed time is 232.849927 seconds.

chan =

    84

Elapsed time is 232.076064 seconds.

chan =

    85

Elapsed time is 234.081480 seconds.

chan =

    86

Elapsed time is 234.893483 seconds.

chan =

    87

Elapsed time is 227.835802 seconds.

chan =

    88

Elapsed time is 225.983050 seconds.

chan =

    89

Elapsed time is 232.133888 seconds.

chan =

    90

Elapsed time is 234.774678 seconds.

chan =

    91

Elapsed time is 233.764241 seconds.

chan =

    92

Elapsed time is 232.655271 seconds.

chan =

    93

Elapsed time is 232.169371 seconds.

chan =

    94

Elapsed time is 239.226991 seconds.

chan =

    95

Elapsed time is 234.860412 seconds.

chan =

    96

Elapsed time is 235.221234 seconds.

chan =

    97

Elapsed time is 237.180995 seconds.

chan =

    98

Elapsed time is 233.626966 seconds.

chan =

    99

Elapsed time is 234.732354 seconds.

chan =

   100

Elapsed time is 232.872373 seconds.

chan =

   101

Elapsed time is 236.705033 seconds.

chan =

   102

Elapsed time is 233.657689 seconds.

chan =

   103

Elapsed time is 233.831725 seconds.

chan =

   104

Elapsed time is 237.117493 seconds.

chan =

   105

Elapsed time is 227.042497 seconds.

chan =

   106

Elapsed time is 219.850089 seconds.

