getting started: 2880
attempting file: 2880
going for OH27 86
data loaded: OH27 86
HFB already done

chan =

     1

Elapsed time is 228.462935 seconds.

chan =

     2

Elapsed time is 226.575130 seconds.

chan =

     3

Elapsed time is 222.714248 seconds.

chan =

     4

Elapsed time is 223.400411 seconds.

chan =

     5

Elapsed time is 223.621535 seconds.

chan =

     6

Elapsed time is 243.145951 seconds.

chan =

     7

Elapsed time is 230.149020 seconds.

chan =

     8

Elapsed time is 227.379483 seconds.

chan =

     9

Elapsed time is 235.623093 seconds.

chan =

    10

Elapsed time is 227.903430 seconds.

chan =

    11

Elapsed time is 228.256512 seconds.

chan =

    12

Elapsed time is 233.206020 seconds.

chan =

    13

Elapsed time is 233.769293 seconds.

chan =

    14

Elapsed time is 228.275457 seconds.

chan =

    15

Elapsed time is 234.387658 seconds.

chan =

    16

Elapsed time is 230.365532 seconds.

chan =

    17

Elapsed time is 232.819262 seconds.

chan =

    18

Elapsed time is 229.739144 seconds.

chan =

    19

Elapsed time is 225.095367 seconds.

chan =

    20

Elapsed time is 234.054753 seconds.

chan =

    21

Elapsed time is 231.741752 seconds.

chan =

    22

Elapsed time is 231.568014 seconds.

chan =

    23

Elapsed time is 235.496680 seconds.

chan =

    24

Elapsed time is 229.106613 seconds.

chan =

    25

Elapsed time is 232.420523 seconds.

chan =

    26

Elapsed time is 228.666899 seconds.

chan =

    27

Elapsed time is 232.637586 seconds.

chan =

    28

Elapsed time is 233.738623 seconds.

chan =

    29

Elapsed time is 233.968295 seconds.

chan =

    30

Elapsed time is 236.573666 seconds.

chan =

    31

Elapsed time is 228.019632 seconds.

chan =

    32

Elapsed time is 226.648007 seconds.

chan =

    33

Elapsed time is 226.672792 seconds.

chan =

    34

Elapsed time is 229.549721 seconds.

chan =

    35

Elapsed time is 230.071768 seconds.

chan =

    36

Elapsed time is 223.885759 seconds.

chan =

    37

Elapsed time is 231.881411 seconds.

chan =

    38

Elapsed time is 229.012219 seconds.

chan =

    39

Elapsed time is 231.722433 seconds.

chan =

    40

Elapsed time is 235.396467 seconds.

chan =

    41

Elapsed time is 233.221048 seconds.

chan =

    42

Elapsed time is 234.631733 seconds.

chan =

    43

Elapsed time is 226.651739 seconds.

chan =

    44

Elapsed time is 234.531814 seconds.

chan =

    45

Elapsed time is 235.423441 seconds.

chan =

    46

Elapsed time is 236.681241 seconds.

chan =

    47

Elapsed time is 231.626389 seconds.

chan =

    48

Elapsed time is 231.700762 seconds.

chan =

    49

Elapsed time is 232.406264 seconds.

chan =

    50

Elapsed time is 229.616872 seconds.

chan =

    51

Elapsed time is 227.616275 seconds.

chan =

    52

Elapsed time is 232.997946 seconds.

chan =

    53

Elapsed time is 230.809329 seconds.

chan =

    54

Elapsed time is 230.206726 seconds.

chan =

    55

Elapsed time is 233.551935 seconds.

chan =

    56

Elapsed time is 231.471079 seconds.

chan =

    57

Elapsed time is 229.130154 seconds.

chan =

    58

Elapsed time is 231.399683 seconds.

chan =

    59

Elapsed time is 234.092416 seconds.

chan =

    60

Elapsed time is 234.279444 seconds.

chan =

    61

Elapsed time is 228.775514 seconds.

chan =

    62

Elapsed time is 228.038652 seconds.

chan =

    63

Elapsed time is 227.721881 seconds.

chan =

    64

Elapsed time is 231.058564 seconds.

chan =

    65

Elapsed time is 228.441488 seconds.

chan =

    66

Elapsed time is 234.017567 seconds.

chan =

    67

Elapsed time is 235.728179 seconds.

chan =

    68

Elapsed time is 232.023420 seconds.

chan =

    69

Elapsed time is 226.187800 seconds.

chan =

    70

Elapsed time is 224.212999 seconds.

chan =

    71

Elapsed time is 227.280545 seconds.

chan =

    72

Elapsed time is 230.278846 seconds.

chan =

    73

Elapsed time is 234.435713 seconds.

chan =

    74

Elapsed time is 233.565111 seconds.

chan =

    75

Elapsed time is 233.893552 seconds.

chan =

    76

Elapsed time is 233.082784 seconds.

chan =

    77

Elapsed time is 233.631878 seconds.

chan =

    78

Elapsed time is 231.710587 seconds.

chan =

    79

Elapsed time is 231.760383 seconds.

chan =

    80

Elapsed time is 232.211608 seconds.

chan =

    81

Elapsed time is 226.890869 seconds.

chan =

    82

Elapsed time is 234.213099 seconds.

chan =

    83

Elapsed time is 233.636110 seconds.

chan =

    84

Elapsed time is 232.067286 seconds.

chan =

    85

Elapsed time is 229.578048 seconds.

chan =

    86

Elapsed time is 236.982913 seconds.

chan =

    87

Elapsed time is 227.079472 seconds.

chan =

    88

Elapsed time is 224.720349 seconds.

chan =

    89

Elapsed time is 228.328899 seconds.

chan =

    90

Elapsed time is 236.023461 seconds.

chan =

    91

Elapsed time is 232.058999 seconds.

chan =

    92

Elapsed time is 230.350850 seconds.

chan =

    93

Elapsed time is 232.988379 seconds.

chan =

    94

Elapsed time is 237.385326 seconds.

chan =

    95

Elapsed time is 234.660286 seconds.

chan =

    96

Elapsed time is 234.387414 seconds.

chan =

    97

Elapsed time is 237.683565 seconds.

chan =

    98

Elapsed time is 231.017724 seconds.

chan =

    99

Elapsed time is 233.940991 seconds.

chan =

   100

Elapsed time is 232.105903 seconds.

chan =

   101

Elapsed time is 238.819353 seconds.

chan =

   102

Elapsed time is 233.301247 seconds.

chan =

   103

Elapsed time is 231.004640 seconds.

chan =

   104

Elapsed time is 236.482776 seconds.

chan =

   105

Elapsed time is 229.615464 seconds.

chan =

   106

Elapsed time is 219.128616 seconds.

