getting started: 2943
attempting file: 2943
going for OH30 42
data loaded: OH30 42
HFB already done

chan =

     1

Elapsed time is 571.201630 seconds.

chan =

     2

Elapsed time is 569.918596 seconds.

chan =

     3

Elapsed time is 581.971165 seconds.

chan =

     4

Elapsed time is 593.622348 seconds.

chan =

     5

Elapsed time is 586.777415 seconds.

chan =

     6

Elapsed time is 583.823161 seconds.

chan =

     7

Elapsed time is 585.884759 seconds.

chan =

     8

Elapsed time is 584.689061 seconds.

chan =

     9

Elapsed time is 583.197300 seconds.

chan =

    10

Elapsed time is 580.597759 seconds.

chan =

    11

Elapsed time is 583.278636 seconds.

chan =

    12

Elapsed time is 583.780432 seconds.

chan =

    13

Elapsed time is 577.094193 seconds.

chan =

    14

Elapsed time is 563.948212 seconds.

chan =

    15

Elapsed time is 564.412030 seconds.

chan =

    16

Elapsed time is 563.913756 seconds.

chan =

    17

Elapsed time is 562.765185 seconds.

chan =

    18

Elapsed time is 563.029796 seconds.

chan =

    19

Elapsed time is 562.856146 seconds.

chan =

    20

Elapsed time is 567.802039 seconds.

chan =

    21

Elapsed time is 564.293301 seconds.

chan =

    22

Elapsed time is 562.968211 seconds.

chan =

    23

Elapsed time is 565.187679 seconds.

chan =

    24

Elapsed time is 564.955722 seconds.

chan =

    25

Elapsed time is 566.330619 seconds.

chan =

    26

Elapsed time is 563.079155 seconds.

chan =

    27

Elapsed time is 563.528634 seconds.

chan =

    28

Elapsed time is 564.621471 seconds.

chan =

    29

Elapsed time is 565.464282 seconds.

chan =

    30

Elapsed time is 565.967479 seconds.

chan =

    31

Elapsed time is 564.627876 seconds.

chan =

    32

Elapsed time is 565.540673 seconds.

chan =

    33

Elapsed time is 562.664423 seconds.

chan =

    34

Elapsed time is 561.900331 seconds.

chan =

    35

Elapsed time is 562.889664 seconds.

chan =

    36

Elapsed time is 562.652624 seconds.

chan =

    37

Elapsed time is 563.612787 seconds.

chan =

    38

Elapsed time is 563.987511 seconds.

chan =

    39

Elapsed time is 560.502885 seconds.

chan =

    40

Elapsed time is 566.197985 seconds.

chan =

    41

Elapsed time is 564.974694 seconds.

chan =

    42

Elapsed time is 564.773814 seconds.

chan =

    43

Elapsed time is 564.265677 seconds.

chan =

    44

Elapsed time is 565.011727 seconds.

chan =

    45

Elapsed time is 562.319483 seconds.

chan =

    46

Elapsed time is 567.652921 seconds.

chan =

    47

Elapsed time is 568.695694 seconds.

chan =

    48

Elapsed time is 564.683695 seconds.

chan =

    49

Elapsed time is 571.514408 seconds.

chan =

    50

Elapsed time is 569.798313 seconds.

chan =

    51

Elapsed time is 569.184620 seconds.

chan =

    52

Elapsed time is 568.680834 seconds.

chan =

    53

Elapsed time is 566.988893 seconds.

chan =

    54

Elapsed time is 568.913350 seconds.

chan =

    55

Elapsed time is 568.579799 seconds.

chan =

    56

Elapsed time is 566.233203 seconds.

chan =

    57

Elapsed time is 567.677857 seconds.

chan =

    58

Elapsed time is 569.144980 seconds.

chan =

    59

Elapsed time is 569.812354 seconds.

chan =

    60

Elapsed time is 566.690389 seconds.

chan =

    61

Elapsed time is 564.145505 seconds.

chan =

    62

Elapsed time is 553.379374 seconds.

chan =

    63

Elapsed time is 550.089288 seconds.

chan =

    64

Elapsed time is 549.777864 seconds.

chan =

    65

Elapsed time is 550.465798 seconds.

chan =

    66

Elapsed time is 548.079083 seconds.

chan =

    67

Elapsed time is 548.108922 seconds.

chan =

    68

Elapsed time is 550.930439 seconds.

chan =

    69

Elapsed time is 549.844803 seconds.

chan =

    70

Elapsed time is 552.441100 seconds.

chan =

    71

Elapsed time is 554.765907 seconds.

chan =

    72

Elapsed time is 557.176554 seconds.

chan =

    73

Elapsed time is 557.258965 seconds.

chan =

    74

Elapsed time is 557.878298 seconds.

chan =

    75

Elapsed time is 554.982615 seconds.

chan =

    76

Elapsed time is 554.002312 seconds.

chan =

    77

Elapsed time is 552.027343 seconds.

chan =

    78

Elapsed time is 555.673266 seconds.

chan =

    79

Elapsed time is 551.917645 seconds.

chan =

    80

Elapsed time is 554.861075 seconds.

chan =

    81

Elapsed time is 552.469249 seconds.

chan =

    82

Elapsed time is 553.087191 seconds.

chan =

    83

Elapsed time is 555.700816 seconds.

chan =

    84

Elapsed time is 556.388686 seconds.

chan =

    85

Elapsed time is 557.627197 seconds.

chan =

    86

Elapsed time is 556.474834 seconds.

chan =

    87

Elapsed time is 556.087941 seconds.

chan =

    88

Elapsed time is 557.115659 seconds.

chan =

    89

Elapsed time is 556.476285 seconds.

chan =

    90

Elapsed time is 557.223981 seconds.

chan =

    91

Elapsed time is 556.546738 seconds.

chan =

    92

Elapsed time is 555.642105 seconds.

chan =

    93

Elapsed time is 553.284750 seconds.

chan =

    94

Elapsed time is 554.373792 seconds.

chan =

    95

Elapsed time is 553.832878 seconds.

chan =

    96

Elapsed time is 546.057410 seconds.

chan =

    97

Elapsed time is 547.029593 seconds.

chan =

    98

Elapsed time is 548.239068 seconds.

chan =

    99

Elapsed time is 548.131595 seconds.

chan =

   100

Elapsed time is 549.509585 seconds.

chan =

   101

Elapsed time is 545.584444 seconds.

chan =

   102

Elapsed time is 548.143626 seconds.

chan =

   103

Elapsed time is 547.920046 seconds.

chan =

   104

Elapsed time is 548.142895 seconds.

chan =

   105

Elapsed time is 548.841267 seconds.

chan =

   106

Elapsed time is 547.828942 seconds.

chan =

   107

Elapsed time is 548.480623 seconds.

chan =

   108

Elapsed time is 548.452201 seconds.

chan =

   109

Elapsed time is 546.073295 seconds.

chan =

   110

Elapsed time is 547.330956 seconds.

chan =

   111

Elapsed time is 546.075017 seconds.

chan =

   112

Elapsed time is 543.300746 seconds.

chan =

   113

Elapsed time is 543.105158 seconds.

chan =

   114

Elapsed time is 541.630578 seconds.

chan =

   115

Elapsed time is 540.658456 seconds.

chan =

   116

Elapsed time is 537.796662 seconds.

chan =

   117

Elapsed time is 541.293328 seconds.

chan =

   118

Elapsed time is 537.427149 seconds.

chan =

   119

Elapsed time is 542.784132 seconds.

chan =

   120

Elapsed time is 544.255530 seconds.

chan =

   121

Elapsed time is 545.842560 seconds.

chan =

   122

