getting started: 2988
attempting file: 2988
going for OH30 87
data loaded: OH30 87
HFB already done

chan =

     1

Elapsed time is 461.718837 seconds.

chan =

     2

Elapsed time is 454.021928 seconds.

chan =

     3

Elapsed time is 453.903249 seconds.

chan =

     4

Elapsed time is 452.505176 seconds.

chan =

     5

Elapsed time is 454.416159 seconds.

chan =

     6

Elapsed time is 454.534412 seconds.

chan =

     7

Elapsed time is 453.413075 seconds.

chan =

     8

Elapsed time is 454.053823 seconds.

chan =

     9

Elapsed time is 452.965110 seconds.

chan =

    10

Elapsed time is 452.742114 seconds.

chan =

    11

Elapsed time is 456.185783 seconds.

chan =

    12

Elapsed time is 451.903121 seconds.

chan =

    13

Elapsed time is 449.394423 seconds.

chan =

    14

Elapsed time is 450.244704 seconds.

chan =

    15

Elapsed time is 449.348844 seconds.

chan =

    16

Elapsed time is 450.063016 seconds.

chan =

    17

Elapsed time is 448.181345 seconds.

chan =

    18

Elapsed time is 449.036958 seconds.

chan =

    19

Elapsed time is 448.594172 seconds.

chan =

    20

Elapsed time is 448.344286 seconds.

chan =

    21

Elapsed time is 451.076404 seconds.

chan =

    22

Elapsed time is 450.087573 seconds.

chan =

    23

Elapsed time is 449.800336 seconds.

chan =

    24

Elapsed time is 445.413827 seconds.

chan =

    25

Elapsed time is 448.300585 seconds.

chan =

    26

Elapsed time is 447.763995 seconds.

chan =

    27

Elapsed time is 449.702728 seconds.

chan =

    28

Elapsed time is 451.150428 seconds.

chan =

    29

Elapsed time is 453.863546 seconds.

chan =

    30

Elapsed time is 448.348005 seconds.

chan =

    31

Elapsed time is 450.236236 seconds.

chan =

    32

Elapsed time is 447.947110 seconds.

chan =

    33

Elapsed time is 445.055091 seconds.

chan =

    34

Elapsed time is 448.164511 seconds.

chan =

    35

Elapsed time is 446.005921 seconds.

chan =

    36

Elapsed time is 447.831901 seconds.

chan =

    37

Elapsed time is 447.412322 seconds.

chan =

    38

Elapsed time is 445.897518 seconds.

chan =

    39

Elapsed time is 443.914350 seconds.

chan =

    40

Elapsed time is 449.121411 seconds.

chan =

    41

Elapsed time is 447.808714 seconds.

chan =

    42

Elapsed time is 450.352319 seconds.

chan =

    43

Elapsed time is 450.583341 seconds.

chan =

    44

Elapsed time is 448.812740 seconds.

chan =

    45

Elapsed time is 447.559849 seconds.

chan =

    46

Elapsed time is 449.654354 seconds.

chan =

    47

Elapsed time is 446.909868 seconds.

chan =

    48

Elapsed time is 443.493087 seconds.

chan =

    49

Elapsed time is 449.026583 seconds.

chan =

    50

Elapsed time is 449.676232 seconds.

chan =

    51

Elapsed time is 449.962207 seconds.

chan =

    52

Elapsed time is 450.082670 seconds.

chan =

    53

Elapsed time is 449.544796 seconds.

chan =

    54

Elapsed time is 449.951456 seconds.

chan =

    55

Elapsed time is 450.206078 seconds.

chan =

    56

Elapsed time is 448.862034 seconds.

chan =

    57

Elapsed time is 448.513742 seconds.

chan =

    58

Elapsed time is 448.966427 seconds.

chan =

    59

Elapsed time is 449.203092 seconds.

chan =

    60

Elapsed time is 446.827325 seconds.

chan =

    61

Elapsed time is 449.017230 seconds.

chan =

    62

Elapsed time is 448.738747 seconds.

chan =

    63

Elapsed time is 448.493740 seconds.

chan =

    64

Elapsed time is 449.989135 seconds.

chan =

    65

Elapsed time is 449.947735 seconds.

chan =

    66

Elapsed time is 448.931940 seconds.

chan =

    67

Elapsed time is 448.574505 seconds.

chan =

    68

Elapsed time is 452.105578 seconds.

chan =

    69

Elapsed time is 449.261060 seconds.

chan =

    70

Elapsed time is 448.041627 seconds.

chan =

    71

Elapsed time is 449.496632 seconds.

chan =

    72

Elapsed time is 451.811618 seconds.

chan =

    73

Elapsed time is 450.672932 seconds.

chan =

    74

Elapsed time is 449.525374 seconds.

chan =

    75

Elapsed time is 450.044430 seconds.

chan =

    76

Elapsed time is 449.070677 seconds.

chan =

    77

Elapsed time is 446.865175 seconds.

chan =

    78

Elapsed time is 450.809366 seconds.

chan =

    79

Elapsed time is 443.296550 seconds.

chan =

    80

Elapsed time is 448.688193 seconds.

chan =

    81

Elapsed time is 446.103305 seconds.

chan =

    82

Elapsed time is 447.003249 seconds.

chan =

    83

Elapsed time is 449.311899 seconds.

chan =

    84

Elapsed time is 450.636747 seconds.

chan =

    85

Elapsed time is 447.703072 seconds.

chan =

    86

Elapsed time is 447.113514 seconds.

chan =

    87

Elapsed time is 447.445215 seconds.

chan =

    88

Elapsed time is 449.298439 seconds.

chan =

    89

Elapsed time is 449.666484 seconds.

chan =

    90

Elapsed time is 451.165637 seconds.

chan =

    91

Elapsed time is 449.676372 seconds.

chan =

    92

Elapsed time is 451.306537 seconds.

chan =

    93

Elapsed time is 445.999584 seconds.

chan =

    94

Elapsed time is 446.621198 seconds.

chan =

    95

Elapsed time is 451.197988 seconds.

chan =

    96

Elapsed time is 450.800451 seconds.

chan =

    97

Elapsed time is 450.755874 seconds.

chan =

    98

Elapsed time is 449.559273 seconds.

chan =

    99

Elapsed time is 452.266369 seconds.

chan =

   100

Elapsed time is 449.980983 seconds.

chan =

   101

Elapsed time is 448.140977 seconds.

chan =

   102

Elapsed time is 450.136960 seconds.

chan =

   103

Elapsed time is 449.319473 seconds.

chan =

   104

Elapsed time is 450.339902 seconds.

chan =

   105

Elapsed time is 451.463373 seconds.

chan =

   106

Elapsed time is 450.810591 seconds.

chan =

   107

Elapsed time is 451.476892 seconds.

chan =

   108

Elapsed time is 450.582774 seconds.

chan =

   109

Elapsed time is 448.026107 seconds.

chan =

   110

Elapsed time is 450.480936 seconds.

chan =

   111

Elapsed time is 448.476876 seconds.

chan =

   112

Elapsed time is 449.800206 seconds.

chan =

   113

Elapsed time is 449.509183 seconds.

chan =

   114

Elapsed time is 450.066451 seconds.

chan =

   115

Elapsed time is 450.525299 seconds.

chan =

   116

Elapsed time is 449.395974 seconds.

chan =

   117

Elapsed time is 450.191054 seconds.

chan =

   118

Elapsed time is 446.919906 seconds.

chan =

   119

Elapsed time is 453.115596 seconds.

chan =

   120

Elapsed time is 450.994236 seconds.

chan =

   121

Elapsed time is 452.035090 seconds.

chan =

   122

Elapsed time is 452.014076 seconds.

chan =

   123

Elapsed time is 451.681627 seconds.

chan =

   124

Elapsed time is 451.347071 seconds.

chan =

   125

Elapsed time is 450.468660 seconds.

chan =

   126

Elapsed time is 450.858608 seconds.

chan =

   127

Elapsed time is 451.550676 seconds.

chan =

   128

Elapsed time is 447.765191 seconds.

chan =

   129

Elapsed time is 450.795010 seconds.

chan =

   130

Elapsed time is 451.019449 seconds.

chan =

   131

Elapsed time is 448.276753 seconds.

chan =

   132

Elapsed time is 451.758052 seconds.

chan =

   133

Elapsed time is 450.394912 seconds.

chan =

   134

Elapsed time is 452.421129 seconds.

chan =

   135

Elapsed time is 450.962025 seconds.

chan =

   136

Elapsed time is 449.539778 seconds.

chan =

   137

Elapsed time is 450.815633 seconds.

chan =

   138

Elapsed time is 451.683361 seconds.

chan =

   139

Elapsed time is 441.186215 seconds.
attempting saving
save success: /projects/p31578/dtf8829/QuestConnect/CHANDAT/chanDat_OH30_087.mat
working on TF
encoding done
encoding RT done
