getting started: 2702
attempting file: 2702
going for NM04 65
data loaded: NM04 65
HFB already done

chan =

     1

Elapsed time is 291.075573 seconds.

chan =

     2

Elapsed time is 300.179859 seconds.

chan =

     3

Elapsed time is 308.526255 seconds.

chan =

     4

Elapsed time is 303.169031 seconds.

chan =

     5

Elapsed time is 302.350556 seconds.

chan =

     6

Elapsed time is 304.148732 seconds.

chan =

     7

Elapsed time is 302.328236 seconds.

chan =

     8

Elapsed time is 312.038931 seconds.

chan =

     9

Elapsed time is 297.153705 seconds.

chan =

    10

Elapsed time is 296.281464 seconds.

chan =

    11

Elapsed time is 291.675688 seconds.

chan =

    12

Elapsed time is 286.856753 seconds.

chan =

    13

Elapsed time is 273.102711 seconds.

chan =

    14

Elapsed time is 273.315521 seconds.

chan =

    15

Elapsed time is 270.935432 seconds.

chan =

    16

Elapsed time is 272.166571 seconds.

chan =

    17

Elapsed time is 271.212254 seconds.

chan =

    18

Elapsed time is 271.723404 seconds.

chan =

    19

Elapsed time is 270.789935 seconds.

chan =

    20

Elapsed time is 270.552632 seconds.

chan =

    21

Elapsed time is 270.324052 seconds.

chan =

    22

Elapsed time is 270.292659 seconds.

chan =

    23

Elapsed time is 271.863737 seconds.

chan =

    24

Elapsed time is 271.537760 seconds.

chan =

    25

Elapsed time is 270.579444 seconds.

chan =

    26

Elapsed time is 270.472788 seconds.

chan =

    27

Elapsed time is 268.418464 seconds.

chan =

    28

Elapsed time is 267.902340 seconds.

chan =

    29

Elapsed time is 267.277048 seconds.

chan =

    30

Elapsed time is 267.201699 seconds.

chan =

    31

Elapsed time is 265.317641 seconds.

chan =

    32

Elapsed time is 261.295263 seconds.

chan =

    33

Elapsed time is 267.382274 seconds.

chan =

    34

Elapsed time is 272.083557 seconds.

chan =

    35

Elapsed time is 270.747631 seconds.

chan =

    36

Elapsed time is 260.820089 seconds.

chan =

    37

Elapsed time is 256.717111 seconds.

chan =

    38

Elapsed time is 253.701838 seconds.

chan =

    39

Elapsed time is 236.547738 seconds.

chan =

    40

Elapsed time is 251.159713 seconds.

chan =

    41

Elapsed time is 251.623842 seconds.

chan =

    42

Elapsed time is 237.065497 seconds.

chan =

    43

Elapsed time is 247.926399 seconds.

chan =

    44

Elapsed time is 252.793851 seconds.

chan =

    45

Elapsed time is 241.117360 seconds.

chan =

    46

Elapsed time is 250.184710 seconds.

chan =

    47

Elapsed time is 238.719133 seconds.

chan =

    48

Elapsed time is 241.177846 seconds.

chan =

    49

Elapsed time is 247.403013 seconds.

chan =

    50

Elapsed time is 225.778975 seconds.

chan =

    51

Elapsed time is 240.646435 seconds.

chan =

    52

Elapsed time is 250.077603 seconds.

chan =

    53

Elapsed time is 250.363076 seconds.

chan =

    54

Elapsed time is 252.745298 seconds.

chan =

    55

Elapsed time is 249.160285 seconds.

chan =

    56

Elapsed time is 234.326269 seconds.

chan =

    57

Elapsed time is 233.946361 seconds.

chan =

    58

Elapsed time is 226.467697 seconds.

chan =

    59

Elapsed time is 226.283905 seconds.

chan =

    60

Elapsed time is 226.409743 seconds.

chan =

    61

Elapsed time is 221.996569 seconds.

chan =

    62

Elapsed time is 222.494138 seconds.

chan =

    63

Elapsed time is 222.156899 seconds.

chan =

    64

Elapsed time is 221.512491 seconds.

chan =

    65

Elapsed time is 223.686679 seconds.

chan =

    66

Elapsed time is 232.962592 seconds.

chan =

    67

Elapsed time is 243.018856 seconds.

chan =

    68

Elapsed time is 236.894791 seconds.

chan =

    69

Elapsed time is 236.488812 seconds.

chan =

    70

Elapsed time is 225.705275 seconds.

chan =

    71

Elapsed time is 224.909170 seconds.

chan =

    72

Elapsed time is 223.637138 seconds.

chan =

    73

Elapsed time is 219.168732 seconds.

chan =

    74

Elapsed time is 217.755631 seconds.

chan =

    75

Elapsed time is 217.312107 seconds.

chan =

    76

Elapsed time is 217.804475 seconds.

chan =

    77

Elapsed time is 218.318427 seconds.

chan =

    78

Elapsed time is 217.046356 seconds.

chan =

    79

Elapsed time is 218.597463 seconds.

chan =

    80

Elapsed time is 218.558809 seconds.

chan =

    81

Elapsed time is 216.802782 seconds.

chan =

    82

Elapsed time is 209.611940 seconds.

chan =

    83

Elapsed time is 425.714810 seconds.

chan =

    84

Elapsed time is 426.584981 seconds.

chan =

    85

Elapsed time is 430.450167 seconds.

chan =

    86

Elapsed time is 430.310951 seconds.

chan =

    87

Elapsed time is 426.100755 seconds.

chan =

    88

Elapsed time is 427.953587 seconds.

chan =

    89

Elapsed time is 428.264813 seconds.

chan =

    90

Elapsed time is 427.194273 seconds.

chan =

    91

Elapsed time is 422.747015 seconds.
attempting saving
save success: /projects/p31578/dtf8829/QuestConnect/CHANDAT/chanDat_NM04_065.mat
working on TF
encoding done
encoding RT done
retrieval 1 done
retrieval 2 done
attempting saving
save success: /projects/p31578/dtf8829/QuestConnect/CHANDAT/chanDat_NM04_065.mat
working on ISPC
channel: 1 took 0 minutes
channel: 2 took 0 minutes
channel: 3 took 0 minutes
channel: 4 took 0 minutes
channel: 5 took 0 minutes
channel: 6 took 0 minutes
channel: 7 took 0 minutes
channel: 8 took 0 minutes
channel: 9 took 0 minutes
channel: 10 took 0 minutes
channel: 11 took 0 minutes
channel: 12 took 0 minutes
channel: 13 took 0 minutes
channel: 14 took 0 minutes
channel: 15 took 0 minutes
channel: 16 took 0 minutes
channel: 17 took 0 minutes
channel: 18 took 0 minutes
channel: 19 took 0 minutes
channel: 20 took 0 minutes
channel: 21 took 0 minutes
channel: 22 took 0 minutes
channel: 23 took 0 minutes
channel: 24 took 0 minutes
channel: 25 took 0 minutes
channel: 26 took 0 minutes
channel: 27 took 0 minutes
channel: 28 took 0 minutes
channel: 29 took 0 minutes
channel: 30 took 0 minutes
channel: 31 took 0 minutes
channel: 32 took 0 minutes
channel: 33 took 0 minutes
channel: 34 took 0 minutes
channel: 35 took 0 minutes
channel: 36 took 0 minutes
channel: 37 took 0 minutes
channel: 38 took 0 minutes
channel: 39 took 0 minutes
channel: 40 took 0 minutes
channel: 41 took 0 minutes
channel: 42 took 0 minutes
channel: 43 took 0 minutes
channel: 44 took 0 minutes
channel: 45 took 0 minutes
channel: 46 took 0 minutes
channel: 47 took 0 minutes
channel: 48 took 0 minutes
channel: 49 took 0 minutes
channel: 50 took 0 minutes
channel: 51 took 0 minutes
channel: 52 took 0 minutes
channel: 53 took 0 minutes
channel: 54 took 0 minutes
channel: 55 took 0 minutes
channel: 56 took 0 minutes
channel: 57 took 0 minutes
channel: 58 took 0 minutes
channel: 59 took 0 minutes
channel: 60 took 0 minutes
channel: 61 took 0 minutes
channel: 62 took 0 minutes
channel: 63 took 0 minutes
channel: 64 took 0 minutes
channel: 65 took 0 minutes
channel: 66 took 5 minutes
channel: 67 took 4.9 minutes
channel: 68 took 5 minutes
channel: 69 took 4.9 minutes
channel: 70 took 4.9 minutes
channel: 71 took 4.7 minutes
channel: 72 took 3.3 minutes
channel: 73 took 3.6 minutes
channel: 74 took 3.6 minutes
channel: 75 took 3.6 minutes
channel: 76 took 3.7 minutes
channel: 77 took 3.7 minutes
channel: 78 took 3.8 minutes
channel: 79 took 3.6 minutes
channel: 80 took 3.6 minutes
channel: 81 took 3.6 minutes
channel: 82 took 3.6 minutes
channel: 83 took 3.6 minutes
channel: 84 took 3.6 minutes
channel: 85 took 3.5 minutes
channel: 86 took 3.5 minutes
channel: 87 took 3.5 minutes
channel: 88 took 3.5 minutes
channel: 89 took 3.7 minutes
channel: 90 took 3.8 minutes
channel: 91 took 3.8 minutes
attempting saving
save success: /projects/p31578/dtf8829/QuestConnect/CHANDAT/chanDat_NM04_065.mat
Elapsed time is 231.204000 seconds.
