getting started: 2903
attempting file: 2903
going for OH30 2
data loaded: OH30 2
HFB already done

chan =

     1

Elapsed time is 761.948897 seconds.

chan =

     2

Elapsed time is 756.298398 seconds.

chan =

     3

Elapsed time is 759.338843 seconds.

chan =

     4

Elapsed time is 756.455112 seconds.

chan =

     5

Elapsed time is 758.223276 seconds.

chan =

     6

Elapsed time is 752.362773 seconds.

chan =

     7

Elapsed time is 751.874024 seconds.

chan =

     8

Elapsed time is 751.315408 seconds.

chan =

     9

Elapsed time is 748.035879 seconds.

chan =

    10

Elapsed time is 745.263170 seconds.

chan =

    11

Elapsed time is 755.519004 seconds.

chan =

    12

Elapsed time is 748.050868 seconds.

chan =

    13

Elapsed time is 757.299055 seconds.

chan =

    14

Elapsed time is 756.100703 seconds.

chan =

    15

Elapsed time is 754.103051 seconds.

chan =

    16

Elapsed time is 754.600965 seconds.

chan =

    17

Elapsed time is 749.268692 seconds.

chan =

    18

Elapsed time is 756.204996 seconds.

chan =

    19

Elapsed time is 747.911256 seconds.

chan =

    20

Elapsed time is 751.123247 seconds.

chan =

    21

Elapsed time is 748.435655 seconds.

chan =

    22

Elapsed time is 746.802266 seconds.

chan =

    23

Elapsed time is 747.786850 seconds.

chan =

    24

Elapsed time is 743.556811 seconds.

chan =

    25

Elapsed time is 745.522412 seconds.

chan =

    26

Elapsed time is 744.950112 seconds.

chan =

    27

Elapsed time is 740.492255 seconds.

chan =

    28

Elapsed time is 745.573101 seconds.

chan =

    29

Elapsed time is 745.430975 seconds.

chan =

    30

Elapsed time is 744.770674 seconds.

chan =

    31

Elapsed time is 748.077557 seconds.

chan =

    32

Elapsed time is 749.465345 seconds.

chan =

    33

Elapsed time is 739.659936 seconds.

chan =

    34

Elapsed time is 747.402448 seconds.

chan =

    35

Elapsed time is 746.254092 seconds.

chan =

    36

Elapsed time is 752.826169 seconds.

chan =

    37

Elapsed time is 743.831051 seconds.

chan =

    38

Elapsed time is 738.277898 seconds.

chan =

    39

Elapsed time is 741.434187 seconds.

chan =

    40

Elapsed time is 749.537027 seconds.

chan =

    41

Elapsed time is 751.953917 seconds.

chan =

    42

Elapsed time is 743.779410 seconds.

chan =

    43

Elapsed time is 744.302234 seconds.

chan =

    44

Elapsed time is 742.801763 seconds.

chan =

    45

Elapsed time is 743.714698 seconds.

chan =

    46

Elapsed time is 747.125036 seconds.

chan =

    47

Elapsed time is 738.909005 seconds.

chan =

    48

Elapsed time is 736.024262 seconds.

chan =

    49

Elapsed time is 747.145883 seconds.

chan =

    50

Elapsed time is 749.500336 seconds.

chan =

    51

Elapsed time is 746.332070 seconds.

chan =

    52

Elapsed time is 752.639986 seconds.

chan =

    53

Elapsed time is 748.872445 seconds.

chan =

    54

Elapsed time is 752.600053 seconds.

chan =

    55

Elapsed time is 751.495024 seconds.

chan =

    56

Elapsed time is 749.327563 seconds.

chan =

    57

Elapsed time is 752.221321 seconds.

chan =

    58

Elapsed time is 744.701953 seconds.

chan =

    59

Elapsed time is 753.186033 seconds.

chan =

    60

Elapsed time is 748.632609 seconds.

chan =

    61

Elapsed time is 751.236646 seconds.

chan =

    62

Elapsed time is 752.067789 seconds.

chan =

    63

Elapsed time is 746.245824 seconds.

chan =

    64

Elapsed time is 748.292622 seconds.

chan =

    65

Elapsed time is 747.023197 seconds.

chan =

    66

Elapsed time is 746.387532 seconds.

chan =

    67

Elapsed time is 741.749017 seconds.

chan =

    68

Elapsed time is 735.950503 seconds.

chan =

    69

Elapsed time is 739.288569 seconds.

chan =

    70

Elapsed time is 736.880239 seconds.

chan =

    71

Elapsed time is 738.711264 seconds.

chan =

    72

Elapsed time is 743.111560 seconds.

chan =

    73

Elapsed time is 739.539428 seconds.

chan =

    74

Elapsed time is 737.564711 seconds.

chan =

    75

Elapsed time is 737.431746 seconds.

chan =

    76

Elapsed time is 735.971280 seconds.

chan =

    77

Elapsed time is 738.542426 seconds.

chan =

    78

Elapsed time is 734.125576 seconds.

chan =

    79

Elapsed time is 736.769607 seconds.

chan =

    80

Elapsed time is 735.356846 seconds.

chan =

    81

Elapsed time is 737.819158 seconds.

chan =

    82

Elapsed time is 734.196421 seconds.

chan =

    83

Elapsed time is 741.989716 seconds.

chan =

    84

Elapsed time is 739.969614 seconds.

chan =

    85

Elapsed time is 751.709399 seconds.

chan =

    86

Elapsed time is 743.121587 seconds.

chan =

    87

Elapsed time is 743.945665 seconds.

chan =

    88

Elapsed time is 745.657125 seconds.

chan =

    89

Elapsed time is 748.222210 seconds.

chan =

    90

Elapsed time is 748.510555 seconds.

chan =

    91

