getting started: 2979
attempting file: 2979
going for OH30 78
data loaded: OH30 78
HFB already done

chan =

     1

Elapsed time is 518.254846 seconds.

chan =

     2

Elapsed time is 545.176375 seconds.

chan =

     3

Elapsed time is 547.842326 seconds.

chan =

     4

Elapsed time is 546.163499 seconds.

chan =

     5

Elapsed time is 540.677149 seconds.

chan =

     6

Elapsed time is 522.339626 seconds.

chan =

     7

Elapsed time is 521.966093 seconds.

chan =

     8

Elapsed time is 518.047537 seconds.

chan =

     9

Elapsed time is 516.861102 seconds.

chan =

    10

Elapsed time is 506.581737 seconds.

chan =

    11

Elapsed time is 495.299332 seconds.

chan =

    12

Elapsed time is 517.069875 seconds.

chan =

    13

Elapsed time is 515.275012 seconds.

chan =

    14

Elapsed time is 518.347179 seconds.

chan =

    15

Elapsed time is 517.375321 seconds.

chan =

    16

Elapsed time is 515.678046 seconds.

chan =

    17

Elapsed time is 513.045726 seconds.

chan =

    18

Elapsed time is 515.828967 seconds.

chan =

    19

Elapsed time is 516.217778 seconds.

chan =

    20

Elapsed time is 517.208327 seconds.

chan =

    21

Elapsed time is 516.038899 seconds.

chan =

    22

Elapsed time is 524.558255 seconds.

chan =

    23

Elapsed time is 514.610668 seconds.

chan =

    24

Elapsed time is 521.222915 seconds.

chan =

    25

Elapsed time is 508.825501 seconds.

chan =

    26

Elapsed time is 507.221026 seconds.

chan =

    27

Elapsed time is 513.104355 seconds.

chan =

    28

Elapsed time is 519.526693 seconds.

chan =

    29

Elapsed time is 476.194674 seconds.

chan =

    30

Elapsed time is 470.627094 seconds.

chan =

    31

Elapsed time is 470.786469 seconds.

chan =

    32

Elapsed time is 475.727681 seconds.

chan =

    33

Elapsed time is 471.966740 seconds.

chan =

    34

Elapsed time is 479.936567 seconds.

chan =

    35

Elapsed time is 481.713024 seconds.

chan =

    36

Elapsed time is 480.761920 seconds.

chan =

    37

Elapsed time is 481.166478 seconds.

chan =

    38

Elapsed time is 480.118295 seconds.

chan =

    39

Elapsed time is 477.753721 seconds.

chan =

    40

Elapsed time is 481.262088 seconds.

chan =

    41

Elapsed time is 481.098219 seconds.

chan =

    42

Elapsed time is 468.835302 seconds.

chan =

    43

Elapsed time is 468.681857 seconds.

chan =

    44

Elapsed time is 470.038110 seconds.

chan =

    45

Elapsed time is 466.066478 seconds.

chan =

    46

Elapsed time is 466.021144 seconds.

chan =

    47

Elapsed time is 468.463333 seconds.

chan =

    48

Elapsed time is 465.390723 seconds.

chan =

    49

Elapsed time is 472.703146 seconds.

chan =

    50

Elapsed time is 470.140806 seconds.

chan =

    51

Elapsed time is 470.361280 seconds.

chan =

    52

Elapsed time is 469.965673 seconds.

chan =

    53

Elapsed time is 469.872273 seconds.

chan =

    54

Elapsed time is 469.704204 seconds.

chan =

    55

Elapsed time is 481.832577 seconds.

chan =

    56

Elapsed time is 481.437609 seconds.

chan =

    57

Elapsed time is 472.035643 seconds.

chan =

    58

Elapsed time is 471.268447 seconds.

chan =

    59

Elapsed time is 471.608556 seconds.

chan =

    60

Elapsed time is 470.519974 seconds.

chan =

    61

Elapsed time is 470.814792 seconds.

chan =

    62

Elapsed time is 469.629541 seconds.

chan =

    63

Elapsed time is 482.554096 seconds.

chan =

    64

Elapsed time is 486.911826 seconds.

chan =

    65

Elapsed time is 492.257797 seconds.

chan =

    66

Elapsed time is 489.439802 seconds.

chan =

    67

Elapsed time is 495.317478 seconds.

chan =

    68

Elapsed time is 503.016330 seconds.

chan =

    69

Elapsed time is 507.233848 seconds.

chan =

    70

Elapsed time is 482.450949 seconds.

chan =

    71

Elapsed time is 484.364137 seconds.

chan =

    72

Elapsed time is 484.806437 seconds.

chan =

    73

Elapsed time is 481.516349 seconds.

chan =

    74

Elapsed time is 480.310698 seconds.

chan =

    75

Elapsed time is 485.767464 seconds.

chan =

    76

Elapsed time is 482.430508 seconds.

chan =

    77

Elapsed time is 479.539818 seconds.

chan =

    78

Elapsed time is 480.494996 seconds.

chan =

    79

Elapsed time is 476.154447 seconds.

chan =

    80

Elapsed time is 467.586160 seconds.

chan =

    81

Elapsed time is 468.436915 seconds.

chan =

    82

Elapsed time is 467.677002 seconds.

chan =

    83

Elapsed time is 472.307456 seconds.

chan =

    84

Elapsed time is 469.837042 seconds.

chan =

    85

Elapsed time is 470.274862 seconds.

chan =

    86

Elapsed time is 471.490536 seconds.

chan =

    87

Elapsed time is 470.397804 seconds.

chan =

    88

Elapsed time is 470.968237 seconds.

chan =

    89

Elapsed time is 473.486652 seconds.

chan =

    90

Elapsed time is 473.418566 seconds.

chan =

    91

Elapsed time is 473.023822 seconds.

chan =

    92

Elapsed time is 469.957309 seconds.

chan =

    93

Elapsed time is 472.975314 seconds.

chan =

    94

Elapsed time is 471.167256 seconds.

chan =

    95

Elapsed time is 476.884899 seconds.

chan =

    96

Elapsed time is 473.784358 seconds.

chan =

    97

Elapsed time is 474.521075 seconds.

chan =

    98

Elapsed time is 474.759300 seconds.

chan =

    99

Elapsed time is 474.607250 seconds.

chan =

   100

Elapsed time is 472.689293 seconds.

chan =

   101

Elapsed time is 468.341828 seconds.

chan =

   102

Elapsed time is 466.577680 seconds.

chan =

   103

Elapsed time is 470.704911 seconds.

chan =

   104

Elapsed time is 469.111121 seconds.

chan =

   105

Elapsed time is 469.658788 seconds.

chan =

   106

Elapsed time is 470.801062 seconds.

chan =

   107

Elapsed time is 475.045137 seconds.

chan =

   108

Elapsed time is 472.827782 seconds.

chan =

   109

Elapsed time is 469.463150 seconds.

chan =

   110

Elapsed time is 470.406366 seconds.

chan =

   111

Elapsed time is 470.726781 seconds.

chan =

   112

Elapsed time is 471.816299 seconds.

chan =

   113

Elapsed time is 474.246256 seconds.

chan =

   114

Elapsed time is 471.534403 seconds.

chan =

   115

Elapsed time is 473.799874 seconds.

chan =

   116

Elapsed time is 471.388914 seconds.

chan =

   117

Elapsed time is 471.042119 seconds.

chan =

   118

Elapsed time is 467.730469 seconds.

chan =

   119

Elapsed time is 473.498363 seconds.

chan =

   120

Elapsed time is 472.003102 seconds.

chan =

   121

Elapsed time is 473.107802 seconds.

chan =

   122

Elapsed time is 471.319721 seconds.

chan =

   123

Elapsed time is 471.325436 seconds.

chan =

   124

Elapsed time is 474.141957 seconds.

chan =

   125

Elapsed time is 475.573538 seconds.

chan =

   126

Elapsed time is 476.977256 seconds.

chan =

   127

Elapsed time is 475.215627 seconds.

chan =

   128

Elapsed time is 472.934606 seconds.

chan =

   129

Elapsed time is 472.730886 seconds.

chan =

   130

Elapsed time is 472.222649 seconds.

chan =

   131

Elapsed time is 470.542120 seconds.

chan =

   132

Elapsed time is 472.955288 seconds.

chan =

   133

Elapsed time is 474.180211 seconds.

chan =

   134

Elapsed time is 471.728681 seconds.

chan =

   135

Elapsed time is 473.285937 seconds.

chan =

   136

Elapsed time is 474.983249 seconds.

chan =

   137

Elapsed time is 475.248755 seconds.

chan =

   138

Elapsed time is 469.893577 seconds.

chan =

   139

Elapsed time is 436.052944 seconds.
attempting saving
save success: /projects/p31578/dtf8829/QuestConnect/CHANDAT/chanDat_OH30_078.mat
working on TF
encoding done
encoding RT done
