getting started: 2660
attempting file: 2660
going for NM04 23
data loaded: NM04 23
HFB already done

chan =

     1

Elapsed time is 256.951404 seconds.

chan =

     2

Elapsed time is 263.282506 seconds.

chan =

     3

Elapsed time is 261.103407 seconds.

chan =

     4

Elapsed time is 262.621479 seconds.

chan =

     5

Elapsed time is 262.702488 seconds.

chan =

     6

Elapsed time is 264.894598 seconds.

chan =

     7

Elapsed time is 266.382662 seconds.

chan =

     8

Elapsed time is 266.554373 seconds.

chan =

     9

Elapsed time is 271.641136 seconds.

chan =

    10

Elapsed time is 270.154270 seconds.

chan =

    11

Elapsed time is 266.269320 seconds.

chan =

    12

Elapsed time is 269.153541 seconds.

chan =

    13

Elapsed time is 272.367393 seconds.

chan =

    14

Elapsed time is 270.689325 seconds.

chan =

    15

Elapsed time is 268.930465 seconds.

chan =

    16

Elapsed time is 267.878417 seconds.

chan =

    17

Elapsed time is 268.144607 seconds.

chan =

    18

Elapsed time is 264.670887 seconds.

chan =

    19

Elapsed time is 261.839599 seconds.

chan =

    20

Elapsed time is 264.539866 seconds.

chan =

    21

Elapsed time is 262.943089 seconds.

chan =

    22

Elapsed time is 263.080585 seconds.

chan =

    23

Elapsed time is 257.517992 seconds.

chan =

    24

Elapsed time is 261.900538 seconds.

chan =

    25

Elapsed time is 261.211126 seconds.

chan =

    26

Elapsed time is 258.580568 seconds.

chan =

    27

Elapsed time is 261.383717 seconds.

chan =

    28

Elapsed time is 262.761608 seconds.

chan =

    29

Elapsed time is 259.644304 seconds.

chan =

    30

Elapsed time is 268.135185 seconds.

chan =

    31

Elapsed time is 276.404536 seconds.

chan =

    32

Elapsed time is 280.931128 seconds.

chan =

    33

Elapsed time is 278.390160 seconds.

chan =

    34

Elapsed time is 279.540024 seconds.

chan =

    35

Elapsed time is 264.389890 seconds.

chan =

    36

Elapsed time is 282.040329 seconds.

chan =

    37

Elapsed time is 284.321339 seconds.

chan =

    38

Elapsed time is 279.690461 seconds.

chan =

    39

Elapsed time is 288.040539 seconds.

chan =

    40

Elapsed time is 287.321482 seconds.

chan =

    41

Elapsed time is 281.944948 seconds.

chan =

    42

Elapsed time is 276.135495 seconds.

chan =

    43

Elapsed time is 278.486621 seconds.

chan =

    44

Elapsed time is 280.498088 seconds.

chan =

    45

Elapsed time is 285.216537 seconds.

chan =

    46

Elapsed time is 272.036663 seconds.

chan =

    47

Elapsed time is 282.957543 seconds.

chan =

    48

Elapsed time is 283.658669 seconds.

chan =

    49

Elapsed time is 272.143296 seconds.

chan =

    50

Elapsed time is 276.171354 seconds.

chan =

    51

Elapsed time is 276.448829 seconds.

chan =

    52

Elapsed time is 278.632126 seconds.

chan =

    53

Elapsed time is 267.186046 seconds.

chan =

    54

Elapsed time is 267.649927 seconds.

chan =

    55

Elapsed time is 273.701307 seconds.

chan =

    56

Elapsed time is 268.808886 seconds.

chan =

    57

Elapsed time is 267.713375 seconds.

chan =

    58

Elapsed time is 265.184764 seconds.

chan =

    59

Elapsed time is 266.630327 seconds.

chan =

    60

Elapsed time is 262.269718 seconds.

chan =

    61

Elapsed time is 259.367679 seconds.

chan =

    62

Elapsed time is 259.635156 seconds.

chan =

    63

Elapsed time is 260.032363 seconds.

chan =

    64

Elapsed time is 263.028928 seconds.

chan =

    65

Elapsed time is 258.799661 seconds.

chan =

    66

Elapsed time is 253.108038 seconds.

chan =

    67

Elapsed time is 234.438218 seconds.

chan =

    68

Elapsed time is 262.651335 seconds.

chan =

    69

Elapsed time is 260.631883 seconds.

chan =

    70

Elapsed time is 260.005221 seconds.

chan =

    71

Elapsed time is 253.377989 seconds.

chan =

    72

Elapsed time is 235.928222 seconds.

chan =

    73

Elapsed time is 254.653305 seconds.

chan =

    74

Elapsed time is 256.521140 seconds.

chan =

    75

Elapsed time is 250.765918 seconds.

chan =

    76

Elapsed time is 251.745262 seconds.

chan =

    77

Elapsed time is 238.702504 seconds.

chan =

    78

Elapsed time is 246.375632 seconds.

chan =

    79

Elapsed time is 255.406407 seconds.

chan =

    80

Elapsed time is 254.042043 seconds.

chan =

    81

Elapsed time is 253.791620 seconds.

chan =

    82

Elapsed time is 245.671112 seconds.

chan =

    83

Elapsed time is 248.627729 seconds.

chan =

    84

Elapsed time is 250.984193 seconds.

chan =

    85

Elapsed time is 254.199533 seconds.

chan =

    86

Elapsed time is 252.594336 seconds.

chan =

    87

Elapsed time is 246.621620 seconds.

chan =

    88

Elapsed time is 232.065876 seconds.

chan =

    89

Elapsed time is 255.480868 seconds.

chan =

    90

Elapsed time is 257.047090 seconds.

chan =

    91

Elapsed time is 249.326613 seconds.
attempting saving
save success: /projects/p31578/dtf8829/QuestConnect/CHANDAT/chanDat_NM04_023.mat
working on TF
encoding done
encoding RT done
retrieval 1 done
retrieval 2 done
attempting saving
save success: /projects/p31578/dtf8829/QuestConnect/CHANDAT/chanDat_NM04_023.mat
working on ISPC
channel: 1 took 0 minutes
channel: 2 took 0 minutes
channel: 3 took 0 minutes
channel: 4 took 0 minutes
channel: 5 took 0 minutes
channel: 6 took 0 minutes
channel: 7 took 0 minutes
channel: 8 took 0 minutes
channel: 9 took 0 minutes
channel: 10 took 0 minutes
channel: 11 took 0 minutes
channel: 12 took 0 minutes
channel: 13 took 0 minutes
channel: 14 took 0 minutes
channel: 15 took 0 minutes
channel: 16 took 0 minutes
channel: 17 took 0 minutes
channel: 18 took 0 minutes
channel: 19 took 0 minutes
channel: 20 took 0 minutes
channel: 21 took 0 minutes
channel: 22 took 0 minutes
channel: 23 took 0 minutes
channel: 24 took 3.6 minutes
channel: 25 took 3.1 minutes
channel: 26 took 3.1 minutes
channel: 27 took 3.6 minutes
channel: 28 took 3.6 minutes
channel: 29 took 3.6 minutes
channel: 30 took 3.6 minutes
channel: 31 took 3.6 minutes
channel: 32 took 3.3 minutes
channel: 33 took 3.5 minutes
channel: 34 took 3.6 minutes
channel: 35 took 3.6 minutes
channel: 36 took 3.7 minutes
channel: 37 took 3.7 minutes
channel: 38 took 3.3 minutes
channel: 39 took 3.1 minutes
channel: 40 took 3 minutes
channel: 41 took 3.1 minutes
channel: 42 took 3.1 minutes
channel: 43 took 3 minutes
channel: 44 took 3 minutes
channel: 45 took 3 minutes
channel: 46 took 3 minutes
channel: 47 took 3.5 minutes
channel: 48 took 3.6 minutes
channel: 49 took 3.6 minutes
channel: 50 took 3.6 minutes
channel: 51 took 3.6 minutes
channel: 52 took 3.2 minutes
channel: 53 took 3.5 minutes
channel: 54 took 3.6 minutes
channel: 55 took 3.6 minutes
channel: 56 took 3.6 minutes
channel: 57 took 3.6 minutes
channel: 58 took 3.2 minutes
channel: 59 took 3 minutes
channel: 60 took 3.1 minutes
channel: 61 took 3 minutes
channel: 62 took 3.1 minutes
channel: 63 took 3.1 minutes
channel: 64 took 3.2 minutes
channel: 65 took 3.2 minutes
channel: 66 took 3.2 minutes
channel: 67 took 3.2 minutes
channel: 68 took 3.2 minutes
channel: 69 took 3.2 minutes
channel: 70 took 3.2 minutes
channel: 71 took 3.2 minutes
channel: 72 took 3.2 minutes
channel: 73 took 3.1 minutes
channel: 74 took 3.1 minutes
channel: 75 took 3.2 minutes
channel: 76 took 3.1 minutes
channel: 77 took 3 minutes
channel: 78 took 3 minutes
channel: 79 took 3 minutes
channel: 80 took 3 minutes
channel: 81 took 3 minutes
channel: 82 took 3 minutes
channel: 83 took 3 minutes
channel: 84 took 3 minutes
channel: 85 took 3 minutes
channel: 86 took 3 minutes
channel: 87 took 3 minutes
channel: 88 took 3 minutes
channel: 89 took 3 minutes
channel: 90 took 3 minutes
channel: 91 took 3 minutes
attempting saving
save success: /projects/p31578/dtf8829/QuestConnect/CHANDAT/chanDat_NM04_023.mat
Elapsed time is 183.588267 seconds.
