getting started: 2982
attempting file: 2982
going for OH30 81
data loaded: OH30 81
HFB already done

chan =

     1

Elapsed time is 375.338341 seconds.

chan =

     2

Elapsed time is 370.842381 seconds.

chan =

     3

Elapsed time is 373.079777 seconds.

chan =

     4

Elapsed time is 378.866485 seconds.

chan =

     5

Elapsed time is 377.990488 seconds.

chan =

     6

Elapsed time is 379.441230 seconds.

chan =

     7

Elapsed time is 387.841869 seconds.

chan =

     8

Elapsed time is 382.993560 seconds.

chan =

     9

Elapsed time is 376.207691 seconds.

chan =

    10

Elapsed time is 382.238813 seconds.

chan =

    11

Elapsed time is 380.665497 seconds.

chan =

    12

Elapsed time is 368.366590 seconds.

chan =

    13

Elapsed time is 369.757319 seconds.

chan =

    14

Elapsed time is 383.261374 seconds.

chan =

    15

Elapsed time is 376.545757 seconds.

chan =

    16

Elapsed time is 377.449829 seconds.

chan =

    17

Elapsed time is 381.952212 seconds.

chan =

    18

Elapsed time is 379.449440 seconds.

chan =

    19

Elapsed time is 373.048213 seconds.

chan =

    20

Elapsed time is 371.860545 seconds.

chan =

    21

Elapsed time is 371.407351 seconds.

chan =

    22

Elapsed time is 370.042935 seconds.

chan =

    23

Elapsed time is 381.945058 seconds.

chan =

    24

Elapsed time is 377.172428 seconds.

chan =

    25

Elapsed time is 385.885666 seconds.

chan =

    26

Elapsed time is 372.199381 seconds.

chan =

    27

Elapsed time is 373.028620 seconds.

chan =

    28

Elapsed time is 384.118826 seconds.

chan =

    29

Elapsed time is 374.014691 seconds.

chan =

    30

Elapsed time is 377.250530 seconds.

chan =

    31

Elapsed time is 374.226709 seconds.

chan =

    32

Elapsed time is 372.701727 seconds.

chan =

    33

Elapsed time is 374.806331 seconds.

chan =

    34

Elapsed time is 380.305129 seconds.

chan =

    35

Elapsed time is 371.504177 seconds.

chan =

    36

Elapsed time is 375.339474 seconds.

chan =

    37

Elapsed time is 370.824523 seconds.

chan =

    38

Elapsed time is 360.596738 seconds.

chan =

    39

Elapsed time is 369.324988 seconds.

chan =

    40

Elapsed time is 374.630950 seconds.

chan =

    41

Elapsed time is 380.359195 seconds.

chan =

    42

Elapsed time is 372.309320 seconds.

chan =

    43

Elapsed time is 362.144853 seconds.

chan =

    44

Elapsed time is 365.584479 seconds.

chan =

    45

Elapsed time is 373.674073 seconds.

chan =

    46

Elapsed time is 384.256188 seconds.

chan =

    47

Elapsed time is 382.167996 seconds.

chan =

    48

Elapsed time is 371.678234 seconds.

chan =

    49

Elapsed time is 380.498311 seconds.

chan =

    50

Elapsed time is 374.863757 seconds.

chan =

    51

Elapsed time is 381.888115 seconds.

chan =

    52

Elapsed time is 372.986253 seconds.

chan =

    53

Elapsed time is 380.534972 seconds.

chan =

    54

Elapsed time is 368.356713 seconds.

chan =

    55

Elapsed time is 372.876534 seconds.

chan =

    56

Elapsed time is 378.436643 seconds.

chan =

    57

Elapsed time is 374.738768 seconds.

chan =

    58

Elapsed time is 383.485725 seconds.

chan =

    59

Elapsed time is 373.698792 seconds.

chan =

    60

Elapsed time is 379.424756 seconds.

chan =

    61

Elapsed time is 381.343565 seconds.

chan =

    62

Elapsed time is 378.695793 seconds.

chan =

    63

Elapsed time is 370.919237 seconds.

chan =

    64

Elapsed time is 376.770486 seconds.

chan =

    65

Elapsed time is 367.898550 seconds.

chan =

    66

Elapsed time is 364.607211 seconds.

chan =

    67

Elapsed time is 365.436506 seconds.

chan =

    68

Elapsed time is 366.426177 seconds.

chan =

    69

Elapsed time is 373.626470 seconds.

chan =

    70

Elapsed time is 377.266531 seconds.

chan =

    71

Elapsed time is 377.977135 seconds.

chan =

    72

Elapsed time is 381.499848 seconds.

chan =

    73

Elapsed time is 371.248289 seconds.

chan =

    74

Elapsed time is 373.194317 seconds.

chan =

    75

Elapsed time is 371.573191 seconds.

chan =

    76

Elapsed time is 370.582618 seconds.

chan =

    77

Elapsed time is 368.520518 seconds.

chan =

    78

Elapsed time is 378.447976 seconds.

chan =

    79

Elapsed time is 377.113645 seconds.

chan =

    80

Elapsed time is 372.449546 seconds.

chan =

    81

Elapsed time is 373.054549 seconds.

chan =

    82

Elapsed time is 372.075907 seconds.

chan =

    83

Elapsed time is 369.093931 seconds.

chan =

    84

Elapsed time is 374.626231 seconds.

chan =

    85

Elapsed time is 369.215293 seconds.

chan =

    86

Elapsed time is 378.577359 seconds.

chan =

    87

Elapsed time is 371.047681 seconds.

chan =

    88

Elapsed time is 373.964773 seconds.

chan =

    89

Elapsed time is 378.749410 seconds.

chan =

    90

Elapsed time is 377.230733 seconds.

chan =

    91

Elapsed time is 377.855619 seconds.

chan =

    92

Elapsed time is 372.464771 seconds.

chan =

    93

Elapsed time is 367.121786 seconds.

chan =

    94

Elapsed time is 381.266430 seconds.

chan =

    95

Elapsed time is 376.204654 seconds.

chan =

    96

Elapsed time is 374.116499 seconds.

chan =

    97

Elapsed time is 368.839282 seconds.

chan =

    98

Elapsed time is 379.204988 seconds.

chan =

    99

Elapsed time is 376.773010 seconds.

chan =

   100

Elapsed time is 376.151828 seconds.

chan =

   101

Elapsed time is 374.833998 seconds.

chan =

   102

Elapsed time is 364.233759 seconds.

chan =

   103

Elapsed time is 373.346335 seconds.

chan =

   104

Elapsed time is 375.802446 seconds.

chan =

   105

Elapsed time is 373.293400 seconds.

chan =

   106

Elapsed time is 374.295409 seconds.

chan =

   107

Elapsed time is 374.930305 seconds.

chan =

   108

Elapsed time is 379.179057 seconds.

chan =

   109

Elapsed time is 371.362095 seconds.

chan =

   110

Elapsed time is 369.120286 seconds.

chan =

   111

Elapsed time is 368.961104 seconds.

chan =

   112

Elapsed time is 369.560911 seconds.

chan =

   113

Elapsed time is 368.628005 seconds.

chan =

   114

Elapsed time is 366.630830 seconds.

chan =

   115

Elapsed time is 370.552400 seconds.

chan =

   116

Elapsed time is 369.734213 seconds.

chan =

   117

Elapsed time is 374.094293 seconds.

chan =

   118

Elapsed time is 364.740284 seconds.

chan =

   119

Elapsed time is 371.515927 seconds.

chan =

   120

Elapsed time is 370.596437 seconds.

chan =

   121

Elapsed time is 375.416378 seconds.

chan =

   122

Elapsed time is 378.167694 seconds.

chan =

   123

Elapsed time is 375.461542 seconds.

chan =

   124

Elapsed time is 369.699933 seconds.

chan =

   125

Elapsed time is 366.177426 seconds.

chan =

   126

Elapsed time is 373.176301 seconds.

chan =

   127

Elapsed time is 373.738882 seconds.

chan =

   128

Elapsed time is 367.780273 seconds.

chan =

   129

Elapsed time is 381.324893 seconds.

chan =

   130

Elapsed time is 382.911670 seconds.

chan =

   131

Elapsed time is 374.273136 seconds.

chan =

   132

Elapsed time is 379.241677 seconds.

chan =

   133

Elapsed time is 382.005450 seconds.

chan =

   134

Elapsed time is 381.466684 seconds.

chan =

   135

Elapsed time is 371.528413 seconds.

chan =

   136

Elapsed time is 385.121019 seconds.

chan =

   137

Elapsed time is 367.630494 seconds.

chan =

   138

Elapsed time is 375.338936 seconds.

chan =

   139

Elapsed time is 369.935052 seconds.
attempting saving
save success: /projects/p31578/dtf8829/QuestConnect/CHANDAT/chanDat_OH30_081.mat
working on TF
encoding done
encoding RT done
