getting started: 2859
attempting file: 2859
going for OH27 65
data loaded: OH27 65
HFB already done

chan =

     1

Elapsed time is 269.909919 seconds.

chan =

     2

Elapsed time is 284.024134 seconds.

chan =

     3

Elapsed time is 290.846777 seconds.

chan =

     4

Elapsed time is 287.001968 seconds.

chan =

     5

Elapsed time is 287.221139 seconds.

chan =

     6

Elapsed time is 278.701531 seconds.

chan =

     7

Elapsed time is 297.579962 seconds.

chan =

     8

Elapsed time is 306.833292 seconds.

chan =

     9

Elapsed time is 310.232438 seconds.

chan =

    10

Elapsed time is 308.562991 seconds.

chan =

    11

Elapsed time is 307.975612 seconds.

chan =

    12

Elapsed time is 309.015346 seconds.

chan =

    13

Elapsed time is 306.856468 seconds.

chan =

    14

Elapsed time is 306.101264 seconds.

chan =

    15

Elapsed time is 302.470694 seconds.

chan =

    16

Elapsed time is 302.924332 seconds.

chan =

    17

Elapsed time is 299.983866 seconds.

chan =

    18

Elapsed time is 300.609864 seconds.

chan =

    19

Elapsed time is 299.590825 seconds.

chan =

    20

Elapsed time is 302.892893 seconds.

chan =

    21

Elapsed time is 303.333320 seconds.

chan =

    22

Elapsed time is 302.874207 seconds.

chan =

    23

Elapsed time is 303.873431 seconds.

chan =

    24

Elapsed time is 300.143133 seconds.

chan =

    25

Elapsed time is 301.188116 seconds.

chan =

    26

Elapsed time is 298.357290 seconds.

chan =

    27

Elapsed time is 303.208482 seconds.

chan =

    28

Elapsed time is 299.383268 seconds.

chan =

    29

Elapsed time is 301.012796 seconds.

chan =

    30

Elapsed time is 304.284060 seconds.

chan =

    31

Elapsed time is 299.992226 seconds.

chan =

    32

Elapsed time is 301.104753 seconds.

chan =

    33

Elapsed time is 302.037074 seconds.

chan =

    34

Elapsed time is 302.407951 seconds.

chan =

    35

Elapsed time is 304.383863 seconds.

chan =

    36

Elapsed time is 307.457490 seconds.

chan =

    37

Elapsed time is 300.420853 seconds.

chan =

    38

Elapsed time is 299.045295 seconds.

chan =

    39

Elapsed time is 300.303552 seconds.

chan =

    40

Elapsed time is 307.009137 seconds.

chan =

    41

Elapsed time is 305.494040 seconds.

chan =

    42

Elapsed time is 302.533735 seconds.

chan =

    43

Elapsed time is 291.705364 seconds.

chan =

    44

Elapsed time is 296.021624 seconds.

chan =

    45

Elapsed time is 285.802339 seconds.

chan =

    46

Elapsed time is 293.899145 seconds.

chan =

    47

Elapsed time is 284.153645 seconds.

chan =

    48

Elapsed time is 287.927855 seconds.

chan =

    49

Elapsed time is 293.119784 seconds.

chan =

    50

Elapsed time is 288.824118 seconds.

chan =

    51

Elapsed time is 282.331449 seconds.

chan =

    52

Elapsed time is 288.780971 seconds.

chan =

    53

Elapsed time is 289.300394 seconds.

chan =

    54

Elapsed time is 289.211580 seconds.

chan =

    55

Elapsed time is 285.672310 seconds.

chan =

    56

Elapsed time is 284.032114 seconds.

chan =

    57

Elapsed time is 286.016138 seconds.

chan =

    58

Elapsed time is 289.604153 seconds.

chan =

    59

Elapsed time is 287.835527 seconds.

chan =

    60

Elapsed time is 288.721346 seconds.

chan =

    61

Elapsed time is 281.290758 seconds.

chan =

    62

Elapsed time is 274.279023 seconds.

chan =

    63

Elapsed time is 289.703438 seconds.

chan =

    64

Elapsed time is 291.692613 seconds.

chan =

    65

Elapsed time is 284.110785 seconds.

chan =

    66

Elapsed time is 290.042383 seconds.

chan =

    67

Elapsed time is 279.686680 seconds.

chan =

    68

Elapsed time is 290.488469 seconds.

chan =

    69

Elapsed time is 286.659659 seconds.

chan =

    70

Elapsed time is 285.702356 seconds.

chan =

    71

Elapsed time is 289.765991 seconds.

chan =

    72

Elapsed time is 285.949551 seconds.

chan =

    73

Elapsed time is 287.991475 seconds.

chan =

    74

Elapsed time is 287.981216 seconds.

chan =

    75

Elapsed time is 291.215269 seconds.

chan =

    76

Elapsed time is 289.786749 seconds.

chan =

    77

Elapsed time is 283.542742 seconds.

chan =

    78

Elapsed time is 290.750721 seconds.

chan =

    79

Elapsed time is 285.618755 seconds.

chan =

    80

Elapsed time is 288.534437 seconds.

chan =

    81

Elapsed time is 283.170219 seconds.

chan =

    82

Elapsed time is 289.049554 seconds.

chan =

    83

Elapsed time is 287.288442 seconds.

chan =

    84

Elapsed time is 284.215968 seconds.

chan =

    85

Elapsed time is 286.607905 seconds.

chan =

    86

Elapsed time is 283.423543 seconds.

chan =

    87

Elapsed time is 286.084625 seconds.

chan =

    88

Elapsed time is 287.610624 seconds.

chan =

    89

Elapsed time is 288.812465 seconds.

chan =

    90

Elapsed time is 290.413618 seconds.

chan =

    91

Elapsed time is 287.794489 seconds.

chan =

    92

Elapsed time is 291.658257 seconds.

chan =

    93

Elapsed time is 288.734878 seconds.

chan =

    94

Elapsed time is 291.013045 seconds.

chan =

    95

Elapsed time is 285.490542 seconds.

chan =

    96

Elapsed time is 287.146523 seconds.

chan =

    97

Elapsed time is 290.663740 seconds.

chan =

    98

Elapsed time is 287.700093 seconds.

chan =

    99

Elapsed time is 288.586774 seconds.

chan =

   100

Elapsed time is 282.685387 seconds.

chan =

   101

Elapsed time is 291.895506 seconds.

chan =

   102

Elapsed time is 294.129462 seconds.

chan =

   103

Elapsed time is 291.446488 seconds.

chan =

   104

Elapsed time is 294.517378 seconds.

chan =

   105

Elapsed time is 289.183122 seconds.

chan =

   106

Elapsed time is 295.500434 seconds.

