getting started: 2687
attempting file: 2687
going for NM04 50
data loaded: NM04 50
HFB already done

chan =

     1

Elapsed time is 291.221414 seconds.

chan =

     2

Elapsed time is 289.479174 seconds.

chan =

     3

Elapsed time is 306.766149 seconds.

chan =

     4

Elapsed time is 301.237627 seconds.

chan =

     5

Elapsed time is 300.453264 seconds.

chan =

     6

Elapsed time is 308.175241 seconds.

chan =

     7

Elapsed time is 300.931668 seconds.

chan =

     8

Elapsed time is 300.976688 seconds.

chan =

     9

Elapsed time is 300.072179 seconds.

chan =

    10

Elapsed time is 301.392504 seconds.

chan =

    11

Elapsed time is 304.415255 seconds.

chan =

    12

Elapsed time is 302.812128 seconds.

chan =

    13

Elapsed time is 297.399208 seconds.

chan =

    14

Elapsed time is 289.985623 seconds.

chan =

    15

Elapsed time is 283.725392 seconds.

chan =

    16

Elapsed time is 277.150122 seconds.

chan =

    17

Elapsed time is 271.342142 seconds.

chan =

    18

Elapsed time is 264.379164 seconds.

chan =

    19

Elapsed time is 260.597951 seconds.

chan =

    20

Elapsed time is 301.798077 seconds.

chan =

    21

Elapsed time is 368.711993 seconds.

chan =

    22

Elapsed time is 352.590099 seconds.

chan =

    23

Elapsed time is 347.456221 seconds.

chan =

    24

Elapsed time is 345.828745 seconds.

chan =

    25

Elapsed time is 341.416593 seconds.

chan =

    26

Elapsed time is 290.687690 seconds.

chan =

    27

Elapsed time is 234.166375 seconds.

chan =

    28

Elapsed time is 361.149380 seconds.

chan =

    29

Elapsed time is 399.748762 seconds.

chan =

    30

Elapsed time is 305.425600 seconds.

chan =

    31

Elapsed time is 472.791520 seconds.

chan =

    32

Elapsed time is 462.285056 seconds.

chan =

    33

Elapsed time is 460.670676 seconds.

chan =

    34

Elapsed time is 459.339065 seconds.

chan =

    35

Elapsed time is 463.164995 seconds.

chan =

    36

Elapsed time is 332.680584 seconds.

chan =

    37

Elapsed time is 457.896401 seconds.

chan =

    38

Elapsed time is 475.361382 seconds.

chan =

    39

Elapsed time is 472.830105 seconds.

chan =

    40

Elapsed time is 473.886338 seconds.

chan =

    41

Elapsed time is 468.278171 seconds.

chan =

    42

Elapsed time is 474.820148 seconds.

chan =

    43

Elapsed time is 471.674503 seconds.

chan =

    44

Elapsed time is 471.535706 seconds.

chan =

    45

Elapsed time is 469.754718 seconds.

chan =

    46

Elapsed time is 472.551476 seconds.

chan =

    47

Elapsed time is 470.872344 seconds.

chan =

    48

Elapsed time is 475.365337 seconds.

chan =

    49

Elapsed time is 472.441592 seconds.

chan =

    50

Elapsed time is 475.700132 seconds.

chan =

    51

Elapsed time is 476.792718 seconds.

chan =

    52

Elapsed time is 476.726618 seconds.

chan =

    53

Elapsed time is 479.842860 seconds.

chan =

    54

Elapsed time is 468.275401 seconds.

chan =

    55

Elapsed time is 466.643221 seconds.

chan =

    56

Elapsed time is 463.021076 seconds.

chan =

    57

Elapsed time is 407.601973 seconds.

chan =

    58

Elapsed time is 396.339208 seconds.

chan =

    59

Elapsed time is 231.234933 seconds.

chan =

    60

Elapsed time is 364.488768 seconds.

chan =

    61

Elapsed time is 463.853104 seconds.

chan =

    62

Elapsed time is 456.477292 seconds.

chan =

    63

Elapsed time is 462.794835 seconds.

chan =

    64

Elapsed time is 453.414996 seconds.

chan =

    65

Elapsed time is 456.191717 seconds.

chan =

    66

Elapsed time is 456.884876 seconds.

chan =

    67

Elapsed time is 458.776535 seconds.

chan =

    68

Elapsed time is 453.582522 seconds.

chan =

    69

Elapsed time is 454.878599 seconds.

chan =

    70

Elapsed time is 447.698251 seconds.

chan =

    71

Elapsed time is 451.595099 seconds.

chan =

    72

Elapsed time is 451.077157 seconds.

chan =

    73

Elapsed time is 454.337798 seconds.

chan =

    74

Elapsed time is 452.119381 seconds.

chan =

    75

Elapsed time is 457.592017 seconds.

chan =

    76

Elapsed time is 451.880294 seconds.

chan =

    77

Elapsed time is 445.611014 seconds.

chan =

    78

Elapsed time is 454.739374 seconds.

chan =

    79

Elapsed time is 452.832108 seconds.

chan =

    80

Elapsed time is 458.072341 seconds.

chan =

    81

Elapsed time is 453.917988 seconds.

chan =

    82

Elapsed time is 455.420045 seconds.

chan =

    83

Elapsed time is 452.419240 seconds.

chan =

    84

Elapsed time is 458.529214 seconds.

chan =

    85

Elapsed time is 449.870759 seconds.

chan =

    86

Elapsed time is 459.332553 seconds.

chan =

    87

Elapsed time is 456.229655 seconds.

chan =

    88

Elapsed time is 453.287467 seconds.

chan =

    89

Elapsed time is 455.644562 seconds.

chan =

    90

Elapsed time is 454.756188 seconds.

chan =

    91

Elapsed time is 448.981561 seconds.
attempting saving
save success: /projects/p31578/dtf8829/QuestConnect/CHANDAT/chanDat_NM04_050.mat
working on TF
encoding done
encoding RT done
retrieval 1 done
retrieval 2 done
attempting saving
save success: /projects/p31578/dtf8829/QuestConnect/CHANDAT/chanDat_NM04_050.mat
working on ISPC
channel: 1 took 0 minutes
channel: 2 took 0 minutes
channel: 3 took 0 minutes
channel: 4 took 0 minutes
channel: 5 took 0 minutes
channel: 6 took 0 minutes
channel: 7 took 0 minutes
channel: 8 took 0 minutes
channel: 9 took 0 minutes
channel: 10 took 0 minutes
channel: 11 took 0 minutes
channel: 12 took 0 minutes
channel: 13 took 0 minutes
channel: 14 took 0 minutes
channel: 15 took 0 minutes
channel: 16 took 0 minutes
channel: 17 took 0 minutes
channel: 18 took 0 minutes
channel: 19 took 0 minutes
channel: 20 took 0 minutes
channel: 21 took 0 minutes
channel: 22 took 0 minutes
channel: 23 took 0 minutes
channel: 24 took 0 minutes
channel: 25 took 0 minutes
channel: 26 took 0 minutes
channel: 27 took 0 minutes
channel: 28 took 0 minutes
channel: 29 took 0 minutes
channel: 30 took 0 minutes
channel: 31 took 0 minutes
channel: 32 took 0 minutes
channel: 33 took 0 minutes
channel: 34 took 0 minutes
channel: 35 took 0 minutes
channel: 36 took 0 minutes
channel: 37 took 0 minutes
channel: 38 took 0 minutes
channel: 39 took 0 minutes
channel: 40 took 0 minutes
channel: 41 took 0 minutes
channel: 42 took 0 minutes
channel: 43 took 0 minutes
channel: 44 took 0 minutes
channel: 45 took 0 minutes
channel: 46 took 0 minutes
channel: 47 took 0 minutes
channel: 48 took 0 minutes
channel: 49 took 0 minutes
channel: 50 took 0 minutes
channel: 51 took 5.3 minutes
channel: 52 took 5.5 minutes
channel: 53 took 5.4 minutes
channel: 54 took 5.4 minutes
channel: 55 took 5.4 minutes
channel: 56 took 5.4 minutes
channel: 57 took 5.3 minutes
channel: 58 took 5.4 minutes
channel: 59 took 5.4 minutes
channel: 60 took 5.5 minutes
channel: 61 took 5.4 minutes
channel: 62 took 5.5 minutes
channel: 63 took 5.5 minutes
channel: 64 took 5.4 minutes
channel: 65 took 5.5 minutes
channel: 66 took 5.5 minutes
channel: 67 took 5.5 minutes
channel: 68 took 5.5 minutes
channel: 69 took 5.5 minutes
channel: 70 took 5.5 minutes
channel: 71 took 5.5 minutes
channel: 72 took 5.5 minutes
channel: 73 took 5.5 minutes
channel: 74 took 5.5 minutes
channel: 75 took 5.5 minutes
channel: 76 took 5.5 minutes
channel: 77 took 5.5 minutes
channel: 78 took 5.5 minutes
channel: 79 took 5.5 minutes
channel: 80 took 5.5 minutes
channel: 81 took 5.5 minutes
channel: 82 took 5.5 minutes
channel: 83 took 5.5 minutes
channel: 84 took 5.5 minutes
channel: 85 took 5.6 minutes
channel: 86 took 5.5 minutes
channel: 87 took 5.5 minutes
channel: 88 took 5.5 minutes
channel: 89 took 5.5 minutes
channel: 90 took 5.5 minutes
channel: 91 took 5.3 minutes
attempting saving
save success: /projects/p31578/dtf8829/QuestConnect/CHANDAT/chanDat_NM04_050.mat
Elapsed time is 321.957954 seconds.
