getting started: 2678
attempting file: 2678
going for NM04 41
data loaded: NM04 41
HFB already done

chan =

     1

Elapsed time is 253.709838 seconds.

chan =

     2

Elapsed time is 253.816796 seconds.

chan =

     3

Elapsed time is 253.188195 seconds.

chan =

     4

Elapsed time is 250.170868 seconds.

chan =

     5

Elapsed time is 248.324988 seconds.

chan =

     6

Elapsed time is 254.175957 seconds.

chan =

     7

Elapsed time is 255.583728 seconds.

chan =

     8

Elapsed time is 254.442234 seconds.

chan =

     9

Elapsed time is 250.115983 seconds.

chan =

    10

Elapsed time is 250.243266 seconds.

chan =

    11

Elapsed time is 255.842666 seconds.

chan =

    12

Elapsed time is 253.663263 seconds.

chan =

    13

Elapsed time is 254.540955 seconds.

chan =

    14

Elapsed time is 252.023756 seconds.

chan =

    15

Elapsed time is 257.555071 seconds.

chan =

    16

Elapsed time is 251.202541 seconds.

chan =

    17

Elapsed time is 245.593062 seconds.

chan =

    18

Elapsed time is 248.276007 seconds.

chan =

    19

Elapsed time is 246.356672 seconds.

chan =

    20

Elapsed time is 244.185721 seconds.

chan =

    21

Elapsed time is 245.837776 seconds.

chan =

    22

Elapsed time is 242.560970 seconds.

chan =

    23

Elapsed time is 244.484272 seconds.

chan =

    24

Elapsed time is 243.382733 seconds.

chan =

    25

Elapsed time is 244.877997 seconds.

chan =

    26

Elapsed time is 244.796530 seconds.

chan =

    27

Elapsed time is 243.335534 seconds.

chan =

    28

Elapsed time is 246.986520 seconds.

chan =

    29

Elapsed time is 245.932741 seconds.

chan =

    30

Elapsed time is 245.668980 seconds.

chan =

    31

Elapsed time is 244.944399 seconds.

chan =

    32

Elapsed time is 247.271636 seconds.

chan =

    33

Elapsed time is 252.528757 seconds.

chan =

    34

Elapsed time is 247.282963 seconds.

chan =

    35

Elapsed time is 252.723058 seconds.

chan =

    36

Elapsed time is 247.053152 seconds.

chan =

    37

Elapsed time is 238.979316 seconds.

chan =

    38

Elapsed time is 247.573147 seconds.

chan =

    39

Elapsed time is 247.381216 seconds.

chan =

    40

Elapsed time is 241.895610 seconds.

chan =

    41

Elapsed time is 241.846913 seconds.

chan =

    42

Elapsed time is 241.554960 seconds.

chan =

    43

Elapsed time is 238.294878 seconds.

chan =

    44

Elapsed time is 243.344729 seconds.

chan =

    45

Elapsed time is 243.041192 seconds.

chan =

    46

Elapsed time is 241.129665 seconds.

chan =

    47

Elapsed time is 234.236450 seconds.

chan =

    48

Elapsed time is 230.670820 seconds.

chan =

    49

Elapsed time is 238.797671 seconds.

chan =

    50

Elapsed time is 237.879238 seconds.

chan =

    51

Elapsed time is 241.599661 seconds.

chan =

    52

Elapsed time is 246.236113 seconds.

chan =

    53

Elapsed time is 236.605450 seconds.

chan =

    54

Elapsed time is 232.135145 seconds.

chan =

    55

Elapsed time is 239.414908 seconds.

chan =

    56

Elapsed time is 237.037160 seconds.

chan =

    57

Elapsed time is 238.506974 seconds.

chan =

    58

Elapsed time is 238.955849 seconds.

chan =

    59

Elapsed time is 235.455534 seconds.

chan =

    60

Elapsed time is 237.497689 seconds.

chan =

    61

Elapsed time is 243.563239 seconds.

chan =

    62

Elapsed time is 241.791070 seconds.

chan =

    63

Elapsed time is 243.460745 seconds.

chan =

    64

Elapsed time is 242.845179 seconds.

chan =

    65

Elapsed time is 240.970460 seconds.

chan =

    66

Elapsed time is 239.514831 seconds.

chan =

    67

Elapsed time is 238.017079 seconds.

chan =

    68

Elapsed time is 237.155600 seconds.

chan =

    69

Elapsed time is 236.930050 seconds.

chan =

    70

Elapsed time is 241.562633 seconds.

chan =

    71

Elapsed time is 248.057247 seconds.

chan =

    72

Elapsed time is 246.515426 seconds.

chan =

    73

Elapsed time is 243.514435 seconds.

chan =

    74

Elapsed time is 237.575739 seconds.

chan =

    75

Elapsed time is 244.590973 seconds.

chan =

    76

Elapsed time is 243.092512 seconds.

chan =

    77

Elapsed time is 245.290117 seconds.

chan =

    78

Elapsed time is 243.444211 seconds.

chan =

    79

Elapsed time is 243.301335 seconds.

chan =

    80

Elapsed time is 242.732136 seconds.

chan =

    81

Elapsed time is 243.548229 seconds.

chan =

    82

Elapsed time is 245.844517 seconds.

chan =

    83

Elapsed time is 241.154201 seconds.

chan =

    84

Elapsed time is 246.300461 seconds.

chan =

    85

Elapsed time is 244.703706 seconds.

chan =

    86

Elapsed time is 240.403273 seconds.

chan =

    87

Elapsed time is 241.817843 seconds.

chan =

    88

Elapsed time is 233.625396 seconds.

chan =

    89

Elapsed time is 239.935013 seconds.

chan =

    90

Elapsed time is 242.584769 seconds.

chan =

    91

Elapsed time is 231.693017 seconds.
attempting saving
save success: /projects/p31578/dtf8829/QuestConnect/CHANDAT/chanDat_NM04_041.mat
working on TF
encoding done
encoding RT done
retrieval 1 done
retrieval 2 done
attempting saving
save success: /projects/p31578/dtf8829/QuestConnect/CHANDAT/chanDat_NM04_041.mat
working on ISPC
channel: 1 took 0 minutes
channel: 2 took 0 minutes
channel: 3 took 0 minutes
channel: 4 took 0 minutes
channel: 5 took 0 minutes
channel: 6 took 0 minutes
channel: 7 took 0 minutes
channel: 8 took 0 minutes
channel: 9 took 0 minutes
channel: 10 took 0 minutes
channel: 11 took 0 minutes
channel: 12 took 0 minutes
channel: 13 took 0 minutes
channel: 14 took 0 minutes
channel: 15 took 0 minutes
channel: 16 took 0 minutes
channel: 17 took 0 minutes
channel: 18 took 0 minutes
channel: 19 took 0 minutes
channel: 20 took 0 minutes
channel: 21 took 0 minutes
channel: 22 took 0 minutes
channel: 23 took 0 minutes
channel: 24 took 0 minutes
channel: 25 took 0 minutes
channel: 26 took 0 minutes
channel: 27 took 0 minutes
channel: 28 took 0 minutes
channel: 29 took 0 minutes
channel: 30 took 0 minutes
channel: 31 took 0 minutes
channel: 32 took 0 minutes
channel: 33 took 0 minutes
channel: 34 took 0 minutes
channel: 35 took 0 minutes
channel: 36 took 0 minutes
channel: 37 took 0 minutes
channel: 38 took 0 minutes
channel: 39 took 0 minutes
channel: 40 took 0 minutes
channel: 41 took 0 minutes
channel: 42 took 3.5 minutes
channel: 43 took 3.5 minutes
channel: 44 took 3.6 minutes
channel: 45 took 3.6 minutes
channel: 46 took 3.6 minutes
channel: 47 took 3.5 minutes
channel: 48 took 3.5 minutes
channel: 49 took 3.5 minutes
channel: 50 took 3.6 minutes
channel: 51 took 3.6 minutes
channel: 52 took 3.6 minutes
channel: 53 took 3.6 minutes
channel: 54 took 3.6 minutes
channel: 55 took 3.6 minutes
channel: 56 took 3.6 minutes
channel: 57 took 3.6 minutes
channel: 58 took 3.6 minutes
channel: 59 took 3.5 minutes
channel: 60 took 3.6 minutes
channel: 61 took 3.6 minutes
channel: 62 took 3.6 minutes
channel: 63 took 3.7 minutes
channel: 64 took 3.6 minutes
channel: 65 took 3.6 minutes
channel: 66 took 3.6 minutes
channel: 67 took 3.5 minutes
channel: 68 took 3.6 minutes
channel: 69 took 3.6 minutes
channel: 70 took 3.6 minutes
channel: 71 took 3.6 minutes
channel: 72 took 3.6 minutes
channel: 73 took 3.6 minutes
channel: 74 took 3.6 minutes
channel: 75 took 3.6 minutes
channel: 76 took 3.6 minutes
channel: 77 took 3.6 minutes
channel: 78 took 3.6 minutes
channel: 79 took 3.6 minutes
channel: 80 took 3.6 minutes
channel: 81 took 3.6 minutes
channel: 82 took 3.6 minutes
channel: 83 took 3.6 minutes
channel: 84 took 3.6 minutes
channel: 85 took 3.6 minutes
channel: 86 took 3.6 minutes
channel: 87 took 3.6 minutes
channel: 88 took 3.6 minutes
channel: 89 took 3.6 minutes
channel: 90 took 3.6 minutes
channel: 91 took 3.6 minutes
attempting saving
save success: /projects/p31578/dtf8829/QuestConnect/CHANDAT/chanDat_NM04_041.mat
Elapsed time is 221.034908 seconds.
