getting started: 2811
attempting file: 2811
going for OH27 17
data loaded: OH27 17
HFB already done

chan =

     1

Elapsed time is 237.274232 seconds.

chan =

     2

Elapsed time is 234.207393 seconds.

chan =

     3

Elapsed time is 243.617561 seconds.

chan =

     4

Elapsed time is 242.270860 seconds.

chan =

     5

Elapsed time is 227.996985 seconds.

chan =

     6

Elapsed time is 216.605502 seconds.

chan =

     7

Elapsed time is 232.518563 seconds.

chan =

     8

Elapsed time is 252.427504 seconds.

chan =

     9

Elapsed time is 249.021930 seconds.

chan =

    10

Elapsed time is 252.391901 seconds.

chan =

    11

Elapsed time is 265.192091 seconds.

chan =

    12

Elapsed time is 263.576175 seconds.

chan =

    13

Elapsed time is 265.427375 seconds.

chan =

    14

Elapsed time is 263.644138 seconds.

chan =

    15

Elapsed time is 256.313177 seconds.

chan =

    16

Elapsed time is 254.908112 seconds.

chan =

    17

Elapsed time is 259.140023 seconds.

chan =

    18

Elapsed time is 256.015849 seconds.

chan =

    19

Elapsed time is 254.986185 seconds.

chan =

    20

Elapsed time is 257.448448 seconds.

chan =

    21

Elapsed time is 255.874753 seconds.

chan =

    22

Elapsed time is 256.139614 seconds.

chan =

    23

Elapsed time is 260.867723 seconds.

chan =

    24

Elapsed time is 255.554956 seconds.

chan =

    25

Elapsed time is 255.091960 seconds.

chan =

    26

Elapsed time is 254.059412 seconds.

chan =

    27

Elapsed time is 257.395673 seconds.

chan =

    28

Elapsed time is 254.763668 seconds.

chan =

    29

Elapsed time is 255.661163 seconds.

chan =

    30

Elapsed time is 256.111048 seconds.

chan =

    31

Elapsed time is 256.657643 seconds.

chan =

    32

Elapsed time is 252.339968 seconds.

chan =

    33

Elapsed time is 274.543262 seconds.

chan =

    34

Elapsed time is 275.271737 seconds.

chan =

    35

Elapsed time is 270.761361 seconds.

chan =

    36

Elapsed time is 272.856660 seconds.

chan =

    37

Elapsed time is 275.005382 seconds.

chan =

    38

Elapsed time is 254.932779 seconds.

chan =

    39

Elapsed time is 267.170354 seconds.

chan =

    40

Elapsed time is 271.658318 seconds.

chan =

    41

Elapsed time is 265.131840 seconds.

chan =

    42

Elapsed time is 274.396005 seconds.

chan =

    43

Elapsed time is 259.160883 seconds.

chan =

    44

Elapsed time is 250.598268 seconds.

chan =

    45

Elapsed time is 272.852561 seconds.

chan =

    46

Elapsed time is 272.086307 seconds.

chan =

    47

Elapsed time is 273.339580 seconds.

chan =

    48

Elapsed time is 260.545727 seconds.

chan =

    49

Elapsed time is 259.686312 seconds.

chan =

    50

Elapsed time is 247.704665 seconds.

chan =

    51

Elapsed time is 255.638821 seconds.

chan =

    52

Elapsed time is 250.457773 seconds.

chan =

    53

Elapsed time is 250.190531 seconds.

chan =

    54

Elapsed time is 246.855522 seconds.

chan =

    55

Elapsed time is 251.308141 seconds.

chan =

    56

Elapsed time is 247.036023 seconds.

chan =

    57

Elapsed time is 246.310913 seconds.

chan =

    58

Elapsed time is 254.955871 seconds.

chan =

    59

Elapsed time is 258.843176 seconds.

chan =

    60

Elapsed time is 260.213359 seconds.

chan =

    61

Elapsed time is 258.301050 seconds.

chan =

    62

Elapsed time is 249.684445 seconds.

chan =

    63

Elapsed time is 250.107570 seconds.

chan =

    64

Elapsed time is 249.710435 seconds.

chan =

    65

Elapsed time is 244.039742 seconds.

chan =

    66

Elapsed time is 250.948582 seconds.

chan =

    67

Elapsed time is 249.654989 seconds.

chan =

    68

Elapsed time is 252.485182 seconds.

chan =

    69

Elapsed time is 251.591588 seconds.

chan =

    70

Elapsed time is 243.451663 seconds.

chan =

    71

Elapsed time is 252.322678 seconds.

chan =

    72

Elapsed time is 246.344309 seconds.

chan =

    73

Elapsed time is 248.423395 seconds.

chan =

    74

Elapsed time is 250.683733 seconds.

chan =

    75

Elapsed time is 247.387908 seconds.

chan =

    76

Elapsed time is 248.078936 seconds.

chan =

    77

Elapsed time is 241.725309 seconds.

chan =

    78

Elapsed time is 242.586964 seconds.

chan =

    79

Elapsed time is 243.611243 seconds.

chan =

    80

Elapsed time is 243.084845 seconds.

chan =

    81

Elapsed time is 243.337205 seconds.

chan =

    82

Elapsed time is 247.199692 seconds.

chan =

    83

Elapsed time is 244.478781 seconds.

chan =

    84

Elapsed time is 245.613683 seconds.

chan =

    85

Elapsed time is 243.097569 seconds.

chan =

    86

Elapsed time is 242.974088 seconds.

chan =

    87

Elapsed time is 243.989783 seconds.

chan =

    88

Elapsed time is 241.279142 seconds.

chan =

    89

Elapsed time is 244.816080 seconds.

chan =

    90

Elapsed time is 242.695167 seconds.

chan =

    91

Elapsed time is 246.612738 seconds.

chan =

    92

Elapsed time is 243.522630 seconds.

chan =

    93

Elapsed time is 245.206728 seconds.

chan =

    94

Elapsed time is 244.493578 seconds.

chan =

    95

Elapsed time is 245.714274 seconds.

chan =

    96

Elapsed time is 245.639475 seconds.

chan =

    97

Elapsed time is 246.314147 seconds.

chan =

    98

Elapsed time is 246.009463 seconds.

chan =

    99

Elapsed time is 243.214014 seconds.

chan =

   100

Elapsed time is 241.138142 seconds.

chan =

   101

Elapsed time is 247.176986 seconds.

chan =

   102

Elapsed time is 247.095132 seconds.

chan =

   103

Elapsed time is 246.694065 seconds.

chan =

   104

Elapsed time is 247.945363 seconds.

chan =

   105

Elapsed time is 247.613999 seconds.

chan =

   106

Elapsed time is 244.662311 seconds.

