getting started: 2905
attempting file: 2905
going for OH30 4
data loaded: OH30 4
HFB already done

chan =

     1

Elapsed time is 759.567586 seconds.

chan =

     2

Elapsed time is 751.962304 seconds.

chan =

     3

Elapsed time is 749.240518 seconds.

chan =

     4

Elapsed time is 758.832417 seconds.

chan =

     5

Elapsed time is 754.903837 seconds.

chan =

     6

Elapsed time is 743.200181 seconds.

chan =

     7

Elapsed time is 755.953238 seconds.

chan =

     8

Elapsed time is 754.879776 seconds.

chan =

     9

Elapsed time is 749.331564 seconds.

chan =

    10

Elapsed time is 739.133240 seconds.

chan =

    11

Elapsed time is 744.813409 seconds.

chan =

    12

Elapsed time is 737.545822 seconds.

chan =

    13

Elapsed time is 747.224676 seconds.

chan =

    14

Elapsed time is 740.318584 seconds.

chan =

    15

Elapsed time is 738.519143 seconds.

chan =

    16

Elapsed time is 740.116555 seconds.

chan =

    17

Elapsed time is 733.025461 seconds.

chan =

    18

Elapsed time is 741.770665 seconds.

chan =

    19

Elapsed time is 741.502933 seconds.

chan =

    20

Elapsed time is 744.837436 seconds.

chan =

    21

Elapsed time is 737.969150 seconds.

chan =

    22

Elapsed time is 747.453917 seconds.

chan =

    23

Elapsed time is 736.426681 seconds.

chan =

    24

Elapsed time is 746.465534 seconds.

chan =

    25

Elapsed time is 731.628044 seconds.

chan =

    26

Elapsed time is 746.993987 seconds.

chan =

    27

Elapsed time is 733.717335 seconds.

chan =

    28

Elapsed time is 744.618103 seconds.

chan =

    29

Elapsed time is 743.113660 seconds.

chan =

    30

Elapsed time is 740.298028 seconds.

chan =

    31

Elapsed time is 745.178800 seconds.

chan =

    32

Elapsed time is 745.496827 seconds.

chan =

    33

Elapsed time is 730.292199 seconds.

chan =

    34

Elapsed time is 745.925622 seconds.

chan =

    35

Elapsed time is 733.897413 seconds.

chan =

    36

Elapsed time is 747.493958 seconds.

chan =

    37

Elapsed time is 737.330948 seconds.

chan =

    38

Elapsed time is 738.673199 seconds.

chan =

    39

Elapsed time is 730.529499 seconds.

chan =

    40

Elapsed time is 741.772212 seconds.

chan =

    41

Elapsed time is 730.799876 seconds.

chan =

    42

Elapsed time is 742.311242 seconds.

chan =

    43

Elapsed time is 729.614044 seconds.

chan =

    44

Elapsed time is 746.938992 seconds.

chan =

    45

Elapsed time is 729.930752 seconds.

chan =

    46

Elapsed time is 741.296837 seconds.

chan =

    47

Elapsed time is 733.741559 seconds.

chan =

    48

Elapsed time is 734.579381 seconds.

chan =

    49

Elapsed time is 740.625014 seconds.

chan =

    50

Elapsed time is 738.388782 seconds.

chan =

    51

Elapsed time is 736.047980 seconds.

chan =

    52

Elapsed time is 750.606644 seconds.

chan =

    53

Elapsed time is 735.472576 seconds.

chan =

    54

Elapsed time is 744.473682 seconds.

chan =

    55

Elapsed time is 739.410327 seconds.

chan =

    56

Elapsed time is 746.228401 seconds.

chan =

    57

Elapsed time is 745.311981 seconds.

chan =

    58

Elapsed time is 743.875607 seconds.

chan =

    59

Elapsed time is 737.359608 seconds.

chan =

    60

Elapsed time is 747.460554 seconds.

chan =

    61

Elapsed time is 738.902545 seconds.

chan =

    62

Elapsed time is 747.846510 seconds.

chan =

    63

Elapsed time is 735.238910 seconds.

chan =

    64

Elapsed time is 743.684029 seconds.

chan =

    65

Elapsed time is 737.003295 seconds.

chan =

    66

Elapsed time is 745.376548 seconds.

chan =

    67

Elapsed time is 734.762513 seconds.

chan =

    68

Elapsed time is 735.110036 seconds.

chan =

    69

Elapsed time is 724.931456 seconds.

chan =

    70

Elapsed time is 736.714656 seconds.

chan =

    71

Elapsed time is 725.703109 seconds.

chan =

    72

Elapsed time is 733.263391 seconds.

chan =

    73

Elapsed time is 729.518568 seconds.

chan =

    74

Elapsed time is 736.477088 seconds.

chan =

    75

Elapsed time is 728.423478 seconds.

chan =

    76

Elapsed time is 737.800794 seconds.

chan =

    77

Elapsed time is 725.126351 seconds.

chan =

    78

Elapsed time is 736.179139 seconds.

chan =

    79

Elapsed time is 722.450838 seconds.

chan =

    80

Elapsed time is 733.771736 seconds.

chan =

    81

Elapsed time is 729.113034 seconds.

chan =

    82

Elapsed time is 734.263679 seconds.

chan =

    83

Elapsed time is 732.628362 seconds.

chan =

    84

Elapsed time is 735.419203 seconds.

chan =

    85

Elapsed time is 731.358195 seconds.

chan =

    86

Elapsed time is 742.293732 seconds.

chan =

    87

Elapsed time is 734.259713 seconds.

chan =

    88

Elapsed time is 747.325144 seconds.

chan =

    89

Elapsed time is 740.505020 seconds.

chan =

    90

Elapsed time is 747.137395 seconds.

chan =

    91

Elapsed time is 740.302897 seconds.

chan =

    92

