getting started: 2847
attempting file: 2847
going for OH27 53
data loaded: OH27 53
HFB already done

chan =

     1

Elapsed time is 222.281565 seconds.

chan =

     2

Elapsed time is 218.219462 seconds.

chan =

     3

Elapsed time is 219.483115 seconds.

chan =

     4

Elapsed time is 220.742145 seconds.

chan =

     5

Elapsed time is 221.035353 seconds.

chan =

     6

Elapsed time is 221.548534 seconds.

chan =

     7

Elapsed time is 220.724364 seconds.

chan =

     8

Elapsed time is 219.955934 seconds.

chan =

     9

Elapsed time is 219.906829 seconds.

chan =

    10

Elapsed time is 219.788306 seconds.

chan =

    11

Elapsed time is 220.333885 seconds.

chan =

    12

Elapsed time is 220.307327 seconds.

chan =

    13

Elapsed time is 218.714513 seconds.

chan =

    14

Elapsed time is 220.443675 seconds.

chan =

    15

Elapsed time is 219.547712 seconds.

chan =

    16

Elapsed time is 219.964876 seconds.

chan =

    17

Elapsed time is 219.028411 seconds.

chan =

    18

Elapsed time is 219.630850 seconds.

chan =

    19

Elapsed time is 216.527456 seconds.

chan =

    20

Elapsed time is 219.338093 seconds.

chan =

    21

Elapsed time is 219.115296 seconds.

chan =

    22

Elapsed time is 219.628201 seconds.

chan =

    23

Elapsed time is 218.708561 seconds.

chan =

    24

Elapsed time is 217.911850 seconds.

chan =

    25

Elapsed time is 219.192167 seconds.

chan =

    26

Elapsed time is 217.762673 seconds.

chan =

    27

Elapsed time is 218.087918 seconds.

chan =

    28

Elapsed time is 218.188007 seconds.

chan =

    29

Elapsed time is 217.712755 seconds.

chan =

    30

Elapsed time is 218.006582 seconds.

chan =

    31

Elapsed time is 217.254644 seconds.

chan =

    32

Elapsed time is 217.245107 seconds.

chan =

    33

Elapsed time is 219.380492 seconds.

chan =

    34

Elapsed time is 220.571755 seconds.

chan =

    35

Elapsed time is 220.754383 seconds.

chan =

    36

Elapsed time is 221.084371 seconds.

chan =

    37

Elapsed time is 220.254678 seconds.

chan =

    38

Elapsed time is 219.293189 seconds.

chan =

    39

Elapsed time is 217.682018 seconds.

chan =

    40

Elapsed time is 218.782814 seconds.

chan =

    41

Elapsed time is 218.615621 seconds.

chan =

    42

Elapsed time is 220.974542 seconds.

chan =

    43

Elapsed time is 217.225859 seconds.

chan =

    44

Elapsed time is 220.618816 seconds.

chan =

    45

Elapsed time is 221.425167 seconds.

chan =

    46

Elapsed time is 220.180868 seconds.

chan =

    47

Elapsed time is 219.870782 seconds.

chan =

    48

Elapsed time is 220.704684 seconds.

chan =

    49

Elapsed time is 217.470427 seconds.

chan =

    50

Elapsed time is 220.251085 seconds.

chan =

    51

Elapsed time is 219.049329 seconds.

chan =

    52

Elapsed time is 219.438525 seconds.

chan =

    53

Elapsed time is 220.719830 seconds.

chan =

    54

Elapsed time is 220.291608 seconds.

chan =

    55

Elapsed time is 218.109611 seconds.

chan =

    56

Elapsed time is 218.939844 seconds.

chan =

    57

Elapsed time is 215.777866 seconds.

chan =

    58

Elapsed time is 219.647819 seconds.

chan =

    59

Elapsed time is 219.838099 seconds.

chan =

    60

Elapsed time is 219.516385 seconds.

chan =

    61

Elapsed time is 219.305254 seconds.

chan =

    62

Elapsed time is 219.289652 seconds.

chan =

    63

Elapsed time is 217.526315 seconds.

chan =

    64

Elapsed time is 218.643040 seconds.

chan =

    65

Elapsed time is 216.631115 seconds.

chan =

    66

Elapsed time is 219.741470 seconds.

chan =

    67

Elapsed time is 219.182929 seconds.

chan =

    68

Elapsed time is 219.830262 seconds.

chan =

    69

Elapsed time is 218.845528 seconds.

chan =

    70

Elapsed time is 218.348248 seconds.

chan =

    71

Elapsed time is 220.281058 seconds.

chan =

    72

Elapsed time is 222.577385 seconds.

chan =

    73

Elapsed time is 219.204113 seconds.

chan =

    74

Elapsed time is 218.614799 seconds.

chan =

    75

Elapsed time is 219.055934 seconds.

chan =

    76

Elapsed time is 219.007422 seconds.

chan =

    77

Elapsed time is 218.606255 seconds.

chan =

    78

Elapsed time is 219.597740 seconds.

chan =

    79

Elapsed time is 219.194194 seconds.

chan =

    80

Elapsed time is 219.194939 seconds.

chan =

    81

Elapsed time is 218.405521 seconds.

chan =

    82

Elapsed time is 218.736583 seconds.

chan =

    83

Elapsed time is 217.677275 seconds.

chan =

    84

Elapsed time is 218.353779 seconds.

chan =

    85

Elapsed time is 217.861102 seconds.

chan =

    86

Elapsed time is 218.014172 seconds.

chan =

    87

Elapsed time is 217.259358 seconds.

chan =

    88

Elapsed time is 216.187296 seconds.

chan =

    89

Elapsed time is 216.736063 seconds.

chan =

    90

Elapsed time is 219.043801 seconds.

chan =

    91

Elapsed time is 217.802754 seconds.

chan =

    92

Elapsed time is 218.629565 seconds.

chan =

    93

Elapsed time is 218.655387 seconds.

chan =

    94

Elapsed time is 219.387652 seconds.

chan =

    95

Elapsed time is 218.335013 seconds.

chan =

    96

Elapsed time is 219.445724 seconds.

chan =

    97

Elapsed time is 218.336024 seconds.

chan =

    98

Elapsed time is 218.390910 seconds.

chan =

    99

Elapsed time is 217.436943 seconds.

chan =

   100

Elapsed time is 219.378318 seconds.

chan =

   101

Elapsed time is 221.007893 seconds.

chan =

   102

Elapsed time is 220.759826 seconds.

chan =

   103

Elapsed time is 219.144212 seconds.

chan =

   104

Elapsed time is 220.092059 seconds.

chan =

   105

Elapsed time is 219.499794 seconds.

chan =

   106

Elapsed time is 220.500356 seconds.

