getting started: 2866
attempting file: 2866
going for OH27 72
data loaded: OH27 72
HFB already done

chan =

     1

Elapsed time is 274.548070 seconds.

chan =

     2

Elapsed time is 273.881464 seconds.

chan =

     3

Elapsed time is 275.411656 seconds.

chan =

     4

Elapsed time is 281.170986 seconds.

chan =

     5

Elapsed time is 285.205299 seconds.

chan =

     6

Elapsed time is 282.813403 seconds.

chan =

     7

Elapsed time is 278.440836 seconds.

chan =

     8

Elapsed time is 285.622776 seconds.

chan =

     9

Elapsed time is 282.913610 seconds.

chan =

    10

Elapsed time is 281.133950 seconds.

chan =

    11

Elapsed time is 286.296919 seconds.

chan =

    12

Elapsed time is 284.171424 seconds.

chan =

    13

Elapsed time is 267.871516 seconds.

chan =

    14

Elapsed time is 275.286046 seconds.

chan =

    15

Elapsed time is 273.031349 seconds.

chan =

    16

Elapsed time is 272.645298 seconds.

chan =

    17

Elapsed time is 275.259306 seconds.

chan =

    18

Elapsed time is 272.458225 seconds.

chan =

    19

Elapsed time is 275.474413 seconds.

chan =

    20

Elapsed time is 279.224028 seconds.

chan =

    21

Elapsed time is 277.848192 seconds.

chan =

    22

Elapsed time is 279.167637 seconds.

chan =

    23

Elapsed time is 275.617250 seconds.

chan =

    24

Elapsed time is 278.222939 seconds.

chan =

    25

Elapsed time is 275.453721 seconds.

chan =

    26

Elapsed time is 276.503534 seconds.

chan =

    27

Elapsed time is 284.225964 seconds.

chan =

    28

Elapsed time is 268.172563 seconds.

chan =

    29

Elapsed time is 267.010011 seconds.

chan =

    30

Elapsed time is 258.250994 seconds.

chan =

    31

Elapsed time is 245.287467 seconds.

chan =

    32

Elapsed time is 246.477771 seconds.

chan =

    33

Elapsed time is 266.755215 seconds.

chan =

    34

Elapsed time is 266.639603 seconds.

chan =

    35

Elapsed time is 266.163382 seconds.

chan =

    36

Elapsed time is 263.908541 seconds.

chan =

    37

Elapsed time is 248.390836 seconds.

chan =

    38

Elapsed time is 255.340636 seconds.

chan =

    39

Elapsed time is 258.444734 seconds.

chan =

    40

Elapsed time is 258.493663 seconds.

chan =

    41

Elapsed time is 245.035418 seconds.

chan =

    42

Elapsed time is 255.758586 seconds.

chan =

    43

Elapsed time is 244.418956 seconds.

chan =

    44

Elapsed time is 254.048316 seconds.

chan =

    45

Elapsed time is 259.365681 seconds.

chan =

    46

Elapsed time is 257.578538 seconds.

chan =

    47

Elapsed time is 245.303488 seconds.

chan =

    48

Elapsed time is 235.003496 seconds.

chan =

    49

Elapsed time is 220.480337 seconds.

chan =

    50

Elapsed time is 211.655634 seconds.

chan =

    51

Elapsed time is 209.484475 seconds.

chan =

    52

Elapsed time is 208.068991 seconds.

chan =

    53

Elapsed time is 207.059334 seconds.

chan =

    54

Elapsed time is 219.343684 seconds.

chan =

    55

Elapsed time is 223.599554 seconds.

chan =

    56

Elapsed time is 221.296229 seconds.

chan =

    57

Elapsed time is 216.713348 seconds.

chan =

    58

Elapsed time is 203.115895 seconds.

chan =

    59

Elapsed time is 204.168748 seconds.

chan =

    60

Elapsed time is 203.398623 seconds.

chan =

    61

Elapsed time is 203.549191 seconds.

chan =

    62

Elapsed time is 203.222135 seconds.

chan =

    63

Elapsed time is 204.901903 seconds.

chan =

    64

Elapsed time is 207.589835 seconds.

chan =

    65

Elapsed time is 201.623072 seconds.

chan =

    66

Elapsed time is 204.232988 seconds.

chan =

    67

Elapsed time is 205.514408 seconds.

chan =

    68

Elapsed time is 208.757970 seconds.

chan =

    69

Elapsed time is 208.321181 seconds.

chan =

    70

Elapsed time is 206.236222 seconds.

chan =

    71

Elapsed time is 209.006615 seconds.

chan =

    72

Elapsed time is 208.029324 seconds.

chan =

    73

Elapsed time is 208.225881 seconds.

chan =

    74

Elapsed time is 208.256514 seconds.

chan =

    75

Elapsed time is 208.599929 seconds.

chan =

    76

Elapsed time is 207.787908 seconds.

chan =

    77

Elapsed time is 208.143391 seconds.

chan =

    78

Elapsed time is 208.207699 seconds.

chan =

    79

Elapsed time is 211.432916 seconds.

chan =

    80

Elapsed time is 209.341539 seconds.

chan =

    81

Elapsed time is 207.499706 seconds.

chan =

    82

Elapsed time is 206.920197 seconds.

chan =

    83

Elapsed time is 207.290140 seconds.

chan =

    84

Elapsed time is 203.004367 seconds.

chan =

    85

Elapsed time is 204.595356 seconds.

chan =

    86

Elapsed time is 203.571335 seconds.

chan =

    87

Elapsed time is 205.128614 seconds.

chan =

    88

Elapsed time is 202.323758 seconds.

chan =

    89

Elapsed time is 206.852465 seconds.

chan =

    90

Elapsed time is 207.147303 seconds.

chan =

    91

Elapsed time is 204.320386 seconds.

chan =

    92

Elapsed time is 204.910472 seconds.

chan =

    93

Elapsed time is 206.354312 seconds.

chan =

    94

Elapsed time is 204.258041 seconds.

chan =

    95

Elapsed time is 202.944968 seconds.

chan =

    96

Elapsed time is 205.668642 seconds.

chan =

    97

Elapsed time is 207.061695 seconds.

chan =

    98

Elapsed time is 205.465590 seconds.

chan =

    99

Elapsed time is 204.051668 seconds.

chan =

   100

Elapsed time is 205.693447 seconds.

chan =

   101

Elapsed time is 209.413738 seconds.

chan =

   102

Elapsed time is 206.094012 seconds.

chan =

   103

Elapsed time is 207.291430 seconds.

chan =

   104

Elapsed time is 205.539658 seconds.

chan =

   105

Elapsed time is 207.617783 seconds.

chan =

   106

Elapsed time is 206.575913 seconds.

