getting started: 2963
attempting file: 2963
going for OH30 62
data loaded: OH30 62
HFB already done

chan =

     1

Elapsed time is 527.987521 seconds.

chan =

     2

Elapsed time is 526.566755 seconds.

chan =

     3

Elapsed time is 541.047765 seconds.

chan =

     4

Elapsed time is 541.195695 seconds.

chan =

     5

Elapsed time is 542.030649 seconds.

chan =

     6

Elapsed time is 536.374547 seconds.

chan =

     7

Elapsed time is 513.628182 seconds.

chan =

     8

Elapsed time is 496.723588 seconds.

chan =

     9

Elapsed time is 475.571282 seconds.

chan =

    10

Elapsed time is 467.720275 seconds.

chan =

    11

Elapsed time is 469.770624 seconds.

chan =

    12

Elapsed time is 470.646568 seconds.

chan =

    13

Elapsed time is 468.540133 seconds.

chan =

    14

Elapsed time is 473.004960 seconds.

chan =

    15

Elapsed time is 496.863976 seconds.

chan =

    16

Elapsed time is 509.881619 seconds.

chan =

    17

Elapsed time is 507.746874 seconds.

chan =

    18

Elapsed time is 522.574056 seconds.

chan =

    19

Elapsed time is 534.347211 seconds.

chan =

    20

Elapsed time is 530.461888 seconds.

chan =

    21

Elapsed time is 539.081772 seconds.

chan =

    22

Elapsed time is 549.980585 seconds.

chan =

    23

Elapsed time is 528.867764 seconds.

chan =

    24

Elapsed time is 538.675538 seconds.

chan =

    25

Elapsed time is 516.120732 seconds.

chan =

    26

Elapsed time is 549.912657 seconds.

chan =

    27

Elapsed time is 521.925162 seconds.

chan =

    28

Elapsed time is 515.345963 seconds.

chan =

    29

Elapsed time is 492.823308 seconds.

chan =

    30

Elapsed time is 474.661809 seconds.

chan =

    31

Elapsed time is 474.931466 seconds.

chan =

    32

Elapsed time is 475.284761 seconds.

chan =

    33

Elapsed time is 472.562505 seconds.

chan =

    34

Elapsed time is 474.969613 seconds.

chan =

    35

Elapsed time is 475.188168 seconds.

chan =

    36

Elapsed time is 475.407406 seconds.

chan =

    37

Elapsed time is 475.040946 seconds.

chan =

    38

Elapsed time is 474.495915 seconds.

chan =

    39

Elapsed time is 470.195013 seconds.

chan =

    40

Elapsed time is 474.776442 seconds.

chan =

    41

Elapsed time is 473.744879 seconds.

chan =

    42

Elapsed time is 471.499853 seconds.

chan =

    43

Elapsed time is 471.324518 seconds.

chan =

    44

Elapsed time is 472.291518 seconds.

chan =

    45

Elapsed time is 469.681271 seconds.

chan =

    46

Elapsed time is 470.836697 seconds.

chan =

    47

Elapsed time is 471.210589 seconds.

chan =

    48

Elapsed time is 468.042268 seconds.

chan =

    49

Elapsed time is 474.038187 seconds.

chan =

    50

Elapsed time is 473.925112 seconds.

chan =

    51

Elapsed time is 480.183030 seconds.

chan =

    52

Elapsed time is 530.580061 seconds.

chan =

    53

Elapsed time is 529.569008 seconds.

chan =

    54

Elapsed time is 515.602075 seconds.

chan =

    55

Elapsed time is 528.900457 seconds.

chan =

    56

Elapsed time is 505.092417 seconds.

chan =

    57

Elapsed time is 516.055572 seconds.

chan =

    58

Elapsed time is 516.992720 seconds.

chan =

    59

Elapsed time is 473.147012 seconds.

chan =

    60

Elapsed time is 452.835718 seconds.

chan =

    61

Elapsed time is 497.841297 seconds.

chan =

    62

Elapsed time is 500.806644 seconds.

chan =

    63

Elapsed time is 468.668936 seconds.

chan =

    64

Elapsed time is 455.702510 seconds.

chan =

    65

Elapsed time is 455.458327 seconds.

chan =

    66

Elapsed time is 454.672672 seconds.

chan =

    67

Elapsed time is 453.090048 seconds.

chan =

    68

Elapsed time is 456.361618 seconds.

chan =

    69

Elapsed time is 456.767064 seconds.

chan =

    70

Elapsed time is 451.682728 seconds.

chan =

    71

Elapsed time is 442.807980 seconds.

chan =

    72

Elapsed time is 442.036600 seconds.

chan =

    73

Elapsed time is 441.862796 seconds.

chan =

    74

Elapsed time is 441.849560 seconds.

chan =

    75

Elapsed time is 439.022353 seconds.

chan =

    76

Elapsed time is 438.546793 seconds.

chan =

    77

Elapsed time is 436.438247 seconds.

chan =

    78

Elapsed time is 439.746866 seconds.

chan =

    79

Elapsed time is 436.768325 seconds.

chan =

    80

Elapsed time is 439.438460 seconds.

chan =

    81

Elapsed time is 433.197801 seconds.

chan =

    82

Elapsed time is 467.767307 seconds.

chan =

    83

Elapsed time is 478.035834 seconds.

chan =

    84

Elapsed time is 479.428113 seconds.

chan =

    85

Elapsed time is 479.039717 seconds.

chan =

    86

Elapsed time is 477.123235 seconds.

chan =

    87

Elapsed time is 475.857486 seconds.

chan =

    88

Elapsed time is 474.797145 seconds.

chan =

    89

Elapsed time is 478.136391 seconds.

chan =

    90

Elapsed time is 476.714519 seconds.

chan =

    91

Elapsed time is 475.873599 seconds.

chan =

    92

Elapsed time is 474.038664 seconds.

chan =

    93

Elapsed time is 472.739925 seconds.

chan =

    94

Elapsed time is 473.146183 seconds.

chan =

    95

Elapsed time is 476.226914 seconds.

chan =

    96

Elapsed time is 472.060530 seconds.

chan =

    97

Elapsed time is 468.986018 seconds.

chan =

    98

Elapsed time is 469.098813 seconds.

chan =

    99

Elapsed time is 470.829510 seconds.

chan =

   100

Elapsed time is 469.553628 seconds.

chan =

   101

Elapsed time is 466.983723 seconds.

chan =

   102

Elapsed time is 467.478377 seconds.

chan =

   103

Elapsed time is 469.201879 seconds.

chan =

   104

Elapsed time is 462.683725 seconds.

chan =

   105

Elapsed time is 462.917678 seconds.

chan =

   106

Elapsed time is 460.884176 seconds.

chan =

   107

Elapsed time is 460.817010 seconds.

chan =

   108

Elapsed time is 459.327643 seconds.

chan =

   109

Elapsed time is 458.010274 seconds.

chan =

   110

Elapsed time is 459.158829 seconds.

chan =

   111

Elapsed time is 460.540932 seconds.

chan =

   112

Elapsed time is 462.300941 seconds.

chan =

   113

Elapsed time is 462.892710 seconds.

chan =

   114

Elapsed time is 462.140475 seconds.

chan =

   115

Elapsed time is 460.471854 seconds.

chan =

   116

Elapsed time is 460.147720 seconds.

chan =

   117

Elapsed time is 461.416394 seconds.

chan =

   118

Elapsed time is 456.837163 seconds.

chan =

   119

Elapsed time is 463.006042 seconds.

chan =

   120

Elapsed time is 462.109077 seconds.

chan =

   121

Elapsed time is 463.253281 seconds.

chan =

   122

Elapsed time is 462.290255 seconds.

chan =

   123

Elapsed time is 460.968362 seconds.

chan =

   124

Elapsed time is 460.921903 seconds.

chan =

   125

Elapsed time is 461.935997 seconds.

chan =

   126

Elapsed time is 461.994767 seconds.

chan =

   127

Elapsed time is 461.644289 seconds.

chan =

   128

Elapsed time is 460.793581 seconds.

chan =

   129

Elapsed time is 459.960250 seconds.

chan =

   130

Elapsed time is 461.166612 seconds.

chan =

   131

Elapsed time is 457.789748 seconds.

chan =

   132

Elapsed time is 461.161910 seconds.

chan =

   133

Elapsed time is 461.884067 seconds.

chan =

   134

Elapsed time is 463.857916 seconds.

chan =

   135

Elapsed time is 462.683361 seconds.

chan =

   136

Elapsed time is 462.211447 seconds.

chan =

   137

Elapsed time is 462.426919 seconds.

chan =

   138

Elapsed time is 453.479638 seconds.

chan =

   139

Elapsed time is 439.412098 seconds.
attempting saving
save success: /projects/p31578/dtf8829/QuestConnect/CHANDAT/chanDat_OH30_062.mat
working on TF
encoding done
encoding RT done
