getting started: 2851
attempting file: 2851
going for OH27 57
data loaded: OH27 57
HFB already done

chan =

     1

Elapsed time is 236.747984 seconds.

chan =

     2

Elapsed time is 233.636526 seconds.

chan =

     3

Elapsed time is 232.127129 seconds.

chan =

     4

Elapsed time is 234.538732 seconds.

chan =

     5

Elapsed time is 239.564684 seconds.

chan =

     6

Elapsed time is 240.321652 seconds.

chan =

     7

Elapsed time is 239.546774 seconds.

chan =

     8

Elapsed time is 239.349351 seconds.

chan =

     9

Elapsed time is 240.305096 seconds.

chan =

    10

Elapsed time is 239.338451 seconds.

chan =

    11

Elapsed time is 224.711495 seconds.

chan =

    12

Elapsed time is 224.944595 seconds.

chan =

    13

Elapsed time is 270.514259 seconds.

chan =

    14

Elapsed time is 274.725267 seconds.

chan =

    15

Elapsed time is 275.714573 seconds.

chan =

    16

Elapsed time is 273.959405 seconds.

chan =

    17

Elapsed time is 272.781458 seconds.

chan =

    18

Elapsed time is 274.381721 seconds.

chan =

    19

Elapsed time is 272.869298 seconds.

chan =

    20

Elapsed time is 273.977253 seconds.

chan =

    21

Elapsed time is 273.754986 seconds.

chan =

    22

Elapsed time is 273.589581 seconds.

chan =

    23

Elapsed time is 274.523500 seconds.

chan =

    24

Elapsed time is 271.757946 seconds.

chan =

    25

Elapsed time is 213.520471 seconds.

chan =

    26

Elapsed time is 210.913515 seconds.

chan =

    27

Elapsed time is 212.712812 seconds.

chan =

    28

Elapsed time is 211.803573 seconds.

chan =

    29

Elapsed time is 213.949836 seconds.

chan =

    30

Elapsed time is 245.764162 seconds.

chan =

    31

Elapsed time is 250.207584 seconds.

chan =

    32

Elapsed time is 235.250876 seconds.

chan =

    33

Elapsed time is 258.863786 seconds.

chan =

    34

Elapsed time is 250.466972 seconds.

chan =

    35

Elapsed time is 249.712603 seconds.

chan =

    36

Elapsed time is 256.284803 seconds.

chan =

    37

Elapsed time is 259.327636 seconds.

chan =

    38

Elapsed time is 232.837309 seconds.

chan =

    39

Elapsed time is 253.828890 seconds.

chan =

    40

Elapsed time is 253.892974 seconds.

chan =

    41

Elapsed time is 252.683440 seconds.

chan =

    42

Elapsed time is 220.348881 seconds.

chan =

    43

Elapsed time is 239.558006 seconds.

chan =

    44

Elapsed time is 255.290682 seconds.

chan =

    45

Elapsed time is 252.719349 seconds.

chan =

    46

Elapsed time is 244.770731 seconds.

chan =

    47

Elapsed time is 249.056948 seconds.

chan =

    48

Elapsed time is 254.245205 seconds.

chan =

    49

Elapsed time is 234.970397 seconds.

chan =

    50

Elapsed time is 212.409701 seconds.

chan =

    51

Elapsed time is 212.952926 seconds.

chan =

    52

Elapsed time is 218.042635 seconds.

chan =

    53

Elapsed time is 253.303275 seconds.

chan =

    54

Elapsed time is 221.437976 seconds.

chan =

    55

Elapsed time is 214.578450 seconds.

chan =

    56

Elapsed time is 212.314485 seconds.

chan =

    57

Elapsed time is 211.408144 seconds.

chan =

    58

Elapsed time is 203.138758 seconds.

chan =

    59

Elapsed time is 205.198735 seconds.

chan =

    60

Elapsed time is 204.334411 seconds.

chan =

    61

Elapsed time is 206.181712 seconds.

chan =

    62

Elapsed time is 203.294062 seconds.

chan =

    63

Elapsed time is 204.628124 seconds.

chan =

    64

Elapsed time is 202.697054 seconds.

chan =

    65

Elapsed time is 203.483913 seconds.

chan =

    66

Elapsed time is 205.241571 seconds.

chan =

    67

Elapsed time is 206.735688 seconds.

chan =

    68

Elapsed time is 204.938986 seconds.

chan =

    69

Elapsed time is 205.251439 seconds.

chan =

    70

Elapsed time is 201.813864 seconds.

chan =

    71

Elapsed time is 206.448977 seconds.

chan =

    72

Elapsed time is 204.955679 seconds.

chan =

    73

Elapsed time is 207.324387 seconds.

chan =

    74

Elapsed time is 204.151102 seconds.

chan =

    75

Elapsed time is 206.059922 seconds.

chan =

    76

Elapsed time is 204.668574 seconds.

chan =

    77

Elapsed time is 205.610490 seconds.

chan =

    78

Elapsed time is 205.205437 seconds.

chan =

    79

Elapsed time is 206.437910 seconds.

chan =

    80

Elapsed time is 205.451819 seconds.

chan =

    81

Elapsed time is 207.620813 seconds.

chan =

    82

Elapsed time is 203.874925 seconds.

chan =

    83

Elapsed time is 205.466650 seconds.

chan =

    84

Elapsed time is 203.194254 seconds.

chan =

    85

Elapsed time is 204.872264 seconds.

chan =

    86

Elapsed time is 202.704867 seconds.

chan =

    87

Elapsed time is 204.920390 seconds.

chan =

    88

Elapsed time is 202.832728 seconds.

chan =

    89

Elapsed time is 204.279640 seconds.

chan =

    90

Elapsed time is 203.573722 seconds.

chan =

    91

Elapsed time is 204.864092 seconds.

chan =

    92

Elapsed time is 201.231994 seconds.

chan =

    93

Elapsed time is 199.276607 seconds.

chan =

    94

Elapsed time is 197.542501 seconds.

chan =

    95

Elapsed time is 199.609238 seconds.

chan =

    96

Elapsed time is 198.128780 seconds.

chan =

    97

Elapsed time is 198.372583 seconds.

chan =

    98

Elapsed time is 196.418907 seconds.

chan =

    99

Elapsed time is 196.692031 seconds.

chan =

   100

Elapsed time is 195.932065 seconds.

chan =

   101

Elapsed time is 207.854624 seconds.

chan =

   102

Elapsed time is 222.327743 seconds.

chan =

   103

Elapsed time is 223.844504 seconds.

chan =

   104

Elapsed time is 222.005493 seconds.

chan =

   105

Elapsed time is 223.258650 seconds.

chan =

   106

Elapsed time is 215.678804 seconds.

