getting started: 2995
attempting file: 2995
going for OH30 94
data loaded: OH30 94
HFB already done

chan =

     1

Elapsed time is 413.419822 seconds.

chan =

     2

Elapsed time is 415.998868 seconds.

chan =

     3

Elapsed time is 427.967827 seconds.

chan =

     4

Elapsed time is 439.280465 seconds.

chan =

     5

Elapsed time is 448.508785 seconds.

chan =

     6

Elapsed time is 442.845723 seconds.

chan =

     7

Elapsed time is 442.930825 seconds.

chan =

     8

Elapsed time is 441.368075 seconds.

chan =

     9

Elapsed time is 436.793770 seconds.

chan =

    10

Elapsed time is 427.441633 seconds.

chan =

    11

Elapsed time is 428.002383 seconds.

chan =

    12

Elapsed time is 512.953445 seconds.

chan =

    13

Elapsed time is 801.148611 seconds.

chan =

    14

Elapsed time is 800.743845 seconds.

chan =

    15

Elapsed time is 558.982077 seconds.

chan =

    16

Elapsed time is 516.653471 seconds.

chan =

    17

Elapsed time is 508.730313 seconds.

chan =

    18

Elapsed time is 534.929187 seconds.

chan =

    19

Elapsed time is 533.014289 seconds.

chan =

    20

Elapsed time is 533.374030 seconds.

chan =

    21

Elapsed time is 532.622611 seconds.

chan =

    22

Elapsed time is 529.157588 seconds.

chan =

    23

Elapsed time is 499.583723 seconds.

chan =

    24

Elapsed time is 535.082575 seconds.

chan =

    25

Elapsed time is 523.900213 seconds.

chan =

    26

Elapsed time is 520.439333 seconds.

chan =

    27

Elapsed time is 520.111365 seconds.

chan =

    28

Elapsed time is 524.484152 seconds.

chan =

    29

Elapsed time is 521.763070 seconds.

chan =

    30

Elapsed time is 520.991335 seconds.

chan =

    31

Elapsed time is 521.364048 seconds.

chan =

    32

Elapsed time is 523.203745 seconds.

chan =

    33

Elapsed time is 516.297982 seconds.

chan =

    34

Elapsed time is 519.738546 seconds.

chan =

    35

Elapsed time is 518.201925 seconds.

chan =

    36

Elapsed time is 520.291970 seconds.

chan =

    37

Elapsed time is 520.225279 seconds.

chan =

    38

Elapsed time is 517.902375 seconds.

chan =

    39

Elapsed time is 514.784915 seconds.

chan =

    40

Elapsed time is 541.223472 seconds.

chan =

    41

Elapsed time is 573.981097 seconds.

chan =

    42

Elapsed time is 534.148712 seconds.

chan =

    43

Elapsed time is 510.642036 seconds.

chan =

    44

Elapsed time is 586.858720 seconds.

chan =

    45

Elapsed time is 576.512787 seconds.

chan =

    46

Elapsed time is 583.682307 seconds.

chan =

    47

Elapsed time is 581.499126 seconds.

chan =

    48

Elapsed time is 569.820862 seconds.

chan =

    49

Elapsed time is 588.290536 seconds.

chan =

    50

Elapsed time is 581.387449 seconds.

chan =

    51

Elapsed time is 586.859854 seconds.

chan =

    52

Elapsed time is 586.155905 seconds.

chan =

    53

Elapsed time is 574.091483 seconds.

chan =

    54

Elapsed time is 589.070626 seconds.

chan =

    55

Elapsed time is 576.644882 seconds.

chan =

    56

Elapsed time is 590.329794 seconds.

chan =

    57

Elapsed time is 583.999285 seconds.

chan =

    58

Elapsed time is 587.867746 seconds.

chan =

    59

Elapsed time is 582.568043 seconds.

chan =

    60

Elapsed time is 564.853521 seconds.

chan =

    61

Elapsed time is 575.260740 seconds.

chan =

    62

Elapsed time is 558.406776 seconds.

chan =

    63

Elapsed time is 558.127772 seconds.

chan =

    64

Elapsed time is 562.767504 seconds.

chan =

    65

Elapsed time is 530.493263 seconds.

chan =

    66

Elapsed time is 497.376211 seconds.

chan =

    67

Elapsed time is 493.385213 seconds.

chan =

    68

Elapsed time is 494.613356 seconds.

chan =

    69

Elapsed time is 499.069751 seconds.

chan =

    70

Elapsed time is 493.449130 seconds.

chan =

    71

Elapsed time is 495.671977 seconds.

chan =

    72

Elapsed time is 496.796819 seconds.

chan =

    73

Elapsed time is 496.120701 seconds.

chan =

    74

Elapsed time is 498.865341 seconds.

chan =

    75

Elapsed time is 501.412485 seconds.

chan =

    76

Elapsed time is 500.664330 seconds.

chan =

    77

Elapsed time is 497.738695 seconds.

chan =

    78

Elapsed time is 499.542443 seconds.

chan =

    79

Elapsed time is 499.135403 seconds.

chan =

    80

Elapsed time is 501.550027 seconds.

chan =

    81

Elapsed time is 498.303916 seconds.

chan =

    82

Elapsed time is 499.529928 seconds.

chan =

    83

Elapsed time is 502.634244 seconds.

chan =

    84

Elapsed time is 500.022428 seconds.

chan =

    85

Elapsed time is 498.231167 seconds.

chan =

    86

Elapsed time is 499.822260 seconds.

chan =

    87

Elapsed time is 500.499805 seconds.

chan =

    88

Elapsed time is 501.689738 seconds.

chan =

    89

Elapsed time is 502.208170 seconds.

chan =

    90

Elapsed time is 502.515331 seconds.

chan =

    91

Elapsed time is 503.519417 seconds.

chan =

    92

Elapsed time is 501.560384 seconds.

chan =

    93

Elapsed time is 498.713983 seconds.

chan =

    94

Elapsed time is 496.991285 seconds.

chan =

    95

Elapsed time is 491.031253 seconds.

chan =

    96

Elapsed time is 488.433946 seconds.

chan =

    97

Elapsed time is 486.706321 seconds.

chan =

    98

Elapsed time is 487.987958 seconds.

chan =

    99

Elapsed time is 491.483656 seconds.

chan =

   100

Elapsed time is 488.585924 seconds.

chan =

   101

Elapsed time is 486.387077 seconds.

chan =

   102

Elapsed time is 459.499817 seconds.

chan =

   103

Elapsed time is 397.241689 seconds.

chan =

   104

Elapsed time is 398.383881 seconds.

chan =

   105

Elapsed time is 397.763373 seconds.

chan =

   106

Elapsed time is 401.028205 seconds.

chan =

   107

Elapsed time is 402.195738 seconds.

chan =

   108

Elapsed time is 402.831193 seconds.

chan =

   109

Elapsed time is 397.036061 seconds.

chan =

   110

Elapsed time is 399.186633 seconds.

chan =

   111

Elapsed time is 400.592970 seconds.

chan =

   112

Elapsed time is 390.595114 seconds.

chan =

   113

Elapsed time is 385.850758 seconds.

chan =

   114

Elapsed time is 387.594957 seconds.

chan =

   115

Elapsed time is 385.489246 seconds.

chan =

   116

Elapsed time is 384.170886 seconds.

chan =

   117

Elapsed time is 381.891501 seconds.

chan =

   118

Elapsed time is 383.540555 seconds.

chan =

   119

Elapsed time is 389.340994 seconds.

chan =

   120

Elapsed time is 387.819765 seconds.

chan =

   121

Elapsed time is 385.611041 seconds.

chan =

   122

Elapsed time is 388.901113 seconds.

chan =

   123

Elapsed time is 386.957636 seconds.

chan =

   124

Elapsed time is 385.279799 seconds.

chan =

   125

Elapsed time is 387.455674 seconds.

chan =

   126

Elapsed time is 371.287187 seconds.

chan =

   127

Elapsed time is 365.488418 seconds.

chan =

   128

Elapsed time is 366.384294 seconds.

chan =

   129

Elapsed time is 361.554868 seconds.

chan =

   130

Elapsed time is 362.590028 seconds.

chan =

   131

Elapsed time is 359.834038 seconds.

chan =

   132

Elapsed time is 362.471797 seconds.

chan =

   133

Elapsed time is 360.432460 seconds.

chan =

   134

Elapsed time is 364.381929 seconds.

chan =

   135

Elapsed time is 361.711974 seconds.

chan =

   136

Elapsed time is 364.071070 seconds.

chan =

   137

Elapsed time is 362.926487 seconds.

chan =

   138

Elapsed time is 364.631661 seconds.

chan =

   139

Elapsed time is 359.379683 seconds.
attempting saving
save success: /projects/p31578/dtf8829/QuestConnect/CHANDAT/chanDat_OH30_094.mat
working on TF
encoding done
encoding RT done
