getting started: 2802
attempting file: 2802
going for OH27 8
data loaded: OH27 8
HFB already done

chan =

     1

Elapsed time is 276.445545 seconds.

chan =

     2

Elapsed time is 270.813493 seconds.

chan =

     3

Elapsed time is 272.691123 seconds.

chan =

     4

Elapsed time is 265.535093 seconds.

chan =

     5

Elapsed time is 276.172524 seconds.

chan =

     6

Elapsed time is 278.352407 seconds.

chan =

     7

Elapsed time is 289.404167 seconds.

chan =

     8

Elapsed time is 296.334636 seconds.

chan =

     9

Elapsed time is 288.193652 seconds.

chan =

    10

Elapsed time is 285.904919 seconds.

chan =

    11

Elapsed time is 287.769555 seconds.

chan =

    12

Elapsed time is 278.241559 seconds.

chan =

    13

Elapsed time is 259.271604 seconds.

chan =

    14

Elapsed time is 251.514151 seconds.

chan =

    15

Elapsed time is 280.126225 seconds.

chan =

    16

Elapsed time is 292.712046 seconds.

chan =

    17

Elapsed time is 292.577397 seconds.

chan =

    18

Elapsed time is 295.500209 seconds.

chan =

    19

Elapsed time is 293.950616 seconds.

chan =

    20

Elapsed time is 295.493169 seconds.

chan =

    21

Elapsed time is 296.620010 seconds.

chan =

    22

Elapsed time is 293.594867 seconds.

chan =

    23

Elapsed time is 292.852281 seconds.

chan =

    24

Elapsed time is 292.128802 seconds.

chan =

    25

Elapsed time is 293.545570 seconds.

chan =

    26

Elapsed time is 292.653540 seconds.

chan =

    27

Elapsed time is 295.454911 seconds.

chan =

    28

Elapsed time is 294.743722 seconds.

chan =

    29

Elapsed time is 293.854181 seconds.

chan =

    30

Elapsed time is 291.806029 seconds.

chan =

    31

Elapsed time is 288.971552 seconds.

chan =

    32

Elapsed time is 284.648076 seconds.

chan =

    33

Elapsed time is 283.750579 seconds.

chan =

    34

Elapsed time is 284.061183 seconds.

chan =

    35

Elapsed time is 286.613226 seconds.

chan =

    36

Elapsed time is 283.179351 seconds.

chan =

    37

Elapsed time is 286.424913 seconds.

chan =

    38

Elapsed time is 284.576942 seconds.

chan =

    39

Elapsed time is 286.077447 seconds.

chan =

    40

Elapsed time is 284.415199 seconds.

chan =

    41

Elapsed time is 287.694988 seconds.

chan =

    42

Elapsed time is 284.180788 seconds.

chan =

    43

Elapsed time is 285.346918 seconds.

chan =

    44

Elapsed time is 286.991598 seconds.

chan =

    45

Elapsed time is 288.920849 seconds.

chan =

    46

Elapsed time is 286.470340 seconds.

chan =

    47

Elapsed time is 288.477642 seconds.

chan =

    48

Elapsed time is 286.200876 seconds.

chan =

    49

Elapsed time is 286.854944 seconds.

chan =

    50

Elapsed time is 285.041630 seconds.

chan =

    51

Elapsed time is 287.630366 seconds.

chan =

    52

Elapsed time is 285.673559 seconds.

chan =

    53

Elapsed time is 286.429971 seconds.

chan =

    54

Elapsed time is 283.211104 seconds.

chan =

    55

Elapsed time is 285.393417 seconds.

chan =

    56

Elapsed time is 283.620444 seconds.

chan =

    57

Elapsed time is 284.022126 seconds.

chan =

    58

Elapsed time is 285.393164 seconds.

chan =

    59

Elapsed time is 286.247656 seconds.

chan =

    60

Elapsed time is 283.244678 seconds.

chan =

    61

Elapsed time is 286.828596 seconds.

chan =

    62

Elapsed time is 284.908830 seconds.

chan =

    63

Elapsed time is 285.260328 seconds.

chan =

    64

Elapsed time is 283.345655 seconds.

chan =

    65

Elapsed time is 283.979916 seconds.

chan =

    66

Elapsed time is 285.052097 seconds.

chan =

    67

Elapsed time is 288.359120 seconds.

chan =

    68

Elapsed time is 287.132492 seconds.

chan =

    69

Elapsed time is 286.154177 seconds.

chan =

    70

Elapsed time is 281.777961 seconds.

chan =

    71

Elapsed time is 287.540670 seconds.

chan =

    72

Elapsed time is 284.375041 seconds.

chan =

    73

Elapsed time is 286.190706 seconds.

chan =

    74

Elapsed time is 282.471306 seconds.

chan =

    75

Elapsed time is 281.334676 seconds.

chan =

    76

Elapsed time is 280.172366 seconds.

chan =

    77

Elapsed time is 280.648789 seconds.

chan =

    78

Elapsed time is 282.195975 seconds.

chan =

    79

Elapsed time is 282.176100 seconds.

chan =

    80

Elapsed time is 280.957836 seconds.

chan =

    81

Elapsed time is 285.585361 seconds.

chan =

    82

Elapsed time is 285.168633 seconds.

chan =

    83

Elapsed time is 286.921292 seconds.

chan =

    84

Elapsed time is 284.301147 seconds.

chan =

    85

Elapsed time is 283.718398 seconds.

chan =

    86

Elapsed time is 283.449487 seconds.

chan =

    87

Elapsed time is 284.286045 seconds.

chan =

    88

Elapsed time is 283.264166 seconds.

chan =

    89

Elapsed time is 285.283812 seconds.

chan =

    90

Elapsed time is 286.069549 seconds.

chan =

    91

Elapsed time is 285.460454 seconds.

chan =

    92

Elapsed time is 284.786557 seconds.

chan =

    93

Elapsed time is 285.244797 seconds.

chan =

    94

Elapsed time is 283.394234 seconds.

chan =

    95

Elapsed time is 286.160232 seconds.

chan =

    96

Elapsed time is 285.492313 seconds.

chan =

    97

Elapsed time is 284.907017 seconds.

chan =

    98

Elapsed time is 283.857563 seconds.

chan =

    99

Elapsed time is 283.330868 seconds.

chan =

   100

Elapsed time is 283.680889 seconds.

chan =

   101

Elapsed time is 289.404122 seconds.

chan =

   102

Elapsed time is 287.523227 seconds.

chan =

   103

Elapsed time is 288.484144 seconds.

chan =

   104

Elapsed time is 284.729273 seconds.

chan =

   105

Elapsed time is 286.865101 seconds.

chan =

   106

Elapsed time is 284.775881 seconds.

