getting started: 2874
attempting file: 2874
going for OH27 80
data loaded: OH27 80
HFB already done

chan =

     1

Elapsed time is 269.376614 seconds.

chan =

     2

Elapsed time is 263.205235 seconds.

chan =

     3

Elapsed time is 269.877844 seconds.

chan =

     4

Elapsed time is 266.754277 seconds.

chan =

     5

Elapsed time is 268.025421 seconds.

chan =

     6

Elapsed time is 268.245776 seconds.

chan =

     7

Elapsed time is 265.356294 seconds.

chan =

     8

Elapsed time is 287.094150 seconds.

chan =

     9

Elapsed time is 284.131245 seconds.

chan =

    10

Elapsed time is 282.071073 seconds.

chan =

    11

Elapsed time is 282.734885 seconds.

chan =

    12

Elapsed time is 287.960195 seconds.

chan =

    13

Elapsed time is 286.624969 seconds.

chan =

    14

Elapsed time is 291.637242 seconds.

chan =

    15

Elapsed time is 288.582541 seconds.

chan =

    16

Elapsed time is 284.517517 seconds.

chan =

    17

Elapsed time is 270.138109 seconds.

chan =

    18

Elapsed time is 271.025557 seconds.

chan =

    19

Elapsed time is 270.484540 seconds.

chan =

    20

Elapsed time is 285.381578 seconds.

chan =

    21

Elapsed time is 286.554644 seconds.

chan =

    22

Elapsed time is 286.330719 seconds.

chan =

    23

Elapsed time is 286.017635 seconds.

chan =

    24

Elapsed time is 281.165214 seconds.

chan =

    25

Elapsed time is 284.701389 seconds.

chan =

    26

Elapsed time is 285.384510 seconds.

chan =

    27

Elapsed time is 285.119501 seconds.

chan =

    28

Elapsed time is 285.887978 seconds.

chan =

    29

Elapsed time is 271.414512 seconds.

chan =

    30

Elapsed time is 279.614302 seconds.

chan =

    31

Elapsed time is 284.662540 seconds.

chan =

    32

Elapsed time is 284.195999 seconds.

chan =

    33

Elapsed time is 283.883428 seconds.

chan =

    34

Elapsed time is 285.096479 seconds.

chan =

    35

Elapsed time is 271.199604 seconds.

chan =

    36

Elapsed time is 286.633635 seconds.

chan =

    37

Elapsed time is 288.068808 seconds.

chan =

    38

Elapsed time is 286.944671 seconds.

chan =

    39

Elapsed time is 286.398589 seconds.

chan =

    40

Elapsed time is 276.599215 seconds.

chan =

    41

Elapsed time is 285.932839 seconds.

chan =

    42

Elapsed time is 285.706650 seconds.

chan =

    43

Elapsed time is 283.493511 seconds.

chan =

    44

Elapsed time is 286.587501 seconds.

chan =

    45

Elapsed time is 276.982410 seconds.

chan =

    46

Elapsed time is 286.996509 seconds.

chan =

    47

Elapsed time is 287.279672 seconds.

chan =

    48

Elapsed time is 288.863498 seconds.

chan =

    49

Elapsed time is 283.552786 seconds.

chan =

    50

Elapsed time is 280.984521 seconds.

chan =

    51

Elapsed time is 285.868055 seconds.

chan =

    52

Elapsed time is 285.609971 seconds.

chan =

    53

Elapsed time is 283.330686 seconds.

chan =

    54

Elapsed time is 284.336944 seconds.

chan =

    55

Elapsed time is 278.352840 seconds.

chan =

    56

Elapsed time is 283.201872 seconds.

chan =

    57

Elapsed time is 282.647632 seconds.

chan =

    58

Elapsed time is 286.372051 seconds.

chan =

    59

Elapsed time is 284.575800 seconds.

chan =

    60

Elapsed time is 279.227133 seconds.

chan =

    61

Elapsed time is 284.302623 seconds.

chan =

    62

Elapsed time is 284.324663 seconds.

chan =

    63

Elapsed time is 283.812160 seconds.

chan =

    64

Elapsed time is 283.057083 seconds.

chan =

    65

Elapsed time is 275.463816 seconds.

chan =

    66

Elapsed time is 285.750859 seconds.

chan =

    67

Elapsed time is 285.936151 seconds.

chan =

    68

Elapsed time is 288.312093 seconds.

chan =

    69

Elapsed time is 283.675627 seconds.

chan =

    70

Elapsed time is 273.949386 seconds.

chan =

    71

Elapsed time is 285.787068 seconds.

chan =

    72

Elapsed time is 283.457563 seconds.

chan =

    73

Elapsed time is 285.060484 seconds.

chan =

    74

Elapsed time is 286.715757 seconds.

chan =

    75

Elapsed time is 275.993240 seconds.

chan =

    76

Elapsed time is 283.624480 seconds.

chan =

    77

Elapsed time is 282.862257 seconds.

chan =

    78

Elapsed time is 284.817742 seconds.

chan =

    79

Elapsed time is 279.277293 seconds.

chan =

    80

Elapsed time is 278.541834 seconds.

chan =

    81

Elapsed time is 285.471913 seconds.

chan =

    82

Elapsed time is 284.975042 seconds.

chan =

    83

Elapsed time is 283.267795 seconds.

chan =

    84

Elapsed time is 277.312888 seconds.

chan =

    85

Elapsed time is 279.349042 seconds.

chan =

    86

Elapsed time is 285.279509 seconds.

chan =

    87

Elapsed time is 282.506581 seconds.

chan =

    88

Elapsed time is 282.624969 seconds.

chan =

    89

Elapsed time is 280.238008 seconds.

chan =

    90

Elapsed time is 284.442076 seconds.

chan =

    91

Elapsed time is 282.114358 seconds.

chan =

    92

Elapsed time is 282.878133 seconds.

chan =

    93

Elapsed time is 282.713809 seconds.

chan =

    94

Elapsed time is 279.384437 seconds.

chan =

    95

Elapsed time is 284.806411 seconds.

chan =

    96

Elapsed time is 283.106366 seconds.

chan =

    97

Elapsed time is 283.293695 seconds.

chan =

    98

Elapsed time is 283.299990 seconds.

chan =

    99

Elapsed time is 272.371148 seconds.

chan =

   100

Elapsed time is 283.809054 seconds.

chan =

   101

Elapsed time is 287.803110 seconds.

chan =

   102

Elapsed time is 287.590920 seconds.

chan =

   103

Elapsed time is 283.908493 seconds.

chan =

   104

Elapsed time is 284.749327 seconds.

chan =

   105

Elapsed time is 287.061675 seconds.

chan =

   106

Elapsed time is 287.336543 seconds.

