getting started: 2950
attempting file: 2950
going for OH30 49
data loaded: OH30 49
HFB already done

chan =

     1

Elapsed time is 560.858215 seconds.

chan =

     2

Elapsed time is 538.509104 seconds.

chan =

     3

Elapsed time is 553.814760 seconds.

chan =

     4

Elapsed time is 574.220515 seconds.

chan =

     5

Elapsed time is 565.535242 seconds.

chan =

     6

Elapsed time is 562.979285 seconds.

chan =

     7

Elapsed time is 568.047582 seconds.

chan =

     8

Elapsed time is 566.399768 seconds.

chan =

     9

Elapsed time is 566.588596 seconds.

chan =

    10

Elapsed time is 561.618056 seconds.

chan =

    11

Elapsed time is 560.852942 seconds.

chan =

    12

Elapsed time is 559.355765 seconds.

chan =

    13

Elapsed time is 554.219454 seconds.

chan =

    14

Elapsed time is 542.813022 seconds.

chan =

    15

Elapsed time is 542.569815 seconds.

chan =

    16

Elapsed time is 541.622450 seconds.

chan =

    17

Elapsed time is 547.752505 seconds.

chan =

    18

Elapsed time is 549.758069 seconds.

chan =

    19

Elapsed time is 554.127058 seconds.

chan =

    20

Elapsed time is 524.518124 seconds.

chan =

    21

Elapsed time is 525.864054 seconds.

chan =

    22

Elapsed time is 537.480146 seconds.

chan =

    23

Elapsed time is 492.350521 seconds.

chan =

    24

Elapsed time is 518.081320 seconds.

chan =

    25

Elapsed time is 466.084027 seconds.

chan =

    26

Elapsed time is 457.492332 seconds.

chan =

    27

Elapsed time is 483.922600 seconds.

chan =

    28

Elapsed time is 484.530945 seconds.

chan =

    29

Elapsed time is 456.757476 seconds.

chan =

    30

Elapsed time is 453.175782 seconds.

chan =

    31

Elapsed time is 465.540408 seconds.

chan =

    32

Elapsed time is 458.575045 seconds.

chan =

    33

Elapsed time is 472.068838 seconds.

chan =

    34

Elapsed time is 477.592651 seconds.

chan =

    35

Elapsed time is 476.812782 seconds.

chan =

    36

Elapsed time is 483.968228 seconds.

chan =

    37

Elapsed time is 479.009493 seconds.

chan =

    38

Elapsed time is 474.254223 seconds.

chan =

    39

Elapsed time is 468.845872 seconds.

chan =

    40

Elapsed time is 473.898202 seconds.

chan =

    41

Elapsed time is 467.236422 seconds.

chan =

    42

Elapsed time is 457.373752 seconds.

chan =

    43

Elapsed time is 455.006686 seconds.

chan =

    44

Elapsed time is 611.548237 seconds.

chan =

    45

Elapsed time is 650.155238 seconds.

chan =

    46

Elapsed time is 634.657070 seconds.

chan =

    47

Elapsed time is 645.628268 seconds.

chan =

    48

Elapsed time is 642.889293 seconds.

chan =

    49

Elapsed time is 643.034178 seconds.

chan =

    50

Elapsed time is 628.954398 seconds.

chan =

    51

Elapsed time is 634.825427 seconds.

chan =

    52

Elapsed time is 624.785184 seconds.

chan =

    53

Elapsed time is 638.450126 seconds.

chan =

    54

Elapsed time is 641.768884 seconds.

chan =

    55

Elapsed time is 532.575199 seconds.

chan =

    56

Elapsed time is 456.277077 seconds.

chan =

    57

Elapsed time is 454.378037 seconds.

chan =

    58

Elapsed time is 465.405520 seconds.

chan =

    59

Elapsed time is 478.691677 seconds.

chan =

    60

Elapsed time is 508.862043 seconds.

chan =

    61

Elapsed time is 506.587967 seconds.

chan =

    62

Elapsed time is 500.366977 seconds.

chan =

    63

Elapsed time is 499.410220 seconds.

chan =

    64

Elapsed time is 504.779409 seconds.

chan =

    65

Elapsed time is 449.667511 seconds.

chan =

    66

Elapsed time is 449.966397 seconds.

chan =

    67

Elapsed time is 446.626586 seconds.

chan =

    68

Elapsed time is 447.860586 seconds.

chan =

    69

Elapsed time is 451.721204 seconds.

chan =

    70

Elapsed time is 447.444647 seconds.

chan =

    71

Elapsed time is 450.489748 seconds.

chan =

    72

Elapsed time is 448.681822 seconds.

chan =

    73

Elapsed time is 452.625876 seconds.

chan =

    74

Elapsed time is 451.774562 seconds.

chan =

    75

Elapsed time is 453.008334 seconds.

chan =

    76

Elapsed time is 451.453692 seconds.

chan =

    77

Elapsed time is 449.129070 seconds.

chan =

    78

Elapsed time is 452.084287 seconds.

chan =

    79

Elapsed time is 445.213814 seconds.

chan =

    80

Elapsed time is 446.481439 seconds.

chan =

    81

Elapsed time is 447.736369 seconds.

chan =

    82

Elapsed time is 445.649229 seconds.

chan =

    83

Elapsed time is 445.981721 seconds.

chan =

    84

Elapsed time is 449.559113 seconds.

chan =

    85

Elapsed time is 446.323070 seconds.

chan =

    86

Elapsed time is 440.959821 seconds.

chan =

    87

Elapsed time is 442.040504 seconds.

chan =

    88

Elapsed time is 443.439810 seconds.

chan =

    89

Elapsed time is 444.417961 seconds.

chan =

    90

Elapsed time is 443.435106 seconds.

chan =

    91

Elapsed time is 447.660612 seconds.

chan =

    92

Elapsed time is 443.467120 seconds.

chan =

    93

Elapsed time is 442.076891 seconds.

chan =

    94

Elapsed time is 436.647826 seconds.

chan =

    95

Elapsed time is 441.792455 seconds.

chan =

    96

Elapsed time is 441.276875 seconds.

chan =

    97

Elapsed time is 440.411260 seconds.

chan =

    98

Elapsed time is 440.092748 seconds.

chan =

    99

Elapsed time is 442.828311 seconds.

chan =

   100

Elapsed time is 441.296221 seconds.

chan =

   101

Elapsed time is 442.857998 seconds.

chan =

   102

Elapsed time is 441.220879 seconds.

chan =

   103

Elapsed time is 447.557595 seconds.

chan =

   104

Elapsed time is 444.328816 seconds.

chan =

   105

Elapsed time is 446.243155 seconds.

chan =

   106

Elapsed time is 445.172300 seconds.

chan =

   107

Elapsed time is 441.436213 seconds.

chan =

   108

Elapsed time is 439.405097 seconds.

chan =

   109

Elapsed time is 440.870200 seconds.

chan =

   110

Elapsed time is 441.939143 seconds.

chan =

   111

Elapsed time is 443.864973 seconds.

chan =

   112

Elapsed time is 447.017183 seconds.

chan =

   113

Elapsed time is 444.841634 seconds.

chan =

   114

Elapsed time is 444.114084 seconds.

chan =

   115

Elapsed time is 445.049665 seconds.

chan =

   116

Elapsed time is 441.212130 seconds.

chan =

   117

Elapsed time is 441.436735 seconds.

chan =

   118

Elapsed time is 438.091242 seconds.

chan =

   119

Elapsed time is 440.181224 seconds.

chan =

   120

Elapsed time is 441.489556 seconds.

chan =

   121

Elapsed time is 442.038214 seconds.

chan =

   122

Elapsed time is 440.199493 seconds.

chan =

   123

Elapsed time is 441.446427 seconds.

chan =

   124

Elapsed time is 439.900390 seconds.

chan =

   125

Elapsed time is 440.427574 seconds.

chan =

   126

Elapsed time is 442.478200 seconds.

chan =

   127

Elapsed time is 442.213917 seconds.

chan =

   128

Elapsed time is 441.883679 seconds.

chan =

   129

Elapsed time is 439.037989 seconds.

chan =

   130

Elapsed time is 442.209633 seconds.

chan =

   131

Elapsed time is 439.648667 seconds.

chan =

   132

Elapsed time is 441.175705 seconds.

chan =

   133

Elapsed time is 441.425793 seconds.

chan =

   134

Elapsed time is 440.568394 seconds.

chan =

   135

Elapsed time is 442.219014 seconds.

chan =

   136

Elapsed time is 441.320663 seconds.

chan =

   137

Elapsed time is 440.645538 seconds.

chan =

   138

Elapsed time is 498.431842 seconds.

chan =

   139

Elapsed time is 620.742462 seconds.
attempting saving
save success: /projects/p31578/dtf8829/QuestConnect/CHANDAT/chanDat_OH30_049.mat
working on TF
encoding done
encoding RT done
