getting started: 2954
attempting file: 2954
going for OH30 53
data loaded: OH30 53
HFB already done

chan =

     1

Elapsed time is 379.171411 seconds.

chan =

     2

Elapsed time is 385.604247 seconds.

chan =

     3

Elapsed time is 389.882099 seconds.

chan =

     4

Elapsed time is 393.863791 seconds.

chan =

     5

Elapsed time is 388.885635 seconds.

chan =

     6

Elapsed time is 372.795696 seconds.

chan =

     7

Elapsed time is 370.890503 seconds.

chan =

     8

Elapsed time is 373.440932 seconds.

chan =

     9

Elapsed time is 376.659782 seconds.

chan =

    10

Elapsed time is 375.438870 seconds.

chan =

    11

Elapsed time is 379.162118 seconds.

chan =

    12

Elapsed time is 376.514607 seconds.

chan =

    13

Elapsed time is 379.463936 seconds.

chan =

    14

Elapsed time is 379.495420 seconds.

chan =

    15

Elapsed time is 383.566257 seconds.

chan =

    16

Elapsed time is 378.349287 seconds.

chan =

    17

Elapsed time is 376.402915 seconds.

chan =

    18

Elapsed time is 376.094313 seconds.

chan =

    19

Elapsed time is 375.037998 seconds.

chan =

    20

Elapsed time is 411.839852 seconds.

chan =

    21

Elapsed time is 423.357867 seconds.

chan =

    22

Elapsed time is 442.867899 seconds.

chan =

    23

Elapsed time is 396.127606 seconds.

chan =

    24

Elapsed time is 444.741993 seconds.

chan =

    25

Elapsed time is 441.651271 seconds.

chan =

    26

Elapsed time is 437.554521 seconds.

chan =

    27

Elapsed time is 439.042367 seconds.

chan =

    28

Elapsed time is 387.261055 seconds.

chan =

    29

Elapsed time is 421.961707 seconds.

chan =

    30

Elapsed time is 416.616770 seconds.

chan =

    31

Elapsed time is 427.200485 seconds.

chan =

    32

Elapsed time is 366.692656 seconds.

chan =

    33

Elapsed time is 401.472045 seconds.

chan =

    34

Elapsed time is 364.928751 seconds.

chan =

    35

Elapsed time is 362.088945 seconds.

chan =

    36

Elapsed time is 363.087748 seconds.

chan =

    37

Elapsed time is 378.334864 seconds.

chan =

    38

Elapsed time is 378.896357 seconds.

chan =

    39

Elapsed time is 356.738210 seconds.

chan =

    40

Elapsed time is 359.162346 seconds.

chan =

    41

Elapsed time is 357.849956 seconds.

chan =

    42

Elapsed time is 356.341253 seconds.

chan =

    43

Elapsed time is 362.696477 seconds.

chan =

    44

Elapsed time is 359.949755 seconds.

chan =

    45

Elapsed time is 360.336665 seconds.

chan =

    46

Elapsed time is 363.470884 seconds.

chan =

    47

Elapsed time is 356.861542 seconds.

chan =

    48

Elapsed time is 354.571637 seconds.

chan =

    49

Elapsed time is 362.322107 seconds.

chan =

    50

Elapsed time is 359.866308 seconds.

chan =

    51

Elapsed time is 361.953348 seconds.

chan =

    52

Elapsed time is 358.969746 seconds.

chan =

    53

Elapsed time is 362.413738 seconds.

chan =

    54

Elapsed time is 369.041430 seconds.

chan =

    55

Elapsed time is 368.074278 seconds.

chan =

    56

Elapsed time is 362.641643 seconds.

chan =

    57

Elapsed time is 363.060269 seconds.

chan =

    58

Elapsed time is 359.429716 seconds.

chan =

    59

Elapsed time is 468.504620 seconds.

chan =

    60

Elapsed time is 484.477080 seconds.

chan =

    61

Elapsed time is 483.328982 seconds.

chan =

    62

Elapsed time is 475.654356 seconds.

chan =

    63

Elapsed time is 481.581607 seconds.

chan =

    64

Elapsed time is 477.856257 seconds.

chan =

    65

Elapsed time is 487.634277 seconds.

chan =

    66

Elapsed time is 468.526879 seconds.

chan =

    67

Elapsed time is 470.328510 seconds.

chan =

    68

Elapsed time is 466.465774 seconds.

chan =

    69

Elapsed time is 470.248786 seconds.

chan =

    70

Elapsed time is 465.648510 seconds.

chan =

    71

Elapsed time is 480.576025 seconds.

chan =

    72

Elapsed time is 479.895764 seconds.

chan =

    73

Elapsed time is 481.567526 seconds.

chan =

    74

Elapsed time is 384.954985 seconds.

chan =

    75

Elapsed time is 369.394872 seconds.

chan =

    76

Elapsed time is 363.868040 seconds.

chan =

    77

Elapsed time is 364.169581 seconds.

chan =

    78

Elapsed time is 364.316061 seconds.

chan =

    79

Elapsed time is 361.394086 seconds.

chan =

    80

Elapsed time is 365.295681 seconds.

chan =

    81

Elapsed time is 363.838597 seconds.

chan =

    82

Elapsed time is 357.682296 seconds.

chan =

    83

Elapsed time is 363.517449 seconds.

chan =

    84

Elapsed time is 360.129537 seconds.

chan =

    85

Elapsed time is 367.827835 seconds.

chan =

    86

Elapsed time is 360.824510 seconds.

chan =

    87

Elapsed time is 360.830248 seconds.

chan =

    88

Elapsed time is 360.615311 seconds.

chan =

    89

Elapsed time is 364.088158 seconds.

chan =

    90

Elapsed time is 360.749299 seconds.

chan =

    91

Elapsed time is 363.156722 seconds.

chan =

    92

Elapsed time is 368.301882 seconds.

chan =

    93

Elapsed time is 365.198101 seconds.

chan =

    94

Elapsed time is 367.416929 seconds.

chan =

    95

Elapsed time is 367.676932 seconds.

chan =

    96

Elapsed time is 369.316053 seconds.

chan =

    97

Elapsed time is 368.677405 seconds.

chan =

    98

Elapsed time is 364.849636 seconds.

chan =

    99

Elapsed time is 371.130311 seconds.

chan =

   100

Elapsed time is 371.727227 seconds.

chan =

   101

Elapsed time is 368.222749 seconds.

chan =

   102

Elapsed time is 367.190700 seconds.

chan =

   103

Elapsed time is 370.384686 seconds.

chan =

   104

Elapsed time is 365.757717 seconds.

chan =

   105

Elapsed time is 360.965082 seconds.

chan =

   106

Elapsed time is 364.393544 seconds.

chan =

   107

Elapsed time is 363.792413 seconds.

chan =

   108

Elapsed time is 361.397979 seconds.

chan =

   109

Elapsed time is 362.540568 seconds.

chan =

   110

Elapsed time is 362.747716 seconds.

chan =

   111

Elapsed time is 363.888133 seconds.

chan =

   112

Elapsed time is 369.264363 seconds.

chan =

   113

Elapsed time is 365.419550 seconds.

chan =

   114

Elapsed time is 362.824397 seconds.

chan =

   115

Elapsed time is 367.756326 seconds.

chan =

   116

Elapsed time is 366.126711 seconds.

chan =

   117

Elapsed time is 365.020442 seconds.

chan =

   118

Elapsed time is 363.135623 seconds.

chan =

   119

Elapsed time is 366.376740 seconds.

chan =

   120

Elapsed time is 368.638565 seconds.

chan =

   121

Elapsed time is 365.624830 seconds.

chan =

   122

Elapsed time is 356.962283 seconds.

chan =

   123

Elapsed time is 362.540662 seconds.

chan =

   124

Elapsed time is 360.102229 seconds.

chan =

   125

Elapsed time is 363.944607 seconds.

chan =

   126

Elapsed time is 360.845801 seconds.

chan =

   127

Elapsed time is 362.790105 seconds.

chan =

   128

Elapsed time is 360.694304 seconds.

chan =

   129

Elapsed time is 361.083336 seconds.

chan =

   130

Elapsed time is 362.330700 seconds.

chan =

   131

Elapsed time is 364.866911 seconds.

chan =

   132

Elapsed time is 364.812767 seconds.

chan =

   133

Elapsed time is 368.376600 seconds.

chan =

   134

Elapsed time is 367.233489 seconds.

chan =

   135

Elapsed time is 367.990875 seconds.

chan =

   136

Elapsed time is 369.957510 seconds.

chan =

   137

Elapsed time is 365.446753 seconds.

chan =

   138

Elapsed time is 365.150582 seconds.

chan =

   139

Elapsed time is 359.971516 seconds.
attempting saving
save success: /projects/p31578/dtf8829/QuestConnect/CHANDAT/chanDat_OH30_053.mat
working on TF
encoding done
encoding RT done
