getting started: 2883
attempting file: 2883
going for OH27 89
data loaded: OH27 89
HFB already done

chan =

     1

Elapsed time is 226.808398 seconds.

chan =

     2

Elapsed time is 214.903451 seconds.

chan =

     3

Elapsed time is 220.258003 seconds.

chan =

     4

Elapsed time is 221.033268 seconds.

chan =

     5

Elapsed time is 220.814174 seconds.

chan =

     6

Elapsed time is 229.066997 seconds.

chan =

     7

Elapsed time is 224.951845 seconds.

chan =

     8

Elapsed time is 224.128430 seconds.

chan =

     9

Elapsed time is 231.358233 seconds.

chan =

    10

Elapsed time is 223.794896 seconds.

chan =

    11

Elapsed time is 224.603903 seconds.

chan =

    12

Elapsed time is 229.438659 seconds.

chan =

    13

Elapsed time is 230.414018 seconds.

chan =

    14

Elapsed time is 227.656395 seconds.

chan =

    15

Elapsed time is 229.985452 seconds.

chan =

    16

Elapsed time is 224.414779 seconds.

chan =

    17

Elapsed time is 226.997190 seconds.

chan =

    18

Elapsed time is 225.894894 seconds.

chan =

    19

Elapsed time is 222.968481 seconds.

chan =

    20

Elapsed time is 228.207546 seconds.

chan =

    21

Elapsed time is 231.197899 seconds.

chan =

    22

Elapsed time is 225.635615 seconds.

chan =

    23

Elapsed time is 231.205309 seconds.

chan =

    24

Elapsed time is 226.492538 seconds.

chan =

    25

Elapsed time is 229.656201 seconds.

chan =

    26

Elapsed time is 224.515793 seconds.

chan =

    27

Elapsed time is 228.435981 seconds.

chan =

    28

Elapsed time is 228.067177 seconds.

chan =

    29

Elapsed time is 228.993895 seconds.

chan =

    30

Elapsed time is 228.627789 seconds.

chan =

    31

Elapsed time is 227.607014 seconds.

chan =

    32

Elapsed time is 223.266186 seconds.

chan =

    33

Elapsed time is 227.038917 seconds.

chan =

    34

Elapsed time is 226.077558 seconds.

chan =

    35

Elapsed time is 229.460130 seconds.

chan =

    36

Elapsed time is 221.798219 seconds.

chan =

    37

Elapsed time is 223.105495 seconds.

chan =

    38

Elapsed time is 230.901218 seconds.

chan =

    39

Elapsed time is 226.741785 seconds.

chan =

    40

Elapsed time is 228.052552 seconds.

chan =

    41

Elapsed time is 232.389842 seconds.

chan =

    42

Elapsed time is 229.125970 seconds.

chan =

    43

Elapsed time is 226.386741 seconds.

chan =

    44

Elapsed time is 225.107787 seconds.

chan =

    45

Elapsed time is 230.538833 seconds.

chan =

    46

Elapsed time is 230.796701 seconds.

chan =

    47

Elapsed time is 233.528431 seconds.

chan =

    48

Elapsed time is 229.858649 seconds.

chan =

    49

Elapsed time is 229.305849 seconds.

chan =

    50

Elapsed time is 229.696873 seconds.

chan =

    51

Elapsed time is 224.311312 seconds.

chan =

    52

Elapsed time is 224.865140 seconds.

chan =

    53

Elapsed time is 229.070290 seconds.

chan =

    54

Elapsed time is 227.251613 seconds.

chan =

    55

Elapsed time is 225.384335 seconds.

chan =

    56

Elapsed time is 229.979179 seconds.

chan =

    57

Elapsed time is 226.278337 seconds.

chan =

    58

Elapsed time is 228.437040 seconds.

chan =

    59

Elapsed time is 227.841318 seconds.

chan =

    60

Elapsed time is 231.429878 seconds.

chan =

    61

Elapsed time is 231.240697 seconds.

chan =

    62

Elapsed time is 224.581849 seconds.

chan =

    63

Elapsed time is 226.418962 seconds.

chan =

    64

Elapsed time is 224.413942 seconds.

chan =

    65

Elapsed time is 226.071603 seconds.

chan =

    66

Elapsed time is 229.498765 seconds.

chan =

    67

Elapsed time is 231.342642 seconds.

chan =

    68

Elapsed time is 235.128701 seconds.

chan =

    69

Elapsed time is 229.529097 seconds.

chan =

    70

Elapsed time is 221.999632 seconds.

chan =

    71

Elapsed time is 223.351842 seconds.

chan =

    72

Elapsed time is 225.166350 seconds.

chan =

    73

Elapsed time is 226.387199 seconds.

chan =

    74

Elapsed time is 228.166203 seconds.

chan =

    75

Elapsed time is 228.770422 seconds.

chan =

    76

Elapsed time is 231.773457 seconds.

chan =

    77

Elapsed time is 229.171691 seconds.

chan =

    78

Elapsed time is 229.932957 seconds.

chan =

    79

Elapsed time is 228.747226 seconds.

chan =

    80

Elapsed time is 226.037897 seconds.

chan =

    81

Elapsed time is 228.866946 seconds.

chan =

    82

Elapsed time is 223.552279 seconds.

chan =

    83

Elapsed time is 230.612491 seconds.

chan =

    84

Elapsed time is 231.293492 seconds.

chan =

    85

Elapsed time is 225.772821 seconds.

chan =

    86

Elapsed time is 223.751439 seconds.

chan =

    87

Elapsed time is 229.994098 seconds.

chan =

    88

Elapsed time is 228.023919 seconds.

chan =

    89

Elapsed time is 222.536158 seconds.

chan =

    90

Elapsed time is 226.436650 seconds.

chan =

    91

Elapsed time is 229.038803 seconds.

chan =

    92

Elapsed time is 227.183853 seconds.

chan =

    93

Elapsed time is 227.948762 seconds.

chan =

    94

Elapsed time is 231.447981 seconds.

chan =

    95

Elapsed time is 228.792560 seconds.

chan =

    96

Elapsed time is 232.615779 seconds.

chan =

    97

Elapsed time is 230.053305 seconds.

chan =

    98

Elapsed time is 230.804446 seconds.

chan =

    99

Elapsed time is 229.922651 seconds.

chan =

   100

Elapsed time is 229.674769 seconds.

chan =

   101

Elapsed time is 237.107771 seconds.

chan =

   102

Elapsed time is 232.905952 seconds.

chan =

   103

Elapsed time is 232.921200 seconds.

chan =

   104

Elapsed time is 228.952061 seconds.

chan =

   105

Elapsed time is 229.742356 seconds.

chan =

   106

Elapsed time is 232.858330 seconds.

