getting started: 2972
attempting file: 2972
going for OH30 71
data loaded: OH30 71
HFB already done

chan =

     1

Elapsed time is 464.535484 seconds.

chan =

     2

Elapsed time is 455.109265 seconds.

chan =

     3

Elapsed time is 467.930761 seconds.

chan =

     4

Elapsed time is 457.565553 seconds.

chan =

     5

Elapsed time is 461.326780 seconds.

chan =

     6

Elapsed time is 463.945773 seconds.

chan =

     7

Elapsed time is 452.215763 seconds.

chan =

     8

Elapsed time is 461.748273 seconds.

chan =

     9

Elapsed time is 464.452647 seconds.

chan =

    10

Elapsed time is 451.889699 seconds.

chan =

    11

Elapsed time is 457.719400 seconds.

chan =

    12

Elapsed time is 455.254503 seconds.

chan =

    13

Elapsed time is 447.760124 seconds.

chan =

    14

Elapsed time is 457.040013 seconds.

chan =

    15

Elapsed time is 450.756974 seconds.

chan =

    16

Elapsed time is 456.237874 seconds.

chan =

    17

Elapsed time is 440.679853 seconds.

chan =

    18

Elapsed time is 471.110116 seconds.

chan =

    19

Elapsed time is 469.167442 seconds.

chan =

    20

Elapsed time is 477.772606 seconds.

chan =

    21

Elapsed time is 457.725272 seconds.

chan =

    22

Elapsed time is 464.556263 seconds.

chan =

    23

Elapsed time is 460.042853 seconds.

chan =

    24

Elapsed time is 462.374500 seconds.

chan =

    25

Elapsed time is 471.729427 seconds.

chan =

    26

Elapsed time is 471.716518 seconds.

chan =

    27

Elapsed time is 472.690101 seconds.

chan =

    28

Elapsed time is 442.207580 seconds.

chan =

    29

Elapsed time is 445.897532 seconds.

chan =

    30

Elapsed time is 436.161152 seconds.

chan =

    31

Elapsed time is 435.973836 seconds.

chan =

    32

Elapsed time is 435.899812 seconds.

chan =

    33

Elapsed time is 432.681480 seconds.

chan =

    34

Elapsed time is 433.403198 seconds.

chan =

    35

Elapsed time is 424.032972 seconds.

chan =

    36

Elapsed time is 418.770042 seconds.

chan =

    37

Elapsed time is 420.810608 seconds.

chan =

    38

Elapsed time is 422.509984 seconds.

chan =

    39

Elapsed time is 423.910095 seconds.

chan =

    40

Elapsed time is 424.885728 seconds.

chan =

    41

Elapsed time is 411.801978 seconds.

chan =

    42

Elapsed time is 435.381386 seconds.

chan =

    43

Elapsed time is 435.594144 seconds.

chan =

    44

Elapsed time is 407.368952 seconds.

chan =

    45

Elapsed time is 424.806794 seconds.

chan =

    46

Elapsed time is 426.638034 seconds.

chan =

    47

Elapsed time is 423.188492 seconds.

chan =

    48

Elapsed time is 419.296510 seconds.

chan =

    49

Elapsed time is 431.411150 seconds.

chan =

    50

Elapsed time is 420.111097 seconds.

chan =

    51

Elapsed time is 430.562389 seconds.

chan =

    52

Elapsed time is 424.337857 seconds.

chan =

    53

Elapsed time is 427.496010 seconds.

chan =

    54

Elapsed time is 426.432198 seconds.

chan =

    55

Elapsed time is 421.093260 seconds.

chan =

    56

Elapsed time is 420.963869 seconds.

chan =

    57

Elapsed time is 414.423476 seconds.

chan =

    58

Elapsed time is 406.054530 seconds.

chan =

    59

Elapsed time is 411.256616 seconds.

chan =

    60

Elapsed time is 409.691833 seconds.

chan =

    61

Elapsed time is 417.031943 seconds.

chan =

    62

Elapsed time is 410.415865 seconds.

chan =

    63

Elapsed time is 402.074661 seconds.

chan =

    64

Elapsed time is 409.463245 seconds.

chan =

    65

Elapsed time is 413.437750 seconds.

chan =

    66

Elapsed time is 399.623995 seconds.

chan =

    67

Elapsed time is 407.915047 seconds.

chan =

    68

Elapsed time is 406.601954 seconds.

chan =

    69

Elapsed time is 406.730602 seconds.

chan =

    70

Elapsed time is 408.131994 seconds.

chan =

    71

Elapsed time is 413.972339 seconds.

chan =

    72

Elapsed time is 404.393396 seconds.

chan =

    73

Elapsed time is 406.676260 seconds.

chan =

    74

Elapsed time is 417.533256 seconds.

chan =

    75

Elapsed time is 404.013806 seconds.

chan =

    76

Elapsed time is 415.838715 seconds.

chan =

    77

Elapsed time is 408.336345 seconds.

chan =

    78

Elapsed time is 390.991060 seconds.

chan =

    79

Elapsed time is 407.055956 seconds.

chan =

    80

Elapsed time is 407.674416 seconds.

chan =

    81

Elapsed time is 410.219203 seconds.

chan =

    82

Elapsed time is 412.411938 seconds.

chan =

    83

Elapsed time is 412.719202 seconds.

chan =

    84

Elapsed time is 404.680469 seconds.

chan =

    85

Elapsed time is 407.538584 seconds.

chan =

    86

Elapsed time is 405.803364 seconds.

chan =

    87

Elapsed time is 379.950136 seconds.

chan =

    88

Elapsed time is 378.020692 seconds.

chan =

    89

Elapsed time is 374.808583 seconds.

chan =

    90

Elapsed time is 371.907974 seconds.

chan =

    91

Elapsed time is 371.135162 seconds.

chan =

    92

Elapsed time is 392.401848 seconds.

chan =

    93

Elapsed time is 499.593855 seconds.

chan =

    94

Elapsed time is 457.438160 seconds.

chan =

    95

Elapsed time is 502.522334 seconds.

chan =

    96

Elapsed time is 494.299456 seconds.

chan =

    97

Elapsed time is 481.065999 seconds.

chan =

    98

Elapsed time is 421.261765 seconds.

chan =

    99

Elapsed time is 494.933687 seconds.

chan =

   100

Elapsed time is 492.391044 seconds.

chan =

   101

Elapsed time is 477.481529 seconds.

chan =

   102

Elapsed time is 494.978222 seconds.

chan =

   103

Elapsed time is 484.615618 seconds.

chan =

   104

Elapsed time is 483.087349 seconds.

chan =

   105

Elapsed time is 483.150548 seconds.

chan =

   106

Elapsed time is 486.906346 seconds.

chan =

   107

Elapsed time is 496.159005 seconds.

chan =

   108

Elapsed time is 483.970421 seconds.

chan =

   109

Elapsed time is 485.803351 seconds.

chan =

   110

Elapsed time is 504.810131 seconds.

chan =

   111

Elapsed time is 488.028105 seconds.

chan =

   112

Elapsed time is 492.588810 seconds.

chan =

   113

Elapsed time is 497.196533 seconds.

chan =

   114

Elapsed time is 494.736478 seconds.

chan =

   115

Elapsed time is 484.467291 seconds.

chan =

   116

Elapsed time is 480.270702 seconds.

chan =

   117

Elapsed time is 496.375196 seconds.

chan =

   118

Elapsed time is 480.676837 seconds.

chan =

   119

Elapsed time is 488.986993 seconds.

chan =

   120

Elapsed time is 503.024758 seconds.

chan =

   121

Elapsed time is 485.950603 seconds.

chan =

   122

Elapsed time is 488.425485 seconds.

chan =

   123

Elapsed time is 493.601237 seconds.

chan =

   124

Elapsed time is 482.699396 seconds.

chan =

   125

Elapsed time is 500.663659 seconds.

chan =

   126

Elapsed time is 490.759988 seconds.

chan =

   127

Elapsed time is 496.408334 seconds.

chan =

   128

Elapsed time is 440.385892 seconds.

chan =

   129

Elapsed time is 367.918813 seconds.

chan =

   130

Elapsed time is 363.690810 seconds.

chan =

   131

Elapsed time is 366.414546 seconds.

chan =

   132

Elapsed time is 369.196829 seconds.

chan =

   133

Elapsed time is 372.837307 seconds.

chan =

   134

Elapsed time is 367.801786 seconds.

chan =

   135

Elapsed time is 369.918347 seconds.

chan =

   136

Elapsed time is 370.007672 seconds.

chan =

   137

Elapsed time is 370.639703 seconds.

chan =

   138

Elapsed time is 366.187639 seconds.

chan =

   139

Elapsed time is 369.182120 seconds.
attempting saving
save success: /projects/p31578/dtf8829/QuestConnect/CHANDAT/chanDat_OH30_071.mat
working on TF
encoding done
encoding RT done
