getting started: 2844
attempting file: 2844
going for OH27 50
data loaded: OH27 50
HFB already done

chan =

     1

Elapsed time is 278.263637 seconds.

chan =

     2

Elapsed time is 273.534082 seconds.

chan =

     3

Elapsed time is 273.032157 seconds.

chan =

     4

Elapsed time is 276.907147 seconds.

chan =

     5

Elapsed time is 275.304051 seconds.

chan =

     6

Elapsed time is 275.192513 seconds.

chan =

     7

Elapsed time is 274.977162 seconds.

chan =

     8

Elapsed time is 271.903364 seconds.

chan =

     9

Elapsed time is 272.799859 seconds.

chan =

    10

Elapsed time is 273.699339 seconds.

chan =

    11

Elapsed time is 272.992792 seconds.

chan =

    12

Elapsed time is 272.621677 seconds.

chan =

    13

Elapsed time is 272.569064 seconds.

chan =

    14

Elapsed time is 274.986347 seconds.

chan =

    15

Elapsed time is 272.731603 seconds.

chan =

    16

Elapsed time is 273.245456 seconds.

chan =

    17

Elapsed time is 271.521597 seconds.

chan =

    18

Elapsed time is 274.919415 seconds.

chan =

    19

Elapsed time is 271.659781 seconds.

chan =

    20

Elapsed time is 273.628727 seconds.

chan =

    21

Elapsed time is 273.922637 seconds.

chan =

    22

Elapsed time is 274.444060 seconds.

chan =

    23

Elapsed time is 273.933780 seconds.

chan =

    24

Elapsed time is 274.915104 seconds.

chan =

    25

Elapsed time is 275.729340 seconds.

chan =

    26

Elapsed time is 275.377548 seconds.

chan =

    27

Elapsed time is 275.198208 seconds.

chan =

    28

Elapsed time is 275.724514 seconds.

chan =

    29

Elapsed time is 273.917544 seconds.

chan =

    30

Elapsed time is 273.292327 seconds.

chan =

    31

Elapsed time is 271.906239 seconds.

chan =

    32

Elapsed time is 271.377281 seconds.

chan =

    33

Elapsed time is 270.981785 seconds.

chan =

    34

Elapsed time is 274.358068 seconds.

chan =

    35

Elapsed time is 271.324471 seconds.

chan =

    36

Elapsed time is 271.715980 seconds.

chan =

    37

Elapsed time is 271.263164 seconds.

chan =

    38

Elapsed time is 272.640623 seconds.

chan =

    39

Elapsed time is 271.423026 seconds.

chan =

    40

Elapsed time is 270.244516 seconds.

chan =

    41

Elapsed time is 269.430376 seconds.

chan =

    42

Elapsed time is 270.401261 seconds.

chan =

    43

Elapsed time is 269.044651 seconds.

chan =

    44

Elapsed time is 271.731391 seconds.

chan =

    45

Elapsed time is 271.708209 seconds.

chan =

    46

Elapsed time is 271.122014 seconds.

chan =

    47

Elapsed time is 270.505918 seconds.

chan =

    48

Elapsed time is 270.225410 seconds.

chan =

    49

Elapsed time is 269.403526 seconds.

chan =

    50

Elapsed time is 269.326007 seconds.

chan =

    51

Elapsed time is 269.449782 seconds.

chan =

    52

Elapsed time is 270.664965 seconds.

chan =

    53

Elapsed time is 269.123325 seconds.

chan =

    54

Elapsed time is 270.205441 seconds.

chan =

    55

Elapsed time is 268.783181 seconds.

chan =

    56

Elapsed time is 269.767484 seconds.

chan =

    57

Elapsed time is 268.342972 seconds.

chan =

    58

Elapsed time is 271.393931 seconds.

chan =

    59

Elapsed time is 270.097921 seconds.

chan =

    60

Elapsed time is 270.293569 seconds.

chan =

    61

Elapsed time is 271.440165 seconds.

chan =

    62

Elapsed time is 272.176873 seconds.

chan =

    63

Elapsed time is 270.436555 seconds.

chan =

    64

Elapsed time is 271.794523 seconds.

chan =

    65

Elapsed time is 268.528691 seconds.

chan =

    66

Elapsed time is 274.099141 seconds.

chan =

    67

Elapsed time is 272.881239 seconds.

chan =

    68

Elapsed time is 273.254165 seconds.

chan =

    69

Elapsed time is 270.921485 seconds.

chan =

    70

Elapsed time is 270.397493 seconds.

chan =

    71

Elapsed time is 271.859013 seconds.

chan =

    72

Elapsed time is 271.105249 seconds.

chan =

    73

Elapsed time is 272.318360 seconds.

chan =

    74

Elapsed time is 271.553318 seconds.

chan =

    75

Elapsed time is 269.849441 seconds.

chan =

    76

Elapsed time is 270.557206 seconds.

chan =

    77

Elapsed time is 268.918530 seconds.

chan =

    78

Elapsed time is 271.731327 seconds.

chan =

    79

Elapsed time is 270.591947 seconds.

chan =

    80

Elapsed time is 270.361857 seconds.

chan =

    81

Elapsed time is 270.254805 seconds.

chan =

    82

Elapsed time is 271.574488 seconds.

chan =

    83

Elapsed time is 271.107041 seconds.

chan =

    84

Elapsed time is 270.738899 seconds.

chan =

    85

Elapsed time is 268.432198 seconds.

chan =

    86

Elapsed time is 269.524081 seconds.

chan =

    87

Elapsed time is 271.581597 seconds.

chan =

    88

Elapsed time is 269.673392 seconds.

chan =

    89

Elapsed time is 270.898049 seconds.

chan =

    90

Elapsed time is 272.811839 seconds.

chan =

    91

Elapsed time is 271.739205 seconds.

chan =

    92

Elapsed time is 272.276997 seconds.

chan =

    93

Elapsed time is 271.114114 seconds.

chan =

    94

Elapsed time is 270.157390 seconds.

chan =

    95

Elapsed time is 271.718105 seconds.

chan =

    96

Elapsed time is 270.749962 seconds.

chan =

    97

Elapsed time is 269.944660 seconds.

chan =

    98

Elapsed time is 269.472420 seconds.

chan =

    99

Elapsed time is 266.909230 seconds.

chan =

   100

Elapsed time is 269.390310 seconds.

chan =

   101

Elapsed time is 273.648733 seconds.

chan =

   102

Elapsed time is 271.971648 seconds.

chan =

   103

Elapsed time is 272.064374 seconds.

chan =

   104

Elapsed time is 271.241726 seconds.

chan =

   105

Elapsed time is 271.135612 seconds.

chan =

   106

Elapsed time is 271.067447 seconds.

