getting started: 2996
attempting file: 2996
going for OH30 95
data loaded: OH30 95
HFB already done

chan =

     1

Elapsed time is 501.086248 seconds.

chan =

     2

Elapsed time is 508.389852 seconds.

chan =

     3

Elapsed time is 519.014252 seconds.

chan =

     4

Elapsed time is 548.648111 seconds.

chan =

     5

Elapsed time is 549.397943 seconds.

chan =

     6

Elapsed time is 545.351333 seconds.

chan =

     7

Elapsed time is 541.623706 seconds.

chan =

     8

Elapsed time is 541.548218 seconds.

chan =

     9

Elapsed time is 541.941951 seconds.

chan =

    10

Elapsed time is 538.641230 seconds.

chan =

    11

Elapsed time is 540.792598 seconds.

chan =

    12

Elapsed time is 538.482528 seconds.

chan =

    13

Elapsed time is 539.555687 seconds.

chan =

    14

Elapsed time is 536.496951 seconds.

chan =

    15

Elapsed time is 531.834385 seconds.

chan =

    16

Elapsed time is 531.179465 seconds.

chan =

    17

Elapsed time is 530.877869 seconds.

chan =

    18

Elapsed time is 532.285219 seconds.

chan =

    19

Elapsed time is 534.353039 seconds.

chan =

    20

Elapsed time is 533.474699 seconds.

chan =

    21

Elapsed time is 533.801512 seconds.

chan =

    22

Elapsed time is 541.058651 seconds.

chan =

    23

Elapsed time is 541.253870 seconds.

chan =

    24

Elapsed time is 534.562328 seconds.

chan =

    25

Elapsed time is 541.621548 seconds.

chan =

    26

Elapsed time is 541.186066 seconds.

chan =

    27

Elapsed time is 536.478845 seconds.

chan =

    28

Elapsed time is 538.430924 seconds.

chan =

    29

Elapsed time is 538.050615 seconds.

chan =

    30

Elapsed time is 538.649125 seconds.

chan =

    31

Elapsed time is 535.796689 seconds.

chan =

    32

Elapsed time is 537.046615 seconds.

chan =

    33

Elapsed time is 535.642178 seconds.

chan =

    34

Elapsed time is 535.287353 seconds.

chan =

    35

Elapsed time is 536.215407 seconds.

chan =

    36

Elapsed time is 534.923465 seconds.

chan =

    37

Elapsed time is 536.790406 seconds.

chan =

    38

Elapsed time is 536.132323 seconds.

chan =

    39

Elapsed time is 531.352407 seconds.

chan =

    40

Elapsed time is 537.229440 seconds.

chan =

    41

Elapsed time is 535.174194 seconds.

chan =

    42

Elapsed time is 537.337953 seconds.

chan =

    43

Elapsed time is 535.002821 seconds.

chan =

    44

Elapsed time is 536.841866 seconds.

chan =

    45

Elapsed time is 531.615110 seconds.

chan =

    46

Elapsed time is 520.233980 seconds.

chan =

    47

Elapsed time is 521.581298 seconds.

chan =

    48

Elapsed time is 518.403756 seconds.

chan =

    49

Elapsed time is 525.641624 seconds.

chan =

    50

Elapsed time is 524.511849 seconds.

chan =

    51

Elapsed time is 520.627773 seconds.

chan =

    52

Elapsed time is 521.198750 seconds.

chan =

    53

Elapsed time is 515.048923 seconds.

chan =

    54

Elapsed time is 523.805773 seconds.

chan =

    55

Elapsed time is 523.079999 seconds.

chan =

    56

Elapsed time is 520.615754 seconds.

chan =

    57

Elapsed time is 522.646474 seconds.

chan =

    58

Elapsed time is 516.622137 seconds.

chan =

    59

Elapsed time is 522.722881 seconds.

chan =

    60

Elapsed time is 510.312650 seconds.

chan =

    61

Elapsed time is 488.511070 seconds.

chan =

    62

Elapsed time is 490.769092 seconds.

chan =

    63

Elapsed time is 482.218868 seconds.

chan =

    64

Elapsed time is 491.507825 seconds.

chan =

    65

Elapsed time is 492.584193 seconds.

chan =

    66

Elapsed time is 490.299647 seconds.

chan =

    67

Elapsed time is 483.540228 seconds.

chan =

    68

Elapsed time is 489.379676 seconds.

chan =

    69

Elapsed time is 474.208782 seconds.

chan =

    70

Elapsed time is 472.760216 seconds.

chan =

    71

Elapsed time is 475.740371 seconds.

chan =

    72

Elapsed time is 474.486466 seconds.

chan =

    73

Elapsed time is 474.782474 seconds.

chan =

    74

Elapsed time is 481.861077 seconds.

chan =

    75

Elapsed time is 473.135809 seconds.

chan =

    76

Elapsed time is 473.403277 seconds.

chan =

    77

Elapsed time is 475.419600 seconds.

chan =

    78

Elapsed time is 475.556052 seconds.

chan =

    79

Elapsed time is 475.490667 seconds.

chan =

    80

Elapsed time is 472.533006 seconds.

chan =

    81

Elapsed time is 468.670406 seconds.

chan =

    82

Elapsed time is 473.421618 seconds.

chan =

    83

Elapsed time is 478.880113 seconds.

chan =

    84

Elapsed time is 478.035477 seconds.

chan =

    85

Elapsed time is 471.510052 seconds.

chan =

    86

Elapsed time is 475.634677 seconds.

chan =

    87

Elapsed time is 478.821132 seconds.

chan =

    88

Elapsed time is 478.336055 seconds.

chan =

    89

Elapsed time is 477.587918 seconds.

chan =

    90

Elapsed time is 482.830093 seconds.

chan =

    91

Elapsed time is 474.255536 seconds.

chan =

    92

Elapsed time is 483.700053 seconds.

chan =

    93

Elapsed time is 477.562109 seconds.

chan =

    94

Elapsed time is 478.947648 seconds.

chan =

    95

Elapsed time is 476.393083 seconds.

chan =

    96

Elapsed time is 477.162868 seconds.

chan =

    97

Elapsed time is 468.924533 seconds.

chan =

    98

Elapsed time is 445.754350 seconds.

chan =

    99

Elapsed time is 413.188043 seconds.

chan =

   100

Elapsed time is 408.466212 seconds.

chan =

   101

Elapsed time is 404.575741 seconds.

chan =

   102

Elapsed time is 410.018360 seconds.

chan =

   103

Elapsed time is 410.280592 seconds.

chan =

   104

Elapsed time is 414.122717 seconds.

chan =

   105

Elapsed time is 410.014026 seconds.

chan =

   106

Elapsed time is 411.713669 seconds.

chan =

   107

Elapsed time is 410.033858 seconds.

chan =

   108

Elapsed time is 411.276919 seconds.

chan =

   109

Elapsed time is 405.876602 seconds.

chan =

   110

Elapsed time is 403.476063 seconds.

chan =

   111

Elapsed time is 394.373399 seconds.

chan =

   112

Elapsed time is 397.620275 seconds.

chan =

   113

Elapsed time is 395.226710 seconds.

chan =

   114

Elapsed time is 396.436625 seconds.

chan =

   115

Elapsed time is 394.850081 seconds.

chan =

   116

Elapsed time is 395.338246 seconds.

chan =

   117

Elapsed time is 393.423416 seconds.

chan =

   118

Elapsed time is 392.151783 seconds.

chan =

   119

Elapsed time is 395.482033 seconds.

chan =

   120

Elapsed time is 396.212288 seconds.

chan =

   121

Elapsed time is 396.377161 seconds.

chan =

   122

Elapsed time is 399.391493 seconds.

chan =

   123

Elapsed time is 396.172263 seconds.

chan =

   124

Elapsed time is 377.958483 seconds.

chan =

   125

Elapsed time is 378.171447 seconds.

chan =

   126

Elapsed time is 380.180671 seconds.

chan =

   127

Elapsed time is 377.276625 seconds.

chan =

   128

Elapsed time is 378.536009 seconds.

chan =

   129

Elapsed time is 376.232062 seconds.

chan =

   130

Elapsed time is 379.058750 seconds.

chan =

   131

Elapsed time is 375.218641 seconds.

chan =

   132

Elapsed time is 378.086513 seconds.

chan =

   133

Elapsed time is 376.336039 seconds.

chan =

   134

Elapsed time is 380.756526 seconds.

chan =

   135

Elapsed time is 376.496262 seconds.

chan =

   136

Elapsed time is 377.199803 seconds.

chan =

   137

Elapsed time is 377.720227 seconds.

chan =

   138

Elapsed time is 379.048013 seconds.

chan =

   139

Elapsed time is 360.770840 seconds.
attempting saving
save success: /projects/p31578/dtf8829/QuestConnect/CHANDAT/chanDat_OH30_095.mat
working on TF
encoding done
encoding RT done
