getting started: 2978
attempting file: 2978
going for OH30 77
data loaded: OH30 77
HFB already done

chan =

     1

Elapsed time is 514.186915 seconds.

chan =

     2

Elapsed time is 541.081080 seconds.

chan =

     3

Elapsed time is 542.343922 seconds.

chan =

     4

Elapsed time is 541.584293 seconds.

chan =

     5

Elapsed time is 535.940012 seconds.

chan =

     6

Elapsed time is 519.125081 seconds.

chan =

     7

Elapsed time is 517.050984 seconds.

chan =

     8

Elapsed time is 513.311789 seconds.

chan =

     9

Elapsed time is 513.328914 seconds.

chan =

    10

Elapsed time is 503.785945 seconds.

chan =

    11

Elapsed time is 490.775320 seconds.

chan =

    12

Elapsed time is 512.840358 seconds.

chan =

    13

Elapsed time is 512.736796 seconds.

chan =

    14

Elapsed time is 517.786991 seconds.

chan =

    15

Elapsed time is 516.817141 seconds.

chan =

    16

Elapsed time is 514.494682 seconds.

chan =

    17

Elapsed time is 507.991583 seconds.

chan =

    18

Elapsed time is 511.915354 seconds.

chan =

    19

Elapsed time is 510.967782 seconds.

chan =

    20

Elapsed time is 511.379708 seconds.

chan =

    21

Elapsed time is 512.746818 seconds.

chan =

    22

Elapsed time is 516.845159 seconds.

chan =

    23

Elapsed time is 514.672299 seconds.

chan =

    24

Elapsed time is 517.354151 seconds.

chan =

    25

Elapsed time is 505.310089 seconds.

chan =

    26

Elapsed time is 502.632458 seconds.

chan =

    27

Elapsed time is 508.833747 seconds.

chan =

    28

Elapsed time is 511.828325 seconds.

chan =

    29

Elapsed time is 481.580105 seconds.

chan =

    30

Elapsed time is 467.318459 seconds.

chan =

    31

Elapsed time is 465.713093 seconds.

chan =

    32

Elapsed time is 470.391249 seconds.

chan =

    33

Elapsed time is 463.086058 seconds.

chan =

    34

Elapsed time is 476.776670 seconds.

chan =

    35

Elapsed time is 475.894098 seconds.

chan =

    36

Elapsed time is 476.957484 seconds.

chan =

    37

Elapsed time is 476.267002 seconds.

chan =

    38

Elapsed time is 477.144583 seconds.

chan =

    39

Elapsed time is 471.672440 seconds.

chan =

    40

Elapsed time is 475.869402 seconds.

chan =

    41

Elapsed time is 476.961029 seconds.

chan =

    42

Elapsed time is 468.856823 seconds.

chan =

    43

Elapsed time is 461.794493 seconds.

chan =

    44

Elapsed time is 463.695787 seconds.

chan =

    45

Elapsed time is 460.944798 seconds.

chan =

    46

Elapsed time is 461.627106 seconds.

chan =

    47

Elapsed time is 461.763438 seconds.

chan =

    48

Elapsed time is 459.708647 seconds.

chan =

    49

Elapsed time is 466.389025 seconds.

chan =

    50

Elapsed time is 467.273961 seconds.

chan =

    51

Elapsed time is 463.173291 seconds.

chan =

    52

Elapsed time is 466.144455 seconds.

chan =

    53

Elapsed time is 463.526895 seconds.

chan =

    54

Elapsed time is 465.824012 seconds.

chan =

    55

Elapsed time is 465.580329 seconds.

chan =

    56

Elapsed time is 481.098361 seconds.

chan =

    57

Elapsed time is 473.151831 seconds.

chan =

    58

Elapsed time is 468.520796 seconds.

chan =

    59

Elapsed time is 465.642933 seconds.

chan =

    60

Elapsed time is 467.009940 seconds.

chan =

    61

Elapsed time is 467.326549 seconds.

chan =

    62

Elapsed time is 467.086635 seconds.

chan =

    63

Elapsed time is 470.779176 seconds.

chan =

    64

Elapsed time is 477.020596 seconds.

chan =

    65

Elapsed time is 489.503354 seconds.

chan =

    66

Elapsed time is 488.744442 seconds.

chan =

    67

Elapsed time is 484.550626 seconds.

chan =

    68

Elapsed time is 497.536228 seconds.

chan =

    69

Elapsed time is 502.450064 seconds.

chan =

    70

Elapsed time is 493.393893 seconds.

chan =

    71

Elapsed time is 480.071106 seconds.

chan =

    72

Elapsed time is 481.150369 seconds.

chan =

    73

Elapsed time is 480.650947 seconds.

chan =

    74

Elapsed time is 477.539764 seconds.

chan =

    75

Elapsed time is 477.018144 seconds.

chan =

    76

Elapsed time is 481.060141 seconds.

chan =

    77

Elapsed time is 476.491283 seconds.

chan =

    78

Elapsed time is 478.399859 seconds.

chan =

    79

Elapsed time is 474.999629 seconds.

chan =

    80

Elapsed time is 468.119683 seconds.

chan =

    81

Elapsed time is 462.962077 seconds.

chan =

    82

Elapsed time is 463.827075 seconds.

chan =

    83

Elapsed time is 465.447835 seconds.

chan =

    84

Elapsed time is 466.464182 seconds.

chan =

    85

Elapsed time is 464.129256 seconds.

chan =

    86

Elapsed time is 465.194253 seconds.

chan =

    87

Elapsed time is 466.160711 seconds.

chan =

    88

Elapsed time is 464.803895 seconds.

chan =

    89

Elapsed time is 467.541377 seconds.

chan =

    90

Elapsed time is 467.891276 seconds.

chan =

    91

Elapsed time is 466.924759 seconds.

chan =

    92

Elapsed time is 465.727817 seconds.

chan =

    93

Elapsed time is 464.471894 seconds.

chan =

    94

Elapsed time is 467.094509 seconds.

chan =

    95

Elapsed time is 470.203848 seconds.

chan =

    96

Elapsed time is 468.975681 seconds.

chan =

    97

Elapsed time is 468.612197 seconds.

chan =

    98

Elapsed time is 469.941025 seconds.

chan =

    99

Elapsed time is 469.545229 seconds.

chan =

   100

Elapsed time is 468.066427 seconds.

chan =

   101

Elapsed time is 467.138825 seconds.

chan =

   102

Elapsed time is 463.899273 seconds.

chan =

   103

Elapsed time is 464.359642 seconds.

chan =

   104

Elapsed time is 465.088255 seconds.

chan =

   105

Elapsed time is 465.484990 seconds.

chan =

   106

Elapsed time is 464.789980 seconds.

chan =

   107

Elapsed time is 466.199747 seconds.

chan =

   108

Elapsed time is 468.705722 seconds.

chan =

   109

Elapsed time is 467.536472 seconds.

chan =

   110

Elapsed time is 466.678707 seconds.

chan =

   111

Elapsed time is 466.630219 seconds.

chan =

   112

Elapsed time is 467.094483 seconds.

chan =

   113

Elapsed time is 468.230954 seconds.

chan =

   114

Elapsed time is 468.664333 seconds.

chan =

   115

Elapsed time is 466.801300 seconds.

chan =

   116

Elapsed time is 467.273130 seconds.

chan =

   117

Elapsed time is 466.888247 seconds.

chan =

   118

Elapsed time is 462.597815 seconds.

chan =

   119

Elapsed time is 469.636166 seconds.

chan =

   120

Elapsed time is 467.788436 seconds.

chan =

   121

Elapsed time is 468.725039 seconds.

chan =

   122

Elapsed time is 468.006856 seconds.

chan =

   123

Elapsed time is 465.082286 seconds.

chan =

   124

Elapsed time is 463.577265 seconds.

chan =

   125

Elapsed time is 471.321514 seconds.

chan =

   126

Elapsed time is 470.856712 seconds.

chan =

   127

Elapsed time is 470.884558 seconds.

chan =

   128

Elapsed time is 469.654914 seconds.

chan =

   129

Elapsed time is 467.967388 seconds.

chan =

   130

Elapsed time is 468.230878 seconds.

chan =

   131

Elapsed time is 464.341610 seconds.

chan =

   132

Elapsed time is 470.261969 seconds.

chan =

   133

Elapsed time is 470.314528 seconds.

chan =

   134

Elapsed time is 473.274076 seconds.

chan =

   135

Elapsed time is 468.336386 seconds.

chan =

   136

Elapsed time is 468.153291 seconds.

chan =

   137

Elapsed time is 470.653185 seconds.

chan =

   138

Elapsed time is 470.419633 seconds.

chan =

   139

Elapsed time is 466.390566 seconds.
attempting saving
save success: /projects/p31578/dtf8829/QuestConnect/CHANDAT/chanDat_OH30_077.mat
working on TF
encoding done
encoding RT done
