getting started: 2975
attempting file: 2975
going for OH30 74
data loaded: OH30 74
HFB already done

chan =

     1

Elapsed time is 555.063860 seconds.

chan =

     2

Elapsed time is 553.492356 seconds.

chan =

     3

Elapsed time is 552.757219 seconds.

chan =

     4

Elapsed time is 554.027250 seconds.

chan =

     5

Elapsed time is 554.426206 seconds.

chan =

     6

Elapsed time is 555.938873 seconds.

chan =

     7

Elapsed time is 555.945664 seconds.

chan =

     8

Elapsed time is 550.710474 seconds.

chan =

     9

Elapsed time is 548.598419 seconds.

chan =

    10

Elapsed time is 545.238194 seconds.

chan =

    11

Elapsed time is 548.691455 seconds.

chan =

    12

Elapsed time is 546.050297 seconds.

chan =

    13

Elapsed time is 546.860252 seconds.

chan =

    14

Elapsed time is 551.314797 seconds.

chan =

    15

Elapsed time is 548.610581 seconds.

chan =

    16

Elapsed time is 550.162390 seconds.

chan =

    17

Elapsed time is 548.793405 seconds.

chan =

    18

Elapsed time is 549.678652 seconds.

chan =

    19

Elapsed time is 550.851310 seconds.

chan =

    20

Elapsed time is 548.244075 seconds.

chan =

    21

Elapsed time is 549.435842 seconds.

chan =

    22

Elapsed time is 542.215581 seconds.

chan =

    23

Elapsed time is 523.587910 seconds.

chan =

    24

Elapsed time is 522.480197 seconds.

chan =

    25

Elapsed time is 540.231525 seconds.

chan =

    26

Elapsed time is 572.767268 seconds.

chan =

    27

Elapsed time is 565.729166 seconds.

chan =

    28

Elapsed time is 565.565216 seconds.

chan =

    29

Elapsed time is 564.797090 seconds.

chan =

    30

Elapsed time is 565.635915 seconds.

chan =

    31

Elapsed time is 545.831746 seconds.

chan =

    32

Elapsed time is 551.793157 seconds.

chan =

    33

Elapsed time is 549.543897 seconds.

chan =

    34

Elapsed time is 537.349110 seconds.

chan =

    35

Elapsed time is 539.682164 seconds.

chan =

    36

Elapsed time is 546.474125 seconds.

chan =

    37

Elapsed time is 527.903237 seconds.

chan =

    38

Elapsed time is 538.138612 seconds.

chan =

    39

Elapsed time is 529.323568 seconds.

chan =

    40

Elapsed time is 499.999579 seconds.

chan =

    41

Elapsed time is 535.809479 seconds.

chan =

    42

Elapsed time is 547.967995 seconds.

chan =

    43

Elapsed time is 528.059077 seconds.

chan =

    44

Elapsed time is 539.130725 seconds.

chan =

    45

Elapsed time is 541.123125 seconds.

chan =

    46

Elapsed time is 521.298054 seconds.

chan =

    47

Elapsed time is 547.073421 seconds.

chan =

    48

Elapsed time is 538.699940 seconds.

chan =

    49

Elapsed time is 515.766955 seconds.

chan =

    50

Elapsed time is 511.129749 seconds.

chan =

    51

Elapsed time is 499.869292 seconds.

chan =

    52

Elapsed time is 437.543293 seconds.

chan =

    53

Elapsed time is 405.850837 seconds.

chan =

    54

Elapsed time is 376.575438 seconds.

chan =

    55

Elapsed time is 402.777842 seconds.

chan =

    56

Elapsed time is 488.309658 seconds.

chan =

    57

Elapsed time is 486.889022 seconds.

chan =

    58

Elapsed time is 484.671623 seconds.

chan =

    59

Elapsed time is 487.060352 seconds.

chan =

    60

Elapsed time is 488.850995 seconds.

chan =

    61

Elapsed time is 477.546245 seconds.

chan =

    62

Elapsed time is 490.803593 seconds.

chan =

    63

Elapsed time is 486.764940 seconds.

chan =

    64

Elapsed time is 484.611257 seconds.

chan =

    65

Elapsed time is 489.992179 seconds.

chan =

    66

Elapsed time is 490.269140 seconds.

chan =

    67

Elapsed time is 469.167467 seconds.

chan =

    68

Elapsed time is 473.408489 seconds.

chan =

    69

Elapsed time is 471.591312 seconds.

chan =

    70

Elapsed time is 470.573073 seconds.

chan =

    71

Elapsed time is 470.416163 seconds.

chan =

    72

Elapsed time is 474.026383 seconds.

chan =

    73

Elapsed time is 472.584053 seconds.

chan =

    74

Elapsed time is 474.283044 seconds.

chan =

    75

Elapsed time is 469.219919 seconds.

chan =

    76

Elapsed time is 473.766556 seconds.

chan =

    77

Elapsed time is 466.631674 seconds.

chan =

    78

Elapsed time is 471.931052 seconds.

chan =

    79

Elapsed time is 468.951513 seconds.

chan =

    80

Elapsed time is 472.474670 seconds.

chan =

    81

Elapsed time is 469.526835 seconds.

chan =

    82

Elapsed time is 471.261103 seconds.

chan =

    83

Elapsed time is 471.581057 seconds.

chan =

    84

Elapsed time is 473.535423 seconds.

chan =

    85

Elapsed time is 470.352968 seconds.

chan =

    86

Elapsed time is 471.357867 seconds.

chan =

    87

Elapsed time is 471.072137 seconds.

chan =

    88

Elapsed time is 471.878299 seconds.

chan =

    89

Elapsed time is 471.642664 seconds.

chan =

    90

Elapsed time is 476.495760 seconds.

chan =

    91

Elapsed time is 473.606586 seconds.

chan =

    92

Elapsed time is 473.419832 seconds.

chan =

    93

Elapsed time is 469.846454 seconds.

chan =

    94

Elapsed time is 472.300006 seconds.

chan =

    95

Elapsed time is 474.440374 seconds.

chan =

    96

Elapsed time is 472.963223 seconds.

chan =

    97

Elapsed time is 470.110189 seconds.

chan =

    98

Elapsed time is 475.658299 seconds.

chan =

    99

Elapsed time is 470.449392 seconds.

chan =

   100

Elapsed time is 474.821821 seconds.

chan =

   101

Elapsed time is 470.220258 seconds.

chan =

   102

Elapsed time is 473.657903 seconds.

chan =

   103

Elapsed time is 476.608576 seconds.

chan =

   104

Elapsed time is 473.066055 seconds.

chan =

   105

Elapsed time is 472.059852 seconds.

chan =

   106

Elapsed time is 476.102806 seconds.

chan =

   107

Elapsed time is 471.872026 seconds.

chan =

   108

Elapsed time is 473.334765 seconds.

chan =

   109

Elapsed time is 468.577859 seconds.

chan =

   110

Elapsed time is 472.602733 seconds.

chan =

   111

Elapsed time is 469.778721 seconds.

chan =

   112

Elapsed time is 474.735598 seconds.

chan =

   113

Elapsed time is 472.856627 seconds.

chan =

   114

Elapsed time is 472.085295 seconds.

chan =

   115

Elapsed time is 469.502509 seconds.

chan =

   116

Elapsed time is 471.574548 seconds.

chan =

   117

Elapsed time is 471.386792 seconds.

chan =

   118

Elapsed time is 468.579996 seconds.

chan =

   119

Elapsed time is 473.873108 seconds.

chan =

   120

Elapsed time is 473.846767 seconds.

chan =

   121

Elapsed time is 473.167465 seconds.

chan =

   122

Elapsed time is 473.968625 seconds.

chan =

   123

Elapsed time is 473.646180 seconds.

chan =

   124

Elapsed time is 475.907906 seconds.

chan =

   125

Elapsed time is 471.902442 seconds.

chan =

   126

Elapsed time is 473.957986 seconds.

chan =

   127

Elapsed time is 472.107710 seconds.

chan =

   128

Elapsed time is 475.202166 seconds.

chan =

   129

Elapsed time is 471.287817 seconds.

chan =

   130

Elapsed time is 474.173443 seconds.

chan =

   131

Elapsed time is 465.300498 seconds.

chan =

   132

Elapsed time is 471.444000 seconds.

chan =

   133

Elapsed time is 469.475627 seconds.

chan =

   134

Elapsed time is 474.703916 seconds.

chan =

   135

Elapsed time is 472.594229 seconds.

chan =

   136

Elapsed time is 473.119119 seconds.

chan =

   137

