getting started: 2821
attempting file: 2821
going for OH27 27
data loaded: OH27 27
HFB already done

chan =

     1

Elapsed time is 223.183659 seconds.

chan =

     2

Elapsed time is 218.531827 seconds.

chan =

     3

Elapsed time is 216.643450 seconds.

chan =

     4

Elapsed time is 225.480213 seconds.

chan =

     5

Elapsed time is 254.210543 seconds.

chan =

     6

Elapsed time is 255.573899 seconds.

chan =

     7

Elapsed time is 253.951664 seconds.

chan =

     8

Elapsed time is 252.547884 seconds.

chan =

     9

Elapsed time is 254.127965 seconds.

chan =

    10

Elapsed time is 253.605993 seconds.

chan =

    11

Elapsed time is 254.439837 seconds.

chan =

    12

Elapsed time is 253.810254 seconds.

chan =

    13

Elapsed time is 254.078617 seconds.

chan =

    14

Elapsed time is 250.750212 seconds.

chan =

    15

Elapsed time is 239.224720 seconds.

chan =

    16

Elapsed time is 223.648475 seconds.

chan =

    17

Elapsed time is 209.842939 seconds.

chan =

    18

Elapsed time is 201.939681 seconds.

chan =

    19

Elapsed time is 196.920254 seconds.

chan =

    20

Elapsed time is 197.112722 seconds.

chan =

    21

Elapsed time is 192.162419 seconds.

chan =

    22

Elapsed time is 190.128224 seconds.

chan =

    23

Elapsed time is 190.179894 seconds.

chan =

    24

Elapsed time is 190.210894 seconds.

chan =

    25

Elapsed time is 192.021589 seconds.

chan =

    26

Elapsed time is 190.761323 seconds.

chan =

    27

Elapsed time is 190.894367 seconds.

chan =

    28

Elapsed time is 190.226757 seconds.

chan =

    29

Elapsed time is 189.898458 seconds.

chan =

    30

Elapsed time is 189.924872 seconds.

chan =

    31

Elapsed time is 188.527493 seconds.

chan =

    32

Elapsed time is 188.484777 seconds.

chan =

    33

Elapsed time is 191.276857 seconds.

chan =

    34

Elapsed time is 194.575030 seconds.

chan =

    35

Elapsed time is 297.685125 seconds.

chan =

    36

Elapsed time is 374.818352 seconds.

chan =

    37

Elapsed time is 377.187555 seconds.

chan =

    38

Elapsed time is 378.954032 seconds.

chan =

    39

Elapsed time is 377.857019 seconds.

chan =

    40

Elapsed time is 375.031221 seconds.

chan =

    41

Elapsed time is 377.260141 seconds.

chan =

    42

Elapsed time is 373.098502 seconds.

chan =

    43

Elapsed time is 368.899454 seconds.

chan =

    44

Elapsed time is 372.158995 seconds.

chan =

    45

Elapsed time is 373.921074 seconds.

chan =

    46

Elapsed time is 374.490122 seconds.

chan =

    47

Elapsed time is 290.540329 seconds.

chan =

    48

Elapsed time is 309.383896 seconds.

chan =

    49

Elapsed time is 391.977462 seconds.

chan =

    50

Elapsed time is 388.986956 seconds.

chan =

    51

Elapsed time is 389.015442 seconds.

chan =

    52

Elapsed time is 384.999701 seconds.

chan =

    53

Elapsed time is 384.585373 seconds.

chan =

    54

Elapsed time is 378.208292 seconds.

chan =

    55

Elapsed time is 375.685010 seconds.

chan =

    56

Elapsed time is 379.144437 seconds.

chan =

    57

Elapsed time is 379.394951 seconds.

chan =

    58

Elapsed time is 378.051699 seconds.

chan =

    59

Elapsed time is 378.681337 seconds.

chan =

    60

Elapsed time is 380.798226 seconds.

chan =

    61

Elapsed time is 381.259699 seconds.

chan =

    62

Elapsed time is 377.099134 seconds.

chan =

    63

Elapsed time is 376.098499 seconds.

chan =

    64

Elapsed time is 376.798865 seconds.

chan =

    65

Elapsed time is 374.040331 seconds.

chan =

    66

Elapsed time is 379.388074 seconds.

chan =

    67

Elapsed time is 379.512684 seconds.

chan =

    68

Elapsed time is 375.996456 seconds.

chan =

    69

Elapsed time is 374.531102 seconds.

chan =

    70

Elapsed time is 376.759759 seconds.

chan =

    71

Elapsed time is 376.136317 seconds.

chan =

    72

Elapsed time is 376.081920 seconds.

chan =

    73

Elapsed time is 375.366131 seconds.

chan =

    74

Elapsed time is 373.152270 seconds.

chan =

    75

Elapsed time is 377.026920 seconds.

chan =

    76

Elapsed time is 252.022517 seconds.

chan =

    77

Elapsed time is 187.264170 seconds.

chan =

    78

Elapsed time is 187.920383 seconds.

chan =

    79

Elapsed time is 186.543482 seconds.

chan =

    80

Elapsed time is 186.853288 seconds.

chan =

    81

Elapsed time is 186.777807 seconds.

chan =

    82

Elapsed time is 195.348306 seconds.

chan =

    83

Elapsed time is 203.462234 seconds.

chan =

    84

Elapsed time is 202.628134 seconds.

chan =

    85

Elapsed time is 197.900019 seconds.

chan =

    86

Elapsed time is 185.319729 seconds.

chan =

    87

Elapsed time is 185.270543 seconds.

chan =

    88

Elapsed time is 184.538026 seconds.

chan =

    89

Elapsed time is 186.328685 seconds.

chan =

    90

Elapsed time is 186.749155 seconds.

chan =

    91

Elapsed time is 186.250043 seconds.

chan =

    92

Elapsed time is 185.732225 seconds.

chan =

    93

Elapsed time is 186.805759 seconds.

chan =

    94

Elapsed time is 186.231188 seconds.

chan =

    95

Elapsed time is 185.997438 seconds.

chan =

    96

Elapsed time is 186.202169 seconds.

chan =

    97

Elapsed time is 185.975524 seconds.

chan =

    98

Elapsed time is 185.904121 seconds.

chan =

    99

Elapsed time is 183.753206 seconds.

chan =

   100

Elapsed time is 185.384342 seconds.

chan =

   101

Elapsed time is 188.542699 seconds.

chan =

   102

Elapsed time is 188.381150 seconds.

chan =

   103

Elapsed time is 187.717838 seconds.

chan =

   104

Elapsed time is 188.134000 seconds.

chan =

   105

Elapsed time is 188.048602 seconds.

chan =

   106

Elapsed time is 186.469645 seconds.

