getting started: 2918
attempting file: 2918
going for OH30 17
data loaded: OH30 17
HFB already done

chan =

     1

Elapsed time is 602.011653 seconds.

chan =

     2

Elapsed time is 593.130718 seconds.

chan =

     3

Elapsed time is 587.782476 seconds.

chan =

     4

Elapsed time is 590.592701 seconds.

chan =

     5

Elapsed time is 583.750930 seconds.

chan =

     6

Elapsed time is 588.026605 seconds.

chan =

     7

Elapsed time is 583.868851 seconds.

chan =

     8

Elapsed time is 586.923162 seconds.

chan =

     9

Elapsed time is 583.449252 seconds.

chan =

    10

Elapsed time is 581.776587 seconds.

chan =

    11

Elapsed time is 580.334876 seconds.

chan =

    12

Elapsed time is 582.327187 seconds.

chan =

    13

Elapsed time is 580.397155 seconds.

chan =

    14

Elapsed time is 584.568462 seconds.

chan =

    15

Elapsed time is 580.631853 seconds.

chan =

    16

Elapsed time is 578.360599 seconds.

chan =

    17

Elapsed time is 577.734685 seconds.

chan =

    18

Elapsed time is 580.399852 seconds.

chan =

    19

Elapsed time is 577.443672 seconds.

chan =

    20

Elapsed time is 578.612468 seconds.

chan =

    21

Elapsed time is 577.926302 seconds.

chan =

    22

Elapsed time is 580.540396 seconds.

chan =

    23

Elapsed time is 580.078201 seconds.

chan =

    24

Elapsed time is 578.691103 seconds.

chan =

    25

Elapsed time is 579.704476 seconds.

chan =

    26

Elapsed time is 578.809572 seconds.

chan =

    27

Elapsed time is 573.705693 seconds.

chan =

    28

Elapsed time is 580.522549 seconds.

chan =

    29

Elapsed time is 576.642919 seconds.

chan =

    30

Elapsed time is 578.148814 seconds.

chan =

    31

Elapsed time is 577.935397 seconds.

chan =

    32

Elapsed time is 580.347821 seconds.

chan =

    33

Elapsed time is 580.751783 seconds.

chan =

    34

Elapsed time is 584.038981 seconds.

chan =

    35

Elapsed time is 577.787311 seconds.

chan =

    36

Elapsed time is 583.119838 seconds.

chan =

    37

Elapsed time is 579.502915 seconds.

chan =

    38

Elapsed time is 576.664097 seconds.

chan =

    39

Elapsed time is 574.707282 seconds.

chan =

    40

Elapsed time is 585.111187 seconds.

chan =

    41

Elapsed time is 582.788583 seconds.

chan =

    42

Elapsed time is 582.247661 seconds.

chan =

    43

Elapsed time is 579.758326 seconds.

chan =

    44

Elapsed time is 580.238623 seconds.

chan =

    45

Elapsed time is 578.234622 seconds.

chan =

    46

Elapsed time is 583.245815 seconds.

chan =

    47

Elapsed time is 577.084624 seconds.

chan =

    48

Elapsed time is 576.338276 seconds.

chan =

    49

Elapsed time is 584.202383 seconds.

chan =

    50

Elapsed time is 583.961825 seconds.

chan =

    51

Elapsed time is 585.957923 seconds.

chan =

    52

Elapsed time is 580.685213 seconds.

chan =

    53

Elapsed time is 583.649042 seconds.

chan =

    54

Elapsed time is 582.897987 seconds.

chan =

    55

Elapsed time is 582.087358 seconds.

chan =

    56

Elapsed time is 582.934144 seconds.

chan =

    57

Elapsed time is 582.131387 seconds.

chan =

    58

Elapsed time is 579.684393 seconds.

chan =

    59

Elapsed time is 580.035227 seconds.

chan =

    60

Elapsed time is 576.765564 seconds.

chan =

    61

Elapsed time is 580.826860 seconds.

chan =

    62

Elapsed time is 577.984602 seconds.

chan =

    63

Elapsed time is 580.459990 seconds.

chan =

    64

Elapsed time is 582.429900 seconds.

chan =

    65

Elapsed time is 581.972567 seconds.

chan =

    66

Elapsed time is 577.211709 seconds.

chan =

    67

Elapsed time is 579.107594 seconds.

chan =

    68

Elapsed time is 581.817675 seconds.

chan =

    69

Elapsed time is 580.167638 seconds.

chan =

    70

Elapsed time is 580.116212 seconds.

chan =

    71

Elapsed time is 579.707443 seconds.

chan =

    72

Elapsed time is 579.889599 seconds.

chan =

    73

Elapsed time is 579.363366 seconds.

chan =

    74

Elapsed time is 580.045423 seconds.

chan =

    75

Elapsed time is 577.804125 seconds.

chan =

    76

Elapsed time is 576.420363 seconds.

chan =

    77

Elapsed time is 579.077748 seconds.

chan =

    78

Elapsed time is 580.159247 seconds.

chan =

    79

Elapsed time is 578.815057 seconds.

chan =

    80

Elapsed time is 583.243057 seconds.

chan =

    81

Elapsed time is 580.227956 seconds.

chan =

    82

Elapsed time is 584.844342 seconds.

chan =

    83

Elapsed time is 583.858651 seconds.

chan =

    84

Elapsed time is 584.739754 seconds.

chan =

    85

Elapsed time is 581.269140 seconds.

chan =

    86

Elapsed time is 578.307202 seconds.

chan =

    87

Elapsed time is 579.969965 seconds.

chan =

    88

Elapsed time is 581.770325 seconds.

chan =

    89

Elapsed time is 582.772087 seconds.

chan =

    90

Elapsed time is 585.882713 seconds.

chan =

    91

Elapsed time is 577.816699 seconds.

chan =

    92

Elapsed time is 583.428049 seconds.

chan =

    93

Elapsed time is 582.895669 seconds.

chan =

    94

Elapsed time is 583.157095 seconds.

chan =

    95

Elapsed time is 584.844748 seconds.

chan =

    96

Elapsed time is 586.159758 seconds.

chan =

    97

Elapsed time is 583.267721 seconds.

chan =

    98

Elapsed time is 586.357770 seconds.

chan =

    99

Elapsed time is 584.103391 seconds.

chan =

   100

Elapsed time is 584.305620 seconds.

chan =

   101

Elapsed time is 585.582541 seconds.

chan =

   102

Elapsed time is 585.992969 seconds.

chan =

   103

Elapsed time is 584.047765 seconds.

chan =

   104

Elapsed time is 585.737973 seconds.

chan =

   105

Elapsed time is 582.420246 seconds.

chan =

   106

Elapsed time is 588.872658 seconds.

chan =

   107

Elapsed time is 583.194267 seconds.

chan =

   108

Elapsed time is 588.210907 seconds.

chan =

   109

Elapsed time is 587.071139 seconds.

chan =

   110

Elapsed time is 589.402205 seconds.

chan =

   111

Elapsed time is 575.043345 seconds.

chan =

   112

Elapsed time is 577.337411 seconds.

chan =

   113

Elapsed time is 575.026209 seconds.

chan =

   114

Elapsed time is 575.484716 seconds.

chan =

   115

Elapsed time is 573.458697 seconds.

chan =

   116

Elapsed time is 576.166776 seconds.

chan =

   117

