getting started: 2908
attempting file: 2908
going for OH30 7
data loaded: OH30 7
HFB already done

chan =

     1

Elapsed time is 762.764772 seconds.

chan =

     2

Elapsed time is 764.083170 seconds.

chan =

     3

Elapsed time is 761.939238 seconds.

chan =

     4

Elapsed time is 761.112439 seconds.

chan =

     5

Elapsed time is 764.966575 seconds.

chan =

     6

Elapsed time is 761.173209 seconds.

chan =

     7

Elapsed time is 762.600814 seconds.

chan =

     8

Elapsed time is 760.439915 seconds.

chan =

     9

Elapsed time is 757.208136 seconds.

chan =

    10

Elapsed time is 749.926471 seconds.

chan =

    11

Elapsed time is 746.342106 seconds.

chan =

    12

Elapsed time is 749.075421 seconds.

chan =

    13

Elapsed time is 751.364973 seconds.

chan =

    14

Elapsed time is 750.378924 seconds.

chan =

    15

Elapsed time is 751.864361 seconds.

chan =

    16

Elapsed time is 755.723253 seconds.

chan =

    17

Elapsed time is 747.660533 seconds.

chan =

    18

Elapsed time is 757.060720 seconds.

chan =

    19

Elapsed time is 749.413559 seconds.

chan =

    20

Elapsed time is 752.819360 seconds.

chan =

    21

Elapsed time is 757.685770 seconds.

chan =

    22

Elapsed time is 757.864588 seconds.

chan =

    23

Elapsed time is 752.096656 seconds.

chan =

    24

Elapsed time is 752.738284 seconds.

chan =

    25

Elapsed time is 750.801358 seconds.

chan =

    26

Elapsed time is 756.791803 seconds.

chan =

    27

Elapsed time is 751.189556 seconds.

chan =

    28

Elapsed time is 761.524283 seconds.

chan =

    29

Elapsed time is 754.105797 seconds.

chan =

    30

Elapsed time is 756.995619 seconds.

chan =

    31

Elapsed time is 758.154682 seconds.

chan =

    32

Elapsed time is 757.081762 seconds.

chan =

    33

Elapsed time is 757.580089 seconds.

chan =

    34

Elapsed time is 753.988681 seconds.

chan =

    35

Elapsed time is 754.395605 seconds.

chan =

    36

Elapsed time is 757.870259 seconds.

chan =

    37

Elapsed time is 750.831320 seconds.

chan =

    38

Elapsed time is 759.145450 seconds.

chan =

    39

Elapsed time is 748.574684 seconds.

chan =

    40

Elapsed time is 754.291045 seconds.

chan =

    41

Elapsed time is 755.222223 seconds.

chan =

    42

Elapsed time is 750.264134 seconds.

chan =

    43

Elapsed time is 748.957778 seconds.

chan =

    44

Elapsed time is 754.404450 seconds.

chan =

    45

Elapsed time is 747.026148 seconds.

chan =

    46

Elapsed time is 756.961206 seconds.

chan =

    47

Elapsed time is 753.741226 seconds.

chan =

    48

Elapsed time is 753.405206 seconds.

chan =

    49

Elapsed time is 754.181119 seconds.

chan =

    50

Elapsed time is 756.321668 seconds.

chan =

    51

Elapsed time is 755.799254 seconds.

chan =

    52

Elapsed time is 764.415816 seconds.

chan =

    53

Elapsed time is 750.018111 seconds.

chan =

    54

Elapsed time is 758.284071 seconds.

chan =

    55

Elapsed time is 755.700336 seconds.

chan =

    56

Elapsed time is 765.548370 seconds.

chan =

    57

Elapsed time is 756.496253 seconds.

chan =

    58

Elapsed time is 759.830017 seconds.

chan =

    59

Elapsed time is 756.571919 seconds.

chan =

    60

Elapsed time is 764.028507 seconds.

chan =

    61

Elapsed time is 758.551683 seconds.

chan =

    62

Elapsed time is 758.380110 seconds.

chan =

    63

Elapsed time is 749.274732 seconds.

chan =

    64

Elapsed time is 757.156557 seconds.

chan =

    65

Elapsed time is 752.412696 seconds.

chan =

    66

Elapsed time is 759.261282 seconds.

chan =

    67

Elapsed time is 740.526499 seconds.

chan =

    68

Elapsed time is 748.569901 seconds.

chan =

    69

Elapsed time is 744.364545 seconds.

chan =

    70

Elapsed time is 745.965838 seconds.

chan =

    71

Elapsed time is 742.601885 seconds.

chan =

    72

Elapsed time is 747.040522 seconds.

chan =

    73

Elapsed time is 741.501931 seconds.

chan =

    74

Elapsed time is 751.683088 seconds.

chan =

    75

Elapsed time is 740.270677 seconds.

chan =

    76

Elapsed time is 747.067151 seconds.

chan =

    77

Elapsed time is 745.358924 seconds.

chan =

    78

Elapsed time is 755.039743 seconds.

chan =

    79

Elapsed time is 745.538510 seconds.

chan =

    80

Elapsed time is 744.528681 seconds.

chan =

    81

Elapsed time is 739.815018 seconds.

chan =

    82

Elapsed time is 749.417017 seconds.

chan =

    83

Elapsed time is 747.651260 seconds.

chan =

    84

Elapsed time is 762.385620 seconds.

chan =

    85

Elapsed time is 752.018087 seconds.

chan =

    86

Elapsed time is 756.043695 seconds.

chan =

    87

Elapsed time is 760.573687 seconds.

chan =

    88

Elapsed time is 761.872925 seconds.

chan =

    89

Elapsed time is 761.235246 seconds.

chan =

    90

Elapsed time is 761.554665 seconds.

chan =

    91

