getting started: 2855
attempting file: 2855
going for OH27 61
data loaded: OH27 61
HFB already done

chan =

     1

Elapsed time is 299.015654 seconds.

chan =

     2

Elapsed time is 294.289940 seconds.

chan =

     3

Elapsed time is 294.315020 seconds.

chan =

     4

Elapsed time is 296.785637 seconds.

chan =

     5

Elapsed time is 295.705821 seconds.

chan =

     6

Elapsed time is 296.023011 seconds.

chan =

     7

Elapsed time is 305.266512 seconds.

chan =

     8

Elapsed time is 291.317255 seconds.

chan =

     9

Elapsed time is 291.165502 seconds.

chan =

    10

Elapsed time is 285.911623 seconds.

chan =

    11

Elapsed time is 280.671168 seconds.

chan =

    12

Elapsed time is 268.188328 seconds.

chan =

    13

Elapsed time is 265.895487 seconds.

chan =

    14

Elapsed time is 266.702127 seconds.

chan =

    15

Elapsed time is 266.143900 seconds.

chan =

    16

Elapsed time is 265.295629 seconds.

chan =

    17

Elapsed time is 264.555352 seconds.

chan =

    18

Elapsed time is 266.614138 seconds.

chan =

    19

Elapsed time is 264.959501 seconds.

chan =

    20

Elapsed time is 267.757314 seconds.

chan =

    21

Elapsed time is 266.279317 seconds.

chan =

    22

Elapsed time is 266.502211 seconds.

chan =

    23

Elapsed time is 265.641858 seconds.

chan =

    24

Elapsed time is 265.361301 seconds.

chan =

    25

Elapsed time is 264.903739 seconds.

chan =

    26

Elapsed time is 263.636599 seconds.

chan =

    27

Elapsed time is 262.495816 seconds.

chan =

    28

Elapsed time is 261.203577 seconds.

chan =

    29

Elapsed time is 260.903187 seconds.

chan =

    30

Elapsed time is 260.632333 seconds.

chan =

    31

Elapsed time is 259.727736 seconds.

chan =

    32

Elapsed time is 252.353415 seconds.

chan =

    33

Elapsed time is 268.298325 seconds.

chan =

    34

Elapsed time is 265.880840 seconds.

chan =

    35

Elapsed time is 260.056857 seconds.

chan =

    36

Elapsed time is 254.833946 seconds.

chan =

    37

Elapsed time is 247.942574 seconds.

chan =

    38

Elapsed time is 242.744762 seconds.

chan =

    39

Elapsed time is 234.078961 seconds.

chan =

    40

Elapsed time is 245.111418 seconds.

chan =

    41

Elapsed time is 246.155376 seconds.

chan =

    42

Elapsed time is 226.811616 seconds.

chan =

    43

Elapsed time is 245.303739 seconds.

chan =

    44

Elapsed time is 244.721141 seconds.

chan =

    45

Elapsed time is 238.838396 seconds.

chan =

    46

Elapsed time is 244.299412 seconds.

chan =

    47

Elapsed time is 232.006422 seconds.

chan =

    48

Elapsed time is 239.986471 seconds.

chan =

    49

Elapsed time is 238.527149 seconds.

chan =

    50

Elapsed time is 220.647559 seconds.

chan =

    51

Elapsed time is 236.204649 seconds.

chan =

    52

Elapsed time is 244.224490 seconds.

chan =

    53

Elapsed time is 244.501730 seconds.

chan =

    54

Elapsed time is 246.616948 seconds.

chan =

    55

Elapsed time is 243.993959 seconds.

chan =

    56

Elapsed time is 228.722340 seconds.

chan =

    57

Elapsed time is 227.015831 seconds.

chan =

    58

Elapsed time is 221.475026 seconds.

chan =

    59

Elapsed time is 221.401436 seconds.

chan =

    60

Elapsed time is 222.766054 seconds.

chan =

    61

Elapsed time is 221.502584 seconds.

chan =

    62

Elapsed time is 221.602034 seconds.

chan =

    63

Elapsed time is 219.901079 seconds.

chan =

    64

Elapsed time is 219.580079 seconds.

chan =

    65

Elapsed time is 217.563362 seconds.

chan =

    66

Elapsed time is 223.943922 seconds.

chan =

    67

Elapsed time is 240.722788 seconds.

chan =

    68

Elapsed time is 234.255615 seconds.

chan =

    69

Elapsed time is 234.049742 seconds.

chan =

    70

Elapsed time is 222.294198 seconds.

chan =

    71

Elapsed time is 222.117939 seconds.

chan =

    72

Elapsed time is 221.566951 seconds.

chan =

    73

Elapsed time is 218.024296 seconds.

chan =

    74

Elapsed time is 213.862203 seconds.

chan =

    75

Elapsed time is 214.221940 seconds.

chan =

    76

Elapsed time is 214.067838 seconds.

chan =

    77

Elapsed time is 214.139949 seconds.

chan =

    78

Elapsed time is 214.071440 seconds.

chan =

    79

Elapsed time is 214.363653 seconds.

chan =

    80

Elapsed time is 213.896390 seconds.

chan =

    81

Elapsed time is 213.857074 seconds.

chan =

    82

Elapsed time is 209.704642 seconds.

chan =

    83

Elapsed time is 309.393813 seconds.

chan =

    84

Elapsed time is 419.723667 seconds.

chan =

    85

Elapsed time is 421.528767 seconds.

chan =

    86

Elapsed time is 421.598778 seconds.

chan =

    87

Elapsed time is 420.920930 seconds.

chan =

    88

Elapsed time is 416.888340 seconds.

chan =

    89

Elapsed time is 421.184607 seconds.

chan =

    90

Elapsed time is 417.094783 seconds.

chan =

    91

Elapsed time is 421.558611 seconds.

chan =

    92

Elapsed time is 414.814627 seconds.

chan =

    93

Elapsed time is 416.279882 seconds.

chan =

    94

Elapsed time is 415.166536 seconds.

chan =

    95

Elapsed time is 414.220776 seconds.

chan =

    96

Elapsed time is 406.644792 seconds.

chan =

    97

Elapsed time is 239.772215 seconds.

chan =

    98

Elapsed time is 233.696482 seconds.

chan =

    99

Elapsed time is 232.550095 seconds.

chan =

   100

Elapsed time is 230.932141 seconds.

chan =

   101

Elapsed time is 249.629972 seconds.

chan =

   102

Elapsed time is 251.615185 seconds.

chan =

   103

Elapsed time is 255.906299 seconds.

chan =

   104

Elapsed time is 245.200558 seconds.

chan =

   105

Elapsed time is 245.372404 seconds.

chan =

   106

Elapsed time is 243.529123 seconds.

