getting started: 2837
attempting file: 2837
going for OH27 43
data loaded: OH27 43
HFB already done

chan =

     1

Elapsed time is 275.367846 seconds.

chan =

     2

Elapsed time is 269.914766 seconds.

chan =

     3

Elapsed time is 269.780498 seconds.

chan =

     4

Elapsed time is 279.946231 seconds.

chan =

     5

Elapsed time is 269.786661 seconds.

chan =

     6

Elapsed time is 270.718631 seconds.

chan =

     7

Elapsed time is 269.778121 seconds.

chan =

     8

Elapsed time is 266.990201 seconds.

chan =

     9

Elapsed time is 261.324637 seconds.

chan =

    10

Elapsed time is 260.393464 seconds.

chan =

    11

Elapsed time is 261.959678 seconds.

chan =

    12

Elapsed time is 262.112608 seconds.

chan =

    13

Elapsed time is 260.129938 seconds.

chan =

    14

Elapsed time is 261.147707 seconds.

chan =

    15

Elapsed time is 259.817634 seconds.

chan =

    16

Elapsed time is 258.414762 seconds.

chan =

    17

Elapsed time is 257.994785 seconds.

chan =

    18

Elapsed time is 261.930020 seconds.

chan =

    19

Elapsed time is 259.732862 seconds.

chan =

    20

Elapsed time is 261.006908 seconds.

chan =

    21

Elapsed time is 260.598023 seconds.

chan =

    22

Elapsed time is 259.508745 seconds.

chan =

    23

Elapsed time is 259.926444 seconds.

chan =

    24

Elapsed time is 259.041982 seconds.

chan =

    25

Elapsed time is 260.002776 seconds.

chan =

    26

Elapsed time is 257.604331 seconds.

chan =

    27

Elapsed time is 258.925826 seconds.

chan =

    28

Elapsed time is 258.494837 seconds.

chan =

    29

Elapsed time is 260.421047 seconds.

chan =

    30

Elapsed time is 258.598363 seconds.

chan =

    31

Elapsed time is 259.806471 seconds.

chan =

    32

Elapsed time is 256.671027 seconds.

chan =

    33

Elapsed time is 260.079580 seconds.

chan =

    34

Elapsed time is 259.884839 seconds.

chan =

    35

Elapsed time is 261.094860 seconds.

chan =

    36

Elapsed time is 258.859071 seconds.

chan =

    37

Elapsed time is 260.147867 seconds.

chan =

    38

Elapsed time is 260.129854 seconds.

chan =

    39

Elapsed time is 260.390135 seconds.

chan =

    40

Elapsed time is 258.320590 seconds.

chan =

    41

Elapsed time is 260.084226 seconds.

chan =

    42

Elapsed time is 258.264051 seconds.

chan =

    43

Elapsed time is 257.432865 seconds.

chan =

    44

Elapsed time is 260.715997 seconds.

chan =

    45

Elapsed time is 259.792528 seconds.

chan =

    46

Elapsed time is 257.911348 seconds.

chan =

    47

Elapsed time is 260.259350 seconds.

chan =

    48

Elapsed time is 258.570004 seconds.

chan =

    49

Elapsed time is 262.183453 seconds.

chan =

    50

Elapsed time is 262.552713 seconds.

chan =

    51

Elapsed time is 262.936899 seconds.

chan =

    52

Elapsed time is 263.008218 seconds.

chan =

    53

Elapsed time is 251.741389 seconds.

chan =

    54

Elapsed time is 248.343443 seconds.

chan =

    55

Elapsed time is 262.506317 seconds.

chan =

    56

Elapsed time is 262.343910 seconds.

chan =

    57

Elapsed time is 262.766188 seconds.

chan =

    58

Elapsed time is 291.160153 seconds.

chan =

    59

Elapsed time is 287.302695 seconds.

chan =

    60

Elapsed time is 290.641164 seconds.

chan =

    61

Elapsed time is 288.898922 seconds.

chan =

    62

Elapsed time is 286.508250 seconds.

chan =

    63

Elapsed time is 287.826742 seconds.

chan =

    64

Elapsed time is 281.334072 seconds.

chan =

    65

Elapsed time is 285.412439 seconds.

chan =

    66

Elapsed time is 284.053832 seconds.

chan =

    67

Elapsed time is 288.969167 seconds.

chan =

    68

Elapsed time is 285.569741 seconds.

chan =

    69

Elapsed time is 285.614700 seconds.

chan =

    70

Elapsed time is 287.630137 seconds.

chan =

    71

Elapsed time is 286.777434 seconds.

chan =

    72

Elapsed time is 285.660384 seconds.

chan =

    73

Elapsed time is 284.652651 seconds.

chan =

    74

Elapsed time is 281.571527 seconds.

chan =

    75

Elapsed time is 289.596464 seconds.

chan =

    76

Elapsed time is 295.893452 seconds.

chan =

    77

Elapsed time is 294.412632 seconds.

chan =

    78

Elapsed time is 297.112731 seconds.

chan =

    79

Elapsed time is 291.897376 seconds.

chan =

    80

Elapsed time is 294.838412 seconds.

chan =

    81

Elapsed time is 295.159489 seconds.

chan =

    82

Elapsed time is 296.270071 seconds.

chan =

    83

Elapsed time is 298.125755 seconds.

chan =

    84

Elapsed time is 295.395412 seconds.

chan =

    85

Elapsed time is 292.726085 seconds.

chan =

    86

Elapsed time is 293.509179 seconds.

chan =

    87

Elapsed time is 294.811871 seconds.

chan =

    88

Elapsed time is 291.643024 seconds.

chan =

    89

Elapsed time is 294.021142 seconds.

chan =

    90

Elapsed time is 292.950679 seconds.

chan =

    91

Elapsed time is 248.458666 seconds.

chan =

    92

Elapsed time is 239.985675 seconds.

chan =

    93

Elapsed time is 236.412102 seconds.

chan =

    94

Elapsed time is 223.495471 seconds.

chan =

    95

Elapsed time is 217.196801 seconds.

chan =

    96

Elapsed time is 217.102678 seconds.

chan =

    97

Elapsed time is 217.562240 seconds.

chan =

    98

Elapsed time is 222.686968 seconds.

chan =

    99

Elapsed time is 213.587042 seconds.

chan =

   100

Elapsed time is 215.405679 seconds.

chan =

   101

Elapsed time is 218.318166 seconds.

chan =

   102

Elapsed time is 220.219735 seconds.

chan =

   103

Elapsed time is 220.253176 seconds.

chan =

   104

Elapsed time is 218.619389 seconds.

chan =

   105

Elapsed time is 218.411738 seconds.

chan =

   106

Elapsed time is 216.994450 seconds.

