getting started: 2842
attempting file: 2842
going for OH27 48
data loaded: OH27 48
HFB already done

chan =

     1

Elapsed time is 278.868459 seconds.

chan =

     2

Elapsed time is 274.288417 seconds.

chan =

     3

Elapsed time is 274.144817 seconds.

chan =

     4

Elapsed time is 276.633430 seconds.

chan =

     5

Elapsed time is 274.753072 seconds.

chan =

     6

Elapsed time is 274.119144 seconds.

chan =

     7

Elapsed time is 275.742252 seconds.

chan =

     8

Elapsed time is 270.009406 seconds.

chan =

     9

Elapsed time is 265.805834 seconds.

chan =

    10

Elapsed time is 266.763641 seconds.

chan =

    11

Elapsed time is 264.808794 seconds.

chan =

    12

Elapsed time is 266.190884 seconds.

chan =

    13

Elapsed time is 264.971443 seconds.

chan =

    14

Elapsed time is 263.597243 seconds.

chan =

    15

Elapsed time is 265.246653 seconds.

chan =

    16

Elapsed time is 261.548381 seconds.

chan =

    17

Elapsed time is 263.232846 seconds.

chan =

    18

Elapsed time is 264.242997 seconds.

chan =

    19

Elapsed time is 263.322426 seconds.

chan =

    20

Elapsed time is 264.358455 seconds.

chan =

    21

Elapsed time is 265.350666 seconds.

chan =

    22

Elapsed time is 262.833817 seconds.

chan =

    23

Elapsed time is 264.665707 seconds.

chan =

    24

Elapsed time is 262.682191 seconds.

chan =

    25

Elapsed time is 264.192039 seconds.

chan =

    26

Elapsed time is 261.609532 seconds.

chan =

    27

Elapsed time is 262.873601 seconds.

chan =

    28

Elapsed time is 263.399332 seconds.

chan =

    29

Elapsed time is 263.829470 seconds.

chan =

    30

Elapsed time is 262.481505 seconds.

chan =

    31

Elapsed time is 263.157675 seconds.

chan =

    32

Elapsed time is 260.113443 seconds.

chan =

    33

Elapsed time is 263.523151 seconds.

chan =

    34

Elapsed time is 263.789059 seconds.

chan =

    35

Elapsed time is 263.918414 seconds.

chan =

    36

Elapsed time is 263.788501 seconds.

chan =

    37

Elapsed time is 264.396324 seconds.

chan =

    38

Elapsed time is 263.129112 seconds.

chan =

    39

Elapsed time is 263.508431 seconds.

chan =

    40

Elapsed time is 260.858769 seconds.

chan =

    41

Elapsed time is 262.588126 seconds.

chan =

    42

Elapsed time is 260.957228 seconds.

chan =

    43

Elapsed time is 262.000743 seconds.

chan =

    44

Elapsed time is 262.784311 seconds.

chan =

    45

Elapsed time is 263.531056 seconds.

chan =

    46

Elapsed time is 261.894783 seconds.

chan =

    47

Elapsed time is 263.065874 seconds.

chan =

    48

Elapsed time is 264.809657 seconds.

chan =

    49

Elapsed time is 266.589082 seconds.

chan =

    50

Elapsed time is 265.235823 seconds.

chan =

    51

Elapsed time is 266.741554 seconds.

chan =

    52

Elapsed time is 257.808615 seconds.

chan =

    53

Elapsed time is 252.432130 seconds.

chan =

    54

Elapsed time is 261.942073 seconds.

chan =

    55

Elapsed time is 267.989442 seconds.

chan =

    56

Elapsed time is 258.659541 seconds.

chan =

    57

Elapsed time is 294.094373 seconds.

chan =

    58

Elapsed time is 289.588187 seconds.

chan =

    59

Elapsed time is 296.426858 seconds.

chan =

    60

Elapsed time is 292.920960 seconds.

chan =

    61

Elapsed time is 292.776975 seconds.

chan =

    62

Elapsed time is 292.093396 seconds.

chan =

    63

Elapsed time is 288.083310 seconds.

chan =

    64

Elapsed time is 290.137516 seconds.

chan =

    65

Elapsed time is 286.739918 seconds.

chan =

    66

Elapsed time is 289.104840 seconds.

chan =

    67

Elapsed time is 290.484392 seconds.

chan =

    68

Elapsed time is 286.081536 seconds.

chan =

    69

Elapsed time is 292.543218 seconds.

chan =

    70

Elapsed time is 285.287031 seconds.

chan =

    71

Elapsed time is 289.801578 seconds.

chan =

    72

Elapsed time is 288.329037 seconds.

chan =

    73

Elapsed time is 287.126391 seconds.

chan =

    74

Elapsed time is 292.772391 seconds.

chan =

    75

Elapsed time is 301.980286 seconds.

chan =

    76

Elapsed time is 299.531786 seconds.

chan =

    77

Elapsed time is 301.656714 seconds.

chan =

    78

Elapsed time is 298.127178 seconds.

chan =

    79

Elapsed time is 301.366628 seconds.

chan =

    80

Elapsed time is 298.900744 seconds.

chan =

    81

Elapsed time is 302.084978 seconds.

chan =

    82

Elapsed time is 298.801660 seconds.

chan =

    83

Elapsed time is 300.127257 seconds.

chan =

    84

Elapsed time is 298.026871 seconds.

chan =

    85

Elapsed time is 298.706871 seconds.

chan =

    86

Elapsed time is 299.006900 seconds.

chan =

    87

Elapsed time is 297.243996 seconds.

chan =

    88

Elapsed time is 295.140424 seconds.

chan =

    89

Elapsed time is 287.159993 seconds.

chan =

    90

Elapsed time is 249.468284 seconds.

chan =

    91

Elapsed time is 246.465779 seconds.

chan =

    92

Elapsed time is 234.323780 seconds.

chan =

    93

Elapsed time is 226.627040 seconds.

chan =

    94

Elapsed time is 219.408558 seconds.

chan =

    95

Elapsed time is 222.321854 seconds.

chan =

    96

Elapsed time is 223.129475 seconds.

chan =

    97

Elapsed time is 224.982822 seconds.

chan =

    98

Elapsed time is 219.047975 seconds.

chan =

    99

Elapsed time is 221.457565 seconds.

chan =

   100

Elapsed time is 219.321764 seconds.

chan =

   101

Elapsed time is 228.957756 seconds.

chan =

   102

Elapsed time is 222.807343 seconds.

chan =

   103

Elapsed time is 226.185383 seconds.

chan =

   104

Elapsed time is 219.685250 seconds.

chan =

   105

Elapsed time is 224.522316 seconds.

chan =

   106

Elapsed time is 219.467838 seconds.

