getting started: 2912
attempting file: 2912
going for OH30 11
data loaded: OH30 11
HFB already done

chan =

     1

Elapsed time is 610.072394 seconds.

chan =

     2

Elapsed time is 598.950089 seconds.

chan =

     3

Elapsed time is 596.051213 seconds.

chan =

     4

Elapsed time is 594.004429 seconds.

chan =

     5

Elapsed time is 595.640597 seconds.

chan =

     6

Elapsed time is 595.844127 seconds.

chan =

     7

Elapsed time is 593.314282 seconds.

chan =

     8

Elapsed time is 586.878511 seconds.

chan =

     9

Elapsed time is 592.445931 seconds.

chan =

    10

Elapsed time is 588.744120 seconds.

chan =

    11

Elapsed time is 589.368367 seconds.

chan =

    12

Elapsed time is 589.567277 seconds.

chan =

    13

Elapsed time is 589.699319 seconds.

chan =

    14

Elapsed time is 591.669168 seconds.

chan =

    15

Elapsed time is 583.886966 seconds.

chan =

    16

Elapsed time is 584.233531 seconds.

chan =

    17

Elapsed time is 583.456834 seconds.

chan =

    18

Elapsed time is 586.814026 seconds.

chan =

    19

Elapsed time is 581.623318 seconds.

chan =

    20

Elapsed time is 586.822207 seconds.

chan =

    21

Elapsed time is 585.414626 seconds.

chan =

    22

Elapsed time is 586.844933 seconds.

chan =

    23

Elapsed time is 586.019908 seconds.

chan =

    24

Elapsed time is 585.434955 seconds.

chan =

    25

Elapsed time is 585.934966 seconds.

chan =

    26

Elapsed time is 585.507066 seconds.

chan =

    27

Elapsed time is 579.118658 seconds.

chan =

    28

Elapsed time is 585.404304 seconds.

chan =

    29

Elapsed time is 581.590081 seconds.

chan =

    30

Elapsed time is 584.722546 seconds.

chan =

    31

Elapsed time is 582.965078 seconds.

chan =

    32

Elapsed time is 586.774076 seconds.

chan =

    33

Elapsed time is 586.706146 seconds.

chan =

    34

Elapsed time is 586.688541 seconds.

chan =

    35

Elapsed time is 584.359983 seconds.

chan =

    36

Elapsed time is 586.273375 seconds.

chan =

    37

Elapsed time is 583.522104 seconds.

chan =

    38

Elapsed time is 581.037829 seconds.

chan =

    39

Elapsed time is 582.321379 seconds.

chan =

    40

Elapsed time is 586.019108 seconds.

chan =

    41

Elapsed time is 584.287461 seconds.

chan =

    42

Elapsed time is 587.191827 seconds.

chan =

    43

Elapsed time is 583.026618 seconds.

chan =

    44

Elapsed time is 583.491741 seconds.

chan =

    45

Elapsed time is 582.467018 seconds.

chan =

    46

Elapsed time is 586.723724 seconds.

chan =

    47

Elapsed time is 581.122033 seconds.

chan =

    48

Elapsed time is 580.382903 seconds.

chan =

    49

Elapsed time is 585.336509 seconds.

chan =

    50

Elapsed time is 587.713992 seconds.

chan =

    51

Elapsed time is 585.851661 seconds.

chan =

    52

Elapsed time is 587.136963 seconds.

chan =

    53

Elapsed time is 586.230534 seconds.

chan =

    54

Elapsed time is 586.524796 seconds.

chan =

    55

Elapsed time is 583.920575 seconds.

chan =

    56

Elapsed time is 583.934312 seconds.

chan =

    57

Elapsed time is 582.640868 seconds.

chan =

    58

Elapsed time is 586.479958 seconds.

chan =

    59

Elapsed time is 580.252983 seconds.

chan =

    60

Elapsed time is 585.461265 seconds.

chan =

    61

Elapsed time is 580.641565 seconds.

chan =

    62

Elapsed time is 586.370451 seconds.

chan =

    63

Elapsed time is 581.714501 seconds.

chan =

    64

Elapsed time is 586.689759 seconds.

chan =

    65

Elapsed time is 582.139866 seconds.

chan =

    66

Elapsed time is 583.968491 seconds.

chan =

    67

Elapsed time is 580.961690 seconds.

chan =

    68

Elapsed time is 587.873783 seconds.

chan =

    69

Elapsed time is 582.068523 seconds.

chan =

    70

Elapsed time is 584.125559 seconds.

chan =

    71

Elapsed time is 582.063152 seconds.

chan =

    72

Elapsed time is 584.370841 seconds.

chan =

    73

Elapsed time is 581.518845 seconds.

chan =

    74

Elapsed time is 587.835469 seconds.

chan =

    75

Elapsed time is 580.733832 seconds.

chan =

    76

Elapsed time is 588.307728 seconds.

chan =

    77

Elapsed time is 581.068042 seconds.

chan =

    78

Elapsed time is 589.671208 seconds.

chan =

    79

Elapsed time is 584.355772 seconds.

chan =

    80

Elapsed time is 587.822590 seconds.

chan =

    81

Elapsed time is 585.708083 seconds.

chan =

    82

Elapsed time is 589.021284 seconds.

chan =

    83

Elapsed time is 585.880704 seconds.

chan =

    84

Elapsed time is 589.654058 seconds.

chan =

    85

Elapsed time is 581.979169 seconds.

chan =

    86

Elapsed time is 583.465002 seconds.

chan =

    87

Elapsed time is 579.185695 seconds.

chan =

    88

Elapsed time is 586.371704 seconds.

chan =

    89

Elapsed time is 585.165900 seconds.

chan =

    90

Elapsed time is 590.132947 seconds.

chan =

    91

Elapsed time is 583.087761 seconds.

chan =

    92

Elapsed time is 593.545307 seconds.

chan =

    93

Elapsed time is 581.966055 seconds.

chan =

    94

Elapsed time is 589.146748 seconds.

chan =

    95

Elapsed time is 586.337294 seconds.

chan =

    96

Elapsed time is 588.854229 seconds.

chan =

    97

Elapsed time is 587.311736 seconds.

chan =

    98

Elapsed time is 589.956198 seconds.

chan =

    99

Elapsed time is 586.719282 seconds.

chan =

   100

Elapsed time is 591.846478 seconds.

chan =

   101

Elapsed time is 585.425937 seconds.

chan =

   102

Elapsed time is 590.141110 seconds.

chan =

   103

Elapsed time is 585.866477 seconds.

chan =

   104

Elapsed time is 588.749397 seconds.

chan =

   105

Elapsed time is 586.997965 seconds.

chan =

   106

Elapsed time is 593.594564 seconds.

chan =

   107

Elapsed time is 592.503486 seconds.

chan =

   108

Elapsed time is 596.399395 seconds.

chan =

   109

Elapsed time is 590.520822 seconds.

chan =

   110

Elapsed time is 582.567778 seconds.

chan =

   111

Elapsed time is 576.762907 seconds.

chan =

   112

Elapsed time is 579.292372 seconds.

chan =

   113

Elapsed time is 578.513282 seconds.

chan =

   114

Elapsed time is 579.953238 seconds.

chan =

   115

Elapsed time is 575.374491 seconds.

chan =

   116

