getting started: 2686
attempting file: 2686
going for NM04 49
data loaded: NM04 49
HFB already done

chan =

     1

Elapsed time is 208.805859 seconds.

chan =

     2

Elapsed time is 206.601562 seconds.

chan =

     3

Elapsed time is 209.467958 seconds.

chan =

     4

Elapsed time is 209.915024 seconds.

chan =

     5

Elapsed time is 213.288264 seconds.

chan =

     6

Elapsed time is 209.780520 seconds.

chan =

     7

Elapsed time is 208.713548 seconds.

chan =

     8

Elapsed time is 209.478550 seconds.

chan =

     9

Elapsed time is 207.369491 seconds.

chan =

    10

Elapsed time is 207.509046 seconds.

chan =

    11

Elapsed time is 208.168714 seconds.

chan =

    12

Elapsed time is 208.911702 seconds.

chan =

    13

Elapsed time is 207.608013 seconds.

chan =

    14

Elapsed time is 209.560717 seconds.

chan =

    15

Elapsed time is 209.266100 seconds.

chan =

    16

Elapsed time is 207.462128 seconds.

chan =

    17

Elapsed time is 207.543985 seconds.

chan =

    18

Elapsed time is 209.260949 seconds.

chan =

    19

Elapsed time is 207.924071 seconds.

chan =

    20

Elapsed time is 207.335515 seconds.

chan =

    21

Elapsed time is 205.635279 seconds.

chan =

    22

Elapsed time is 208.552888 seconds.

chan =

    23

Elapsed time is 207.243013 seconds.

chan =

    24

Elapsed time is 210.162833 seconds.

chan =

    25

Elapsed time is 209.399234 seconds.

chan =

    26

Elapsed time is 208.057567 seconds.

chan =

    27

Elapsed time is 206.990992 seconds.

chan =

    28

Elapsed time is 209.606532 seconds.

chan =

    29

Elapsed time is 207.013887 seconds.

chan =

    30

Elapsed time is 207.660620 seconds.

chan =

    31

Elapsed time is 206.747789 seconds.

chan =

    32

Elapsed time is 205.651813 seconds.

chan =

    33

Elapsed time is 208.602653 seconds.

chan =

    34

Elapsed time is 209.185826 seconds.

chan =

    35

Elapsed time is 209.219639 seconds.

chan =

    36

Elapsed time is 210.004824 seconds.

chan =

    37

Elapsed time is 207.048682 seconds.

chan =

    38

Elapsed time is 209.362309 seconds.

chan =

    39

Elapsed time is 208.882358 seconds.

chan =

    40

Elapsed time is 211.172072 seconds.

chan =

    41

Elapsed time is 208.191680 seconds.

chan =

    42

Elapsed time is 211.276945 seconds.

chan =

    43

Elapsed time is 210.108903 seconds.

chan =

    44

Elapsed time is 209.176948 seconds.

chan =

    45

Elapsed time is 209.736377 seconds.

chan =

    46

Elapsed time is 209.524644 seconds.

chan =

    47

Elapsed time is 209.915887 seconds.

chan =

    48

Elapsed time is 209.656421 seconds.

chan =

    49

Elapsed time is 210.206060 seconds.

chan =

    50

Elapsed time is 211.181495 seconds.

chan =

    51

Elapsed time is 209.224495 seconds.

chan =

    52

Elapsed time is 211.095000 seconds.

chan =

    53

Elapsed time is 207.546008 seconds.

chan =

    54

Elapsed time is 253.771960 seconds.

chan =

    55

Elapsed time is 258.621806 seconds.

chan =

    56

Elapsed time is 247.320572 seconds.

chan =

    57

Elapsed time is 253.451336 seconds.

chan =

    58

Elapsed time is 240.196211 seconds.

chan =

    59

Elapsed time is 240.442864 seconds.

chan =

    60

Elapsed time is 237.983504 seconds.

chan =

    61

Elapsed time is 245.642150 seconds.

chan =

    62

Elapsed time is 218.714381 seconds.

chan =

    63

Elapsed time is 206.087402 seconds.

chan =

    64

Elapsed time is 204.388843 seconds.

chan =

    65

Elapsed time is 205.219812 seconds.

chan =

    66

Elapsed time is 205.492542 seconds.

chan =

    67

Elapsed time is 204.856782 seconds.

chan =

    68

Elapsed time is 211.877980 seconds.

chan =

    69

Elapsed time is 206.076317 seconds.

chan =

    70

Elapsed time is 217.194070 seconds.

chan =

    71

Elapsed time is 239.210994 seconds.

chan =

    72

Elapsed time is 223.692768 seconds.

chan =

    73

Elapsed time is 203.486132 seconds.

chan =

    74

Elapsed time is 204.613222 seconds.

chan =

    75

Elapsed time is 205.176808 seconds.

chan =

    76

Elapsed time is 205.695665 seconds.

chan =

    77

Elapsed time is 204.289713 seconds.

chan =

    78

Elapsed time is 204.434974 seconds.

chan =

    79

Elapsed time is 206.481575 seconds.

chan =

    80

Elapsed time is 207.377613 seconds.

chan =

    81

Elapsed time is 205.508951 seconds.

chan =

    82

Elapsed time is 207.054038 seconds.

chan =

    83

Elapsed time is 205.944820 seconds.

chan =

    84

Elapsed time is 204.937018 seconds.

chan =

    85

Elapsed time is 208.095692 seconds.

chan =

    86

Elapsed time is 207.717093 seconds.

chan =

    87

Elapsed time is 204.770165 seconds.

chan =

    88

Elapsed time is 204.471577 seconds.

chan =

    89

Elapsed time is 206.291335 seconds.

chan =

    90

Elapsed time is 206.680261 seconds.

chan =

    91

Elapsed time is 202.907113 seconds.
attempting saving
save success: /projects/p31578/dtf8829/QuestConnect/CHANDAT/chanDat_NM04_049.mat
working on TF
encoding done
encoding RT done
retrieval 1 done
retrieval 2 done
attempting saving
save success: /projects/p31578/dtf8829/QuestConnect/CHANDAT/chanDat_NM04_049.mat
working on ISPC
channel: 1 took 0 minutes
channel: 2 took 0 minutes
channel: 3 took 0 minutes
channel: 4 took 0 minutes
channel: 5 took 0 minutes
channel: 6 took 0 minutes
channel: 7 took 0 minutes
channel: 8 took 0 minutes
channel: 9 took 0 minutes
channel: 10 took 0 minutes
channel: 11 took 0 minutes
channel: 12 took 0 minutes
channel: 13 took 0 minutes
channel: 14 took 0 minutes
channel: 15 took 0 minutes
channel: 16 took 0 minutes
channel: 17 took 0 minutes
channel: 18 took 0 minutes
channel: 19 took 0 minutes
channel: 20 took 0 minutes
channel: 21 took 0 minutes
channel: 22 took 0 minutes
channel: 23 took 0 minutes
channel: 24 took 0 minutes
channel: 25 took 0 minutes
channel: 26 took 0 minutes
channel: 27 took 0 minutes
channel: 28 took 0 minutes
channel: 29 took 0 minutes
channel: 30 took 0 minutes
channel: 31 took 0 minutes
channel: 32 took 0 minutes
channel: 33 took 0 minutes
channel: 34 took 0 minutes
channel: 35 took 0 minutes
channel: 36 took 0 minutes
channel: 37 took 0 minutes
channel: 38 took 0 minutes
channel: 39 took 0 minutes
channel: 40 took 0 minutes
channel: 41 took 0 minutes
channel: 42 took 0 minutes
channel: 43 took 0 minutes
channel: 44 took 0 minutes
channel: 45 took 0 minutes
channel: 46 took 0 minutes
channel: 47 took 0 minutes
channel: 48 took 0 minutes
channel: 49 took 0 minutes
channel: 50 took 3.2 minutes
channel: 51 took 3.1 minutes
channel: 52 took 3.2 minutes
channel: 53 took 3.2 minutes
channel: 54 took 3.2 minutes
channel: 55 took 3.1 minutes
channel: 56 took 3.2 minutes
channel: 57 took 3.2 minutes
channel: 58 took 3.2 minutes
channel: 59 took 3.2 minutes
channel: 60 took 3.2 minutes
channel: 61 took 3.2 minutes
channel: 62 took 3.2 minutes
channel: 63 took 3.2 minutes
channel: 64 took 3.2 minutes
channel: 65 took 3.2 minutes
channel: 66 took 3.2 minutes
channel: 67 took 3.2 minutes
channel: 68 took 3.1 minutes
channel: 69 took 3.2 minutes
channel: 70 took 3.2 minutes
channel: 71 took 3.2 minutes
channel: 72 took 3.2 minutes
channel: 73 took 3.2 minutes
channel: 74 took 3.2 minutes
channel: 75 took 3.2 minutes
channel: 76 took 3.2 minutes
channel: 77 took 3.2 minutes
channel: 78 took 3.2 minutes
channel: 79 took 3.2 minutes
channel: 80 took 3.2 minutes
channel: 81 took 3.2 minutes
channel: 82 took 3.2 minutes
channel: 83 took 3.2 minutes
channel: 84 took 3.2 minutes
channel: 85 took 3.2 minutes
channel: 86 took 3.2 minutes
channel: 87 took 3.2 minutes
channel: 88 took 3.2 minutes
channel: 89 took 3.2 minutes
channel: 90 took 3.2 minutes
channel: 91 took 3.2 minutes
attempting saving
save success: /projects/p31578/dtf8829/QuestConnect/CHANDAT/chanDat_NM04_049.mat
Elapsed time is 195.048530 seconds.
