getting started: 2871
attempting file: 2871
going for OH27 77
data loaded: OH27 77
HFB already done

chan =

     1

Elapsed time is 286.371154 seconds.

chan =

     2

Elapsed time is 281.437718 seconds.

chan =

     3

Elapsed time is 281.302891 seconds.

chan =

     4

Elapsed time is 281.827259 seconds.

chan =

     5

Elapsed time is 280.524144 seconds.

chan =

     6

Elapsed time is 280.843764 seconds.

chan =

     7

Elapsed time is 280.832897 seconds.

chan =

     8

Elapsed time is 280.677755 seconds.

chan =

     9

Elapsed time is 282.312645 seconds.

chan =

    10

Elapsed time is 281.783883 seconds.

chan =

    11

Elapsed time is 281.059554 seconds.

chan =

    12

Elapsed time is 281.875477 seconds.

chan =

    13

Elapsed time is 280.816392 seconds.

chan =

    14

Elapsed time is 281.044855 seconds.

chan =

    15

Elapsed time is 279.830278 seconds.

chan =

    16

Elapsed time is 278.393278 seconds.

chan =

    17

Elapsed time is 278.497816 seconds.

chan =

    18

Elapsed time is 280.751649 seconds.

chan =

    19

Elapsed time is 279.423929 seconds.

chan =

    20

Elapsed time is 277.249739 seconds.

chan =

    21

Elapsed time is 277.135447 seconds.

chan =

    22

Elapsed time is 278.368885 seconds.

chan =

    23

Elapsed time is 272.484725 seconds.

chan =

    24

Elapsed time is 272.112429 seconds.

chan =

    25

Elapsed time is 262.997501 seconds.

chan =

    26

Elapsed time is 260.849306 seconds.

chan =

    27

Elapsed time is 272.975969 seconds.

chan =

    28

Elapsed time is 255.579969 seconds.

chan =

    29

Elapsed time is 265.084171 seconds.

chan =

    30

Elapsed time is 276.277413 seconds.

chan =

    31

Elapsed time is 277.402144 seconds.

chan =

    32

Elapsed time is 274.621428 seconds.

chan =

    33

Elapsed time is 279.099318 seconds.

chan =

    34

Elapsed time is 277.423054 seconds.

chan =

    35

Elapsed time is 277.839819 seconds.

chan =

    36

Elapsed time is 277.197789 seconds.

chan =

    37

Elapsed time is 276.736808 seconds.

chan =

    38

Elapsed time is 274.978110 seconds.

chan =

    39

Elapsed time is 270.935957 seconds.

chan =

    40

Elapsed time is 277.012101 seconds.

chan =

    41

Elapsed time is 271.857360 seconds.

chan =

    42

Elapsed time is 256.432690 seconds.

chan =

    43

Elapsed time is 258.742645 seconds.

chan =

    44

Elapsed time is 263.334420 seconds.

chan =

    45

Elapsed time is 248.269543 seconds.

chan =

    46

Elapsed time is 244.185530 seconds.

chan =

    47

Elapsed time is 242.545511 seconds.

chan =

    48

Elapsed time is 229.593513 seconds.

chan =

    49

Elapsed time is 226.231618 seconds.

chan =

    50

Elapsed time is 224.470250 seconds.

chan =

    51

Elapsed time is 227.062196 seconds.

chan =

    52

Elapsed time is 226.020124 seconds.

chan =

    53

Elapsed time is 259.492864 seconds.

chan =

    54

Elapsed time is 250.255781 seconds.

chan =

    55

Elapsed time is 251.526012 seconds.

chan =

    56

Elapsed time is 238.335796 seconds.

chan =

    57

Elapsed time is 226.230652 seconds.

chan =

    58

Elapsed time is 227.880184 seconds.

chan =

    59

Elapsed time is 228.685993 seconds.

chan =

    60

Elapsed time is 228.796294 seconds.

chan =

    61

Elapsed time is 229.383114 seconds.

chan =

    62

Elapsed time is 227.041479 seconds.

chan =

    63

Elapsed time is 225.798186 seconds.

chan =

    64

Elapsed time is 223.563251 seconds.

chan =

    65

Elapsed time is 225.584186 seconds.

chan =

    66

Elapsed time is 228.442310 seconds.

chan =

    67

Elapsed time is 226.871357 seconds.

chan =

    68

Elapsed time is 227.334067 seconds.

chan =

    69

Elapsed time is 227.318518 seconds.

chan =

    70

Elapsed time is 225.170000 seconds.

chan =

    71

Elapsed time is 228.648815 seconds.

chan =

    72

Elapsed time is 227.700518 seconds.

chan =

    73

Elapsed time is 228.014213 seconds.

chan =

    74

Elapsed time is 226.842706 seconds.

chan =

    75

Elapsed time is 225.862413 seconds.

chan =

    76

Elapsed time is 226.205839 seconds.

chan =

    77

Elapsed time is 224.595358 seconds.

chan =

    78

Elapsed time is 224.351229 seconds.

chan =

    79

Elapsed time is 225.260557 seconds.

chan =

    80

Elapsed time is 227.476000 seconds.

chan =

    81

Elapsed time is 227.432258 seconds.

chan =

    82

Elapsed time is 224.407510 seconds.

chan =

    83

Elapsed time is 225.667320 seconds.

chan =

    84

Elapsed time is 223.337349 seconds.

chan =

    85

Elapsed time is 224.912943 seconds.

chan =

    86

Elapsed time is 222.041523 seconds.

chan =

    87

Elapsed time is 221.930288 seconds.

chan =

    88

Elapsed time is 242.978277 seconds.

chan =

    89

Elapsed time is 301.603761 seconds.

chan =

    90

Elapsed time is 304.266139 seconds.

chan =

    91

Elapsed time is 303.268132 seconds.

chan =

    92

Elapsed time is 301.391895 seconds.

chan =

    93

Elapsed time is 296.619273 seconds.

chan =

    94

Elapsed time is 301.785311 seconds.

chan =

    95

Elapsed time is 302.892340 seconds.

chan =

    96

Elapsed time is 298.377457 seconds.

chan =

    97

Elapsed time is 294.079952 seconds.

chan =

    98

Elapsed time is 301.155539 seconds.

chan =

    99

Elapsed time is 296.397157 seconds.

chan =

   100

Elapsed time is 294.786082 seconds.

chan =

   101

Elapsed time is 304.146213 seconds.

chan =

   102

Elapsed time is 299.667080 seconds.

chan =

   103

Elapsed time is 300.791554 seconds.

chan =

   104

Elapsed time is 297.211604 seconds.

chan =

   105

Elapsed time is 289.880744 seconds.

chan =

   106

Elapsed time is 295.880217 seconds.

