getting started: 2991
attempting file: 2991
going for OH30 90
data loaded: OH30 90
HFB already done

chan =

     1

Elapsed time is 477.100116 seconds.

chan =

     2

Elapsed time is 479.234988 seconds.

chan =

     3

Elapsed time is 484.328309 seconds.

chan =

     4

Elapsed time is 489.785841 seconds.

chan =

     5

Elapsed time is 498.891601 seconds.

chan =

     6

Elapsed time is 496.549791 seconds.

chan =

     7

Elapsed time is 499.467939 seconds.

chan =

     8

Elapsed time is 496.408964 seconds.

chan =

     9

Elapsed time is 491.212320 seconds.

chan =

    10

Elapsed time is 491.378107 seconds.

chan =

    11

Elapsed time is 488.047889 seconds.

chan =

    12

Elapsed time is 490.049295 seconds.

chan =

    13

Elapsed time is 491.369315 seconds.

chan =

    14

Elapsed time is 490.019139 seconds.

chan =

    15

Elapsed time is 494.077166 seconds.

chan =

    16

Elapsed time is 499.747922 seconds.

chan =

    17

Elapsed time is 498.834480 seconds.

chan =

    18

Elapsed time is 496.341099 seconds.

chan =

    19

Elapsed time is 494.510995 seconds.

chan =

    20

Elapsed time is 493.056753 seconds.

chan =

    21

Elapsed time is 492.777732 seconds.

chan =

    22

Elapsed time is 490.048278 seconds.

chan =

    23

Elapsed time is 484.457524 seconds.

chan =

    24

Elapsed time is 484.515228 seconds.

chan =

    25

Elapsed time is 490.444485 seconds.

chan =

    26

Elapsed time is 482.833693 seconds.

chan =

    27

Elapsed time is 481.837378 seconds.

chan =

    28

Elapsed time is 485.816024 seconds.

chan =

    29

Elapsed time is 486.507328 seconds.

chan =

    30

Elapsed time is 489.001293 seconds.

chan =

    31

Elapsed time is 491.112372 seconds.

chan =

    32

Elapsed time is 481.294741 seconds.

chan =

    33

Elapsed time is 480.386430 seconds.

chan =

    34

Elapsed time is 487.425028 seconds.

chan =

    35

Elapsed time is 493.131183 seconds.

chan =

    36

Elapsed time is 493.216714 seconds.

chan =

    37

Elapsed time is 490.943773 seconds.

chan =

    38

Elapsed time is 495.716088 seconds.

chan =

    39

Elapsed time is 486.486023 seconds.

chan =

    40

Elapsed time is 489.237336 seconds.

chan =

    41

Elapsed time is 491.183719 seconds.

chan =

    42

Elapsed time is 484.587717 seconds.

chan =

    43

Elapsed time is 480.011291 seconds.

chan =

    44

Elapsed time is 482.478087 seconds.

chan =

    45

Elapsed time is 478.934327 seconds.

chan =

    46

Elapsed time is 479.369247 seconds.

chan =

    47

Elapsed time is 481.832549 seconds.

chan =

    48

Elapsed time is 481.456702 seconds.

chan =

    49

Elapsed time is 490.890873 seconds.

chan =

    50

Elapsed time is 488.645489 seconds.

chan =

    51

Elapsed time is 491.581044 seconds.

chan =

    52

Elapsed time is 485.111164 seconds.

chan =

    53

Elapsed time is 483.449526 seconds.

chan =

    54

Elapsed time is 488.575067 seconds.

chan =

    55

Elapsed time is 489.158007 seconds.

chan =

    56

Elapsed time is 483.665386 seconds.

chan =

    57

Elapsed time is 491.845285 seconds.

chan =

    58

Elapsed time is 491.545183 seconds.

chan =

    59

Elapsed time is 486.396487 seconds.

chan =

    60

Elapsed time is 482.532924 seconds.

chan =

    61

Elapsed time is 482.798797 seconds.

chan =

    62

Elapsed time is 479.378015 seconds.

chan =

    63

Elapsed time is 473.704057 seconds.

chan =

    64

Elapsed time is 476.018490 seconds.

chan =

    65

Elapsed time is 476.468098 seconds.

chan =

    66

Elapsed time is 469.072549 seconds.

chan =

    67

Elapsed time is 474.831442 seconds.

chan =

    68

Elapsed time is 474.611305 seconds.

chan =

    69

Elapsed time is 472.903744 seconds.

chan =

    70

Elapsed time is 470.176822 seconds.

chan =

    71

Elapsed time is 473.442596 seconds.

chan =

    72

Elapsed time is 482.512789 seconds.

chan =

    73

Elapsed time is 474.754805 seconds.

chan =

    74

Elapsed time is 475.643214 seconds.

chan =

    75

Elapsed time is 481.992086 seconds.

chan =

    76

Elapsed time is 482.804063 seconds.

chan =

    77

Elapsed time is 482.034182 seconds.

chan =

    78

Elapsed time is 486.625087 seconds.

chan =

    79

Elapsed time is 482.556295 seconds.

chan =

    80

Elapsed time is 485.119174 seconds.

chan =

    81

Elapsed time is 470.183564 seconds.

chan =

    82

Elapsed time is 472.152747 seconds.

chan =

    83

Elapsed time is 474.689489 seconds.

chan =

    84

Elapsed time is 469.141717 seconds.

chan =

    85

Elapsed time is 467.751991 seconds.

chan =

    86

Elapsed time is 468.375919 seconds.

chan =

    87

Elapsed time is 470.587394 seconds.

chan =

    88

Elapsed time is 467.655349 seconds.

chan =

    89

Elapsed time is 465.275939 seconds.

chan =

    90

Elapsed time is 465.986236 seconds.

chan =

    91

Elapsed time is 465.022768 seconds.

chan =

    92

Elapsed time is 459.550678 seconds.

chan =

    93

Elapsed time is 462.243030 seconds.

chan =

    94

Elapsed time is 461.506843 seconds.

chan =

    95

Elapsed time is 465.132648 seconds.

chan =

    96

Elapsed time is 465.904221 seconds.

chan =

    97

Elapsed time is 463.453793 seconds.

chan =

    98

Elapsed time is 464.769582 seconds.

chan =

    99

Elapsed time is 466.550581 seconds.

chan =

   100

Elapsed time is 467.054191 seconds.

chan =

   101

Elapsed time is 464.939425 seconds.

chan =

   102

Elapsed time is 464.857856 seconds.

chan =

   103

Elapsed time is 457.632941 seconds.

chan =

   104

Elapsed time is 458.739035 seconds.

chan =

   105

Elapsed time is 458.525402 seconds.

chan =

   106

Elapsed time is 468.845244 seconds.

chan =

   107

Elapsed time is 483.136430 seconds.

chan =

   108

Elapsed time is 490.518355 seconds.

chan =

   109

Elapsed time is 490.305975 seconds.

chan =

   110

Elapsed time is 491.768686 seconds.

chan =

   111

Elapsed time is 483.316941 seconds.

chan =

   112

Elapsed time is 489.983191 seconds.

chan =

   113

Elapsed time is 496.013044 seconds.

chan =

   114

Elapsed time is 492.681006 seconds.

chan =

   115

Elapsed time is 495.136446 seconds.

chan =

   116

Elapsed time is 489.431129 seconds.

chan =

   117

Elapsed time is 489.723482 seconds.

chan =

   118

Elapsed time is 494.003338 seconds.

chan =

   119

Elapsed time is 493.876215 seconds.

chan =

   120

Elapsed time is 492.275344 seconds.

chan =

   121

Elapsed time is 488.482849 seconds.

chan =

   122

Elapsed time is 486.845972 seconds.

chan =

   123

Elapsed time is 487.820117 seconds.

chan =

   124

Elapsed time is 480.033751 seconds.

chan =

   125

Elapsed time is 464.287839 seconds.

chan =

   126

Elapsed time is 446.096663 seconds.

chan =

   127

Elapsed time is 450.085402 seconds.

chan =

   128

Elapsed time is 442.947749 seconds.

chan =

   129

Elapsed time is 443.932358 seconds.

chan =

   130

Elapsed time is 446.437495 seconds.

chan =

   131

Elapsed time is 442.579803 seconds.

chan =

   132

Elapsed time is 443.172563 seconds.

chan =

   133

Elapsed time is 438.061782 seconds.

chan =

   134

Elapsed time is 436.716254 seconds.

chan =

   135

Elapsed time is 436.155247 seconds.

chan =

   136

Elapsed time is 442.451998 seconds.

chan =

   137

Elapsed time is 441.465557 seconds.

chan =

   138

Elapsed time is 440.922469 seconds.

chan =

   139

Elapsed time is 437.827179 seconds.
attempting saving
save success: /projects/p31578/dtf8829/QuestConnect/CHANDAT/chanDat_OH30_090.mat
working on TF
encoding done
encoding RT done
