getting started: 2928
attempting file: 2928
going for OH30 27
data loaded: OH30 27
HFB already done

chan =

     1

Elapsed time is 608.699293 seconds.

chan =

     2

Elapsed time is 597.516935 seconds.

chan =

     3

Elapsed time is 592.354611 seconds.

chan =

     4

Elapsed time is 592.107427 seconds.

chan =

     5

Elapsed time is 593.352104 seconds.

chan =

     6

Elapsed time is 587.315291 seconds.

chan =

     7

Elapsed time is 587.338405 seconds.

chan =

     8

Elapsed time is 587.279824 seconds.

chan =

     9

Elapsed time is 589.740914 seconds.

chan =

    10

Elapsed time is 583.761553 seconds.

chan =

    11

Elapsed time is 588.188859 seconds.

chan =

    12

Elapsed time is 584.819858 seconds.

chan =

    13

Elapsed time is 587.861686 seconds.

chan =

    14

Elapsed time is 585.567238 seconds.

chan =

    15

Elapsed time is 585.943145 seconds.

chan =

    16

Elapsed time is 582.930217 seconds.

chan =

    17

Elapsed time is 583.357844 seconds.

chan =

    18

Elapsed time is 587.626836 seconds.

chan =

    19

Elapsed time is 584.299028 seconds.

chan =

    20

Elapsed time is 585.130617 seconds.

chan =

    21

Elapsed time is 587.988683 seconds.

chan =

    22

Elapsed time is 587.488901 seconds.

chan =

    23

Elapsed time is 590.701862 seconds.

chan =

    24

Elapsed time is 584.658141 seconds.

chan =

    25

Elapsed time is 587.920874 seconds.

chan =

    26

Elapsed time is 582.912618 seconds.

chan =

    27

Elapsed time is 580.291532 seconds.

chan =

    28

Elapsed time is 585.660493 seconds.

chan =

    29

Elapsed time is 582.561764 seconds.

chan =

    30

Elapsed time is 583.809508 seconds.

chan =

    31

Elapsed time is 584.152008 seconds.

chan =

    32

Elapsed time is 586.883910 seconds.

chan =

    33

Elapsed time is 587.471489 seconds.

chan =

    34

Elapsed time is 587.133026 seconds.

chan =

    35

Elapsed time is 585.778570 seconds.

chan =

    36

Elapsed time is 587.358747 seconds.

chan =

    37

Elapsed time is 584.342347 seconds.

chan =

    38

Elapsed time is 582.336339 seconds.

chan =

    39

Elapsed time is 581.762273 seconds.

chan =

    40

Elapsed time is 588.788388 seconds.

chan =

    41

Elapsed time is 584.740251 seconds.

chan =

    42

Elapsed time is 587.077440 seconds.

chan =

    43

Elapsed time is 583.108154 seconds.

chan =

    44

Elapsed time is 586.432657 seconds.

chan =

    45

Elapsed time is 581.504692 seconds.

chan =

    46

Elapsed time is 586.048441 seconds.

chan =

    47

Elapsed time is 579.644925 seconds.

chan =

    48

Elapsed time is 580.296516 seconds.

chan =

    49

Elapsed time is 584.719268 seconds.

chan =

    50

Elapsed time is 587.607064 seconds.

chan =

    51

Elapsed time is 586.294087 seconds.

chan =

    52

Elapsed time is 587.368479 seconds.

chan =

    53

Elapsed time is 586.009017 seconds.

chan =

    54

Elapsed time is 585.390697 seconds.

chan =

    55

Elapsed time is 585.889202 seconds.

chan =

    56

Elapsed time is 583.461466 seconds.

chan =

    57

Elapsed time is 585.222371 seconds.

chan =

    58

Elapsed time is 585.583139 seconds.

chan =

    59

Elapsed time is 584.606431 seconds.

chan =

    60

Elapsed time is 582.593492 seconds.

chan =

    61

Elapsed time is 581.712983 seconds.

chan =

    62

Elapsed time is 583.461389 seconds.

chan =

    63

Elapsed time is 583.420490 seconds.

chan =

    64

Elapsed time is 585.340368 seconds.

chan =

    65

Elapsed time is 585.241829 seconds.

chan =

    66

Elapsed time is 581.188585 seconds.

chan =

    67

Elapsed time is 582.472122 seconds.

chan =

    68

Elapsed time is 584.917570 seconds.

chan =

    69

Elapsed time is 584.439351 seconds.

chan =

    70

Elapsed time is 582.300935 seconds.

chan =

    71

Elapsed time is 586.427599 seconds.

chan =

    72

Elapsed time is 583.906430 seconds.

chan =

    73

Elapsed time is 587.035822 seconds.

chan =

    74

Elapsed time is 584.443865 seconds.

chan =

    75

Elapsed time is 584.599283 seconds.

chan =

    76

Elapsed time is 585.757963 seconds.

chan =

    77

Elapsed time is 582.606573 seconds.

chan =

    78

Elapsed time is 585.693845 seconds.

chan =

    79

Elapsed time is 585.320649 seconds.

chan =

    80

Elapsed time is 583.785603 seconds.

chan =

    81

Elapsed time is 585.039496 seconds.

chan =

    82

Elapsed time is 583.715972 seconds.

chan =

    83

Elapsed time is 589.199187 seconds.

chan =

    84

Elapsed time is 586.562938 seconds.

chan =

    85

Elapsed time is 586.127874 seconds.

chan =

    86

Elapsed time is 580.691891 seconds.

chan =

    87

Elapsed time is 586.280481 seconds.

chan =

    88

Elapsed time is 583.421074 seconds.

chan =

    89

Elapsed time is 589.399179 seconds.

chan =

    90

Elapsed time is 584.037255 seconds.

chan =

    91

Elapsed time is 587.280832 seconds.

chan =

    92

Elapsed time is 588.649100 seconds.

chan =

    93

Elapsed time is 584.514066 seconds.

chan =

    94

Elapsed time is 583.453046 seconds.

chan =

    95

Elapsed time is 590.776863 seconds.

chan =

    96

Elapsed time is 586.426501 seconds.

chan =

    97

Elapsed time is 586.657799 seconds.

chan =

    98

Elapsed time is 587.876309 seconds.

chan =

    99

Elapsed time is 585.727864 seconds.

chan =

   100

Elapsed time is 590.743055 seconds.

chan =

   101

Elapsed time is 585.006880 seconds.

chan =

   102

Elapsed time is 589.948179 seconds.

chan =

   103

Elapsed time is 585.162931 seconds.

chan =

   104

Elapsed time is 588.392217 seconds.

chan =

   105

Elapsed time is 585.305085 seconds.

chan =

   106

Elapsed time is 589.305008 seconds.

chan =

   107

Elapsed time is 590.868220 seconds.

chan =

   108

Elapsed time is 593.267361 seconds.

chan =

   109

Elapsed time is 584.878532 seconds.

chan =

   110

Elapsed time is 581.227195 seconds.

chan =

   111

Elapsed time is 576.410659 seconds.

chan =

   112

Elapsed time is 578.848201 seconds.

chan =

   113

Elapsed time is 578.017496 seconds.

chan =

   114

Elapsed time is 577.076974 seconds.

chan =

   115

Elapsed time is 576.414793 seconds.

chan =

   116

