getting started: 2661
attempting file: 2661
going for NM04 24
data loaded: NM04 24
HFB already done

chan =

     1

Elapsed time is 246.903146 seconds.

chan =

     2

Elapsed time is 251.582212 seconds.

chan =

     3

Elapsed time is 252.123159 seconds.

chan =

     4

Elapsed time is 256.781047 seconds.

chan =

     5

Elapsed time is 236.817923 seconds.

chan =

     6

Elapsed time is 223.544787 seconds.

chan =

     7

Elapsed time is 237.599346 seconds.

chan =

     8

Elapsed time is 242.063246 seconds.

chan =

     9

Elapsed time is 246.306053 seconds.

chan =

    10

Elapsed time is 246.847751 seconds.

chan =

    11

Elapsed time is 246.846085 seconds.

chan =

    12

Elapsed time is 239.079132 seconds.

chan =

    13

Elapsed time is 251.247590 seconds.

chan =

    14

Elapsed time is 253.801958 seconds.

chan =

    15

Elapsed time is 246.530622 seconds.

chan =

    16

Elapsed time is 241.328357 seconds.

chan =

    17

Elapsed time is 247.249672 seconds.

chan =

    18

Elapsed time is 240.459291 seconds.

chan =

    19

Elapsed time is 241.915171 seconds.

chan =

    20

Elapsed time is 239.574058 seconds.

chan =

    21

Elapsed time is 239.114102 seconds.

chan =

    22

Elapsed time is 241.825554 seconds.

chan =

    23

Elapsed time is 248.999192 seconds.

chan =

    24

Elapsed time is 246.816084 seconds.

chan =

    25

Elapsed time is 243.771838 seconds.

chan =

    26

Elapsed time is 243.109395 seconds.

chan =

    27

Elapsed time is 247.214186 seconds.

chan =

    28

Elapsed time is 243.239117 seconds.

chan =

    29

Elapsed time is 246.293937 seconds.

chan =

    30

Elapsed time is 241.402546 seconds.

chan =

    31

Elapsed time is 247.386185 seconds.

chan =

    32

Elapsed time is 236.334651 seconds.

chan =

    33

Elapsed time is 242.070675 seconds.

chan =

    34

Elapsed time is 229.061747 seconds.

chan =

    35

Elapsed time is 239.710013 seconds.

chan =

    36

Elapsed time is 237.698184 seconds.

chan =

    37

Elapsed time is 237.140727 seconds.

chan =

    38

Elapsed time is 235.205465 seconds.

chan =

    39

Elapsed time is 235.878211 seconds.

chan =

    40

Elapsed time is 233.050804 seconds.

chan =

    41

Elapsed time is 234.394429 seconds.

chan =

    42

Elapsed time is 230.551693 seconds.

chan =

    43

Elapsed time is 232.936990 seconds.

chan =

    44

Elapsed time is 231.811189 seconds.

chan =

    45

Elapsed time is 234.990359 seconds.

chan =

    46

Elapsed time is 233.460163 seconds.

chan =

    47

Elapsed time is 233.332545 seconds.

chan =

    48

Elapsed time is 229.465616 seconds.

chan =

    49

Elapsed time is 229.387070 seconds.

chan =

    50

Elapsed time is 230.183225 seconds.

chan =

    51

Elapsed time is 231.286838 seconds.

chan =

    52

Elapsed time is 232.249919 seconds.

chan =

    53

Elapsed time is 234.378011 seconds.

chan =

    54

Elapsed time is 234.427711 seconds.

chan =

    55

Elapsed time is 235.649296 seconds.

chan =

    56

Elapsed time is 233.399451 seconds.

chan =

    57

Elapsed time is 237.407698 seconds.

chan =

    58

Elapsed time is 235.818943 seconds.

chan =

    59

Elapsed time is 239.847014 seconds.

chan =

    60

Elapsed time is 233.759144 seconds.

chan =

    61

Elapsed time is 231.506259 seconds.

chan =

    62

Elapsed time is 230.756670 seconds.

chan =

    63

Elapsed time is 237.684723 seconds.

chan =

    64

Elapsed time is 237.235841 seconds.

chan =

    65

Elapsed time is 235.372703 seconds.

chan =

    66

Elapsed time is 231.213608 seconds.

chan =

    67

Elapsed time is 239.402498 seconds.

chan =

    68

Elapsed time is 236.512415 seconds.

chan =

    69

Elapsed time is 236.574787 seconds.

chan =

    70

Elapsed time is 238.012984 seconds.

chan =

    71

Elapsed time is 238.924656 seconds.

chan =

    72

Elapsed time is 230.437919 seconds.

chan =

    73

Elapsed time is 236.975497 seconds.

chan =

    74

Elapsed time is 228.432262 seconds.

chan =

    75

Elapsed time is 234.612142 seconds.

chan =

    76

Elapsed time is 236.589833 seconds.

chan =

    77

Elapsed time is 236.808650 seconds.

chan =

    78

Elapsed time is 234.995317 seconds.

chan =

    79

Elapsed time is 235.417923 seconds.

chan =

    80

Elapsed time is 235.504982 seconds.

chan =

    81

Elapsed time is 236.399389 seconds.

chan =

    82

Elapsed time is 235.199867 seconds.

chan =

    83

Elapsed time is 235.915495 seconds.

chan =

    84

Elapsed time is 233.903467 seconds.

chan =

    85

Elapsed time is 235.700715 seconds.

chan =

    86

Elapsed time is 226.325043 seconds.

chan =

    87

Elapsed time is 230.524512 seconds.

chan =

    88

Elapsed time is 231.914416 seconds.

chan =

    89

Elapsed time is 230.620527 seconds.

chan =

    90

Elapsed time is 233.824155 seconds.

chan =

    91

Elapsed time is 228.174666 seconds.
attempting saving
save success: /projects/p31578/dtf8829/QuestConnect/CHANDAT/chanDat_NM04_024.mat
working on TF
encoding done
encoding RT done
retrieval 1 done
retrieval 2 done
attempting saving
save success: /projects/p31578/dtf8829/QuestConnect/CHANDAT/chanDat_NM04_024.mat
working on ISPC
channel: 1 took 0 minutes
channel: 2 took 0 minutes
channel: 3 took 0 minutes
channel: 4 took 0 minutes
channel: 5 took 0 minutes
channel: 6 took 0 minutes
channel: 7 took 0 minutes
channel: 8 took 0 minutes
channel: 9 took 0 minutes
channel: 10 took 0 minutes
channel: 11 took 0 minutes
channel: 12 took 0 minutes
channel: 13 took 0 minutes
channel: 14 took 0 minutes
channel: 15 took 0 minutes
channel: 16 took 0 minutes
channel: 17 took 0 minutes
channel: 18 took 0 minutes
channel: 19 took 0 minutes
channel: 20 took 0 minutes
channel: 21 took 0 minutes
channel: 22 took 0 minutes
channel: 23 took 0 minutes
channel: 24 took 0 minutes
channel: 25 took 3.2 minutes
channel: 26 took 3.2 minutes
channel: 27 took 3.2 minutes
channel: 28 took 3.2 minutes
channel: 29 took 3.2 minutes
channel: 30 took 3.1 minutes
channel: 31 took 3.2 minutes
channel: 32 took 3.2 minutes
channel: 33 took 3.2 minutes
channel: 34 took 3.2 minutes
channel: 35 took 3.2 minutes
channel: 36 took 3.2 minutes
channel: 37 took 3.2 minutes
channel: 38 took 3.2 minutes
channel: 39 took 3.2 minutes
channel: 40 took 3.2 minutes
channel: 41 took 3.2 minutes
channel: 42 took 3.2 minutes
channel: 43 took 3.2 minutes
channel: 44 took 3.2 minutes
channel: 45 took 3.2 minutes
channel: 46 took 3.2 minutes
channel: 47 took 3.2 minutes
channel: 48 took 3.2 minutes
channel: 49 took 3.2 minutes
channel: 50 took 3.2 minutes
channel: 51 took 3.2 minutes
channel: 52 took 3.3 minutes
channel: 53 took 3.2 minutes
channel: 54 took 3.2 minutes
channel: 55 took 3.2 minutes
channel: 56 took 3.3 minutes
channel: 57 took 3.2 minutes
channel: 58 took 3.1 minutes
channel: 59 took 3.3 minutes
channel: 60 took 3.3 minutes
channel: 61 took 3.3 minutes
channel: 62 took 3.2 minutes
channel: 63 took 3.2 minutes
channel: 64 took 3.2 minutes
channel: 65 took 3.2 minutes
channel: 66 took 3.2 minutes
channel: 67 took 3.3 minutes
channel: 68 took 3.2 minutes
channel: 69 took 3.2 minutes
channel: 70 took 3.2 minutes
channel: 71 took 3.3 minutes
channel: 72 took 3.3 minutes
channel: 73 took 3.2 minutes
channel: 74 took 3.2 minutes
channel: 75 took 3.3 minutes
channel: 76 took 3.2 minutes
channel: 77 took 3.2 minutes
channel: 78 took 3.2 minutes
channel: 79 took 3.3 minutes
channel: 80 took 3.2 minutes
channel: 81 took 3.3 minutes
channel: 82 took 3.4 minutes
channel: 83 took 3.3 minutes
channel: 84 took 3.2 minutes
channel: 85 took 3.2 minutes
channel: 86 took 3.2 minutes
channel: 87 took 3.2 minutes
channel: 88 took 3.2 minutes
channel: 89 took 3.2 minutes
channel: 90 took 3.2 minutes
channel: 91 took 3.2 minutes
attempting saving
save success: /projects/p31578/dtf8829/QuestConnect/CHANDAT/chanDat_NM04_024.mat
Elapsed time is 194.148625 seconds.
