getting started: 2691
attempting file: 2691
going for NM04 54
data loaded: NM04 54
HFB already done

chan =

     1

Elapsed time is 250.045885 seconds.

chan =

     2

Elapsed time is 249.998658 seconds.

chan =

     3

Elapsed time is 246.452166 seconds.

chan =

     4

Elapsed time is 247.993168 seconds.

chan =

     5

Elapsed time is 247.734042 seconds.

chan =

     6

Elapsed time is 248.338419 seconds.

chan =

     7

Elapsed time is 257.962252 seconds.

chan =

     8

Elapsed time is 252.414539 seconds.

chan =

     9

Elapsed time is 248.511952 seconds.

chan =

    10

Elapsed time is 249.460154 seconds.

chan =

    11

Elapsed time is 248.445821 seconds.

chan =

    12

Elapsed time is 247.535939 seconds.

chan =

    13

Elapsed time is 244.948001 seconds.

chan =

    14

Elapsed time is 245.069834 seconds.

chan =

    15

Elapsed time is 244.755664 seconds.

chan =

    16

Elapsed time is 242.050915 seconds.

chan =

    17

Elapsed time is 238.112141 seconds.

chan =

    18

Elapsed time is 236.361330 seconds.

chan =

    19

Elapsed time is 232.956575 seconds.

chan =

    20

Elapsed time is 234.988651 seconds.

chan =

    21

Elapsed time is 232.545758 seconds.

chan =

    22

Elapsed time is 233.942547 seconds.

chan =

    23

Elapsed time is 233.581915 seconds.

chan =

    24

Elapsed time is 236.812464 seconds.

chan =

    25

Elapsed time is 236.640018 seconds.

chan =

    26

Elapsed time is 233.290373 seconds.

chan =

    27

Elapsed time is 232.954405 seconds.

chan =

    28

Elapsed time is 236.039729 seconds.

chan =

    29

Elapsed time is 234.821344 seconds.

chan =

    30

Elapsed time is 236.595792 seconds.

chan =

    31

Elapsed time is 237.295777 seconds.

chan =

    32

Elapsed time is 268.336941 seconds.

chan =

    33

Elapsed time is 271.152485 seconds.

chan =

    34

Elapsed time is 260.786293 seconds.

chan =

    35

Elapsed time is 275.590134 seconds.

chan =

    36

Elapsed time is 258.664737 seconds.

chan =

    37

Elapsed time is 273.545619 seconds.

chan =

    38

Elapsed time is 266.580207 seconds.

chan =

    39

Elapsed time is 260.348864 seconds.

chan =

    40

Elapsed time is 271.445720 seconds.

chan =

    41

Elapsed time is 272.969237 seconds.

chan =

    42

Elapsed time is 257.864290 seconds.

chan =

    43

Elapsed time is 275.971874 seconds.

chan =

    44

Elapsed time is 275.747587 seconds.

chan =

    45

Elapsed time is 278.379888 seconds.

chan =

    46

Elapsed time is 276.017554 seconds.

chan =

    47

Elapsed time is 253.218972 seconds.

chan =

    48

Elapsed time is 255.001843 seconds.

chan =

    49

Elapsed time is 260.264237 seconds.

chan =

    50

Elapsed time is 271.219281 seconds.

chan =

    51

Elapsed time is 267.397051 seconds.

chan =

    52

Elapsed time is 267.090375 seconds.

chan =

    53

Elapsed time is 248.932064 seconds.

chan =

    54

Elapsed time is 251.230090 seconds.

chan =

    55

Elapsed time is 266.460624 seconds.

chan =

    56

Elapsed time is 247.616306 seconds.

chan =

    57

Elapsed time is 258.640852 seconds.

chan =

    58

Elapsed time is 259.144098 seconds.

chan =

    59

Elapsed time is 254.916167 seconds.

chan =

    60

Elapsed time is 245.032605 seconds.

chan =

    61

Elapsed time is 225.946420 seconds.

chan =

    62

Elapsed time is 225.395598 seconds.

chan =

    63

Elapsed time is 224.890347 seconds.

chan =

    64

Elapsed time is 225.806373 seconds.

chan =

    65

Elapsed time is 225.869427 seconds.

chan =

    66

Elapsed time is 228.516386 seconds.

chan =

    67

Elapsed time is 225.345623 seconds.

chan =

    68

Elapsed time is 225.150595 seconds.

chan =

    69

Elapsed time is 226.146380 seconds.

chan =

    70

Elapsed time is 228.878080 seconds.

chan =

    71

Elapsed time is 227.020212 seconds.

chan =

    72

Elapsed time is 228.452326 seconds.

chan =

    73

Elapsed time is 226.573472 seconds.

chan =

    74

Elapsed time is 227.666565 seconds.

chan =

    75

Elapsed time is 226.595522 seconds.

chan =

    76

Elapsed time is 226.868726 seconds.

chan =

    77

Elapsed time is 226.300985 seconds.

chan =

    78

Elapsed time is 227.135653 seconds.

chan =

    79

Elapsed time is 228.235874 seconds.

chan =

    80

Elapsed time is 226.851501 seconds.

chan =

    81

Elapsed time is 224.689002 seconds.

chan =

    82

Elapsed time is 224.778524 seconds.

chan =

    83

Elapsed time is 225.924502 seconds.

chan =

    84

Elapsed time is 225.661963 seconds.

chan =

    85

Elapsed time is 224.046666 seconds.

chan =

    86

Elapsed time is 224.962475 seconds.

chan =

    87

Elapsed time is 222.041166 seconds.

chan =

    88

Elapsed time is 224.679003 seconds.

chan =

    89

Elapsed time is 224.745889 seconds.

chan =

    90

Elapsed time is 224.132276 seconds.

chan =

    91

Elapsed time is 224.382374 seconds.
attempting saving
save success: /projects/p31578/dtf8829/QuestConnect/CHANDAT/chanDat_NM04_054.mat
working on TF
encoding done
encoding RT done
retrieval 1 done
retrieval 2 done
attempting saving
save success: /projects/p31578/dtf8829/QuestConnect/CHANDAT/chanDat_NM04_054.mat
working on ISPC
channel: 1 took 0 minutes
channel: 2 took 0 minutes
channel: 3 took 0 minutes
channel: 4 took 0 minutes
channel: 5 took 0 minutes
channel: 6 took 0 minutes
channel: 7 took 0 minutes
channel: 8 took 0 minutes
channel: 9 took 0 minutes
channel: 10 took 0 minutes
channel: 11 took 0 minutes
channel: 12 took 0 minutes
channel: 13 took 0 minutes
channel: 14 took 0 minutes
channel: 15 took 0 minutes
channel: 16 took 0 minutes
channel: 17 took 0 minutes
channel: 18 took 0 minutes
channel: 19 took 0 minutes
channel: 20 took 0 minutes
channel: 21 took 0 minutes
channel: 22 took 0 minutes
channel: 23 took 0 minutes
channel: 24 took 0 minutes
channel: 25 took 0 minutes
channel: 26 took 0 minutes
channel: 27 took 0 minutes
channel: 28 took 0 minutes
channel: 29 took 0 minutes
channel: 30 took 0 minutes
channel: 31 took 0 minutes
channel: 32 took 0 minutes
channel: 33 took 0 minutes
channel: 34 took 0 minutes
channel: 35 took 0 minutes
channel: 36 took 0 minutes
channel: 37 took 0 minutes
channel: 38 took 0 minutes
channel: 39 took 0 minutes
channel: 40 took 0 minutes
channel: 41 took 0 minutes
channel: 42 took 0 minutes
channel: 43 took 0 minutes
channel: 44 took 0 minutes
channel: 45 took 0 minutes
channel: 46 took 0 minutes
channel: 47 took 0 minutes
channel: 48 took 0 minutes
channel: 49 took 0 minutes
channel: 50 took 0 minutes
channel: 51 took 0 minutes
channel: 52 took 0 minutes
channel: 53 took 0 minutes
channel: 54 took 0 minutes
channel: 55 took 3.3 minutes
channel: 56 took 3.3 minutes
channel: 57 took 3.3 minutes
channel: 58 took 3.3 minutes
channel: 59 took 3.3 minutes
channel: 60 took 3.3 minutes
channel: 61 took 3.3 minutes
channel: 62 took 3.3 minutes
channel: 63 took 3.3 minutes
channel: 64 took 3.3 minutes
channel: 65 took 3.3 minutes
channel: 66 took 3.3 minutes
channel: 67 took 3.3 minutes
channel: 68 took 3.3 minutes
channel: 69 took 3.3 minutes
channel: 70 took 3.3 minutes
channel: 71 took 3.3 minutes
channel: 72 took 3.3 minutes
channel: 73 took 3.3 minutes
channel: 74 took 3.3 minutes
channel: 75 took 3.3 minutes
channel: 76 took 3.3 minutes
channel: 77 took 3.3 minutes
channel: 78 took 3.3 minutes
channel: 79 took 3.3 minutes
channel: 80 took 3.3 minutes
channel: 81 took 3.3 minutes
channel: 82 took 3.3 minutes
channel: 83 took 3.3 minutes
channel: 84 took 3.3 minutes
channel: 85 took 3.3 minutes
channel: 86 took 3.3 minutes
channel: 87 took 3.3 minutes
channel: 88 took 3.3 minutes
channel: 89 took 3.3 minutes
channel: 90 took 3.3 minutes
channel: 91 took 3.3 minutes
attempting saving
save success: /projects/p31578/dtf8829/QuestConnect/CHANDAT/chanDat_NM04_054.mat
Elapsed time is 202.584188 seconds.
