getting started: 2992
attempting file: 2992
going for OH30 91
data loaded: OH30 91
HFB already done

chan =

     1

Elapsed time is 441.147729 seconds.

chan =

     2

Elapsed time is 451.554281 seconds.

chan =

     3

Elapsed time is 454.616964 seconds.

chan =

     4

Elapsed time is 482.576497 seconds.

chan =

     5

Elapsed time is 483.213279 seconds.

chan =

     6

Elapsed time is 478.721653 seconds.

chan =

     7

Elapsed time is 482.656102 seconds.

chan =

     8

Elapsed time is 482.879089 seconds.

chan =

     9

Elapsed time is 478.745371 seconds.

chan =

    10

Elapsed time is 477.925402 seconds.

chan =

    11

Elapsed time is 478.469959 seconds.

chan =

    12

Elapsed time is 480.312811 seconds.

chan =

    13

Elapsed time is 476.758077 seconds.

chan =

    14

Elapsed time is 482.482919 seconds.

chan =

    15

Elapsed time is 481.347565 seconds.

chan =

    16

Elapsed time is 483.202869 seconds.

chan =

    17

Elapsed time is 480.946468 seconds.

chan =

    18

Elapsed time is 484.573153 seconds.

chan =

    19

Elapsed time is 482.362503 seconds.

chan =

    20

Elapsed time is 468.701178 seconds.

chan =

    21

Elapsed time is 465.541124 seconds.

chan =

    22

Elapsed time is 470.632311 seconds.

chan =

    23

Elapsed time is 472.101608 seconds.

chan =

    24

Elapsed time is 469.859269 seconds.

chan =

    25

Elapsed time is 470.378174 seconds.

chan =

    26

Elapsed time is 468.795311 seconds.

chan =

    27

Elapsed time is 469.338982 seconds.

chan =

    28

Elapsed time is 467.502853 seconds.

chan =

    29

Elapsed time is 471.436938 seconds.

chan =

    30

Elapsed time is 469.084145 seconds.

chan =

    31

Elapsed time is 470.323654 seconds.

chan =

    32

Elapsed time is 470.606955 seconds.

chan =

    33

Elapsed time is 477.709691 seconds.

chan =

    34

Elapsed time is 466.000792 seconds.

chan =

    35

Elapsed time is 473.178497 seconds.

chan =

    36

Elapsed time is 469.304732 seconds.

chan =

    37

Elapsed time is 469.165720 seconds.

chan =

    38

Elapsed time is 466.559139 seconds.

chan =

    39

Elapsed time is 471.113477 seconds.

chan =

    40

Elapsed time is 468.331488 seconds.

chan =

    41

Elapsed time is 468.468049 seconds.

chan =

    42

Elapsed time is 465.555991 seconds.

chan =

    43

Elapsed time is 469.672965 seconds.

chan =

    44

Elapsed time is 469.268289 seconds.

chan =

    45

Elapsed time is 464.443250 seconds.

chan =

    46

Elapsed time is 470.906242 seconds.

chan =

    47

Elapsed time is 460.031544 seconds.

chan =

    48

Elapsed time is 462.586829 seconds.

chan =

    49

Elapsed time is 468.295992 seconds.

chan =

    50

Elapsed time is 476.356301 seconds.

chan =

    51

Elapsed time is 474.515355 seconds.

chan =

    52

Elapsed time is 490.507050 seconds.

chan =

    53

Elapsed time is 484.574694 seconds.

chan =

    54

Elapsed time is 491.763804 seconds.

chan =

    55

Elapsed time is 483.080134 seconds.

chan =

    56

Elapsed time is 484.605686 seconds.

chan =

    57

Elapsed time is 486.394277 seconds.

chan =

    58

Elapsed time is 489.820709 seconds.

chan =

    59

Elapsed time is 489.706590 seconds.

chan =

    60

Elapsed time is 481.029255 seconds.

chan =

    61

Elapsed time is 478.891083 seconds.

chan =

    62

Elapsed time is 465.219066 seconds.

chan =

    63

Elapsed time is 461.789090 seconds.

chan =

    64

Elapsed time is 465.553220 seconds.

chan =

    65

Elapsed time is 463.402265 seconds.

chan =

    66

Elapsed time is 469.080003 seconds.

chan =

    67

Elapsed time is 467.440469 seconds.

chan =

    68

Elapsed time is 473.084686 seconds.

chan =

    69

Elapsed time is 475.510818 seconds.

chan =

    70

Elapsed time is 464.180768 seconds.

chan =

    71

Elapsed time is 465.004152 seconds.

chan =

    72

Elapsed time is 465.607996 seconds.

chan =

    73

Elapsed time is 452.045985 seconds.

chan =

    74

Elapsed time is 436.685824 seconds.

chan =

    75

Elapsed time is 430.732708 seconds.

chan =

    76

Elapsed time is 437.390062 seconds.

chan =

    77

Elapsed time is 425.370835 seconds.

chan =

    78

Elapsed time is 426.432345 seconds.

chan =

    79

Elapsed time is 423.551683 seconds.

chan =

    80

Elapsed time is 426.377393 seconds.

chan =

    81

Elapsed time is 427.654997 seconds.

chan =

    82

Elapsed time is 419.424585 seconds.

chan =

    83

Elapsed time is 429.035704 seconds.

chan =

    84

Elapsed time is 435.032116 seconds.

chan =

    85

Elapsed time is 429.153869 seconds.

chan =

    86

Elapsed time is 430.979915 seconds.

chan =

    87

Elapsed time is 421.183828 seconds.

chan =

    88

Elapsed time is 427.647622 seconds.

chan =

    89

Elapsed time is 436.377552 seconds.

chan =

    90

Elapsed time is 434.936897 seconds.

chan =

    91

Elapsed time is 427.194006 seconds.

chan =

    92

Elapsed time is 426.555516 seconds.

chan =

    93

Elapsed time is 435.901122 seconds.

chan =

    94

Elapsed time is 423.511559 seconds.

chan =

    95

Elapsed time is 432.479286 seconds.

chan =

    96

Elapsed time is 430.099752 seconds.

chan =

    97

Elapsed time is 432.909147 seconds.

chan =

    98

Elapsed time is 432.677717 seconds.

chan =

    99

Elapsed time is 417.934251 seconds.

chan =

   100

Elapsed time is 404.658094 seconds.

chan =

   101

Elapsed time is 393.296559 seconds.

chan =

   102

Elapsed time is 382.513228 seconds.

chan =

   103

Elapsed time is 378.959491 seconds.

chan =

   104

Elapsed time is 380.012858 seconds.

chan =

   105

Elapsed time is 378.616669 seconds.

chan =

   106

Elapsed time is 371.469148 seconds.

chan =

   107

Elapsed time is 362.922210 seconds.

chan =

   108

Elapsed time is 362.546438 seconds.

chan =

   109

Elapsed time is 362.138346 seconds.

chan =

   110

Elapsed time is 366.826831 seconds.

chan =

   111

Elapsed time is 367.658448 seconds.

chan =

   112

Elapsed time is 366.120636 seconds.

chan =

   113

Elapsed time is 418.322888 seconds.

chan =

   114

Elapsed time is 480.982413 seconds.

chan =

   115

Elapsed time is 509.924645 seconds.

chan =

   116

Elapsed time is 507.413424 seconds.

chan =

   117

Elapsed time is 494.727719 seconds.

chan =

   118

Elapsed time is 466.255185 seconds.

chan =

   119

Elapsed time is 502.041074 seconds.

chan =

   120

Elapsed time is 504.345039 seconds.

chan =

   121

Elapsed time is 504.583561 seconds.

chan =

   122

Elapsed time is 505.278377 seconds.

chan =

   123

Elapsed time is 470.107074 seconds.

chan =

   124

Elapsed time is 488.742428 seconds.

chan =

   125

Elapsed time is 506.558120 seconds.

chan =

   126

Elapsed time is 504.067578 seconds.

chan =

   127

Elapsed time is 492.576245 seconds.

chan =

   128

Elapsed time is 471.330757 seconds.

chan =

   129

Elapsed time is 502.422863 seconds.

chan =

   130

Elapsed time is 506.220350 seconds.

chan =

   131

Elapsed time is 503.943297 seconds.

chan =

   132

Elapsed time is 413.139844 seconds.

chan =

   133

Elapsed time is 380.684716 seconds.

chan =

   134

Elapsed time is 381.625378 seconds.

chan =

   135

Elapsed time is 380.837785 seconds.

chan =

   136

Elapsed time is 386.579558 seconds.

chan =

   137

Elapsed time is 377.334659 seconds.

chan =

   138

Elapsed time is 378.892709 seconds.

chan =

   139

Elapsed time is 370.194161 seconds.
attempting saving
save success: /projects/p31578/dtf8829/QuestConnect/CHANDAT/chanDat_OH30_091.mat
working on TF
encoding done
encoding RT done
