getting started: 2696
attempting file: 2696
going for NM04 59
data loaded: NM04 59
HFB already done

chan =

     1

Elapsed time is 233.652625 seconds.

chan =

     2

Elapsed time is 237.095853 seconds.

chan =

     3

Elapsed time is 239.452712 seconds.

chan =

     4

Elapsed time is 239.882305 seconds.

chan =

     5

Elapsed time is 235.595446 seconds.

chan =

     6

Elapsed time is 245.646321 seconds.

chan =

     7

Elapsed time is 245.698310 seconds.

chan =

     8

Elapsed time is 244.957818 seconds.

chan =

     9

Elapsed time is 243.068985 seconds.

chan =

    10

Elapsed time is 244.436917 seconds.

chan =

    11

Elapsed time is 244.260397 seconds.

chan =

    12

Elapsed time is 234.742584 seconds.

chan =

    13

Elapsed time is 219.307537 seconds.

chan =

    14

Elapsed time is 274.560379 seconds.

chan =

    15

Elapsed time is 280.266266 seconds.

chan =

    16

Elapsed time is 279.998034 seconds.

chan =

    17

Elapsed time is 280.073422 seconds.

chan =

    18

Elapsed time is 278.602731 seconds.

chan =

    19

Elapsed time is 278.892780 seconds.

chan =

    20

Elapsed time is 277.722364 seconds.

chan =

    21

Elapsed time is 276.833477 seconds.

chan =

    22

Elapsed time is 276.910858 seconds.

chan =

    23

Elapsed time is 278.395174 seconds.

chan =

    24

Elapsed time is 278.254339 seconds.

chan =

    25

Elapsed time is 276.531843 seconds.

chan =

    26

Elapsed time is 217.061127 seconds.

chan =

    27

Elapsed time is 216.015271 seconds.

chan =

    28

Elapsed time is 216.969697 seconds.

chan =

    29

Elapsed time is 216.429698 seconds.

chan =

    30

Elapsed time is 218.505330 seconds.

chan =

    31

Elapsed time is 254.610560 seconds.

chan =

    32

Elapsed time is 251.503740 seconds.

chan =

    33

Elapsed time is 244.511386 seconds.

chan =

    34

Elapsed time is 262.485475 seconds.

chan =

    35

Elapsed time is 250.859213 seconds.

chan =

    36

Elapsed time is 257.625092 seconds.

chan =

    37

Elapsed time is 261.073722 seconds.

chan =

    38

Elapsed time is 257.492385 seconds.

chan =

    39

Elapsed time is 239.874834 seconds.

chan =

    40

Elapsed time is 256.167008 seconds.

chan =

    41

Elapsed time is 256.280019 seconds.

chan =

    42

Elapsed time is 248.133683 seconds.

chan =

    43

Elapsed time is 226.592964 seconds.

chan =

    44

Elapsed time is 246.427052 seconds.

chan =

    45

Elapsed time is 261.263609 seconds.

chan =

    46

Elapsed time is 248.772062 seconds.

chan =

    47

Elapsed time is 255.882552 seconds.

chan =

    48

Elapsed time is 254.458561 seconds.

chan =

    49

Elapsed time is 261.037377 seconds.

chan =

    50

Elapsed time is 222.357313 seconds.

chan =

    51

Elapsed time is 219.171580 seconds.

chan =

    52

Elapsed time is 213.907099 seconds.

chan =

    53

Elapsed time is 249.222494 seconds.

chan =

    54

Elapsed time is 246.888134 seconds.

chan =

    55

Elapsed time is 219.147296 seconds.

chan =

    56

Elapsed time is 219.713623 seconds.

chan =

    57

Elapsed time is 219.476997 seconds.

chan =

    58

Elapsed time is 211.529217 seconds.

chan =

    59

Elapsed time is 208.769009 seconds.

chan =

    60

Elapsed time is 210.536673 seconds.

chan =

    61

Elapsed time is 207.457185 seconds.

chan =

    62

Elapsed time is 209.217455 seconds.

chan =

    63

Elapsed time is 208.322259 seconds.

chan =

    64

Elapsed time is 208.825498 seconds.

chan =

    65

Elapsed time is 209.590514 seconds.

chan =

    66

Elapsed time is 210.365605 seconds.

chan =

    67

Elapsed time is 209.761792 seconds.

chan =

    68

Elapsed time is 209.454157 seconds.

chan =

    69

Elapsed time is 208.074874 seconds.

chan =

    70

Elapsed time is 208.868896 seconds.

chan =

    71

Elapsed time is 209.204736 seconds.

chan =

    72

Elapsed time is 209.812293 seconds.

chan =

    73

Elapsed time is 209.078152 seconds.

chan =

    74

Elapsed time is 209.891376 seconds.

chan =

    75

Elapsed time is 209.173423 seconds.

chan =

    76

Elapsed time is 210.511752 seconds.

chan =

    77

Elapsed time is 208.555696 seconds.

chan =

    78

Elapsed time is 210.004330 seconds.

chan =

    79

Elapsed time is 209.926103 seconds.

chan =

    80

Elapsed time is 211.665795 seconds.

chan =

    81

Elapsed time is 209.465751 seconds.

chan =

    82

Elapsed time is 209.928601 seconds.

chan =

    83

Elapsed time is 208.429986 seconds.

chan =

    84

Elapsed time is 209.714582 seconds.

chan =

    85

Elapsed time is 209.697212 seconds.

chan =

    86

Elapsed time is 210.206206 seconds.

chan =

    87

Elapsed time is 209.712027 seconds.

chan =

    88

Elapsed time is 210.321709 seconds.

chan =

    89

Elapsed time is 208.657952 seconds.

chan =

    90

Elapsed time is 208.629179 seconds.

chan =

    91

Elapsed time is 207.538524 seconds.
attempting saving
save success: /projects/p31578/dtf8829/QuestConnect/CHANDAT/chanDat_NM04_059.mat
working on TF
encoding done
encoding RT done
retrieval 1 done
retrieval 2 done
attempting saving
save success: /projects/p31578/dtf8829/QuestConnect/CHANDAT/chanDat_NM04_059.mat
working on ISPC
channel: 1 took 0 minutes
channel: 2 took 0 minutes
channel: 3 took 0 minutes
channel: 4 took 0 minutes
channel: 5 took 0 minutes
channel: 6 took 0 minutes
channel: 7 took 0 minutes
channel: 8 took 0 minutes
channel: 9 took 0 minutes
channel: 10 took 0 minutes
channel: 11 took 0 minutes
channel: 12 took 0 minutes
channel: 13 took 0 minutes
channel: 14 took 0 minutes
channel: 15 took 0 minutes
channel: 16 took 0 minutes
channel: 17 took 0 minutes
channel: 18 took 0 minutes
channel: 19 took 0 minutes
channel: 20 took 0 minutes
channel: 21 took 0 minutes
channel: 22 took 0 minutes
channel: 23 took 0 minutes
channel: 24 took 0 minutes
channel: 25 took 0 minutes
channel: 26 took 0 minutes
channel: 27 took 0 minutes
channel: 28 took 0 minutes
channel: 29 took 0 minutes
channel: 30 took 0 minutes
channel: 31 took 0 minutes
channel: 32 took 0 minutes
channel: 33 took 0 minutes
channel: 34 took 0 minutes
channel: 35 took 0 minutes
channel: 36 took 0 minutes
channel: 37 took 0 minutes
channel: 38 took 0 minutes
channel: 39 took 0 minutes
channel: 40 took 0 minutes
channel: 41 took 0 minutes
channel: 42 took 0 minutes
channel: 43 took 0 minutes
channel: 44 took 0 minutes
channel: 45 took 0 minutes
channel: 46 took 0 minutes
channel: 47 took 0 minutes
channel: 48 took 0 minutes
channel: 49 took 0 minutes
channel: 50 took 0 minutes
channel: 51 took 0 minutes
channel: 52 took 0 minutes
channel: 53 took 0 minutes
channel: 54 took 0 minutes
channel: 55 took 0 minutes
channel: 56 took 0 minutes
channel: 57 took 0 minutes
channel: 58 took 0 minutes
channel: 59 took 0 minutes
channel: 60 took 3.3 minutes
channel: 61 took 3.3 minutes
channel: 62 took 3.2 minutes
channel: 63 took 3.2 minutes
channel: 64 took 3.2 minutes
channel: 65 took 3.2 minutes
channel: 66 took 3.2 minutes
channel: 67 took 3.2 minutes
channel: 68 took 3.2 minutes
channel: 69 took 3.5 minutes
channel: 70 took 3.5 minutes
channel: 71 took 3.5 minutes
channel: 72 took 3.5 minutes
channel: 73 took 3.5 minutes
channel: 74 took 3.3 minutes
channel: 75 took 3.2 minutes
channel: 76 took 3.2 minutes
channel: 77 took 3.2 minutes
channel: 78 took 3.2 minutes
channel: 79 took 3.2 minutes
channel: 80 took 3.2 minutes
channel: 81 took 3.2 minutes
channel: 82 took 3.2 minutes
channel: 83 took 3.2 minutes
channel: 84 took 3.2 minutes
channel: 85 took 3.2 minutes
channel: 86 took 3.2 minutes
channel: 87 took 3.2 minutes
channel: 88 took 3.2 minutes
channel: 89 took 3.2 minutes
channel: 90 took 3.2 minutes
channel: 91 took 3.2 minutes
attempting saving
save success: /projects/p31578/dtf8829/QuestConnect/CHANDAT/chanDat_NM04_059.mat
Elapsed time is 195.147694 seconds.
