getting started: 2666
attempting file: 2666
going for NM04 29
data loaded: NM04 29
HFB already done

chan =

     1

Elapsed time is 207.496018 seconds.

chan =

     2

Elapsed time is 202.070233 seconds.

chan =

     3

Elapsed time is 204.849093 seconds.

chan =

     4

Elapsed time is 204.232135 seconds.

chan =

     5

Elapsed time is 205.099602 seconds.

chan =

     6

Elapsed time is 208.066878 seconds.

chan =

     7

Elapsed time is 210.908190 seconds.

chan =

     8

Elapsed time is 208.229920 seconds.

chan =

     9

Elapsed time is 206.026076 seconds.

chan =

    10

Elapsed time is 206.319467 seconds.

chan =

    11

Elapsed time is 205.062803 seconds.

chan =

    12

Elapsed time is 208.059678 seconds.

chan =

    13

Elapsed time is 209.234503 seconds.

chan =

    14

Elapsed time is 203.905511 seconds.

chan =

    15

Elapsed time is 206.150930 seconds.

chan =

    16

Elapsed time is 209.673038 seconds.

chan =

    17

Elapsed time is 205.197795 seconds.

chan =

    18

Elapsed time is 205.912416 seconds.

chan =

    19

Elapsed time is 203.612608 seconds.

chan =

    20

Elapsed time is 205.535676 seconds.

chan =

    21

Elapsed time is 209.951908 seconds.

chan =

    22

Elapsed time is 203.888417 seconds.

chan =

    23

Elapsed time is 206.642562 seconds.

chan =

    24

Elapsed time is 203.110344 seconds.

chan =

    25

Elapsed time is 205.284321 seconds.

chan =

    26

Elapsed time is 208.216382 seconds.

chan =

    27

Elapsed time is 207.483716 seconds.

chan =

    28

Elapsed time is 205.464973 seconds.

chan =

    29

Elapsed time is 204.313386 seconds.

chan =

    30

Elapsed time is 205.221156 seconds.

chan =

    31

Elapsed time is 206.547213 seconds.

chan =

    32

Elapsed time is 206.661091 seconds.

chan =

    33

Elapsed time is 206.042652 seconds.

chan =

    34

Elapsed time is 204.659504 seconds.

chan =

    35

Elapsed time is 210.398911 seconds.

chan =

    36

Elapsed time is 206.718279 seconds.

chan =

    37

Elapsed time is 210.841228 seconds.

chan =

    38

Elapsed time is 207.998301 seconds.

chan =

    39

Elapsed time is 209.740682 seconds.

chan =

    40

Elapsed time is 206.955807 seconds.

chan =

    41

Elapsed time is 205.513204 seconds.

chan =

    42

Elapsed time is 209.100233 seconds.

chan =

    43

Elapsed time is 209.882427 seconds.

chan =

    44

Elapsed time is 210.964287 seconds.

chan =

    45

Elapsed time is 209.187154 seconds.

chan =

    46

Elapsed time is 209.775948 seconds.

chan =

    47

Elapsed time is 206.930275 seconds.

chan =

    48

Elapsed time is 206.982939 seconds.

chan =

    49

Elapsed time is 209.439745 seconds.

chan =

    50

Elapsed time is 207.738017 seconds.

chan =

    51

Elapsed time is 211.888600 seconds.

chan =

    52

Elapsed time is 210.029503 seconds.

chan =

    53

Elapsed time is 212.853201 seconds.

chan =

    54

Elapsed time is 213.896915 seconds.

chan =

    55

Elapsed time is 208.982516 seconds.

chan =

    56

Elapsed time is 211.611701 seconds.

chan =

    57

Elapsed time is 212.371971 seconds.

chan =

    58

Elapsed time is 209.612027 seconds.

chan =

    59

Elapsed time is 213.279526 seconds.

chan =

    60

Elapsed time is 211.434348 seconds.

chan =

    61

Elapsed time is 205.179111 seconds.

chan =

    62

Elapsed time is 211.230972 seconds.

chan =

    63

Elapsed time is 212.340328 seconds.

chan =

    64

Elapsed time is 207.163335 seconds.

chan =

    65

Elapsed time is 206.274311 seconds.

chan =

    66

Elapsed time is 205.896853 seconds.

chan =

    67

Elapsed time is 207.536608 seconds.

chan =

    68

Elapsed time is 207.461219 seconds.

chan =

    69

Elapsed time is 208.050724 seconds.

chan =

    70

Elapsed time is 207.673446 seconds.

chan =

    71

Elapsed time is 208.526007 seconds.

chan =

    72

Elapsed time is 208.395786 seconds.

chan =

    73

Elapsed time is 210.880882 seconds.

chan =

    74

Elapsed time is 208.551270 seconds.

chan =

    75

Elapsed time is 203.721799 seconds.

chan =

    76

Elapsed time is 201.795770 seconds.

chan =

    77

Elapsed time is 205.060824 seconds.

chan =

    78

Elapsed time is 211.792961 seconds.

chan =

    79

Elapsed time is 213.867180 seconds.

chan =

    80

Elapsed time is 212.479993 seconds.

chan =

    81

Elapsed time is 206.149720 seconds.

chan =

    82

Elapsed time is 206.386613 seconds.

chan =

    83

Elapsed time is 213.358104 seconds.

chan =

    84

Elapsed time is 206.774714 seconds.

chan =

    85

Elapsed time is 209.089214 seconds.

chan =

    86

Elapsed time is 209.015082 seconds.

chan =

    87

Elapsed time is 211.620711 seconds.

chan =

    88

Elapsed time is 214.728383 seconds.

chan =

    89

Elapsed time is 212.469320 seconds.

chan =

    90

Elapsed time is 211.555336 seconds.

chan =

    91

Elapsed time is 205.919138 seconds.
attempting saving
save success: /projects/p31578/dtf8829/QuestConnect/CHANDAT/chanDat_NM04_029.mat
working on TF
encoding done
encoding RT done
retrieval 1 done
retrieval 2 done
attempting saving
save success: /projects/p31578/dtf8829/QuestConnect/CHANDAT/chanDat_NM04_029.mat
working on ISPC
channel: 1 took 0 minutes
channel: 2 took 0 minutes
channel: 3 took 0 minutes
channel: 4 took 0 minutes
channel: 5 took 0 minutes
channel: 6 took 0 minutes
channel: 7 took 0 minutes
channel: 8 took 0 minutes
channel: 9 took 0 minutes
channel: 10 took 0 minutes
channel: 11 took 0 minutes
channel: 12 took 0 minutes
channel: 13 took 0 minutes
channel: 14 took 0 minutes
channel: 15 took 0 minutes
channel: 16 took 0 minutes
channel: 17 took 0 minutes
channel: 18 took 0 minutes
channel: 19 took 0 minutes
channel: 20 took 0 minutes
channel: 21 took 0 minutes
channel: 22 took 0 minutes
channel: 23 took 0 minutes
channel: 24 took 0 minutes
channel: 25 took 0 minutes
channel: 26 took 0 minutes
channel: 27 took 0 minutes
channel: 28 took 0 minutes
channel: 29 took 0 minutes
channel: 30 took 3 minutes
channel: 31 took 3 minutes
channel: 32 took 3 minutes
channel: 33 took 3 minutes
channel: 34 took 3 minutes
channel: 35 took 3 minutes
channel: 36 took 3 minutes
channel: 37 took 3 minutes
channel: 38 took 3 minutes
channel: 39 took 3 minutes
channel: 40 took 3 minutes
channel: 41 took 3 minutes
channel: 42 took 3 minutes
channel: 43 took 3 minutes
channel: 44 took 3 minutes
channel: 45 took 3 minutes
channel: 46 took 3 minutes
channel: 47 took 3 minutes
channel: 48 took 3 minutes
channel: 49 took 3 minutes
channel: 50 took 3 minutes
channel: 51 took 3 minutes
channel: 52 took 3 minutes
channel: 53 took 3 minutes
channel: 54 took 3 minutes
channel: 55 took 3 minutes
channel: 56 took 3 minutes
channel: 57 took 3 minutes
channel: 58 took 3 minutes
channel: 59 took 3 minutes
channel: 60 took 3 minutes
channel: 61 took 3 minutes
channel: 62 took 3 minutes
channel: 63 took 3 minutes
channel: 64 took 3 minutes
channel: 65 took 3 minutes
channel: 66 took 3 minutes
channel: 67 took 3 minutes
channel: 68 took 3 minutes
channel: 69 took 3 minutes
channel: 70 took 3 minutes
channel: 71 took 3 minutes
channel: 72 took 3 minutes
channel: 73 took 3 minutes
channel: 74 took 3 minutes
channel: 75 took 3 minutes
channel: 76 took 3 minutes
channel: 77 took 3 minutes
channel: 78 took 3 minutes
channel: 79 took 3 minutes
channel: 80 took 3 minutes
channel: 81 took 3 minutes
channel: 82 took 3 minutes
channel: 83 took 3 minutes
channel: 84 took 3 minutes
channel: 85 took 3 minutes
channel: 86 took 3 minutes
channel: 87 took 3 minutes
channel: 88 took 3 minutes
channel: 89 took 3 minutes
channel: 90 took 3 minutes
channel: 91 took 3 minutes
attempting saving
save success: /projects/p31578/dtf8829/QuestConnect/CHANDAT/chanDat_NM04_029.mat
Elapsed time is 184.837857 seconds.
