getting started: 2680
attempting file: 2680
going for NM04 43
data loaded: NM04 43
HFB already done

chan =

     1

Elapsed time is 298.086276 seconds.

chan =

     2

Elapsed time is 301.830837 seconds.

chan =

     3

Elapsed time is 297.510298 seconds.

chan =

     4

Elapsed time is 295.199044 seconds.

chan =

     5

Elapsed time is 295.844385 seconds.

chan =

     6

Elapsed time is 302.472334 seconds.

chan =

     7

Elapsed time is 297.768262 seconds.

chan =

     8

Elapsed time is 294.784520 seconds.

chan =

     9

Elapsed time is 294.153498 seconds.

chan =

    10

Elapsed time is 294.419574 seconds.

chan =

    11

Elapsed time is 293.649261 seconds.

chan =

    12

Elapsed time is 290.110102 seconds.

chan =

    13

Elapsed time is 292.765052 seconds.

chan =

    14

Elapsed time is 289.321639 seconds.

chan =

    15

Elapsed time is 284.918545 seconds.

chan =

    16

Elapsed time is 280.344093 seconds.

chan =

    17

Elapsed time is 277.673092 seconds.

chan =

    18

Elapsed time is 279.093500 seconds.

chan =

    19

Elapsed time is 279.052622 seconds.

chan =

    20

Elapsed time is 277.507831 seconds.

chan =

    21

Elapsed time is 271.201250 seconds.

chan =

    22

Elapsed time is 272.219498 seconds.

chan =

    23

Elapsed time is 270.556695 seconds.

chan =

    24

Elapsed time is 271.469103 seconds.

chan =

    25

Elapsed time is 270.076490 seconds.

chan =

    26

Elapsed time is 272.084392 seconds.

chan =

    27

Elapsed time is 284.483047 seconds.

chan =

    28

Elapsed time is 288.995326 seconds.

chan =

    29

Elapsed time is 279.815880 seconds.

chan =

    30

Elapsed time is 274.238642 seconds.

chan =

    31

Elapsed time is 275.825593 seconds.

chan =

    32

Elapsed time is 284.075493 seconds.

chan =

    33

Elapsed time is 279.329398 seconds.

chan =

    34

Elapsed time is 280.427854 seconds.

chan =

    35

Elapsed time is 279.308148 seconds.

chan =

    36

Elapsed time is 280.312253 seconds.

chan =

    37

Elapsed time is 278.622845 seconds.

chan =

    38

Elapsed time is 257.351477 seconds.

chan =

    39

Elapsed time is 270.978148 seconds.

chan =

    40

Elapsed time is 280.949515 seconds.

chan =

    41

Elapsed time is 265.738584 seconds.

chan =

    42

Elapsed time is 262.593860 seconds.

chan =

    43

Elapsed time is 266.676556 seconds.

chan =

    44

Elapsed time is 241.691729 seconds.

chan =

    45

Elapsed time is 378.001953 seconds.

chan =

    46

Elapsed time is 431.547694 seconds.

chan =

    47

Elapsed time is 432.274671 seconds.

chan =

    48

Elapsed time is 429.156919 seconds.

chan =

    49

Elapsed time is 423.574445 seconds.

chan =

    50

Elapsed time is 424.083602 seconds.

chan =

    51

Elapsed time is 425.731648 seconds.

chan =

    52

Elapsed time is 426.551141 seconds.

chan =

    53

Elapsed time is 426.908355 seconds.

chan =

    54

Elapsed time is 430.657776 seconds.

chan =

    55

Elapsed time is 424.784118 seconds.

chan =

    56

Elapsed time is 427.378443 seconds.

chan =

    57

Elapsed time is 429.382530 seconds.

chan =

    58

Elapsed time is 426.387704 seconds.

chan =

    59

Elapsed time is 421.286415 seconds.

chan =

    60

Elapsed time is 424.350665 seconds.

chan =

    61

Elapsed time is 420.156396 seconds.

chan =

    62

Elapsed time is 421.271930 seconds.

chan =

    63

Elapsed time is 416.013823 seconds.

chan =

    64

Elapsed time is 422.379989 seconds.

chan =

    65

Elapsed time is 422.479463 seconds.

chan =

    66

Elapsed time is 420.624862 seconds.

chan =

    67

Elapsed time is 421.314889 seconds.

chan =

    68

Elapsed time is 420.910319 seconds.

chan =

    69

Elapsed time is 420.811287 seconds.

chan =

    70

Elapsed time is 417.473653 seconds.

chan =

    71

Elapsed time is 422.915920 seconds.

chan =

    72

Elapsed time is 422.037803 seconds.

chan =

    73

Elapsed time is 421.266020 seconds.

chan =

    74

Elapsed time is 421.264162 seconds.

chan =

    75

Elapsed time is 396.588686 seconds.

chan =

    76

Elapsed time is 281.560331 seconds.

chan =

    77

Elapsed time is 285.472554 seconds.

chan =

    78

Elapsed time is 287.460504 seconds.

chan =

    79

Elapsed time is 288.949373 seconds.

chan =

    80

Elapsed time is 273.130120 seconds.

chan =

    81

Elapsed time is 271.512178 seconds.

chan =

    82

Elapsed time is 288.295724 seconds.

chan =

    83

Elapsed time is 288.698579 seconds.

chan =

    84

Elapsed time is 287.431445 seconds.

chan =

    85

Elapsed time is 279.165461 seconds.

chan =

    86

Elapsed time is 269.439053 seconds.

chan =

    87

Elapsed time is 287.067863 seconds.

chan =

    88

Elapsed time is 288.928618 seconds.

chan =

    89

Elapsed time is 289.134761 seconds.

chan =

    90

Elapsed time is 288.372930 seconds.

chan =

    91

Elapsed time is 227.591296 seconds.
attempting saving
save success: /projects/p31578/dtf8829/QuestConnect/CHANDAT/chanDat_NM04_043.mat
working on TF
encoding done
encoding RT done
retrieval 1 done
retrieval 2 done
attempting saving
save success: /projects/p31578/dtf8829/QuestConnect/CHANDAT/chanDat_NM04_043.mat
working on ISPC
channel: 1 took 0 minutes
channel: 2 took 0 minutes
channel: 3 took 0 minutes
channel: 4 took 0 minutes
channel: 5 took 0 minutes
channel: 6 took 0 minutes
channel: 7 took 0 minutes
channel: 8 took 0 minutes
channel: 9 took 0 minutes
channel: 10 took 0 minutes
channel: 11 took 0 minutes
channel: 12 took 0 minutes
channel: 13 took 0 minutes
channel: 14 took 0 minutes
channel: 15 took 0 minutes
channel: 16 took 0 minutes
channel: 17 took 0 minutes
channel: 18 took 0 minutes
channel: 19 took 0 minutes
channel: 20 took 0 minutes
channel: 21 took 0 minutes
channel: 22 took 0 minutes
channel: 23 took 0 minutes
channel: 24 took 0 minutes
channel: 25 took 0 minutes
channel: 26 took 0 minutes
channel: 27 took 0 minutes
channel: 28 took 0 minutes
channel: 29 took 0 minutes
channel: 30 took 0 minutes
channel: 31 took 0 minutes
channel: 32 took 0 minutes
channel: 33 took 0 minutes
channel: 34 took 0 minutes
channel: 35 took 0 minutes
channel: 36 took 0 minutes
channel: 37 took 0 minutes
channel: 38 took 0 minutes
channel: 39 took 0 minutes
channel: 40 took 0 minutes
channel: 41 took 0 minutes
channel: 42 took 0 minutes
channel: 43 took 0 minutes
channel: 44 took 4.3 minutes
channel: 45 took 4.5 minutes
channel: 46 took 4.3 minutes
channel: 47 took 4.3 minutes
channel: 48 took 4.5 minutes
channel: 49 took 4.3 minutes
channel: 50 took 4.5 minutes
channel: 51 took 4.5 minutes
channel: 52 took 4.5 minutes
channel: 53 took 4.5 minutes
channel: 54 took 4.5 minutes
channel: 55 took 4.5 minutes
channel: 56 took 4.5 minutes
channel: 57 took 4.5 minutes
channel: 58 took 4.5 minutes
channel: 59 took 4.3 minutes
channel: 60 took 3.3 minutes
channel: 61 took 3.3 minutes
channel: 62 took 4 minutes
channel: 63 took 4.6 minutes
channel: 64 took 4.6 minutes
channel: 65 took 4.6 minutes
channel: 66 took 4.6 minutes
channel: 67 took 4.6 minutes
channel: 68 took 4.6 minutes
channel: 69 took 4.6 minutes
channel: 70 took 4.6 minutes
channel: 71 took 4.6 minutes
channel: 72 took 4.6 minutes
channel: 73 took 4.6 minutes
channel: 74 took 4.6 minutes
channel: 75 took 4.6 minutes
channel: 76 took 4.6 minutes
channel: 77 took 4.6 minutes
channel: 78 took 4.6 minutes
channel: 79 took 4.6 minutes
channel: 80 took 4.6 minutes
channel: 81 took 4.6 minutes
channel: 82 took 4.5 minutes
channel: 83 took 4.6 minutes
channel: 84 took 4.6 minutes
channel: 85 took 4.6 minutes
channel: 86 took 4.5 minutes
channel: 87 took 4.6 minutes
channel: 88 took 4.5 minutes
channel: 89 took 4.4 minutes
channel: 90 took 4.3 minutes
channel: 91 took 4.2 minutes
attempting saving
save success: /projects/p31578/dtf8829/QuestConnect/CHANDAT/chanDat_NM04_043.mat
Elapsed time is 257.514553 seconds.
