getting started: 2895
attempting file: 2895
going for OH27 101
data loaded: OH27 101
HFB already done

chan =

     1

Elapsed time is 334.269910 seconds.

chan =

     2

Elapsed time is 326.349125 seconds.

chan =

     3

Elapsed time is 325.911085 seconds.

chan =

     4

Elapsed time is 323.763369 seconds.

chan =

     5

Elapsed time is 331.400078 seconds.

chan =

     6

Elapsed time is 330.366756 seconds.

chan =

     7

Elapsed time is 333.787768 seconds.

chan =

     8

Elapsed time is 335.079309 seconds.

chan =

     9

Elapsed time is 337.303352 seconds.

chan =

    10

Elapsed time is 330.093221 seconds.

chan =

    11

Elapsed time is 329.243588 seconds.

chan =

    12

Elapsed time is 317.588714 seconds.

chan =

    13

Elapsed time is 315.949136 seconds.

chan =

    14

Elapsed time is 309.264816 seconds.

chan =

    15

Elapsed time is 315.162438 seconds.

chan =

    16

Elapsed time is 314.338123 seconds.

chan =

    17

Elapsed time is 309.959617 seconds.

chan =

    18

Elapsed time is 310.416519 seconds.

chan =

    19

Elapsed time is 311.360156 seconds.

chan =

    20

Elapsed time is 313.141997 seconds.

chan =

    21

Elapsed time is 313.728745 seconds.

chan =

    22

Elapsed time is 316.035184 seconds.

chan =

    23

Elapsed time is 319.826947 seconds.

chan =

    24

Elapsed time is 303.130558 seconds.

chan =

    25

Elapsed time is 313.719410 seconds.

chan =

    26

Elapsed time is 315.337064 seconds.

chan =

    27

Elapsed time is 304.085460 seconds.

chan =

    28

Elapsed time is 307.093796 seconds.

chan =

    29

Elapsed time is 309.013604 seconds.

chan =

    30

Elapsed time is 297.486767 seconds.

chan =

    31

Elapsed time is 293.069671 seconds.

chan =

    32

Elapsed time is 301.143783 seconds.

chan =

    33

Elapsed time is 286.315992 seconds.

chan =

    34

Elapsed time is 303.783234 seconds.

chan =

    35

Elapsed time is 292.844073 seconds.

chan =

    36

Elapsed time is 295.324622 seconds.

chan =

    37

Elapsed time is 265.695681 seconds.

chan =

    38

Elapsed time is 279.883575 seconds.

chan =

    39

Elapsed time is 285.928818 seconds.

chan =

    40

Elapsed time is 277.399262 seconds.

chan =

    41

Elapsed time is 288.991004 seconds.

chan =

    42

Elapsed time is 270.156169 seconds.

chan =

    43

Elapsed time is 267.793274 seconds.

chan =

    44

Elapsed time is 263.014339 seconds.

chan =

    45

Elapsed time is 265.025143 seconds.

chan =

    46

Elapsed time is 280.646535 seconds.

chan =

    47

Elapsed time is 267.472456 seconds.

chan =

    48

Elapsed time is 276.316577 seconds.

chan =

    49

Elapsed time is 278.817372 seconds.

chan =

    50

Elapsed time is 277.913452 seconds.

chan =

    51

Elapsed time is 295.448665 seconds.

chan =

    52

Elapsed time is 288.428762 seconds.

chan =

    53

Elapsed time is 281.413663 seconds.

chan =

    54

Elapsed time is 288.082837 seconds.

chan =

    55

Elapsed time is 281.479052 seconds.

chan =

    56

Elapsed time is 290.315313 seconds.

chan =

    57

Elapsed time is 286.340902 seconds.

chan =

    58

Elapsed time is 292.488233 seconds.

chan =

    59

Elapsed time is 289.819921 seconds.

chan =

    60

Elapsed time is 267.466375 seconds.

chan =

    61

Elapsed time is 276.743774 seconds.

chan =

    62

Elapsed time is 285.405286 seconds.

chan =

    63

Elapsed time is 281.533611 seconds.

chan =

    64

Elapsed time is 272.133053 seconds.

chan =

    65

Elapsed time is 273.418875 seconds.

chan =

    66

Elapsed time is 250.070159 seconds.

chan =

    67

Elapsed time is 268.485848 seconds.

chan =

    68

Elapsed time is 289.714514 seconds.

chan =

    69

Elapsed time is 274.625054 seconds.

chan =

    70

Elapsed time is 285.248349 seconds.

chan =

    71

Elapsed time is 280.041541 seconds.

chan =

    72

Elapsed time is 255.099097 seconds.

chan =

    73

Elapsed time is 283.501607 seconds.

chan =

    74

Elapsed time is 274.498205 seconds.

chan =

    75

Elapsed time is 280.207223 seconds.

chan =

    76

Elapsed time is 279.222366 seconds.

chan =

    77

Elapsed time is 268.858653 seconds.

chan =

    78

Elapsed time is 284.622052 seconds.

chan =

    79

Elapsed time is 281.531045 seconds.

chan =

    80

Elapsed time is 287.085704 seconds.

chan =

    81

Elapsed time is 287.005729 seconds.

chan =

    82

Elapsed time is 261.083297 seconds.

chan =

    83

Elapsed time is 288.024648 seconds.

chan =

    84

Elapsed time is 283.911264 seconds.

chan =

    85

Elapsed time is 286.659620 seconds.

chan =

    86

Elapsed time is 287.197512 seconds.

chan =

    87

Elapsed time is 245.040538 seconds.

chan =

    88

Elapsed time is 268.074237 seconds.

chan =

    89

Elapsed time is 287.517300 seconds.

chan =

    90

Elapsed time is 289.988460 seconds.

chan =

    91

Elapsed time is 279.870160 seconds.

chan =

    92

Elapsed time is 275.308185 seconds.

chan =

    93

Elapsed time is 292.659397 seconds.

chan =

    94

Elapsed time is 285.270589 seconds.

chan =

    95

Elapsed time is 286.229913 seconds.

chan =

    96

Elapsed time is 301.908028 seconds.

chan =

    97

Elapsed time is 278.030423 seconds.

chan =

    98

Elapsed time is 299.410635 seconds.

chan =

    99

Elapsed time is 294.335702 seconds.

chan =

   100

Elapsed time is 298.254984 seconds.

chan =

   101

Elapsed time is 304.113757 seconds.

chan =

   102

Elapsed time is 280.619436 seconds.

chan =

   103

Elapsed time is 293.939315 seconds.

chan =

   104

Elapsed time is 298.276748 seconds.

chan =

   105

Elapsed time is 285.213329 seconds.

chan =

   106

Elapsed time is 288.743378 seconds.

