getting started: 2896
attempting file: 2896
going for OH27 102
data loaded: OH27 102
HFB already done

chan =

     1

Elapsed time is 329.814287 seconds.

chan =

     2

Elapsed time is 323.865806 seconds.

chan =

     3

Elapsed time is 326.020452 seconds.

chan =

     4

Elapsed time is 322.777675 seconds.

chan =

     5

Elapsed time is 329.479689 seconds.

chan =

     6

Elapsed time is 331.386467 seconds.

chan =

     7

Elapsed time is 331.151887 seconds.

chan =

     8

Elapsed time is 334.389967 seconds.

chan =

     9

Elapsed time is 334.186723 seconds.

chan =

    10

Elapsed time is 329.706181 seconds.

chan =

    11

Elapsed time is 327.577257 seconds.

chan =

    12

Elapsed time is 319.943325 seconds.

chan =

    13

Elapsed time is 315.071644 seconds.

chan =

    14

Elapsed time is 312.539737 seconds.

chan =

    15

Elapsed time is 314.099820 seconds.

chan =

    16

Elapsed time is 316.541905 seconds.

chan =

    17

Elapsed time is 310.183254 seconds.

chan =

    18

Elapsed time is 311.646913 seconds.

chan =

    19

Elapsed time is 310.429728 seconds.

chan =

    20

Elapsed time is 314.090222 seconds.

chan =

    21

Elapsed time is 313.494777 seconds.

chan =

    22

Elapsed time is 316.960166 seconds.

chan =

    23

Elapsed time is 320.023854 seconds.

chan =

    24

Elapsed time is 307.829159 seconds.

chan =

    25

Elapsed time is 314.438552 seconds.

chan =

    26

Elapsed time is 318.177046 seconds.

chan =

    27

Elapsed time is 307.334941 seconds.

chan =

    28

Elapsed time is 311.861726 seconds.

chan =

    29

Elapsed time is 312.242239 seconds.

chan =

    30

Elapsed time is 302.901392 seconds.

chan =

    31

Elapsed time is 297.263615 seconds.

chan =

    32

Elapsed time is 304.326272 seconds.

chan =

    33

Elapsed time is 291.360961 seconds.

chan =

    34

Elapsed time is 311.221988 seconds.

chan =

    35

Elapsed time is 297.023001 seconds.

chan =

    36

Elapsed time is 301.192584 seconds.

chan =

    37

Elapsed time is 265.715172 seconds.

chan =

    38

Elapsed time is 292.808115 seconds.

chan =

    39

Elapsed time is 294.553667 seconds.

chan =

    40

Elapsed time is 280.768304 seconds.

chan =

    41

Elapsed time is 297.841634 seconds.

chan =

    42

Elapsed time is 275.110830 seconds.

chan =

    43

Elapsed time is 278.994912 seconds.

chan =

    44

Elapsed time is 270.575314 seconds.

chan =

    45

Elapsed time is 273.680124 seconds.

chan =

    46

Elapsed time is 284.045095 seconds.

chan =

    47

Elapsed time is 268.163959 seconds.

chan =

    48

Elapsed time is 290.035359 seconds.

chan =

    49

Elapsed time is 281.054275 seconds.

chan =

    50

Elapsed time is 295.125196 seconds.

chan =

    51

Elapsed time is 296.611030 seconds.

chan =

    52

Elapsed time is 290.073668 seconds.

chan =

    53

Elapsed time is 289.013803 seconds.

chan =

    54

Elapsed time is 290.788919 seconds.

chan =

    55

Elapsed time is 290.348676 seconds.

chan =

    56

Elapsed time is 292.515395 seconds.

chan =

    57

Elapsed time is 292.792658 seconds.

chan =

    58

Elapsed time is 297.556558 seconds.

chan =

    59

Elapsed time is 277.386927 seconds.

chan =

    60

Elapsed time is 278.922892 seconds.

chan =

    61

Elapsed time is 286.761357 seconds.

chan =

    62

Elapsed time is 290.092866 seconds.

chan =

    63

Elapsed time is 272.385877 seconds.

chan =

    64

Elapsed time is 283.930177 seconds.

chan =

    65

Elapsed time is 253.251582 seconds.

chan =

    66

Elapsed time is 260.932938 seconds.

chan =

    67

Elapsed time is 291.915854 seconds.

chan =

    68

Elapsed time is 279.795322 seconds.

chan =

    69

Elapsed time is 284.266833 seconds.

chan =

    70

Elapsed time is 284.449507 seconds.

chan =

    71

Elapsed time is 255.009441 seconds.

chan =

    72

Elapsed time is 285.377903 seconds.

chan =

    73

Elapsed time is 278.125056 seconds.

chan =

    74

Elapsed time is 284.546090 seconds.

chan =

    75

Elapsed time is 279.755744 seconds.

chan =

    76

Elapsed time is 268.271683 seconds.

chan =

    77

Elapsed time is 283.972372 seconds.

chan =

    78

Elapsed time is 285.035354 seconds.

chan =

    79

Elapsed time is 285.655194 seconds.

chan =

    80

Elapsed time is 287.910646 seconds.

chan =

    81

Elapsed time is 260.958409 seconds.

chan =

    82

Elapsed time is 293.853135 seconds.

chan =

    83

Elapsed time is 285.140904 seconds.

chan =

    84

Elapsed time is 288.808920 seconds.

chan =

    85

Elapsed time is 286.317768 seconds.

chan =

    86

Elapsed time is 256.902322 seconds.

chan =

    87

Elapsed time is 267.341847 seconds.

chan =

    88

Elapsed time is 283.589451 seconds.

chan =

    89

Elapsed time is 291.386052 seconds.

chan =

    90

Elapsed time is 281.647846 seconds.

chan =

    91

Elapsed time is 276.065423 seconds.

chan =

    92

Elapsed time is 295.191359 seconds.

chan =

    93

Elapsed time is 286.356355 seconds.

chan =

    94

Elapsed time is 287.065638 seconds.

chan =

    95

Elapsed time is 301.748246 seconds.

chan =

    96

Elapsed time is 282.829385 seconds.

chan =

    97

Elapsed time is 301.394450 seconds.

chan =

    98

Elapsed time is 299.498574 seconds.

chan =

    99

Elapsed time is 297.751958 seconds.

chan =

   100

Elapsed time is 301.717433 seconds.

chan =

   101

Elapsed time is 283.855930 seconds.

chan =

   102

Elapsed time is 295.621232 seconds.

chan =

   103

Elapsed time is 299.098569 seconds.

chan =

   104

Elapsed time is 288.556445 seconds.

chan =

   105

Elapsed time is 291.313674 seconds.

chan =

   106

Elapsed time is 253.898813 seconds.

