getting started: 2914
attempting file: 2914
going for OH30 13
data loaded: OH30 13
HFB already done

chan =

     1

Elapsed time is 602.704572 seconds.

chan =

     2

Elapsed time is 588.402204 seconds.

chan =

     3

Elapsed time is 584.728147 seconds.

chan =

     4

Elapsed time is 583.450041 seconds.

chan =

     5

Elapsed time is 582.297792 seconds.

chan =

     6

Elapsed time is 581.223531 seconds.

chan =

     7

Elapsed time is 580.446804 seconds.

chan =

     8

Elapsed time is 582.608508 seconds.

chan =

     9

Elapsed time is 580.929259 seconds.

chan =

    10

Elapsed time is 578.359828 seconds.

chan =

    11

Elapsed time is 581.197325 seconds.

chan =

    12

Elapsed time is 578.824297 seconds.

chan =

    13

Elapsed time is 579.857086 seconds.

chan =

    14

Elapsed time is 580.206114 seconds.

chan =

    15

Elapsed time is 578.573138 seconds.

chan =

    16

Elapsed time is 575.634052 seconds.

chan =

    17

Elapsed time is 577.559553 seconds.

chan =

    18

Elapsed time is 578.353176 seconds.

chan =

    19

Elapsed time is 578.974824 seconds.

chan =

    20

Elapsed time is 578.466311 seconds.

chan =

    21

Elapsed time is 581.098387 seconds.

chan =

    22

Elapsed time is 579.372964 seconds.

chan =

    23

Elapsed time is 582.606539 seconds.

chan =

    24

Elapsed time is 577.798835 seconds.

chan =

    25

Elapsed time is 582.225697 seconds.

chan =

    26

Elapsed time is 578.219023 seconds.

chan =

    27

Elapsed time is 577.641717 seconds.

chan =

    28

Elapsed time is 578.569861 seconds.

chan =

    29

Elapsed time is 580.072900 seconds.

chan =

    30

Elapsed time is 577.726980 seconds.

chan =

    31

Elapsed time is 580.530468 seconds.

chan =

    32

Elapsed time is 579.399564 seconds.

chan =

    33

Elapsed time is 583.357655 seconds.

chan =

    34

Elapsed time is 582.155155 seconds.

chan =

    35

Elapsed time is 580.448239 seconds.

chan =

    36

Elapsed time is 580.811402 seconds.

chan =

    37

Elapsed time is 583.639948 seconds.

chan =

    38

Elapsed time is 574.701447 seconds.

chan =

    39

Elapsed time is 575.188401 seconds.

chan =

    40

Elapsed time is 579.994455 seconds.

chan =

    41

Elapsed time is 583.907121 seconds.

chan =

    42

Elapsed time is 577.039100 seconds.

chan =

    43

Elapsed time is 579.394966 seconds.

chan =

    44

Elapsed time is 576.283747 seconds.

chan =

    45

Elapsed time is 577.452268 seconds.

chan =

    46

Elapsed time is 580.493474 seconds.

chan =

    47

Elapsed time is 578.950112 seconds.

chan =

    48

Elapsed time is 571.151927 seconds.

chan =

    49

Elapsed time is 580.854216 seconds.

chan =

    50

Elapsed time is 580.309593 seconds.

chan =

    51

Elapsed time is 584.089384 seconds.

chan =

    52

Elapsed time is 580.684967 seconds.

chan =

    53

Elapsed time is 582.503498 seconds.

chan =

    54

Elapsed time is 582.780739 seconds.

chan =

    55

Elapsed time is 581.691473 seconds.

chan =

    56

Elapsed time is 582.306872 seconds.

chan =

    57

Elapsed time is 580.906457 seconds.

chan =

    58

Elapsed time is 578.792299 seconds.

chan =

    59

Elapsed time is 580.081833 seconds.

chan =

    60

Elapsed time is 575.341355 seconds.

chan =

    61

Elapsed time is 577.625181 seconds.

chan =

    62

Elapsed time is 577.399319 seconds.

chan =

    63

Elapsed time is 576.535474 seconds.

chan =

    64

Elapsed time is 580.275213 seconds.

chan =

    65

Elapsed time is 580.118557 seconds.

chan =

    66

Elapsed time is 575.680820 seconds.

chan =

    67

Elapsed time is 577.578606 seconds.

chan =

    68

Elapsed time is 580.031871 seconds.

chan =

    69

Elapsed time is 579.618014 seconds.

chan =

    70

Elapsed time is 578.927376 seconds.

chan =

    71

Elapsed time is 578.945774 seconds.

chan =

    72

Elapsed time is 581.897568 seconds.

chan =

    73

Elapsed time is 581.404546 seconds.

chan =

    74

Elapsed time is 583.175477 seconds.

chan =

    75

Elapsed time is 579.847965 seconds.

chan =

    76

Elapsed time is 579.044529 seconds.

chan =

    77

Elapsed time is 579.240035 seconds.

chan =

    78

Elapsed time is 578.744707 seconds.

chan =

    79

Elapsed time is 578.925911 seconds.

chan =

    80

Elapsed time is 580.143875 seconds.

chan =

    81

Elapsed time is 578.589128 seconds.

chan =

    82

Elapsed time is 581.350387 seconds.

chan =

    83

Elapsed time is 580.964835 seconds.

chan =

    84

Elapsed time is 582.231633 seconds.

chan =

    85

Elapsed time is 579.240353 seconds.

chan =

    86

Elapsed time is 575.807760 seconds.

chan =

    87

Elapsed time is 578.440859 seconds.

chan =

    88

Elapsed time is 579.856027 seconds.

chan =

    89

Elapsed time is 580.539681 seconds.

chan =

    90

Elapsed time is 583.236132 seconds.

chan =

    91

Elapsed time is 579.798534 seconds.

chan =

    92

Elapsed time is 579.194126 seconds.

chan =

    93

Elapsed time is 583.223796 seconds.

chan =

    94

Elapsed time is 580.678027 seconds.

chan =

    95

Elapsed time is 582.992320 seconds.

chan =

    96

Elapsed time is 585.560512 seconds.

chan =

    97

Elapsed time is 582.135217 seconds.

chan =

    98

Elapsed time is 582.974696 seconds.

chan =

    99

Elapsed time is 582.771192 seconds.

chan =

   100

Elapsed time is 580.819668 seconds.

chan =

   101

Elapsed time is 582.814382 seconds.

chan =

   102

Elapsed time is 580.696889 seconds.

chan =

   103

Elapsed time is 587.766883 seconds.

chan =

   104

Elapsed time is 583.410276 seconds.

chan =

   105

Elapsed time is 584.083931 seconds.

chan =

   106

Elapsed time is 583.063942 seconds.

chan =

   107

Elapsed time is 585.059029 seconds.

chan =

   108

Elapsed time is 586.033552 seconds.

chan =

   109

Elapsed time is 585.090219 seconds.

chan =

   110

Elapsed time is 582.004741 seconds.

chan =

   111

Elapsed time is 575.528530 seconds.

chan =

   112

Elapsed time is 572.416692 seconds.

chan =

   113

Elapsed time is 572.324871 seconds.

chan =

   114

Elapsed time is 572.615701 seconds.

chan =

   115

Elapsed time is 571.793784 seconds.

chan =

   116

Elapsed time is 572.089695 seconds.

chan =

   117

