getting started: 2893
attempting file: 2893
going for OH27 99
data loaded: OH27 99
HFB already done

chan =

     1

Elapsed time is 256.960775 seconds.

chan =

     2

Elapsed time is 248.656162 seconds.

chan =

     3

Elapsed time is 251.454617 seconds.

chan =

     4

Elapsed time is 249.656295 seconds.

chan =

     5

Elapsed time is 253.124824 seconds.

chan =

     6

Elapsed time is 252.693989 seconds.

chan =

     7

Elapsed time is 254.987183 seconds.

chan =

     8

Elapsed time is 256.708629 seconds.

chan =

     9

Elapsed time is 250.278317 seconds.

chan =

    10

Elapsed time is 250.652868 seconds.

chan =

    11

Elapsed time is 246.999838 seconds.

chan =

    12

Elapsed time is 241.544266 seconds.

chan =

    13

Elapsed time is 244.422665 seconds.

chan =

    14

Elapsed time is 251.131877 seconds.

chan =

    15

Elapsed time is 249.720259 seconds.

chan =

    16

Elapsed time is 247.987765 seconds.

chan =

    17

Elapsed time is 240.818205 seconds.

chan =

    18

Elapsed time is 251.891649 seconds.

chan =

    19

Elapsed time is 250.662455 seconds.

chan =

    20

Elapsed time is 251.224255 seconds.

chan =

    21

Elapsed time is 247.356492 seconds.

chan =

    22

Elapsed time is 247.376720 seconds.

chan =

    23

Elapsed time is 252.276401 seconds.

chan =

    24

Elapsed time is 247.349042 seconds.

chan =

    25

Elapsed time is 246.000022 seconds.

chan =

    26

Elapsed time is 243.120486 seconds.

chan =

    27

Elapsed time is 245.553177 seconds.

chan =

    28

Elapsed time is 247.603297 seconds.

chan =

    29

Elapsed time is 247.668810 seconds.

chan =

    30

Elapsed time is 229.350867 seconds.

chan =

    31

Elapsed time is 265.585031 seconds.

chan =

    32

Elapsed time is 254.182386 seconds.

chan =

    33

Elapsed time is 258.135609 seconds.

chan =

    34

Elapsed time is 245.856834 seconds.

chan =

    35

Elapsed time is 261.057093 seconds.

chan =

    36

Elapsed time is 267.124465 seconds.

chan =

    37

Elapsed time is 269.236289 seconds.

chan =

    38

Elapsed time is 264.581611 seconds.

chan =

    39

Elapsed time is 256.339981 seconds.

chan =

    40

Elapsed time is 260.841961 seconds.

chan =

    41

Elapsed time is 233.896623 seconds.

chan =

    42

Elapsed time is 252.407073 seconds.

chan =

    43

Elapsed time is 250.427098 seconds.

chan =

    44

Elapsed time is 260.356636 seconds.

chan =

    45

Elapsed time is 274.955346 seconds.

chan =

    46

Elapsed time is 258.644696 seconds.

chan =

    47

Elapsed time is 250.563585 seconds.

chan =

    48

Elapsed time is 259.952458 seconds.

chan =

    49

Elapsed time is 246.500785 seconds.

chan =

    50

Elapsed time is 247.758221 seconds.

chan =

    51

Elapsed time is 241.699721 seconds.

chan =

    52

Elapsed time is 236.901168 seconds.

chan =

    53

Elapsed time is 242.071281 seconds.

chan =

    54

Elapsed time is 228.658174 seconds.

chan =

    55

Elapsed time is 224.596813 seconds.

chan =

    56

Elapsed time is 229.306061 seconds.

chan =

    57

Elapsed time is 227.855295 seconds.

chan =

    58

Elapsed time is 229.234074 seconds.

chan =

    59

Elapsed time is 228.062330 seconds.

chan =

    60

Elapsed time is 224.206131 seconds.

chan =

    61

Elapsed time is 225.125562 seconds.

chan =

    62

Elapsed time is 229.984926 seconds.

chan =

    63

Elapsed time is 230.344538 seconds.

chan =

    64

Elapsed time is 230.906276 seconds.

chan =

    65

Elapsed time is 220.211353 seconds.

chan =

    66

Elapsed time is 225.354960 seconds.

chan =

    67

Elapsed time is 229.058622 seconds.

chan =

    68

Elapsed time is 228.831916 seconds.

chan =

    69

Elapsed time is 226.681669 seconds.

chan =

    70

Elapsed time is 225.148035 seconds.

chan =

    71

Elapsed time is 226.777940 seconds.

chan =

    72

Elapsed time is 228.559061 seconds.

chan =

    73

Elapsed time is 229.895946 seconds.

chan =

    74

Elapsed time is 231.564221 seconds.

chan =

    75

Elapsed time is 228.664567 seconds.

chan =

    76

Elapsed time is 225.817882 seconds.

chan =

    77

Elapsed time is 225.274915 seconds.

chan =

    78

Elapsed time is 217.690633 seconds.

chan =

    79

Elapsed time is 221.360094 seconds.

chan =

    80

Elapsed time is 219.929913 seconds.

chan =

    81

Elapsed time is 217.753342 seconds.

chan =

    82

Elapsed time is 224.408517 seconds.

chan =

    83

Elapsed time is 225.459715 seconds.

chan =

    84

Elapsed time is 217.234746 seconds.

chan =

    85

Elapsed time is 215.503232 seconds.

chan =

    86

Elapsed time is 219.082504 seconds.

chan =

    87

Elapsed time is 223.247309 seconds.

chan =

    88

Elapsed time is 218.725476 seconds.

chan =

    89

Elapsed time is 220.325065 seconds.

chan =

    90

Elapsed time is 223.287464 seconds.

chan =

    91

Elapsed time is 219.872458 seconds.

chan =

    92

Elapsed time is 220.848787 seconds.

chan =

    93

Elapsed time is 224.000089 seconds.

chan =

    94

Elapsed time is 224.572076 seconds.

chan =

    95

Elapsed time is 224.627602 seconds.

chan =

    96

Elapsed time is 226.013781 seconds.

chan =

    97

Elapsed time is 221.616345 seconds.

chan =

    98

Elapsed time is 219.177279 seconds.

chan =

    99

Elapsed time is 213.710497 seconds.

chan =

   100

Elapsed time is 217.719157 seconds.

chan =

   101

Elapsed time is 220.511680 seconds.

chan =

   102

Elapsed time is 223.531049 seconds.

chan =

   103

Elapsed time is 218.199784 seconds.

chan =

   104

Elapsed time is 228.803043 seconds.

chan =

   105

Elapsed time is 218.374169 seconds.

chan =

   106

Elapsed time is 220.768584 seconds.

