getting started: 2828
attempting file: 2828
going for OH27 34
data loaded: OH27 34
HFB already done

chan =

     1

Elapsed time is 245.881377 seconds.

chan =

     2

Elapsed time is 240.966802 seconds.

chan =

     3

Elapsed time is 240.814719 seconds.

chan =

     4

Elapsed time is 240.165905 seconds.

chan =

     5

Elapsed time is 240.634091 seconds.

chan =

     6

Elapsed time is 246.559090 seconds.

chan =

     7

Elapsed time is 248.013833 seconds.

chan =

     8

Elapsed time is 239.094865 seconds.

chan =

     9

Elapsed time is 239.917258 seconds.

chan =

    10

Elapsed time is 244.556111 seconds.

chan =

    11

Elapsed time is 241.192578 seconds.

chan =

    12

Elapsed time is 246.767545 seconds.

chan =

    13

Elapsed time is 240.800124 seconds.

chan =

    14

Elapsed time is 237.402303 seconds.

chan =

    15

Elapsed time is 242.292690 seconds.

chan =

    16

Elapsed time is 240.642406 seconds.

chan =

    17

Elapsed time is 239.171312 seconds.

chan =

    18

Elapsed time is 241.806477 seconds.

chan =

    19

Elapsed time is 231.407789 seconds.

chan =

    20

Elapsed time is 241.407543 seconds.

chan =

    21

Elapsed time is 240.475111 seconds.

chan =

    22

Elapsed time is 239.218736 seconds.

chan =

    23

Elapsed time is 239.238532 seconds.

chan =

    24

Elapsed time is 239.255925 seconds.

chan =

    25

Elapsed time is 235.633824 seconds.

chan =

    26

Elapsed time is 233.994465 seconds.

chan =

    27

Elapsed time is 238.305773 seconds.

chan =

    28

Elapsed time is 237.728086 seconds.

chan =

    29

Elapsed time is 234.437974 seconds.

chan =

    30

Elapsed time is 236.297040 seconds.

chan =

    31

Elapsed time is 238.697052 seconds.

chan =

    32

Elapsed time is 234.572137 seconds.

chan =

    33

Elapsed time is 229.653945 seconds.

chan =

    34

Elapsed time is 239.299007 seconds.

chan =

    35

Elapsed time is 248.728941 seconds.

chan =

    36

Elapsed time is 249.806482 seconds.

chan =

    37

Elapsed time is 246.217876 seconds.

chan =

    38

Elapsed time is 246.040305 seconds.

chan =

    39

Elapsed time is 254.282970 seconds.

chan =

    40

Elapsed time is 246.803933 seconds.

chan =

    41

Elapsed time is 243.758153 seconds.

chan =

    42

Elapsed time is 245.643110 seconds.

chan =

    43

Elapsed time is 244.080365 seconds.

chan =

    44

Elapsed time is 244.253978 seconds.

chan =

    45

Elapsed time is 245.917763 seconds.

chan =

    46

Elapsed time is 245.040340 seconds.

chan =

    47

Elapsed time is 242.436762 seconds.

chan =

    48

Elapsed time is 246.326968 seconds.

chan =

    49

Elapsed time is 245.316563 seconds.

chan =

    50

Elapsed time is 245.793436 seconds.

chan =

    51

Elapsed time is 245.072716 seconds.

chan =

    52

Elapsed time is 249.997026 seconds.

chan =

    53

Elapsed time is 245.854137 seconds.

chan =

    54

Elapsed time is 230.719446 seconds.

chan =

    55

Elapsed time is 230.422548 seconds.

chan =

    56

Elapsed time is 234.820301 seconds.

chan =

    57

Elapsed time is 226.280585 seconds.

chan =

    58

Elapsed time is 229.810787 seconds.

chan =

    59

Elapsed time is 231.137914 seconds.

chan =

    60

Elapsed time is 230.785753 seconds.

chan =

    61

Elapsed time is 231.120325 seconds.

chan =

    62

Elapsed time is 228.976979 seconds.

chan =

    63

Elapsed time is 230.774186 seconds.

chan =

    64

Elapsed time is 227.769438 seconds.

chan =

    65

Elapsed time is 227.983528 seconds.

chan =

    66

Elapsed time is 229.981363 seconds.

chan =

    67

Elapsed time is 223.317557 seconds.

chan =

    68

Elapsed time is 227.750271 seconds.

chan =

    69

Elapsed time is 221.905484 seconds.

chan =

    70

Elapsed time is 220.982547 seconds.

chan =

    71

Elapsed time is 226.233615 seconds.

chan =

    72

Elapsed time is 216.681961 seconds.

chan =

    73

Elapsed time is 222.725345 seconds.

chan =

    74

Elapsed time is 225.249578 seconds.

chan =

    75

Elapsed time is 224.662419 seconds.

chan =

    76

Elapsed time is 223.387548 seconds.

chan =

    77

Elapsed time is 227.823711 seconds.

chan =

    78

Elapsed time is 213.488435 seconds.

chan =

    79

Elapsed time is 215.042743 seconds.

chan =

    80

Elapsed time is 228.825030 seconds.

chan =

    81

Elapsed time is 227.555052 seconds.

chan =

    82

Elapsed time is 230.014312 seconds.

chan =

    83

Elapsed time is 226.978705 seconds.

chan =

    84

Elapsed time is 216.712123 seconds.

chan =

    85

Elapsed time is 214.234462 seconds.

chan =

    86

Elapsed time is 221.553850 seconds.

chan =

    87

Elapsed time is 223.589877 seconds.

chan =

    88

Elapsed time is 223.601473 seconds.

chan =

    89

Elapsed time is 226.778031 seconds.

chan =

    90

Elapsed time is 224.195615 seconds.

chan =

    91

Elapsed time is 223.575840 seconds.

chan =

    92

Elapsed time is 223.596004 seconds.

chan =

    93

Elapsed time is 227.641345 seconds.

chan =

    94

Elapsed time is 228.679210 seconds.

chan =

    95

Elapsed time is 223.240759 seconds.

chan =

    96

Elapsed time is 225.489053 seconds.

chan =

    97

Elapsed time is 224.592889 seconds.

chan =

    98

Elapsed time is 225.551710 seconds.

chan =

    99

Elapsed time is 221.273356 seconds.

chan =

   100

Elapsed time is 221.051732 seconds.

chan =

   101

Elapsed time is 228.050687 seconds.

chan =

   102

Elapsed time is 228.215490 seconds.

chan =

   103

Elapsed time is 226.715139 seconds.

chan =

   104

Elapsed time is 228.484011 seconds.

chan =

   105

Elapsed time is 222.998575 seconds.

chan =

   106

Elapsed time is 220.738073 seconds.

