getting started: 2974
attempting file: 2974
going for OH30 73
data loaded: OH30 73
HFB already done

chan =

     1

Elapsed time is 419.162377 seconds.

chan =

     2

Elapsed time is 416.128113 seconds.

chan =

     3

Elapsed time is 410.430084 seconds.

chan =

     4

Elapsed time is 413.196983 seconds.

chan =

     5

Elapsed time is 412.042334 seconds.

chan =

     6

Elapsed time is 415.618168 seconds.

chan =

     7

Elapsed time is 415.739274 seconds.

chan =

     8

Elapsed time is 418.574080 seconds.

chan =

     9

Elapsed time is 411.460757 seconds.

chan =

    10

Elapsed time is 397.782168 seconds.

chan =

    11

Elapsed time is 403.770571 seconds.

chan =

    12

Elapsed time is 398.096719 seconds.

chan =

    13

Elapsed time is 401.178437 seconds.

chan =

    14

Elapsed time is 394.080934 seconds.

chan =

    15

Elapsed time is 398.806272 seconds.

chan =

    16

Elapsed time is 396.695582 seconds.

chan =

    17

Elapsed time is 398.491597 seconds.

chan =

    18

Elapsed time is 401.261363 seconds.

chan =

    19

Elapsed time is 403.274934 seconds.

chan =

    20

Elapsed time is 406.203693 seconds.

chan =

    21

Elapsed time is 401.732981 seconds.

chan =

    22

Elapsed time is 404.492752 seconds.

chan =

    23

Elapsed time is 405.338973 seconds.

chan =

    24

Elapsed time is 402.324376 seconds.

chan =

    25

Elapsed time is 403.737562 seconds.

chan =

    26

Elapsed time is 405.353734 seconds.

chan =

    27

Elapsed time is 401.938663 seconds.

chan =

    28

Elapsed time is 406.053533 seconds.

chan =

    29

Elapsed time is 405.050985 seconds.

chan =

    30

Elapsed time is 400.951200 seconds.

chan =

    31

Elapsed time is 397.377263 seconds.

chan =

    32

Elapsed time is 400.052296 seconds.

chan =

    33

Elapsed time is 396.606418 seconds.

chan =

    34

Elapsed time is 394.280089 seconds.

chan =

    35

Elapsed time is 395.250625 seconds.

chan =

    36

Elapsed time is 396.735997 seconds.

chan =

    37

Elapsed time is 398.940420 seconds.

chan =

    38

Elapsed time is 393.771852 seconds.

chan =

    39

Elapsed time is 398.229851 seconds.

chan =

    40

Elapsed time is 399.833304 seconds.

chan =

    41

Elapsed time is 397.239403 seconds.

chan =

    42

Elapsed time is 398.626494 seconds.

chan =

    43

Elapsed time is 400.469925 seconds.

chan =

    44

Elapsed time is 396.780268 seconds.

chan =

    45

Elapsed time is 395.467881 seconds.

chan =

    46

Elapsed time is 397.129322 seconds.

chan =

    47

Elapsed time is 397.455521 seconds.

chan =

    48

Elapsed time is 364.169071 seconds.

chan =

    49

Elapsed time is 360.974426 seconds.

chan =

    50

Elapsed time is 360.786534 seconds.

chan =

    51

Elapsed time is 364.276369 seconds.

chan =

    52

Elapsed time is 364.016547 seconds.

chan =

    53

Elapsed time is 362.708939 seconds.

chan =

    54

Elapsed time is 363.530636 seconds.

chan =

    55

Elapsed time is 361.260214 seconds.

chan =

    56

Elapsed time is 363.519180 seconds.

chan =

    57

Elapsed time is 360.522230 seconds.

chan =

    58

Elapsed time is 406.804911 seconds.

chan =

    59

Elapsed time is 447.847281 seconds.

chan =

    60

Elapsed time is 447.241896 seconds.

chan =

    61

Elapsed time is 380.330035 seconds.

chan =

    62

Elapsed time is 362.124254 seconds.

chan =

    63

Elapsed time is 441.152631 seconds.

chan =

    64

Elapsed time is 408.531632 seconds.

chan =

    65

Elapsed time is 450.440902 seconds.

chan =

    66

Elapsed time is 447.574015 seconds.

chan =

    67

Elapsed time is 397.334370 seconds.

chan =

    68

Elapsed time is 441.249999 seconds.

chan =

    69

Elapsed time is 443.483110 seconds.

chan =

    70

Elapsed time is 437.919812 seconds.

chan =

    71

Elapsed time is 443.145749 seconds.

chan =

    72

Elapsed time is 441.801824 seconds.

chan =

    73

Elapsed time is 444.406302 seconds.

chan =

    74

Elapsed time is 441.033912 seconds.

chan =

    75

Elapsed time is 442.535829 seconds.

chan =

    76

Elapsed time is 400.727397 seconds.

chan =

    77

Elapsed time is 437.951933 seconds.

chan =

    78

Elapsed time is 439.527826 seconds.

chan =

    79

Elapsed time is 397.474390 seconds.

chan =

    80

Elapsed time is 353.883547 seconds.

chan =

    81

Elapsed time is 353.932219 seconds.

chan =

    82

Elapsed time is 359.322540 seconds.

chan =

    83

Elapsed time is 363.666901 seconds.

chan =

    84

Elapsed time is 363.911295 seconds.

chan =

    85

Elapsed time is 367.511807 seconds.

chan =

    86

Elapsed time is 362.258298 seconds.

chan =

    87

Elapsed time is 367.381529 seconds.

chan =

    88

Elapsed time is 366.999315 seconds.

chan =

    89

Elapsed time is 359.203167 seconds.

chan =

    90

Elapsed time is 362.635112 seconds.

chan =

    91

Elapsed time is 375.302994 seconds.

chan =

    92

Elapsed time is 355.943217 seconds.

chan =

    93

Elapsed time is 359.713047 seconds.

chan =

    94

Elapsed time is 397.767199 seconds.

chan =

    95

Elapsed time is 458.962139 seconds.

chan =

    96

Elapsed time is 453.768543 seconds.

chan =

    97

Elapsed time is 455.094731 seconds.

chan =

    98

Elapsed time is 454.005633 seconds.

chan =

    99

Elapsed time is 455.814312 seconds.

chan =

   100

Elapsed time is 454.724770 seconds.

chan =

   101

Elapsed time is 453.854774 seconds.

chan =

   102

Elapsed time is 451.501483 seconds.

chan =

   103

Elapsed time is 454.607607 seconds.

chan =

   104

Elapsed time is 454.265878 seconds.

chan =

   105

Elapsed time is 455.132069 seconds.

chan =

   106

Elapsed time is 454.921810 seconds.

chan =

   107

Elapsed time is 456.099636 seconds.

chan =

   108

Elapsed time is 453.396324 seconds.

chan =

   109

Elapsed time is 453.126720 seconds.

chan =

   110

Elapsed time is 454.205014 seconds.

chan =

   111

Elapsed time is 444.288359 seconds.

chan =

   112

Elapsed time is 400.689338 seconds.

chan =

   113

Elapsed time is 406.760031 seconds.

chan =

   114

Elapsed time is 397.904659 seconds.

chan =

   115

Elapsed time is 402.254992 seconds.

chan =

   116

Elapsed time is 398.541569 seconds.

chan =

   117

Elapsed time is 402.339327 seconds.

chan =

   118

Elapsed time is 397.954100 seconds.

chan =

   119

Elapsed time is 402.936446 seconds.

chan =

   120

Elapsed time is 400.263767 seconds.

chan =

   121

Elapsed time is 402.307239 seconds.

chan =

   122

Elapsed time is 411.517379 seconds.

chan =

   123

Elapsed time is 458.575815 seconds.

chan =

   124

Elapsed time is 452.914854 seconds.

chan =

   125

Elapsed time is 457.751974 seconds.

chan =

   126

Elapsed time is 458.878035 seconds.

chan =

   127

Elapsed time is 403.684663 seconds.

chan =

   128

Elapsed time is 376.107119 seconds.

chan =

   129

Elapsed time is 355.138652 seconds.

chan =

   130

Elapsed time is 356.311946 seconds.

chan =

   131

Elapsed time is 356.975205 seconds.

chan =

   132

Elapsed time is 354.612028 seconds.

chan =

   133

Elapsed time is 358.271154 seconds.

chan =

   134

Elapsed time is 357.789656 seconds.

chan =

   135

Elapsed time is 359.776806 seconds.

chan =

   136

Elapsed time is 358.669432 seconds.

chan =

   137

Elapsed time is 360.051351 seconds.

chan =

   138

Elapsed time is 360.337018 seconds.

chan =

   139

Elapsed time is 358.389627 seconds.
attempting saving
save success: /projects/p31578/dtf8829/QuestConnect/CHANDAT/chanDat_OH30_073.mat
working on TF
encoding done
encoding RT done
