getting started: 2688
attempting file: 2688
going for NM04 51
data loaded: NM04 51
HFB already done

chan =

     1

Elapsed time is 289.652709 seconds.

chan =

     2

Elapsed time is 287.469440 seconds.

chan =

     3

Elapsed time is 298.677448 seconds.

chan =

     4

Elapsed time is 300.983480 seconds.

chan =

     5

Elapsed time is 299.450730 seconds.

chan =

     6

Elapsed time is 307.257943 seconds.

chan =

     7

Elapsed time is 303.556681 seconds.

chan =

     8

Elapsed time is 298.562194 seconds.

chan =

     9

Elapsed time is 298.501844 seconds.

chan =

    10

Elapsed time is 299.489113 seconds.

chan =

    11

Elapsed time is 303.190899 seconds.

chan =

    12

Elapsed time is 301.734243 seconds.

chan =

    13

Elapsed time is 296.637737 seconds.

chan =

    14

Elapsed time is 288.087466 seconds.

chan =

    15

Elapsed time is 281.903717 seconds.

chan =

    16

Elapsed time is 276.314902 seconds.

chan =

    17

Elapsed time is 269.566471 seconds.

chan =

    18

Elapsed time is 261.797361 seconds.

chan =

    19

Elapsed time is 258.334863 seconds.

chan =

    20

Elapsed time is 289.931397 seconds.

chan =

    21

Elapsed time is 364.423205 seconds.

chan =

    22

Elapsed time is 349.026803 seconds.

chan =

    23

Elapsed time is 348.055770 seconds.

chan =

    24

Elapsed time is 343.868683 seconds.

chan =

    25

Elapsed time is 343.065533 seconds.

chan =

    26

Elapsed time is 304.398721 seconds.

chan =

    27

Elapsed time is 233.343153 seconds.

chan =

    28

Elapsed time is 333.290481 seconds.

chan =

    29

Elapsed time is 402.245164 seconds.

chan =

    30

Elapsed time is 284.767628 seconds.

chan =

    31

Elapsed time is 471.247273 seconds.

chan =

    32

Elapsed time is 464.295663 seconds.

chan =

    33

Elapsed time is 467.944739 seconds.

chan =

    34

Elapsed time is 462.919710 seconds.

chan =

    35

Elapsed time is 467.296030 seconds.

chan =

    36

Elapsed time is 368.547497 seconds.

chan =

    37

Elapsed time is 426.399394 seconds.

chan =

    38

Elapsed time is 483.342496 seconds.

chan =

    39

Elapsed time is 477.469735 seconds.

chan =

    40

Elapsed time is 479.566946 seconds.

chan =

    41

Elapsed time is 474.414762 seconds.

chan =

    42

Elapsed time is 480.815952 seconds.

chan =

    43

Elapsed time is 474.478434 seconds.

chan =

    44

Elapsed time is 476.726146 seconds.

chan =

    45

Elapsed time is 474.888803 seconds.

chan =

    46

Elapsed time is 478.148003 seconds.

chan =

    47

Elapsed time is 474.175138 seconds.

chan =

    48

Elapsed time is 480.416718 seconds.

chan =

    49

Elapsed time is 476.820914 seconds.

chan =

    50

Elapsed time is 476.596828 seconds.

chan =

    51

Elapsed time is 478.997085 seconds.

chan =

    52

Elapsed time is 477.615988 seconds.

chan =

    53

Elapsed time is 482.747779 seconds.

chan =

    54

Elapsed time is 470.278575 seconds.

chan =

    55

Elapsed time is 466.951714 seconds.

chan =

    56

Elapsed time is 463.149452 seconds.

chan =

    57

Elapsed time is 405.499083 seconds.

chan =

    58

Elapsed time is 401.272042 seconds.

chan =

    59

Elapsed time is 228.787860 seconds.

chan =

    60

Elapsed time is 371.842837 seconds.

chan =

    61

Elapsed time is 466.380638 seconds.

chan =

    62

Elapsed time is 459.428121 seconds.

chan =

    63

Elapsed time is 460.944504 seconds.

chan =

    64

Elapsed time is 456.388236 seconds.

chan =

    65

Elapsed time is 459.191723 seconds.

chan =

    66

Elapsed time is 454.893866 seconds.

chan =

    67

Elapsed time is 462.735855 seconds.

chan =

    68

Elapsed time is 453.166527 seconds.

chan =

    69

Elapsed time is 457.623827 seconds.

chan =

    70

Elapsed time is 451.102604 seconds.

chan =

    71

Elapsed time is 457.175431 seconds.

chan =

    72

Elapsed time is 453.107468 seconds.

chan =

    73

Elapsed time is 457.899659 seconds.

chan =

    74

Elapsed time is 456.365853 seconds.

chan =

    75

Elapsed time is 456.527143 seconds.

chan =

    76

Elapsed time is 454.742163 seconds.

chan =

    77

Elapsed time is 447.878892 seconds.

chan =

    78

Elapsed time is 456.620333 seconds.

chan =

    79

Elapsed time is 454.715896 seconds.

chan =

    80

Elapsed time is 462.132151 seconds.

chan =

    81

Elapsed time is 454.774136 seconds.

chan =

    82

Elapsed time is 458.694163 seconds.

chan =

    83

Elapsed time is 457.280107 seconds.

chan =

    84

Elapsed time is 461.462853 seconds.

chan =

    85

Elapsed time is 451.507372 seconds.

chan =

    86

Elapsed time is 460.692855 seconds.

chan =

    87

Elapsed time is 457.286133 seconds.

chan =

    88

Elapsed time is 453.891846 seconds.

chan =

    89

Elapsed time is 459.909494 seconds.

chan =

    90

Elapsed time is 454.071771 seconds.

chan =

    91

Elapsed time is 450.654565 seconds.
attempting saving
save success: /projects/p31578/dtf8829/QuestConnect/CHANDAT/chanDat_NM04_051.mat
working on TF
encoding done
encoding RT done
retrieval 1 done
retrieval 2 done
attempting saving
save success: /projects/p31578/dtf8829/QuestConnect/CHANDAT/chanDat_NM04_051.mat
working on ISPC
channel: 1 took 0 minutes
channel: 2 took 0 minutes
channel: 3 took 0 minutes
channel: 4 took 0 minutes
channel: 5 took 0 minutes
channel: 6 took 0 minutes
channel: 7 took 0 minutes
channel: 8 took 0 minutes
channel: 9 took 0 minutes
channel: 10 took 0 minutes
channel: 11 took 0 minutes
channel: 12 took 0 minutes
channel: 13 took 0 minutes
channel: 14 took 0 minutes
channel: 15 took 0 minutes
channel: 16 took 0 minutes
channel: 17 took 0 minutes
channel: 18 took 0 minutes
channel: 19 took 0 minutes
channel: 20 took 0 minutes
channel: 21 took 0 minutes
channel: 22 took 0 minutes
channel: 23 took 0 minutes
channel: 24 took 0 minutes
channel: 25 took 0 minutes
channel: 26 took 0 minutes
channel: 27 took 0 minutes
channel: 28 took 0 minutes
channel: 29 took 0 minutes
channel: 30 took 0 minutes
channel: 31 took 0 minutes
channel: 32 took 0 minutes
channel: 33 took 0 minutes
channel: 34 took 0 minutes
channel: 35 took 0 minutes
channel: 36 took 0 minutes
channel: 37 took 0 minutes
channel: 38 took 0 minutes
channel: 39 took 0 minutes
channel: 40 took 0 minutes
channel: 41 took 0 minutes
channel: 42 took 0 minutes
channel: 43 took 0 minutes
channel: 44 took 0 minutes
channel: 45 took 0 minutes
channel: 46 took 0 minutes
channel: 47 took 0 minutes
channel: 48 took 0 minutes
channel: 49 took 0 minutes
channel: 50 took 0 minutes
channel: 51 took 0 minutes
channel: 52 took 5.5 minutes
channel: 53 took 5.5 minutes
channel: 54 took 5.4 minutes
channel: 55 took 5.4 minutes
channel: 56 took 5.4 minutes
channel: 57 took 5.4 minutes
channel: 58 took 5.4 minutes
channel: 59 took 5.4 minutes
channel: 60 took 5.5 minutes
channel: 61 took 5.5 minutes
channel: 62 took 5.5 minutes
channel: 63 took 5.5 minutes
channel: 64 took 5.5 minutes
channel: 65 took 5.5 minutes
channel: 66 took 5.5 minutes
channel: 67 took 5.5 minutes
channel: 68 took 5.4 minutes
channel: 69 took 5.5 minutes
channel: 70 took 5.5 minutes
channel: 71 took 5.5 minutes
channel: 72 took 5.5 minutes
channel: 73 took 5.5 minutes
channel: 74 took 5.5 minutes
channel: 75 took 5.5 minutes
channel: 76 took 5.5 minutes
channel: 77 took 5.5 minutes
channel: 78 took 5.5 minutes
channel: 79 took 5.6 minutes
channel: 80 took 5.5 minutes
channel: 81 took 5.5 minutes
channel: 82 took 5.5 minutes
channel: 83 took 5.5 minutes
channel: 84 took 5.5 minutes
channel: 85 took 5.6 minutes
channel: 86 took 5.5 minutes
channel: 87 took 5.6 minutes
channel: 88 took 5.5 minutes
channel: 89 took 5.5 minutes
channel: 90 took 5.5 minutes
channel: 91 took 5.5 minutes
attempting saving
save success: /projects/p31578/dtf8829/QuestConnect/CHANDAT/chanDat_NM04_051.mat
Elapsed time is 336.658450 seconds.
