getting started: 2681
attempting file: 2681
going for NM04 44
data loaded: NM04 44
HFB already done

chan =

     1

Elapsed time is 296.432013 seconds.

chan =

     2

Elapsed time is 299.543332 seconds.

chan =

     3

Elapsed time is 298.262844 seconds.

chan =

     4

Elapsed time is 293.829949 seconds.

chan =

     5

Elapsed time is 294.800830 seconds.

chan =

     6

Elapsed time is 303.946871 seconds.

chan =

     7

Elapsed time is 299.872859 seconds.

chan =

     8

Elapsed time is 292.833328 seconds.

chan =

     9

Elapsed time is 292.626637 seconds.

chan =

    10

Elapsed time is 293.945820 seconds.

chan =

    11

Elapsed time is 292.860482 seconds.

chan =

    12

Elapsed time is 288.501327 seconds.

chan =

    13

Elapsed time is 292.233030 seconds.

chan =

    14

Elapsed time is 288.170819 seconds.

chan =

    15

Elapsed time is 283.626358 seconds.

chan =

    16

Elapsed time is 278.827880 seconds.

chan =

    17

Elapsed time is 277.582342 seconds.

chan =

    18

Elapsed time is 278.053772 seconds.

chan =

    19

Elapsed time is 276.687340 seconds.

chan =

    20

Elapsed time is 275.742514 seconds.

chan =

    21

Elapsed time is 269.557727 seconds.

chan =

    22

Elapsed time is 270.651255 seconds.

chan =

    23

Elapsed time is 268.499700 seconds.

chan =

    24

Elapsed time is 270.256298 seconds.

chan =

    25

Elapsed time is 269.418717 seconds.

chan =

    26

Elapsed time is 269.879839 seconds.

chan =

    27

Elapsed time is 280.138206 seconds.

chan =

    28

Elapsed time is 286.627645 seconds.

chan =

    29

Elapsed time is 279.228429 seconds.

chan =

    30

Elapsed time is 271.673730 seconds.

chan =

    31

Elapsed time is 274.224585 seconds.

chan =

    32

Elapsed time is 280.567568 seconds.

chan =

    33

Elapsed time is 277.847499 seconds.

chan =

    34

Elapsed time is 278.607019 seconds.

chan =

    35

Elapsed time is 277.523300 seconds.

chan =

    36

Elapsed time is 278.362128 seconds.

chan =

    37

Elapsed time is 275.207603 seconds.

chan =

    38

Elapsed time is 260.458318 seconds.

chan =

    39

Elapsed time is 256.919220 seconds.

chan =

    40

Elapsed time is 277.053582 seconds.

chan =

    41

Elapsed time is 265.120341 seconds.

chan =

    42

Elapsed time is 257.688444 seconds.

chan =

    43

Elapsed time is 263.738287 seconds.

chan =

    44

Elapsed time is 249.943762 seconds.

chan =

    45

Elapsed time is 318.489019 seconds.

chan =

    46

Elapsed time is 426.930601 seconds.

chan =

    47

Elapsed time is 433.755981 seconds.

chan =

    48

Elapsed time is 422.504706 seconds.

chan =

    49

Elapsed time is 426.728414 seconds.

chan =

    50

Elapsed time is 423.671702 seconds.

chan =

    51

Elapsed time is 421.578214 seconds.

chan =

    52

Elapsed time is 424.111917 seconds.

chan =

    53

Elapsed time is 423.232204 seconds.

chan =

    54

Elapsed time is 426.891618 seconds.

chan =

    55

Elapsed time is 424.836986 seconds.

chan =

    56

Elapsed time is 424.386489 seconds.

chan =

    57

Elapsed time is 423.751348 seconds.

chan =

    58

Elapsed time is 423.485800 seconds.

chan =

    59

Elapsed time is 417.905817 seconds.

chan =

    60

Elapsed time is 420.344497 seconds.

chan =

    61

Elapsed time is 422.050992 seconds.

chan =

    62

Elapsed time is 423.590488 seconds.

chan =

    63

Elapsed time is 420.246208 seconds.

chan =

    64

Elapsed time is 425.551360 seconds.

chan =

    65

Elapsed time is 429.945174 seconds.

chan =

    66

Elapsed time is 426.591036 seconds.

chan =

    67

Elapsed time is 422.306191 seconds.

chan =

    68

Elapsed time is 423.199647 seconds.

chan =

    69

Elapsed time is 425.335790 seconds.

chan =

    70

Elapsed time is 422.095016 seconds.

chan =

    71

Elapsed time is 422.941366 seconds.

chan =

    72

Elapsed time is 422.626407 seconds.

chan =

    73

Elapsed time is 425.584789 seconds.

chan =

    74

Elapsed time is 421.590181 seconds.

chan =

    75

Elapsed time is 417.444659 seconds.

chan =

    76

Elapsed time is 296.887218 seconds.

chan =

    77

Elapsed time is 285.007412 seconds.

chan =

    78

Elapsed time is 288.024396 seconds.

chan =

    79

Elapsed time is 286.928200 seconds.

chan =

    80

Elapsed time is 284.876135 seconds.

chan =

    81

Elapsed time is 260.826744 seconds.

chan =

    82

Elapsed time is 284.718027 seconds.

chan =

    83

Elapsed time is 286.926662 seconds.

chan =

    84

Elapsed time is 289.624928 seconds.

chan =

    85

Elapsed time is 285.368828 seconds.

chan =

    86

Elapsed time is 258.218067 seconds.

chan =

    87

Elapsed time is 285.077340 seconds.

chan =

    88

Elapsed time is 288.917788 seconds.

chan =

    89

Elapsed time is 286.568099 seconds.

chan =

    90

Elapsed time is 288.469755 seconds.

chan =

    91

Elapsed time is 246.763610 seconds.
attempting saving
save success: /projects/p31578/dtf8829/QuestConnect/CHANDAT/chanDat_NM04_044.mat
working on TF
encoding done
encoding RT done
retrieval 1 done
retrieval 2 done
attempting saving
save success: /projects/p31578/dtf8829/QuestConnect/CHANDAT/chanDat_NM04_044.mat
working on ISPC
channel: 1 took 0 minutes
channel: 2 took 0 minutes
channel: 3 took 0 minutes
channel: 4 took 0 minutes
channel: 5 took 0 minutes
channel: 6 took 0 minutes
channel: 7 took 0 minutes
channel: 8 took 0 minutes
channel: 9 took 0 minutes
channel: 10 took 0 minutes
channel: 11 took 0 minutes
channel: 12 took 0 minutes
channel: 13 took 0 minutes
channel: 14 took 0 minutes
channel: 15 took 0 minutes
channel: 16 took 0 minutes
channel: 17 took 0 minutes
channel: 18 took 0 minutes
channel: 19 took 0 minutes
channel: 20 took 0 minutes
channel: 21 took 0 minutes
channel: 22 took 0 minutes
channel: 23 took 0 minutes
channel: 24 took 0 minutes
channel: 25 took 0 minutes
channel: 26 took 0 minutes
channel: 27 took 0 minutes
channel: 28 took 0 minutes
channel: 29 took 0 minutes
channel: 30 took 0 minutes
channel: 31 took 0 minutes
channel: 32 took 0 minutes
channel: 33 took 0 minutes
channel: 34 took 0 minutes
channel: 35 took 0 minutes
channel: 36 took 0 minutes
channel: 37 took 0 minutes
channel: 38 took 0 minutes
channel: 39 took 0 minutes
channel: 40 took 0 minutes
channel: 41 took 0 minutes
channel: 42 took 0 minutes
channel: 43 took 0 minutes
channel: 44 took 0 minutes
channel: 45 took 3.8 minutes
channel: 46 took 4.5 minutes
channel: 47 took 4.4 minutes
channel: 48 took 4.3 minutes
channel: 49 took 4.4 minutes
channel: 50 took 4.4 minutes
channel: 51 took 4.4 minutes
channel: 52 took 4.5 minutes
channel: 53 took 4.5 minutes
channel: 54 took 4.5 minutes
channel: 55 took 4.5 minutes
channel: 56 took 4.5 minutes
channel: 57 took 4.5 minutes
channel: 58 took 4.5 minutes
channel: 59 took 4.5 minutes
channel: 60 took 4.5 minutes
channel: 61 took 3.5 minutes
channel: 62 took 3.3 minutes
channel: 63 took 3.4 minutes
channel: 64 took 4.7 minutes
channel: 65 took 4.7 minutes
channel: 66 took 4.6 minutes
channel: 67 took 4.6 minutes
channel: 68 took 4.6 minutes
channel: 69 took 4.6 minutes
channel: 70 took 4.6 minutes
channel: 71 took 4.6 minutes
channel: 72 took 4.6 minutes
channel: 73 took 4.6 minutes
channel: 74 took 4.6 minutes
channel: 75 took 4.6 minutes
channel: 76 took 4.6 minutes
channel: 77 took 4.6 minutes
channel: 78 took 4.6 minutes
channel: 79 took 4.6 minutes
channel: 80 took 4.6 minutes
channel: 81 took 4.6 minutes
channel: 82 took 4.6 minutes
channel: 83 took 4.6 minutes
channel: 84 took 4.6 minutes
channel: 85 took 4.6 minutes
channel: 86 took 4.6 minutes
channel: 87 took 4.6 minutes
channel: 88 took 4.6 minutes
channel: 89 took 4.5 minutes
channel: 90 took 4.4 minutes
channel: 91 took 4.4 minutes
attempting saving
save success: /projects/p31578/dtf8829/QuestConnect/CHANDAT/chanDat_NM04_044.mat
Elapsed time is 269.199875 seconds.
