getting started: 2698
attempting file: 2698
going for NM04 61
data loaded: NM04 61
HFB already done

chan =

     1

Elapsed time is 271.858240 seconds.

chan =

     2

Elapsed time is 274.968020 seconds.

chan =

     3

Elapsed time is 283.886727 seconds.

chan =

     4

Elapsed time is 284.326505 seconds.

chan =

     5

Elapsed time is 293.575536 seconds.

chan =

     6

Elapsed time is 297.970599 seconds.

chan =

     7

Elapsed time is 297.153320 seconds.

chan =

     8

Elapsed time is 298.155109 seconds.

chan =

     9

Elapsed time is 294.950212 seconds.

chan =

    10

Elapsed time is 287.528236 seconds.

chan =

    11

Elapsed time is 275.964652 seconds.

chan =

    12

Elapsed time is 273.693293 seconds.

chan =

    13

Elapsed time is 291.613190 seconds.

chan =

    14

Elapsed time is 293.079157 seconds.

chan =

    15

Elapsed time is 291.921115 seconds.

chan =

    16

Elapsed time is 292.480443 seconds.

chan =

    17

Elapsed time is 292.634825 seconds.

chan =

    18

Elapsed time is 292.589784 seconds.

chan =

    19

Elapsed time is 292.921386 seconds.

chan =

    20

Elapsed time is 291.727329 seconds.

chan =

    21

Elapsed time is 291.989722 seconds.

chan =

    22

Elapsed time is 292.677064 seconds.

chan =

    23

Elapsed time is 292.984661 seconds.

chan =

    24

Elapsed time is 292.335707 seconds.

chan =

    25

Elapsed time is 292.250700 seconds.

chan =

    26

Elapsed time is 291.725504 seconds.

chan =

    27

Elapsed time is 292.472836 seconds.

chan =

    28

Elapsed time is 292.834636 seconds.

chan =

    29

Elapsed time is 292.881489 seconds.

chan =

    30

Elapsed time is 292.828957 seconds.

chan =

    31

Elapsed time is 269.699093 seconds.

chan =

    32

Elapsed time is 276.567729 seconds.

chan =

    33

Elapsed time is 261.686010 seconds.

chan =

    34

Elapsed time is 276.915095 seconds.

chan =

    35

Elapsed time is 272.570857 seconds.

chan =

    36

Elapsed time is 270.279800 seconds.

chan =

    37

Elapsed time is 269.162390 seconds.

chan =

    38

Elapsed time is 253.232208 seconds.

chan =

    39

Elapsed time is 261.960825 seconds.

chan =

    40

Elapsed time is 272.646353 seconds.

chan =

    41

Elapsed time is 268.079218 seconds.

chan =

    42

Elapsed time is 259.718615 seconds.

chan =

    43

Elapsed time is 256.590459 seconds.

chan =

    44

Elapsed time is 276.579141 seconds.

chan =

    45

Elapsed time is 275.853191 seconds.

chan =

    46

Elapsed time is 266.271835 seconds.

chan =

    47

Elapsed time is 280.229698 seconds.

chan =

    48

Elapsed time is 275.155702 seconds.

chan =

    49

Elapsed time is 277.097815 seconds.

chan =

    50

Elapsed time is 265.297867 seconds.

chan =

    51

Elapsed time is 247.669593 seconds.

chan =

    52

Elapsed time is 248.864868 seconds.

chan =

    53

Elapsed time is 358.931032 seconds.

chan =

    54

Elapsed time is 480.182231 seconds.

chan =

    55

Elapsed time is 479.468046 seconds.

chan =

    56

Elapsed time is 477.254959 seconds.

chan =

    57

Elapsed time is 474.112920 seconds.

chan =

    58

Elapsed time is 476.080703 seconds.

chan =

    59

Elapsed time is 473.681103 seconds.

chan =

    60

Elapsed time is 473.881742 seconds.

chan =

    61

Elapsed time is 474.831567 seconds.

chan =

    62

Elapsed time is 474.073534 seconds.

chan =

    63

Elapsed time is 474.460132 seconds.

chan =

    64

Elapsed time is 473.994890 seconds.

chan =

    65

Elapsed time is 476.683591 seconds.

chan =

    66

Elapsed time is 476.636348 seconds.

chan =

    67

Elapsed time is 480.475812 seconds.

chan =

    68

Elapsed time is 475.535229 seconds.

chan =

    69

Elapsed time is 475.821476 seconds.

chan =

    70

Elapsed time is 473.099497 seconds.

chan =

    71

Elapsed time is 475.922857 seconds.

chan =

    72

Elapsed time is 474.456060 seconds.

chan =

    73

Elapsed time is 472.536411 seconds.

chan =

    74

Elapsed time is 474.793017 seconds.

chan =

    75

Elapsed time is 476.247773 seconds.

chan =

    76

Elapsed time is 476.940120 seconds.

chan =

    77

Elapsed time is 475.726681 seconds.

chan =

    78

Elapsed time is 474.074737 seconds.

chan =

    79

Elapsed time is 474.773124 seconds.

chan =

    80

Elapsed time is 478.133123 seconds.

chan =

    81

Elapsed time is 471.760770 seconds.

chan =

    82

Elapsed time is 475.742365 seconds.

chan =

    83

Elapsed time is 473.974748 seconds.

chan =

    84

Elapsed time is 475.619719 seconds.

chan =

    85

Elapsed time is 476.023866 seconds.

chan =

    86

Elapsed time is 476.940401 seconds.

chan =

    87

Elapsed time is 477.621870 seconds.

chan =

    88

Elapsed time is 476.995472 seconds.

chan =

    89

Elapsed time is 479.302989 seconds.

chan =

    90

Elapsed time is 477.618819 seconds.

chan =

    91

Elapsed time is 477.294123 seconds.
attempting saving
save success: /projects/p31578/dtf8829/QuestConnect/CHANDAT/chanDat_NM04_061.mat
working on TF
encoding done
encoding RT done
retrieval 1 done
retrieval 2 done
attempting saving
save success: /projects/p31578/dtf8829/QuestConnect/CHANDAT/chanDat_NM04_061.mat
working on ISPC
channel: 1 took 0 minutes
channel: 2 took 0 minutes
channel: 3 took 0 minutes
channel: 4 took 0 minutes
channel: 5 took 0 minutes
channel: 6 took 0 minutes
channel: 7 took 0 minutes
channel: 8 took 0 minutes
channel: 9 took 0 minutes
channel: 10 took 0 minutes
channel: 11 took 0 minutes
channel: 12 took 0 minutes
channel: 13 took 0 minutes
channel: 14 took 0 minutes
channel: 15 took 0 minutes
channel: 16 took 0 minutes
channel: 17 took 0 minutes
channel: 18 took 0 minutes
channel: 19 took 0 minutes
channel: 20 took 0 minutes
channel: 21 took 0 minutes
channel: 22 took 0 minutes
channel: 23 took 0 minutes
channel: 24 took 0 minutes
channel: 25 took 0 minutes
channel: 26 took 0 minutes
channel: 27 took 0 minutes
channel: 28 took 0 minutes
channel: 29 took 0 minutes
channel: 30 took 0 minutes
channel: 31 took 0 minutes
channel: 32 took 0 minutes
channel: 33 took 0 minutes
channel: 34 took 0 minutes
channel: 35 took 0 minutes
channel: 36 took 0 minutes
channel: 37 took 0 minutes
channel: 38 took 0 minutes
channel: 39 took 0 minutes
channel: 40 took 0 minutes
channel: 41 took 0 minutes
channel: 42 took 0 minutes
channel: 43 took 0 minutes
channel: 44 took 0 minutes
channel: 45 took 0 minutes
channel: 46 took 0 minutes
channel: 47 took 0 minutes
channel: 48 took 0 minutes
channel: 49 took 0 minutes
channel: 50 took 0 minutes
channel: 51 took 0 minutes
channel: 52 took 0 minutes
channel: 53 took 0 minutes
channel: 54 took 0 minutes
channel: 55 took 0 minutes
channel: 56 took 0 minutes
channel: 57 took 0 minutes
channel: 58 took 0 minutes
channel: 59 took 0 minutes
channel: 60 took 0 minutes
channel: 61 took 0 minutes
channel: 62 took 5.5 minutes
channel: 63 took 5.5 minutes
channel: 64 took 5.5 minutes
channel: 65 took 5.5 minutes
channel: 66 took 5.4 minutes
channel: 67 took 5.4 minutes
channel: 68 took 5.4 minutes
channel: 69 took 5.4 minutes
channel: 70 took 5.4 minutes
channel: 71 took 5.4 minutes
channel: 72 took 5.4 minutes
channel: 73 took 5.4 minutes
channel: 74 took 5.4 minutes
channel: 75 took 5.4 minutes
channel: 76 took 5.4 minutes
channel: 77 took 5.4 minutes
channel: 78 took 5.4 minutes
channel: 79 took 5.4 minutes
channel: 80 took 5.4 minutes
channel: 81 took 5.4 minutes
channel: 82 took 5.4 minutes
channel: 83 took 5.4 minutes
channel: 84 took 5.3 minutes
channel: 85 took 5.3 minutes
channel: 86 took 5.3 minutes
channel: 87 took 5.3 minutes
channel: 88 took 5.3 minutes
channel: 89 took 5.3 minutes
channel: 90 took 5.3 minutes
channel: 91 took 5.3 minutes
attempting saving
save success: /projects/p31578/dtf8829/QuestConnect/CHANDAT/chanDat_NM04_061.mat
Elapsed time is 325.447410 seconds.
