getting started: 2999
attempting file: 2999
going for OH30 98
data loaded: OH30 98
HFB already done

chan =

     1

Elapsed time is 539.697966 seconds.

chan =

     2

Elapsed time is 542.008680 seconds.

chan =

     3

Elapsed time is 523.931144 seconds.

chan =

     4

Elapsed time is 512.690197 seconds.

chan =

     5

Elapsed time is 530.280878 seconds.

chan =

     6

Elapsed time is 511.835388 seconds.

chan =

     7

Elapsed time is 514.453296 seconds.

chan =

     8

Elapsed time is 531.824185 seconds.

chan =

     9

Elapsed time is 516.661833 seconds.

chan =

    10

Elapsed time is 525.240770 seconds.

chan =

    11

Elapsed time is 529.049593 seconds.

chan =

    12

Elapsed time is 477.355130 seconds.

chan =

    13

Elapsed time is 450.276827 seconds.

chan =

    14

Elapsed time is 482.089638 seconds.

chan =

    15

Elapsed time is 551.274617 seconds.

chan =

    16

Elapsed time is 545.462460 seconds.

chan =

    17

Elapsed time is 519.765182 seconds.

chan =

    18

Elapsed time is 547.558622 seconds.

chan =

    19

Elapsed time is 523.386784 seconds.

chan =

    20

Elapsed time is 552.524545 seconds.

chan =

    21

Elapsed time is 552.695684 seconds.

chan =

    22

Elapsed time is 523.558388 seconds.

chan =

    23

Elapsed time is 551.543501 seconds.

chan =

    24

Elapsed time is 545.818244 seconds.

chan =

    25

Elapsed time is 541.052406 seconds.

chan =

    26

Elapsed time is 546.426026 seconds.

chan =

    27

Elapsed time is 539.354328 seconds.

chan =

    28

Elapsed time is 551.480142 seconds.

chan =

    29

Elapsed time is 546.658591 seconds.

chan =

    30

Elapsed time is 514.510441 seconds.

chan =

    31

Elapsed time is 549.814416 seconds.

chan =

    32

Elapsed time is 546.695609 seconds.

chan =

    33

Elapsed time is 535.759079 seconds.

chan =

    34

Elapsed time is 544.380871 seconds.

chan =

    35

Elapsed time is 531.619128 seconds.

chan =

    36

Elapsed time is 544.953830 seconds.

chan =

    37

Elapsed time is 538.592271 seconds.

chan =

    38

Elapsed time is 504.945356 seconds.

chan =

    39

Elapsed time is 539.547267 seconds.

chan =

    40

Elapsed time is 546.139027 seconds.

chan =

    41

Elapsed time is 529.430460 seconds.

chan =

    42

Elapsed time is 541.428280 seconds.

chan =

    43

Elapsed time is 547.172217 seconds.

chan =

    44

Elapsed time is 533.126632 seconds.

chan =

    45

Elapsed time is 547.973041 seconds.

chan =

    46

Elapsed time is 539.614766 seconds.

chan =

    47

Elapsed time is 545.807890 seconds.

chan =

    48

Elapsed time is 533.642048 seconds.

chan =

    49

Elapsed time is 454.968540 seconds.

chan =

    50

Elapsed time is 428.724476 seconds.

chan =

    51

Elapsed time is 436.314905 seconds.

chan =

    52

Elapsed time is 415.470696 seconds.

chan =

    53

Elapsed time is 429.977147 seconds.

chan =

    54

Elapsed time is 431.479512 seconds.

chan =

    55

Elapsed time is 424.754685 seconds.

chan =

    56

Elapsed time is 432.565065 seconds.

chan =

    57

Elapsed time is 429.348301 seconds.

chan =

    58

Elapsed time is 422.153248 seconds.

chan =

    59

Elapsed time is 430.409210 seconds.

chan =

    60

Elapsed time is 411.276636 seconds.

chan =

    61

Elapsed time is 427.003567 seconds.

chan =

    62

Elapsed time is 415.788523 seconds.

chan =

    63

Elapsed time is 395.460497 seconds.

chan =

    64

Elapsed time is 389.084264 seconds.

chan =

    65

Elapsed time is 383.175327 seconds.

chan =

    66

Elapsed time is 381.127365 seconds.

chan =

    67

Elapsed time is 379.710792 seconds.

chan =

    68

Elapsed time is 380.349797 seconds.

chan =

    69

Elapsed time is 398.685077 seconds.

chan =

    70

Elapsed time is 457.960652 seconds.

chan =

    71

Elapsed time is 457.227273 seconds.

chan =

    72

Elapsed time is 454.952569 seconds.

chan =

    73

Elapsed time is 451.726570 seconds.

chan =

    74

Elapsed time is 452.979232 seconds.

chan =

    75

Elapsed time is 448.077564 seconds.

chan =

    76

Elapsed time is 445.904462 seconds.

chan =

    77

Elapsed time is 446.358854 seconds.

chan =

    78

Elapsed time is 448.888434 seconds.

chan =

    79

Elapsed time is 445.279956 seconds.

chan =

    80

Elapsed time is 450.853721 seconds.

chan =

    81

Elapsed time is 451.549946 seconds.

chan =

    82

Elapsed time is 453.181814 seconds.

chan =

    83

Elapsed time is 453.927153 seconds.

chan =

    84

Elapsed time is 453.384017 seconds.

chan =

    85

Elapsed time is 453.739095 seconds.

chan =

    86

Elapsed time is 451.279453 seconds.

chan =

    87

Elapsed time is 450.846260 seconds.

chan =

    88

Elapsed time is 452.963132 seconds.

chan =

    89

Elapsed time is 454.251756 seconds.

chan =

    90

Elapsed time is 454.097941 seconds.

chan =

    91

Elapsed time is 453.112774 seconds.

chan =

    92

Elapsed time is 450.594685 seconds.

chan =

    93

Elapsed time is 450.804391 seconds.

chan =

    94

Elapsed time is 447.356828 seconds.

chan =

    95

Elapsed time is 455.837760 seconds.

chan =

    96

Elapsed time is 450.522668 seconds.

chan =

    97

Elapsed time is 451.420274 seconds.

chan =

    98

Elapsed time is 456.459610 seconds.

chan =

    99

Elapsed time is 453.688461 seconds.

chan =

   100

Elapsed time is 449.256282 seconds.

chan =

   101

Elapsed time is 452.075178 seconds.

chan =

   102

Elapsed time is 448.875720 seconds.

chan =

   103

Elapsed time is 454.323128 seconds.

chan =

   104

Elapsed time is 453.127549 seconds.

chan =

   105

Elapsed time is 459.026889 seconds.

chan =

   106

Elapsed time is 454.225753 seconds.

chan =

   107

Elapsed time is 448.321723 seconds.

chan =

   108

Elapsed time is 457.065005 seconds.

chan =

   109

Elapsed time is 455.132723 seconds.

chan =

   110

Elapsed time is 455.114069 seconds.

chan =

   111

Elapsed time is 456.032931 seconds.

chan =

   112

Elapsed time is 456.390988 seconds.

chan =

   113

Elapsed time is 457.694538 seconds.

chan =

   114

Elapsed time is 456.080469 seconds.

chan =

   115

Elapsed time is 455.986677 seconds.

chan =

   116

Elapsed time is 454.261593 seconds.

chan =

   117

Elapsed time is 453.576347 seconds.

chan =

   118

Elapsed time is 449.075840 seconds.

chan =

   119

Elapsed time is 459.384805 seconds.

chan =

   120

Elapsed time is 455.171982 seconds.

chan =

   121

Elapsed time is 455.324680 seconds.

chan =

   122

Elapsed time is 454.976273 seconds.

chan =

   123

Elapsed time is 454.284790 seconds.

chan =

   124

Elapsed time is 454.106572 seconds.

chan =

   125

Elapsed time is 455.714113 seconds.

chan =

   126

Elapsed time is 454.540412 seconds.

chan =

   127

Elapsed time is 453.561813 seconds.

chan =

   128

Elapsed time is 454.169369 seconds.

chan =

   129

Elapsed time is 453.699925 seconds.

chan =

   130

Elapsed time is 454.372655 seconds.

chan =

   131

Elapsed time is 451.561283 seconds.

chan =

   132

Elapsed time is 452.740106 seconds.

chan =

   133

Elapsed time is 454.832077 seconds.

chan =

   134

Elapsed time is 454.229231 seconds.

chan =

   135

Elapsed time is 456.802706 seconds.

chan =

   136

Elapsed time is 454.275700 seconds.

chan =

   137

Elapsed time is 451.916316 seconds.

chan =

   138

Elapsed time is 451.471250 seconds.

chan =

   139

Elapsed time is 448.644317 seconds.
attempting saving
save success: /projects/p31578/dtf8829/QuestConnect/CHANDAT/chanDat_OH30_098.mat
working on TF
encoding done
encoding RT done
