getting started: 2986
attempting file: 2986
going for OH30 85
data loaded: OH30 85
HFB already done

chan =

     1

Elapsed time is 537.218264 seconds.

chan =

     2

Elapsed time is 525.199680 seconds.

chan =

     3

Elapsed time is 536.384935 seconds.

chan =

     4

Elapsed time is 538.589977 seconds.

chan =

     5

Elapsed time is 543.200635 seconds.

chan =

     6

Elapsed time is 539.684692 seconds.

chan =

     7

Elapsed time is 538.723623 seconds.

chan =

     8

Elapsed time is 537.617428 seconds.

chan =

     9

Elapsed time is 540.507367 seconds.

chan =

    10

Elapsed time is 535.361242 seconds.

chan =

    11

Elapsed time is 538.345858 seconds.

chan =

    12

Elapsed time is 537.046178 seconds.

chan =

    13

Elapsed time is 536.913862 seconds.

chan =

    14

Elapsed time is 534.745990 seconds.

chan =

    15

Elapsed time is 538.149003 seconds.

chan =

    16

Elapsed time is 536.136899 seconds.

chan =

    17

Elapsed time is 531.647378 seconds.

chan =

    18

Elapsed time is 533.829756 seconds.

chan =

    19

Elapsed time is 537.204547 seconds.

chan =

    20

Elapsed time is 533.051100 seconds.

chan =

    21

Elapsed time is 533.751654 seconds.

chan =

    22

Elapsed time is 531.605851 seconds.

chan =

    23

Elapsed time is 536.204826 seconds.

chan =

    24

Elapsed time is 532.305184 seconds.

chan =

    25

Elapsed time is 536.323070 seconds.

chan =

    26

Elapsed time is 533.317138 seconds.

chan =

    27

Elapsed time is 536.453971 seconds.

chan =

    28

Elapsed time is 533.726980 seconds.

chan =

    29

Elapsed time is 534.922905 seconds.

chan =

    30

Elapsed time is 534.598291 seconds.

chan =

    31

Elapsed time is 534.287606 seconds.

chan =

    32

Elapsed time is 533.544290 seconds.

chan =

    33

Elapsed time is 534.751124 seconds.

chan =

    34

Elapsed time is 531.525759 seconds.

chan =

    35

Elapsed time is 535.922611 seconds.

chan =

    36

Elapsed time is 535.286679 seconds.

chan =

    37

Elapsed time is 535.955070 seconds.

chan =

    38

Elapsed time is 534.741629 seconds.

chan =

    39

Elapsed time is 534.026421 seconds.

chan =

    40

Elapsed time is 535.685691 seconds.

chan =

    41

Elapsed time is 534.480541 seconds.

chan =

    42

Elapsed time is 533.854569 seconds.

chan =

    43

Elapsed time is 535.302298 seconds.

chan =

    44

Elapsed time is 535.844502 seconds.

chan =

    45

Elapsed time is 534.354918 seconds.

chan =

    46

Elapsed time is 533.443766 seconds.

chan =

    47

Elapsed time is 533.410620 seconds.

chan =

    48

Elapsed time is 530.753463 seconds.

chan =

    49

Elapsed time is 538.231815 seconds.

chan =

    50

Elapsed time is 536.687599 seconds.

chan =

    51

Elapsed time is 537.370669 seconds.

chan =

    52

Elapsed time is 534.269793 seconds.

chan =

    53

Elapsed time is 535.946090 seconds.

chan =

    54

Elapsed time is 537.306363 seconds.

chan =

    55

Elapsed time is 536.788917 seconds.

chan =

    56

Elapsed time is 539.691089 seconds.

chan =

    57

Elapsed time is 534.348421 seconds.

chan =

    58

Elapsed time is 539.233721 seconds.

chan =

    59

Elapsed time is 535.183267 seconds.

chan =

    60

Elapsed time is 537.576505 seconds.

chan =

    61

Elapsed time is 535.043466 seconds.

chan =

    62

Elapsed time is 535.123348 seconds.

chan =

    63

Elapsed time is 527.171690 seconds.

chan =

    64

Elapsed time is 525.431889 seconds.

chan =

    65

Elapsed time is 525.488915 seconds.

chan =

    66

Elapsed time is 526.941321 seconds.

chan =

    67

Elapsed time is 521.775791 seconds.

chan =

    68

Elapsed time is 526.602188 seconds.

chan =

    69

Elapsed time is 524.961331 seconds.

chan =

    70

Elapsed time is 525.016371 seconds.

chan =

    71

Elapsed time is 525.813745 seconds.

chan =

    72

Elapsed time is 524.881578 seconds.

chan =

    73

Elapsed time is 525.509711 seconds.

chan =

    74

Elapsed time is 526.956179 seconds.

chan =

    75

Elapsed time is 526.449144 seconds.

chan =

    76

Elapsed time is 527.293519 seconds.

chan =

    77

Elapsed time is 523.779813 seconds.

chan =

    78

Elapsed time is 527.128705 seconds.

chan =

    79

Elapsed time is 524.205117 seconds.

chan =

    80

Elapsed time is 526.946005 seconds.

chan =

    81

Elapsed time is 524.070082 seconds.

chan =

    82

Elapsed time is 526.088292 seconds.

chan =

    83

Elapsed time is 527.287688 seconds.

chan =

    84

Elapsed time is 525.491406 seconds.

chan =

    85

Elapsed time is 525.299563 seconds.

chan =

    86

Elapsed time is 527.691690 seconds.

chan =

    87

Elapsed time is 526.109338 seconds.

chan =

    88

Elapsed time is 528.687842 seconds.

chan =

    89

Elapsed time is 526.807215 seconds.

chan =

    90

Elapsed time is 527.666264 seconds.

chan =

    91

Elapsed time is 529.009640 seconds.

chan =

    92

Elapsed time is 525.381009 seconds.

chan =

    93

Elapsed time is 527.244088 seconds.

chan =

    94

Elapsed time is 522.789852 seconds.

chan =

    95

Elapsed time is 528.563869 seconds.

chan =

    96

Elapsed time is 524.747476 seconds.

chan =

    97

Elapsed time is 525.731270 seconds.

chan =

    98

Elapsed time is 526.449118 seconds.

chan =

    99

Elapsed time is 527.295390 seconds.

chan =

   100

Elapsed time is 525.978201 seconds.

chan =

   101

Elapsed time is 520.157679 seconds.

chan =

   102

Elapsed time is 521.990342 seconds.

chan =

   103

Elapsed time is 522.787561 seconds.

chan =

   104

Elapsed time is 524.693213 seconds.

chan =

   105

Elapsed time is 520.000413 seconds.

chan =

   106

Elapsed time is 526.376404 seconds.

chan =

   107

Elapsed time is 519.953014 seconds.

chan =

   108

Elapsed time is 521.781582 seconds.

chan =

   109

Elapsed time is 517.683570 seconds.

chan =

   110

Elapsed time is 521.230357 seconds.

chan =

   111

Elapsed time is 521.361908 seconds.

chan =

   112

Elapsed time is 521.905900 seconds.

chan =

   113

Elapsed time is 523.317304 seconds.

chan =

   114

Elapsed time is 518.880212 seconds.

chan =

   115

Elapsed time is 522.453909 seconds.

chan =

   116

Elapsed time is 518.593355 seconds.

chan =

   117

Elapsed time is 519.704754 seconds.

chan =

   118

Elapsed time is 519.368669 seconds.

chan =

   119

Elapsed time is 522.309300 seconds.

chan =

   120

Elapsed time is 524.155301 seconds.

chan =

   121

Elapsed time is 523.718314 seconds.

chan =

   122

Elapsed time is 525.422426 seconds.

chan =

   123

Elapsed time is 519.106889 seconds.

chan =

   124

Elapsed time is 517.170161 seconds.

chan =

   125

Elapsed time is 518.246665 seconds.

chan =

   126

Elapsed time is 515.266799 seconds.

chan =

   127

Elapsed time is 518.162754 seconds.

chan =

   128

