getting started: 2917
attempting file: 2917
going for OH30 16
data loaded: OH30 16
HFB already done

chan =

     1

Elapsed time is 611.447051 seconds.

chan =

     2

Elapsed time is 599.298841 seconds.

chan =

     3

Elapsed time is 595.480041 seconds.

chan =

     4

Elapsed time is 594.093126 seconds.

chan =

     5

Elapsed time is 595.575134 seconds.

chan =

     6

Elapsed time is 588.372695 seconds.

chan =

     7

Elapsed time is 592.164102 seconds.

chan =

     8

Elapsed time is 588.398049 seconds.

chan =

     9

Elapsed time is 588.456388 seconds.

chan =

    10

Elapsed time is 583.432848 seconds.

chan =

    11

Elapsed time is 586.013764 seconds.

chan =

    12

Elapsed time is 587.517720 seconds.

chan =

    13

Elapsed time is 585.253983 seconds.

chan =

    14

Elapsed time is 584.445851 seconds.

chan =

    15

Elapsed time is 585.520869 seconds.

chan =

    16

Elapsed time is 582.110791 seconds.

chan =

    17

Elapsed time is 585.783506 seconds.

chan =

    18

Elapsed time is 589.704954 seconds.

chan =

    19

Elapsed time is 584.138417 seconds.

chan =

    20

Elapsed time is 585.537279 seconds.

chan =

    21

Elapsed time is 590.839640 seconds.

chan =

    22

Elapsed time is 588.590417 seconds.

chan =

    23

Elapsed time is 589.518762 seconds.

chan =

    24

Elapsed time is 587.400700 seconds.

chan =

    25

Elapsed time is 587.987748 seconds.

chan =

    26

Elapsed time is 586.411082 seconds.

chan =

    27

Elapsed time is 581.430756 seconds.

chan =

    28

Elapsed time is 583.501946 seconds.

chan =

    29

Elapsed time is 582.759539 seconds.

chan =

    30

Elapsed time is 583.773591 seconds.

chan =

    31

Elapsed time is 581.957157 seconds.

chan =

    32

Elapsed time is 587.103652 seconds.

chan =

    33

Elapsed time is 585.295061 seconds.

chan =

    34

Elapsed time is 583.761558 seconds.

chan =

    35

Elapsed time is 582.638544 seconds.

chan =

    36

Elapsed time is 585.213000 seconds.

chan =

    37

Elapsed time is 582.578247 seconds.

chan =

    38

Elapsed time is 579.682634 seconds.

chan =

    39

Elapsed time is 580.005161 seconds.

chan =

    40

Elapsed time is 587.403300 seconds.

chan =

    41

Elapsed time is 584.878311 seconds.

chan =

    42

Elapsed time is 585.538659 seconds.

chan =

    43

Elapsed time is 583.612305 seconds.

chan =

    44

Elapsed time is 582.635935 seconds.

chan =

    45

Elapsed time is 581.020471 seconds.

chan =

    46

Elapsed time is 582.658727 seconds.

chan =

    47

Elapsed time is 580.022044 seconds.

chan =

    48

Elapsed time is 576.370967 seconds.

chan =

    49

Elapsed time is 584.841715 seconds.

chan =

    50

Elapsed time is 583.043274 seconds.

chan =

    51

Elapsed time is 584.090295 seconds.

chan =

    52

Elapsed time is 581.818757 seconds.

chan =

    53

Elapsed time is 590.280463 seconds.

chan =

    54

Elapsed time is 579.452208 seconds.

chan =

    55

Elapsed time is 583.901408 seconds.

chan =

    56

Elapsed time is 579.806163 seconds.

chan =

    57

Elapsed time is 583.560227 seconds.

chan =

    58

Elapsed time is 579.579022 seconds.

chan =

    59

Elapsed time is 582.551457 seconds.

chan =

    60

Elapsed time is 576.839864 seconds.

chan =

    61

Elapsed time is 581.525722 seconds.

chan =

    62

Elapsed time is 578.652141 seconds.

chan =

    63

Elapsed time is 583.286295 seconds.

chan =

    64

Elapsed time is 577.265016 seconds.

chan =

    65

Elapsed time is 582.038246 seconds.

chan =

    66

Elapsed time is 572.990459 seconds.

chan =

    67

Elapsed time is 580.009794 seconds.

chan =

    68

Elapsed time is 577.310911 seconds.

chan =

    69

Elapsed time is 581.696812 seconds.

chan =

    70

Elapsed time is 574.935620 seconds.

chan =

    71

Elapsed time is 583.673582 seconds.

chan =

    72

Elapsed time is 578.177668 seconds.

chan =

    73

Elapsed time is 584.910012 seconds.

chan =

    74

Elapsed time is 580.040028 seconds.

chan =

    75

Elapsed time is 582.114838 seconds.

chan =

    76

Elapsed time is 578.195479 seconds.

chan =

    77

Elapsed time is 583.076845 seconds.

chan =

    78

Elapsed time is 581.842379 seconds.

chan =

    79

Elapsed time is 586.635576 seconds.

chan =

    80

Elapsed time is 582.162614 seconds.

chan =

    81

Elapsed time is 586.527329 seconds.

chan =

    82

Elapsed time is 582.436078 seconds.

chan =

    83

Elapsed time is 587.519079 seconds.

chan =

    84

Elapsed time is 582.417679 seconds.

chan =

    85

Elapsed time is 586.469794 seconds.

chan =

    86

Elapsed time is 579.981451 seconds.

chan =

    87

Elapsed time is 584.791828 seconds.

chan =

    88

Elapsed time is 582.605050 seconds.

chan =

    89

Elapsed time is 590.168111 seconds.

chan =

    90

Elapsed time is 583.475806 seconds.

chan =

    91

Elapsed time is 589.465153 seconds.

chan =

    92

Elapsed time is 585.901284 seconds.

chan =

    93

Elapsed time is 587.793196 seconds.

chan =

    94

Elapsed time is 582.079802 seconds.

chan =

    95

Elapsed time is 590.780868 seconds.

chan =

    96

Elapsed time is 586.994718 seconds.

chan =

    97

Elapsed time is 586.820779 seconds.

chan =

    98

Elapsed time is 584.578767 seconds.

chan =

    99

Elapsed time is 582.505481 seconds.

chan =

   100

Elapsed time is 589.493710 seconds.

chan =

   101

Elapsed time is 586.212148 seconds.

chan =

   102

Elapsed time is 587.326725 seconds.

chan =

   103

Elapsed time is 586.422723 seconds.

chan =

   104

Elapsed time is 588.359508 seconds.

chan =

   105

Elapsed time is 583.046447 seconds.

chan =

   106

Elapsed time is 588.810398 seconds.

chan =

   107

Elapsed time is 588.906498 seconds.

chan =

   108

Elapsed time is 590.797982 seconds.

chan =

   109

Elapsed time is 587.628611 seconds.

chan =

   110

Elapsed time is 581.652443 seconds.

chan =

   111

Elapsed time is 572.039054 seconds.

chan =

   112

Elapsed time is 577.990753 seconds.

chan =

   113

Elapsed time is 574.706831 seconds.

chan =

   114

Elapsed time is 576.340564 seconds.

chan =

   115

Elapsed time is 571.123638 seconds.

chan =

   116

Elapsed time is 572.088330 seconds.

chan =

   117

