getting started: 2944
attempting file: 2944
going for OH30 43
data loaded: OH30 43
HFB already done

chan =

     1

Elapsed time is 570.593599 seconds.

chan =

     2

Elapsed time is 570.947769 seconds.

chan =

     3

Elapsed time is 586.339586 seconds.

chan =

     4

Elapsed time is 594.997594 seconds.

chan =

     5

Elapsed time is 587.315697 seconds.

chan =

     6

Elapsed time is 582.809595 seconds.

chan =

     7

Elapsed time is 583.503234 seconds.

chan =

     8

Elapsed time is 581.416324 seconds.

chan =

     9

Elapsed time is 579.555064 seconds.

chan =

    10

Elapsed time is 576.308184 seconds.

chan =

    11

Elapsed time is 578.721430 seconds.

chan =

    12

Elapsed time is 580.206982 seconds.

chan =

    13

Elapsed time is 573.423598 seconds.

chan =

    14

Elapsed time is 559.947508 seconds.

chan =

    15

Elapsed time is 559.688002 seconds.

chan =

    16

Elapsed time is 558.468725 seconds.

chan =

    17

Elapsed time is 559.756382 seconds.

chan =

    18

Elapsed time is 560.726156 seconds.

chan =

    19

Elapsed time is 562.481253 seconds.

chan =

    20

Elapsed time is 562.749568 seconds.

chan =

    21

Elapsed time is 559.867351 seconds.

chan =

    22

Elapsed time is 560.493724 seconds.

chan =

    23

Elapsed time is 560.323045 seconds.

chan =

    24

Elapsed time is 560.141027 seconds.

chan =

    25

Elapsed time is 561.569780 seconds.

chan =

    26

Elapsed time is 561.631569 seconds.

chan =

    27

Elapsed time is 563.262192 seconds.

chan =

    28

Elapsed time is 563.173638 seconds.

chan =

    29

Elapsed time is 563.980521 seconds.

chan =

    30

Elapsed time is 564.699842 seconds.

chan =

    31

Elapsed time is 563.740197 seconds.

chan =

    32

Elapsed time is 563.422262 seconds.

chan =

    33

Elapsed time is 561.292492 seconds.

chan =

    34

Elapsed time is 562.899880 seconds.

chan =

    35

Elapsed time is 561.953320 seconds.

chan =

    36

Elapsed time is 563.575296 seconds.

chan =

    37

Elapsed time is 562.936287 seconds.

chan =

    38

Elapsed time is 562.249041 seconds.

chan =

    39

Elapsed time is 560.306211 seconds.

chan =

    40

Elapsed time is 562.844478 seconds.

chan =

    41

Elapsed time is 563.281787 seconds.

chan =

    42

Elapsed time is 562.948408 seconds.

chan =

    43

Elapsed time is 564.139944 seconds.

chan =

    44

Elapsed time is 563.557902 seconds.

chan =

    45

Elapsed time is 562.286005 seconds.

chan =

    46

Elapsed time is 565.626088 seconds.

chan =

    47

Elapsed time is 567.730619 seconds.

chan =

    48

Elapsed time is 563.821188 seconds.

chan =

    49

Elapsed time is 570.810683 seconds.

chan =

    50

Elapsed time is 567.685048 seconds.

chan =

    51

Elapsed time is 567.193972 seconds.

chan =

    52

Elapsed time is 567.969316 seconds.

chan =

    53

Elapsed time is 566.560217 seconds.

chan =

    54

Elapsed time is 567.631065 seconds.

chan =

    55

Elapsed time is 565.624673 seconds.

chan =

    56

Elapsed time is 564.376567 seconds.

chan =

    57

Elapsed time is 565.254165 seconds.

chan =

    58

Elapsed time is 566.436055 seconds.

chan =

    59

Elapsed time is 568.043292 seconds.

chan =

    60

Elapsed time is 565.645271 seconds.

chan =

    61

Elapsed time is 564.538307 seconds.

chan =

    62

Elapsed time is 555.028681 seconds.

chan =

    63

Elapsed time is 550.752057 seconds.

chan =

    64

Elapsed time is 548.451122 seconds.

chan =

    65

Elapsed time is 548.996730 seconds.

chan =

    66

Elapsed time is 547.034702 seconds.

chan =

    67

Elapsed time is 546.625176 seconds.

chan =

    68

Elapsed time is 548.756539 seconds.

chan =

    69

Elapsed time is 549.023555 seconds.

chan =

    70

Elapsed time is 550.794005 seconds.

chan =

    71

Elapsed time is 552.295246 seconds.

chan =

    72

Elapsed time is 555.289730 seconds.

chan =

    73

Elapsed time is 555.338157 seconds.

chan =

    74

Elapsed time is 555.344968 seconds.

chan =

    75

Elapsed time is 554.317241 seconds.

chan =

    76

Elapsed time is 552.749281 seconds.

chan =

    77

Elapsed time is 550.720311 seconds.

chan =

    78

Elapsed time is 554.466919 seconds.

chan =

    79

Elapsed time is 552.135943 seconds.

chan =

    80

Elapsed time is 553.209134 seconds.

chan =

    81

Elapsed time is 551.177503 seconds.

chan =

    82

Elapsed time is 551.067246 seconds.

chan =

    83

Elapsed time is 553.639233 seconds.

chan =

    84

Elapsed time is 554.621319 seconds.

chan =

    85

Elapsed time is 554.832006 seconds.

chan =

    86

Elapsed time is 553.889610 seconds.

chan =

    87

Elapsed time is 553.497836 seconds.

chan =

    88

Elapsed time is 555.956786 seconds.

chan =

    89

Elapsed time is 556.567943 seconds.

chan =

    90

Elapsed time is 556.770315 seconds.

chan =

    91

Elapsed time is 556.030579 seconds.

chan =

    92

Elapsed time is 554.462512 seconds.

chan =

    93

Elapsed time is 552.614034 seconds.

chan =

    94

Elapsed time is 552.906013 seconds.

chan =

    95

Elapsed time is 555.165846 seconds.

chan =

    96

Elapsed time is 545.890173 seconds.

chan =

    97

Elapsed time is 546.387009 seconds.

chan =

    98

Elapsed time is 546.454814 seconds.

chan =

    99

Elapsed time is 547.632848 seconds.

chan =

   100

Elapsed time is 548.541119 seconds.

chan =

   101

Elapsed time is 544.803523 seconds.

chan =

   102

Elapsed time is 545.493800 seconds.

chan =

   103

Elapsed time is 548.451103 seconds.

chan =

   104

Elapsed time is 547.180137 seconds.

chan =

   105

Elapsed time is 548.194288 seconds.

chan =

   106

Elapsed time is 548.174890 seconds.

chan =

   107

Elapsed time is 547.505277 seconds.

chan =

   108

Elapsed time is 547.045975 seconds.

chan =

   109

Elapsed time is 544.344862 seconds.

chan =

   110

Elapsed time is 546.310984 seconds.

chan =

   111

Elapsed time is 545.873228 seconds.

chan =

   112

Elapsed time is 544.255208 seconds.

chan =

   113

Elapsed time is 539.310382 seconds.

chan =

   114

Elapsed time is 539.638821 seconds.

chan =

   115

Elapsed time is 541.010963 seconds.

chan =

   116

Elapsed time is 539.272820 seconds.

chan =

   117

Elapsed time is 537.634024 seconds.

chan =

   118

Elapsed time is 535.920701 seconds.

chan =

   119

Elapsed time is 541.689334 seconds.

chan =

   120

Elapsed time is 543.710125 seconds.

chan =

   121

Elapsed time is 544.490041 seconds.

chan =

   122

