getting started: 2967
attempting file: 2967
going for OH30 66
data loaded: OH30 66
HFB already done

chan =

     1

Elapsed time is 515.078257 seconds.

chan =

     2

Elapsed time is 495.554339 seconds.

chan =

     3

Elapsed time is 492.517606 seconds.

chan =

     4

Elapsed time is 483.282531 seconds.

chan =

     5

Elapsed time is 497.008460 seconds.

chan =

     6

Elapsed time is 510.771268 seconds.

chan =

     7

Elapsed time is 489.148927 seconds.

chan =

     8

Elapsed time is 503.791582 seconds.

chan =

     9

Elapsed time is 493.220489 seconds.

chan =

    10

Elapsed time is 491.481908 seconds.

chan =

    11

Elapsed time is 496.290300 seconds.

chan =

    12

Elapsed time is 487.202523 seconds.

chan =

    13

Elapsed time is 490.643404 seconds.

chan =

    14

Elapsed time is 488.825428 seconds.

chan =

    15

Elapsed time is 490.648135 seconds.

chan =

    16

Elapsed time is 448.600608 seconds.

chan =

    17

Elapsed time is 458.679568 seconds.

chan =

    18

Elapsed time is 455.113388 seconds.

chan =

    19

Elapsed time is 477.373845 seconds.

chan =

    20

Elapsed time is 471.651775 seconds.

chan =

    21

Elapsed time is 501.937529 seconds.

chan =

    22

Elapsed time is 495.855879 seconds.

chan =

    23

Elapsed time is 488.773126 seconds.

chan =

    24

Elapsed time is 505.789337 seconds.

chan =

    25

Elapsed time is 486.780633 seconds.

chan =

    26

Elapsed time is 454.084490 seconds.

chan =

    27

Elapsed time is 471.540564 seconds.

chan =

    28

Elapsed time is 466.589946 seconds.

chan =

    29

Elapsed time is 468.703400 seconds.

chan =

    30

Elapsed time is 441.817882 seconds.

chan =

    31

Elapsed time is 443.272372 seconds.

chan =

    32

Elapsed time is 435.215865 seconds.

chan =

    33

Elapsed time is 419.480809 seconds.

chan =

    34

Elapsed time is 426.213018 seconds.

chan =

    35

Elapsed time is 419.385259 seconds.

chan =

    36

Elapsed time is 431.776818 seconds.

chan =

    37

Elapsed time is 432.385706 seconds.

chan =

    38

Elapsed time is 430.793354 seconds.

chan =

    39

Elapsed time is 428.161674 seconds.

chan =

    40

Elapsed time is 432.867322 seconds.

chan =

    41

Elapsed time is 430.417150 seconds.

chan =

    42

Elapsed time is 432.068597 seconds.

chan =

    43

Elapsed time is 433.926431 seconds.

chan =

    44

Elapsed time is 433.129168 seconds.

chan =

    45

Elapsed time is 425.576598 seconds.

chan =

    46

Elapsed time is 423.710016 seconds.

chan =

    47

Elapsed time is 424.309064 seconds.

chan =

    48

Elapsed time is 422.541422 seconds.

chan =

    49

Elapsed time is 427.773452 seconds.

chan =

    50

Elapsed time is 423.377546 seconds.

chan =

    51

Elapsed time is 422.105142 seconds.

chan =

    52

Elapsed time is 424.054151 seconds.

chan =

    53

Elapsed time is 426.150914 seconds.

chan =

    54

Elapsed time is 424.079984 seconds.

chan =

    55

Elapsed time is 415.199195 seconds.

chan =

    56

Elapsed time is 415.350876 seconds.

chan =

    57

Elapsed time is 417.750838 seconds.

chan =

    58

Elapsed time is 417.909728 seconds.

chan =

    59

Elapsed time is 404.755150 seconds.

chan =

    60

Elapsed time is 407.128137 seconds.

chan =

    61

Elapsed time is 410.836617 seconds.

chan =

    62

Elapsed time is 393.020218 seconds.

chan =

    63

Elapsed time is 392.955995 seconds.

chan =

    64

Elapsed time is 389.529650 seconds.

chan =

    65

Elapsed time is 385.990457 seconds.

chan =

    66

Elapsed time is 568.941059 seconds.

chan =

    67

Elapsed time is 570.883648 seconds.

chan =

    68

Elapsed time is 567.390698 seconds.

chan =

    69

Elapsed time is 558.391957 seconds.

chan =

    70

Elapsed time is 559.046500 seconds.

chan =

    71

Elapsed time is 563.278602 seconds.

chan =

    72

Elapsed time is 559.214767 seconds.

chan =

    73

Elapsed time is 572.685158 seconds.

chan =

    74

Elapsed time is 565.764534 seconds.

chan =

    75

Elapsed time is 573.639226 seconds.

chan =

    76

Elapsed time is 584.190918 seconds.

chan =

    77

Elapsed time is 576.900273 seconds.

chan =

    78

Elapsed time is 577.206468 seconds.

chan =

    79

Elapsed time is 575.511264 seconds.

chan =

    80

Elapsed time is 578.083420 seconds.

chan =

    81

Elapsed time is 568.427867 seconds.

chan =

    82

Elapsed time is 577.397777 seconds.

chan =

    83

Elapsed time is 573.914678 seconds.

chan =

    84

Elapsed time is 579.306992 seconds.

chan =

    85

Elapsed time is 579.984406 seconds.

chan =

    86

Elapsed time is 565.491199 seconds.

chan =

    87

Elapsed time is 566.051001 seconds.

chan =

    88

Elapsed time is 567.024199 seconds.

chan =

    89

Elapsed time is 574.531381 seconds.

chan =

    90

Elapsed time is 573.911307 seconds.

chan =

    91

Elapsed time is 527.339498 seconds.

chan =

    92

Elapsed time is 391.931542 seconds.

chan =

    93

Elapsed time is 387.665232 seconds.

chan =

    94

Elapsed time is 381.260179 seconds.

chan =

    95

Elapsed time is 381.735861 seconds.

chan =

    96

Elapsed time is 378.846255 seconds.

chan =

    97

Elapsed time is 372.520194 seconds.

chan =

    98

Elapsed time is 373.897132 seconds.

chan =

    99

Elapsed time is 380.787674 seconds.

chan =

   100

Elapsed time is 381.793175 seconds.

chan =

   101

Elapsed time is 374.367084 seconds.

chan =

   102

Elapsed time is 374.533904 seconds.

chan =

   103

Elapsed time is 372.736868 seconds.

chan =

   104

Elapsed time is 373.304454 seconds.

chan =

   105

Elapsed time is 374.073689 seconds.

chan =

   106

Elapsed time is 375.033809 seconds.

chan =

   107

Elapsed time is 375.920250 seconds.

chan =

   108

Elapsed time is 368.351187 seconds.

chan =

   109

Elapsed time is 367.283806 seconds.

chan =

   110

Elapsed time is 368.699302 seconds.

chan =

   111

Elapsed time is 371.655522 seconds.

chan =

   112

Elapsed time is 375.711459 seconds.

chan =

   113

Elapsed time is 370.623499 seconds.

chan =

   114

Elapsed time is 373.634350 seconds.

chan =

   115

Elapsed time is 373.315786 seconds.

chan =

   116

Elapsed time is 371.649891 seconds.

chan =

   117

Elapsed time is 368.092773 seconds.

chan =

   118

Elapsed time is 364.504178 seconds.

chan =

   119

Elapsed time is 368.160257 seconds.

chan =

   120

Elapsed time is 364.662504 seconds.

chan =

   121

Elapsed time is 356.439157 seconds.

chan =

   122

Elapsed time is 359.437053 seconds.

chan =

   123

Elapsed time is 358.885795 seconds.

chan =

   124

Elapsed time is 356.299754 seconds.

chan =

   125

Elapsed time is 356.792437 seconds.

chan =

   126

Elapsed time is 361.652051 seconds.

chan =

   127

Elapsed time is 364.329025 seconds.

chan =

   128

Elapsed time is 358.099828 seconds.

chan =

   129

Elapsed time is 359.540789 seconds.

chan =

   130

Elapsed time is 354.732616 seconds.

chan =

   131

Elapsed time is 355.665633 seconds.

chan =

   132

Elapsed time is 359.037235 seconds.

chan =

   133

Elapsed time is 359.649368 seconds.

chan =

   134

Elapsed time is 360.688580 seconds.

chan =

   135

Elapsed time is 363.423871 seconds.

chan =

   136

Elapsed time is 356.725976 seconds.

chan =

   137

Elapsed time is 356.142094 seconds.

chan =

   138

Elapsed time is 359.367134 seconds.

chan =

   139

Elapsed time is 351.968649 seconds.
attempting saving
save success: /projects/p31578/dtf8829/QuestConnect/CHANDAT/chanDat_OH30_066.mat
working on TF
encoding done
encoding RT done
