getting started: 2814
attempting file: 2814
going for OH27 20
data loaded: OH27 20
HFB already done

chan =

     1

Elapsed time is 241.446508 seconds.

chan =

     2

Elapsed time is 235.452667 seconds.

chan =

     3

Elapsed time is 235.465567 seconds.

chan =

     4

Elapsed time is 236.908998 seconds.

chan =

     5

Elapsed time is 230.377864 seconds.

chan =

     6

Elapsed time is 219.876716 seconds.

chan =

     7

Elapsed time is 236.952392 seconds.

chan =

     8

Elapsed time is 265.614020 seconds.

chan =

     9

Elapsed time is 278.025097 seconds.

chan =

    10

Elapsed time is 276.887344 seconds.

chan =

    11

Elapsed time is 277.193855 seconds.

chan =

    12

Elapsed time is 279.514912 seconds.

chan =

    13

Elapsed time is 276.880890 seconds.

chan =

    14

Elapsed time is 277.950638 seconds.

chan =

    15

Elapsed time is 275.656499 seconds.

chan =

    16

Elapsed time is 277.661100 seconds.

chan =

    17

Elapsed time is 272.058870 seconds.

chan =

    18

Elapsed time is 279.408687 seconds.

chan =

    19

Elapsed time is 277.507310 seconds.

chan =

    20

Elapsed time is 275.512914 seconds.

chan =

    21

Elapsed time is 276.545358 seconds.

chan =

    22

Elapsed time is 274.235482 seconds.

chan =

    23

Elapsed time is 274.938557 seconds.

chan =

    24

Elapsed time is 275.089697 seconds.

chan =

    25

Elapsed time is 275.905243 seconds.

chan =

    26

Elapsed time is 271.445866 seconds.

chan =

    27

Elapsed time is 276.863488 seconds.

chan =

    28

Elapsed time is 273.481891 seconds.

chan =

    29

Elapsed time is 280.181941 seconds.

chan =

    30

Elapsed time is 276.840765 seconds.

chan =

    31

Elapsed time is 274.842946 seconds.

chan =

    32

Elapsed time is 276.393027 seconds.

chan =

    33

Elapsed time is 277.442583 seconds.

chan =

    34

Elapsed time is 278.219408 seconds.

chan =

    35

Elapsed time is 278.169445 seconds.

chan =

    36

Elapsed time is 276.022215 seconds.

chan =

    37

Elapsed time is 274.677462 seconds.

chan =

    38

Elapsed time is 281.290178 seconds.

chan =

    39

Elapsed time is 276.190655 seconds.

chan =

    40

Elapsed time is 279.851266 seconds.

chan =

    41

Elapsed time is 275.432623 seconds.

chan =

    42

Elapsed time is 276.466244 seconds.

chan =

    43

Elapsed time is 275.575734 seconds.

chan =

    44

Elapsed time is 278.352511 seconds.

chan =

    45

Elapsed time is 280.102324 seconds.

chan =

    46

Elapsed time is 274.747903 seconds.

chan =

    47

Elapsed time is 278.030725 seconds.

chan =

    48

Elapsed time is 275.257923 seconds.

chan =

    49

Elapsed time is 276.594380 seconds.

chan =

    50

Elapsed time is 270.960642 seconds.

chan =

    51

Elapsed time is 275.438603 seconds.

chan =

    52

Elapsed time is 274.161810 seconds.

chan =

    53

Elapsed time is 278.835408 seconds.

chan =

    54

Elapsed time is 274.402184 seconds.

chan =

    55

Elapsed time is 277.106916 seconds.

chan =

    56

Elapsed time is 273.783141 seconds.

chan =

    57

Elapsed time is 275.629894 seconds.

chan =

    58

Elapsed time is 273.692875 seconds.

chan =

    59

Elapsed time is 278.993176 seconds.

chan =

    60

Elapsed time is 277.572860 seconds.

chan =

    61

Elapsed time is 278.686740 seconds.

chan =

    62

Elapsed time is 272.559618 seconds.

chan =

    63

Elapsed time is 275.878027 seconds.

chan =

    64

Elapsed time is 261.529108 seconds.

chan =

    65

Elapsed time is 264.633443 seconds.

chan =

    66

Elapsed time is 273.850169 seconds.

chan =

    67

Elapsed time is 272.874868 seconds.

chan =

    68

Elapsed time is 275.962936 seconds.

chan =

    69

Elapsed time is 253.417098 seconds.

chan =

    70

Elapsed time is 253.383801 seconds.

chan =

    71

Elapsed time is 268.339366 seconds.

chan =

    72

Elapsed time is 271.656953 seconds.

chan =

    73

Elapsed time is 268.702239 seconds.

chan =

    74

Elapsed time is 264.871037 seconds.

chan =

    75

Elapsed time is 260.460175 seconds.

chan =

    76

Elapsed time is 267.301531 seconds.

chan =

    77

Elapsed time is 268.595113 seconds.

chan =

    78

Elapsed time is 269.866502 seconds.

chan =

    79

Elapsed time is 262.761939 seconds.

chan =

    80

Elapsed time is 257.388511 seconds.

chan =

    81

Elapsed time is 269.256852 seconds.

chan =

    82

Elapsed time is 266.547930 seconds.

chan =

    83

Elapsed time is 269.086423 seconds.

chan =

    84

Elapsed time is 261.202921 seconds.

chan =

    85

Elapsed time is 236.706789 seconds.

chan =

    86

Elapsed time is 267.115395 seconds.

chan =

    87

Elapsed time is 267.028509 seconds.

chan =

    88

Elapsed time is 264.447189 seconds.

chan =

    89

Elapsed time is 266.013483 seconds.

chan =

    90

Elapsed time is 247.016253 seconds.

chan =

    91

Elapsed time is 247.020289 seconds.

chan =

    92

Elapsed time is 264.133344 seconds.

chan =

    93

Elapsed time is 263.536768 seconds.

chan =

    94

Elapsed time is 262.207622 seconds.

chan =

    95

Elapsed time is 262.580877 seconds.

chan =

    96

Elapsed time is 231.234061 seconds.

chan =

    97

Elapsed time is 260.884484 seconds.

chan =

    98

Elapsed time is 262.287129 seconds.

chan =

    99

Elapsed time is 258.917818 seconds.

chan =

   100

Elapsed time is 263.640175 seconds.

chan =

   101

Elapsed time is 251.706908 seconds.

chan =

   102

Elapsed time is 233.896655 seconds.

chan =

   103

Elapsed time is 241.099455 seconds.

chan =

   104

Elapsed time is 243.358231 seconds.

chan =

   105

Elapsed time is 239.519332 seconds.

chan =

   106

Elapsed time is 240.356413 seconds.

