getting started: 2690
attempting file: 2690
going for NM04 53
data loaded: NM04 53
HFB already done

chan =

     1

Elapsed time is 225.515350 seconds.

chan =

     2

Elapsed time is 225.249017 seconds.

chan =

     3

Elapsed time is 227.230715 seconds.

chan =

     4

Elapsed time is 228.204861 seconds.

chan =

     5

Elapsed time is 228.166729 seconds.

chan =

     6

Elapsed time is 228.587399 seconds.

chan =

     7

Elapsed time is 227.812475 seconds.

chan =

     8

Elapsed time is 229.486200 seconds.

chan =

     9

Elapsed time is 226.697842 seconds.

chan =

    10

Elapsed time is 225.954131 seconds.

chan =

    11

Elapsed time is 227.466535 seconds.

chan =

    12

Elapsed time is 228.529011 seconds.

chan =

    13

Elapsed time is 229.184242 seconds.

chan =

    14

Elapsed time is 228.155944 seconds.

chan =

    15

Elapsed time is 227.625352 seconds.

chan =

    16

Elapsed time is 227.301377 seconds.

chan =

    17

Elapsed time is 227.143908 seconds.

chan =

    18

Elapsed time is 226.420481 seconds.

chan =

    19

Elapsed time is 227.243984 seconds.

chan =

    20

Elapsed time is 223.669182 seconds.

chan =

    21

Elapsed time is 222.502064 seconds.

chan =

    22

Elapsed time is 223.573418 seconds.

chan =

    23

Elapsed time is 225.217707 seconds.

chan =

    24

Elapsed time is 225.384512 seconds.

chan =

    25

Elapsed time is 224.191520 seconds.

chan =

    26

Elapsed time is 224.372683 seconds.

chan =

    27

Elapsed time is 225.067973 seconds.

chan =

    28

Elapsed time is 224.386982 seconds.

chan =

    29

Elapsed time is 225.455270 seconds.

chan =

    30

Elapsed time is 224.265844 seconds.

chan =

    31

Elapsed time is 225.770302 seconds.

chan =

    32

Elapsed time is 225.132698 seconds.

chan =

    33

Elapsed time is 227.058466 seconds.

chan =

    34

Elapsed time is 223.979052 seconds.

chan =

    35

Elapsed time is 226.424930 seconds.

chan =

    36

Elapsed time is 225.976013 seconds.

chan =

    37

Elapsed time is 227.252532 seconds.

chan =

    38

Elapsed time is 226.313582 seconds.

chan =

    39

Elapsed time is 226.290967 seconds.

chan =

    40

Elapsed time is 226.501546 seconds.

chan =

    41

Elapsed time is 226.805129 seconds.

chan =

    42

Elapsed time is 225.450040 seconds.

chan =

    43

Elapsed time is 227.459733 seconds.

chan =

    44

Elapsed time is 225.887013 seconds.

chan =

    45

Elapsed time is 226.590039 seconds.

chan =

    46

Elapsed time is 224.691140 seconds.

chan =

    47

Elapsed time is 226.423547 seconds.

chan =

    48

Elapsed time is 224.032050 seconds.

chan =

    49

Elapsed time is 225.453957 seconds.

chan =

    50

Elapsed time is 222.160296 seconds.

chan =

    51

Elapsed time is 221.794633 seconds.

chan =

    52

Elapsed time is 221.886183 seconds.

chan =

    53

Elapsed time is 223.762962 seconds.

chan =

    54

Elapsed time is 223.521449 seconds.

chan =

    55

Elapsed time is 223.541151 seconds.

chan =

    56

Elapsed time is 222.089100 seconds.

chan =

    57

Elapsed time is 223.511744 seconds.

chan =

    58

Elapsed time is 223.107145 seconds.

chan =

    59

Elapsed time is 223.579443 seconds.

chan =

    60

Elapsed time is 221.736779 seconds.

chan =

    61

Elapsed time is 222.407637 seconds.

chan =

    62

Elapsed time is 222.086826 seconds.

chan =

    63

Elapsed time is 222.652392 seconds.

chan =

    64

Elapsed time is 222.928141 seconds.

chan =

    65

Elapsed time is 223.996817 seconds.

chan =

    66

Elapsed time is 222.982361 seconds.

chan =

    67

Elapsed time is 224.475926 seconds.

chan =

    68

Elapsed time is 222.573186 seconds.

chan =

    69

Elapsed time is 222.411145 seconds.

chan =

    70

Elapsed time is 222.775956 seconds.

chan =

    71

Elapsed time is 223.588529 seconds.

chan =

    72

Elapsed time is 221.853647 seconds.

chan =

    73

Elapsed time is 222.811891 seconds.

chan =

    74

Elapsed time is 222.282281 seconds.

chan =

    75

Elapsed time is 222.967206 seconds.

chan =

    76

Elapsed time is 223.834151 seconds.

chan =

    77

Elapsed time is 222.313728 seconds.

chan =

    78

Elapsed time is 223.857847 seconds.

chan =

    79

Elapsed time is 226.295582 seconds.

chan =

    80

Elapsed time is 225.976577 seconds.

chan =

    81

Elapsed time is 224.737470 seconds.

chan =

    82

Elapsed time is 224.462703 seconds.

chan =

    83

Elapsed time is 225.885563 seconds.

chan =

    84

Elapsed time is 224.801187 seconds.

chan =

    85

Elapsed time is 226.794492 seconds.

chan =

    86

Elapsed time is 223.044524 seconds.

chan =

    87

Elapsed time is 222.727931 seconds.

chan =

    88

Elapsed time is 223.678142 seconds.

chan =

    89

Elapsed time is 223.504815 seconds.

chan =

    90

Elapsed time is 223.073505 seconds.

chan =

    91

Elapsed time is 224.426350 seconds.
attempting saving
save success: /projects/p31578/dtf8829/QuestConnect/CHANDAT/chanDat_NM04_053.mat
working on TF
encoding done
encoding RT done
retrieval 1 done
retrieval 2 done
attempting saving
save success: /projects/p31578/dtf8829/QuestConnect/CHANDAT/chanDat_NM04_053.mat
working on ISPC
channel: 1 took 0 minutes
channel: 2 took 0 minutes
channel: 3 took 0 minutes
channel: 4 took 0 minutes
channel: 5 took 0 minutes
channel: 6 took 0 minutes
channel: 7 took 0 minutes
channel: 8 took 0 minutes
channel: 9 took 0 minutes
channel: 10 took 0 minutes
channel: 11 took 0 minutes
channel: 12 took 0 minutes
channel: 13 took 0 minutes
channel: 14 took 0 minutes
channel: 15 took 0 minutes
channel: 16 took 0 minutes
channel: 17 took 0 minutes
channel: 18 took 0 minutes
channel: 19 took 0 minutes
channel: 20 took 0 minutes
channel: 21 took 0 minutes
channel: 22 took 0 minutes
channel: 23 took 0 minutes
channel: 24 took 0 minutes
channel: 25 took 0 minutes
channel: 26 took 0 minutes
channel: 27 took 0 minutes
channel: 28 took 0 minutes
channel: 29 took 0 minutes
channel: 30 took 0 minutes
channel: 31 took 0 minutes
channel: 32 took 0 minutes
channel: 33 took 0 minutes
channel: 34 took 0 minutes
channel: 35 took 0 minutes
channel: 36 took 0 minutes
channel: 37 took 0 minutes
channel: 38 took 0 minutes
channel: 39 took 0 minutes
channel: 40 took 0 minutes
channel: 41 took 0 minutes
channel: 42 took 0 minutes
channel: 43 took 0 minutes
channel: 44 took 0 minutes
channel: 45 took 0 minutes
channel: 46 took 0 minutes
channel: 47 took 0 minutes
channel: 48 took 0 minutes
channel: 49 took 0 minutes
channel: 50 took 0 minutes
channel: 51 took 0 minutes
channel: 52 took 0 minutes
channel: 53 took 0 minutes
channel: 54 took 3.3 minutes
channel: 55 took 3.3 minutes
channel: 56 took 3.3 minutes
channel: 57 took 3.3 minutes
channel: 58 took 3.3 minutes
channel: 59 took 3.3 minutes
channel: 60 took 3.3 minutes
channel: 61 took 3.3 minutes
channel: 62 took 3.3 minutes
channel: 63 took 3.3 minutes
channel: 64 took 3.3 minutes
channel: 65 took 3.3 minutes
channel: 66 took 3.3 minutes
channel: 67 took 3.3 minutes
channel: 68 took 3.3 minutes
channel: 69 took 3.3 minutes
channel: 70 took 3.3 minutes
channel: 71 took 3.3 minutes
channel: 72 took 3.4 minutes
channel: 73 took 3.4 minutes
channel: 74 took 3.4 minutes
channel: 75 took 3.4 minutes
channel: 76 took 3.4 minutes
channel: 77 took 3.4 minutes
channel: 78 took 3.4 minutes
channel: 79 took 3.3 minutes
channel: 80 took 3.3 minutes
channel: 81 took 3.4 minutes
channel: 82 took 3.4 minutes
channel: 83 took 3.4 minutes
channel: 84 took 3.4 minutes
channel: 85 took 3.4 minutes
channel: 86 took 3.4 minutes
channel: 87 took 3.4 minutes
channel: 88 took 3.4 minutes
channel: 89 took 3.4 minutes
channel: 90 took 3.4 minutes
channel: 91 took 3.4 minutes
attempting saving
save success: /projects/p31578/dtf8829/QuestConnect/CHANDAT/chanDat_NM04_053.mat
Elapsed time is 207.897271 seconds.
