getting started: 2899
attempting file: 2899
going for OH27 105
data loaded: OH27 105
HFB already done

chan =

     1

Elapsed time is 327.550921 seconds.

chan =

     2

Elapsed time is 321.751238 seconds.

chan =

     3

Elapsed time is 322.259691 seconds.

chan =

     4

Elapsed time is 321.587272 seconds.

chan =

     5

Elapsed time is 326.986546 seconds.

chan =

     6

Elapsed time is 328.621716 seconds.

chan =

     7

Elapsed time is 328.213509 seconds.

chan =

     8

Elapsed time is 332.321146 seconds.

chan =

     9

Elapsed time is 331.220983 seconds.

chan =

    10

Elapsed time is 326.873960 seconds.

chan =

    11

Elapsed time is 324.605326 seconds.

chan =

    12

Elapsed time is 317.336228 seconds.

chan =

    13

Elapsed time is 311.276178 seconds.

chan =

    14

Elapsed time is 308.611693 seconds.

chan =

    15

Elapsed time is 312.429428 seconds.

chan =

    16

Elapsed time is 312.411741 seconds.

chan =

    17

Elapsed time is 308.286703 seconds.

chan =

    18

Elapsed time is 306.799353 seconds.

chan =

    19

Elapsed time is 308.060162 seconds.

chan =

    20

Elapsed time is 309.436024 seconds.

chan =

    21

Elapsed time is 310.256696 seconds.

chan =

    22

Elapsed time is 312.726148 seconds.

chan =

    23

Elapsed time is 314.218296 seconds.

chan =

    24

Elapsed time is 307.345436 seconds.

chan =

    25

Elapsed time is 304.890056 seconds.

chan =

    26

Elapsed time is 312.644418 seconds.

chan =

    27

Elapsed time is 311.382330 seconds.

chan =

    28

Elapsed time is 302.769188 seconds.

chan =

    29

Elapsed time is 308.667151 seconds.

chan =

    30

Elapsed time is 297.414182 seconds.

chan =

    31

Elapsed time is 296.356198 seconds.

chan =

    32

Elapsed time is 305.497261 seconds.

chan =

    33

Elapsed time is 290.869608 seconds.

chan =

    34

Elapsed time is 302.417659 seconds.

chan =

    35

Elapsed time is 301.255788 seconds.

chan =

    36

Elapsed time is 296.626527 seconds.

chan =

    37

Elapsed time is 281.318976 seconds.

chan =

    38

Elapsed time is 272.174416 seconds.

chan =

    39

Elapsed time is 288.449799 seconds.

chan =

    40

Elapsed time is 285.841364 seconds.

chan =

    41

Elapsed time is 287.268781 seconds.

chan =

    42

Elapsed time is 278.227532 seconds.

chan =

    43

Elapsed time is 269.017054 seconds.

chan =

    44

Elapsed time is 265.407943 seconds.

chan =

    45

Elapsed time is 270.616112 seconds.

chan =

    46

Elapsed time is 282.134781 seconds.

chan =

    47

Elapsed time is 269.927751 seconds.

chan =

    48

Elapsed time is 272.524623 seconds.

chan =

    49

Elapsed time is 283.843726 seconds.

chan =

    50

Elapsed time is 279.447882 seconds.

chan =

    51

Elapsed time is 295.796631 seconds.

chan =

    52

Elapsed time is 289.549842 seconds.

chan =

    53

Elapsed time is 282.252776 seconds.

chan =

    54

Elapsed time is 289.076570 seconds.

chan =

    55

Elapsed time is 282.528385 seconds.

chan =

    56

Elapsed time is 289.849339 seconds.

chan =

    57

Elapsed time is 287.257390 seconds.

chan =

    58

Elapsed time is 292.902588 seconds.

chan =

    59

Elapsed time is 292.057595 seconds.

chan =

    60

Elapsed time is 269.360140 seconds.

chan =

    61

Elapsed time is 278.743326 seconds.

chan =

    62

Elapsed time is 285.922841 seconds.

chan =

    63

Elapsed time is 283.417336 seconds.

chan =

    64

Elapsed time is 272.802414 seconds.

chan =

    65

Elapsed time is 275.801645 seconds.

chan =

    66

Elapsed time is 252.765613 seconds.

chan =

    67

Elapsed time is 269.802066 seconds.

chan =

    68

Elapsed time is 289.750876 seconds.

chan =

    69

Elapsed time is 276.559171 seconds.

chan =

    70

Elapsed time is 284.507681 seconds.

chan =

    71

Elapsed time is 280.537668 seconds.

chan =

    72

Elapsed time is 255.251592 seconds.

chan =

    73

Elapsed time is 283.264283 seconds.

chan =

    74

Elapsed time is 274.685252 seconds.

chan =

    75

Elapsed time is 280.803745 seconds.

chan =

    76

Elapsed time is 279.157149 seconds.

chan =

    77

Elapsed time is 268.144938 seconds.

chan =

    78

Elapsed time is 282.693718 seconds.

chan =

    79

Elapsed time is 281.114877 seconds.

chan =

    80

Elapsed time is 284.573915 seconds.

chan =

    81

Elapsed time is 286.085272 seconds.

chan =

    82

Elapsed time is 260.307295 seconds.

chan =

    83

Elapsed time is 288.198151 seconds.

chan =

    84

Elapsed time is 281.836139 seconds.

chan =

    85

Elapsed time is 285.356935 seconds.

chan =

    86

Elapsed time is 282.318659 seconds.

chan =

    87

Elapsed time is 248.798426 seconds.

chan =

    88

Elapsed time is 265.249863 seconds.

chan =

    89

Elapsed time is 284.930312 seconds.

chan =

    90

Elapsed time is 287.997042 seconds.

chan =

    91

Elapsed time is 279.861036 seconds.

chan =

    92

Elapsed time is 271.508259 seconds.

chan =

    93

Elapsed time is 292.137251 seconds.

chan =

    94

Elapsed time is 283.521490 seconds.

chan =

    95

Elapsed time is 285.923931 seconds.

chan =

    96

Elapsed time is 298.079262 seconds.

chan =

    97

Elapsed time is 279.240372 seconds.

chan =

    98

Elapsed time is 297.388023 seconds.

chan =

    99

Elapsed time is 293.903546 seconds.

chan =

   100

Elapsed time is 296.163593 seconds.

chan =

   101

Elapsed time is 303.175209 seconds.

chan =

   102

Elapsed time is 279.962931 seconds.

chan =

   103

Elapsed time is 293.742196 seconds.

chan =

   104

Elapsed time is 294.808606 seconds.

chan =

   105

Elapsed time is 286.504675 seconds.

chan =

   106

Elapsed time is 287.982646 seconds.

