getting started: 2980
attempting file: 2980
going for OH30 79
data loaded: OH30 79
HFB already done

chan =

     1

Elapsed time is 467.479599 seconds.

chan =

     2

Elapsed time is 404.470149 seconds.

chan =

     3

Elapsed time is 433.993251 seconds.

chan =

     4

Elapsed time is 449.982432 seconds.

chan =

     5

Elapsed time is 444.359240 seconds.

chan =

     6

Elapsed time is 454.083725 seconds.

chan =

     7

Elapsed time is 449.973180 seconds.

chan =

     8

Elapsed time is 449.672941 seconds.

chan =

     9

Elapsed time is 440.797335 seconds.

chan =

    10

Elapsed time is 439.011706 seconds.

chan =

    11

Elapsed time is 442.433723 seconds.

chan =

    12

Elapsed time is 448.779469 seconds.

chan =

    13

Elapsed time is 443.330264 seconds.

chan =

    14

Elapsed time is 448.023574 seconds.

chan =

    15

Elapsed time is 439.638042 seconds.

chan =

    16

Elapsed time is 449.225602 seconds.

chan =

    17

Elapsed time is 433.127029 seconds.

chan =

    18

Elapsed time is 419.885819 seconds.

chan =

    19

Elapsed time is 430.170095 seconds.

chan =

    20

Elapsed time is 425.351906 seconds.

chan =

    21

Elapsed time is 425.746755 seconds.

chan =

    22

Elapsed time is 418.014724 seconds.

chan =

    23

Elapsed time is 420.327988 seconds.

chan =

    24

Elapsed time is 427.183166 seconds.

chan =

    25

Elapsed time is 423.447243 seconds.

chan =

    26

Elapsed time is 418.126270 seconds.

chan =

    27

Elapsed time is 423.778004 seconds.

chan =

    28

Elapsed time is 423.691138 seconds.

chan =

    29

Elapsed time is 428.017995 seconds.

chan =

    30

Elapsed time is 427.055503 seconds.

chan =

    31

Elapsed time is 430.747251 seconds.

chan =

    32

Elapsed time is 423.978686 seconds.

chan =

    33

Elapsed time is 421.872137 seconds.

chan =

    34

Elapsed time is 430.218689 seconds.

chan =

    35

Elapsed time is 419.904683 seconds.

chan =

    36

Elapsed time is 431.341650 seconds.

chan =

    37

Elapsed time is 430.033510 seconds.

chan =

    38

Elapsed time is 430.725366 seconds.

chan =

    39

Elapsed time is 417.182853 seconds.

chan =

    40

Elapsed time is 421.574945 seconds.

chan =

    41

Elapsed time is 434.053687 seconds.

chan =

    42

Elapsed time is 425.605123 seconds.

chan =

    43

Elapsed time is 429.022366 seconds.

chan =

    44

Elapsed time is 427.122529 seconds.

chan =

    45

Elapsed time is 425.564638 seconds.

chan =

    46

Elapsed time is 413.765806 seconds.

chan =

    47

Elapsed time is 416.205559 seconds.

chan =

    48

Elapsed time is 412.778210 seconds.

chan =

    49

Elapsed time is 417.036508 seconds.

chan =

    50

Elapsed time is 409.657212 seconds.

chan =

    51

Elapsed time is 405.776853 seconds.

chan =

    52

Elapsed time is 403.613628 seconds.

chan =

    53

Elapsed time is 409.676114 seconds.

chan =

    54

Elapsed time is 413.579711 seconds.

chan =

    55

Elapsed time is 408.157608 seconds.

chan =

    56

Elapsed time is 408.867908 seconds.

chan =

    57

Elapsed time is 409.497180 seconds.

chan =

    58

Elapsed time is 409.814569 seconds.

chan =

    59

Elapsed time is 412.890323 seconds.

chan =

    60

Elapsed time is 407.415442 seconds.

chan =

    61

Elapsed time is 403.234372 seconds.

chan =

    62

Elapsed time is 400.619847 seconds.

chan =

    63

Elapsed time is 394.953830 seconds.

chan =

    64

Elapsed time is 399.007588 seconds.

chan =

    65

Elapsed time is 399.062753 seconds.

chan =

    66

Elapsed time is 401.490943 seconds.

chan =

    67

Elapsed time is 399.659972 seconds.

chan =

    68

Elapsed time is 398.035756 seconds.

chan =

    69

Elapsed time is 397.975444 seconds.

chan =

    70

Elapsed time is 406.855002 seconds.

chan =

    71

Elapsed time is 402.434589 seconds.

chan =

    72

Elapsed time is 408.846798 seconds.

chan =

    73

Elapsed time is 389.980626 seconds.

chan =

    74

Elapsed time is 401.146294 seconds.

chan =

    75

Elapsed time is 393.306783 seconds.

chan =

    76

Elapsed time is 411.403767 seconds.

chan =

    77

Elapsed time is 420.666410 seconds.

chan =

    78

Elapsed time is 397.600986 seconds.

chan =

    79

Elapsed time is 402.962481 seconds.

chan =

    80

Elapsed time is 396.314895 seconds.

chan =

    81

Elapsed time is 393.671567 seconds.

chan =

    82

Elapsed time is 392.749959 seconds.

chan =

    83

Elapsed time is 366.812631 seconds.

chan =

    84

Elapsed time is 380.797233 seconds.

chan =

    85

Elapsed time is 375.636003 seconds.

chan =

    86

Elapsed time is 368.265775 seconds.

chan =

    87

Elapsed time is 370.559784 seconds.

chan =

    88

Elapsed time is 378.610899 seconds.

chan =

    89

Elapsed time is 372.109392 seconds.

chan =

    90

Elapsed time is 374.457425 seconds.

chan =

    91

Elapsed time is 368.494425 seconds.

chan =

    92

Elapsed time is 372.836583 seconds.

chan =

    93

Elapsed time is 361.682299 seconds.

chan =

    94

Elapsed time is 363.772927 seconds.

chan =

    95

Elapsed time is 385.139525 seconds.

chan =

    96

Elapsed time is 629.738303 seconds.

chan =

    97

Elapsed time is 580.852044 seconds.

chan =

    98

Elapsed time is 373.449007 seconds.

chan =

    99

Elapsed time is 456.656966 seconds.

chan =

   100

Elapsed time is 633.878059 seconds.

chan =

   101

Elapsed time is 624.498186 seconds.

chan =

   102

Elapsed time is 615.500335 seconds.

chan =

   103

Elapsed time is 627.962542 seconds.

chan =

   104

Elapsed time is 613.874671 seconds.

chan =

   105

Elapsed time is 618.946126 seconds.

chan =

   106

Elapsed time is 634.330467 seconds.

chan =

   107

Elapsed time is 597.484100 seconds.

chan =

   108

Elapsed time is 615.277382 seconds.

chan =

   109

Elapsed time is 630.252295 seconds.

chan =

   110

Elapsed time is 604.026901 seconds.

chan =

   111

Elapsed time is 620.068244 seconds.

chan =

   112

Elapsed time is 613.268328 seconds.

chan =

   113

Elapsed time is 619.962050 seconds.

chan =

   114

Elapsed time is 630.771507 seconds.

chan =

   115

Elapsed time is 617.596867 seconds.

chan =

   116

Elapsed time is 624.778342 seconds.

chan =

   117

Elapsed time is 623.572496 seconds.

chan =

   118

Elapsed time is 640.505266 seconds.

chan =

   119

Elapsed time is 631.099843 seconds.

chan =

   120

Elapsed time is 637.001529 seconds.

chan =

   121

Elapsed time is 634.447920 seconds.

chan =

   122

Elapsed time is 620.841197 seconds.

chan =

   123

Elapsed time is 424.585364 seconds.

chan =

   124

Elapsed time is 370.860022 seconds.

chan =

   125

Elapsed time is 377.722742 seconds.

chan =

   126

Elapsed time is 373.767806 seconds.

chan =

   127

Elapsed time is 370.020312 seconds.

chan =

   128

Elapsed time is 378.737751 seconds.

chan =

   129

Elapsed time is 376.524870 seconds.

chan =

   130

Elapsed time is 370.380057 seconds.

chan =

   131

Elapsed time is 363.094094 seconds.

chan =

   132

Elapsed time is 374.109319 seconds.

chan =

   133

Elapsed time is 375.383683 seconds.

chan =

   134

Elapsed time is 376.317620 seconds.

chan =

   135

Elapsed time is 376.474316 seconds.

chan =

   136

Elapsed time is 373.737792 seconds.

chan =

   137

Elapsed time is 368.109949 seconds.

chan =

   138

Elapsed time is 378.866626 seconds.

chan =

   139

Elapsed time is 379.775199 seconds.
attempting saving
save success: /projects/p31578/dtf8829/QuestConnect/CHANDAT/chanDat_OH30_079.mat
working on TF
encoding done
encoding RT done
