getting started: 2832
attempting file: 2832
going for OH27 38
data loaded: OH27 38
HFB already done

chan =

     1

Elapsed time is 271.473392 seconds.

chan =

     2

Elapsed time is 269.064914 seconds.

chan =

     3

Elapsed time is 267.667236 seconds.

chan =

     4

Elapsed time is 264.203334 seconds.

chan =

     5

Elapsed time is 269.534158 seconds.

chan =

     6

Elapsed time is 269.979574 seconds.

chan =

     7

Elapsed time is 272.616569 seconds.

chan =

     8

Elapsed time is 272.346157 seconds.

chan =

     9

Elapsed time is 270.416905 seconds.

chan =

    10

Elapsed time is 273.724026 seconds.

chan =

    11

Elapsed time is 274.247549 seconds.

chan =

    12

Elapsed time is 274.441446 seconds.

chan =

    13

Elapsed time is 272.635705 seconds.

chan =

    14

Elapsed time is 265.554129 seconds.

chan =

    15

Elapsed time is 273.870853 seconds.

chan =

    16

Elapsed time is 271.745562 seconds.

chan =

    17

Elapsed time is 271.629491 seconds.

chan =

    18

Elapsed time is 272.062642 seconds.

chan =

    19

Elapsed time is 269.323573 seconds.

chan =

    20

Elapsed time is 272.931839 seconds.

chan =

    21

Elapsed time is 272.567018 seconds.

chan =

    22

Elapsed time is 272.263122 seconds.

chan =

    23

Elapsed time is 271.822169 seconds.

chan =

    24

Elapsed time is 269.307702 seconds.

chan =

    25

Elapsed time is 270.462940 seconds.

chan =

    26

Elapsed time is 269.363933 seconds.

chan =

    27

Elapsed time is 271.635264 seconds.

chan =

    28

Elapsed time is 274.199848 seconds.

chan =

    29

Elapsed time is 266.752536 seconds.

chan =

    30

Elapsed time is 270.895850 seconds.

chan =

    31

Elapsed time is 264.951972 seconds.

chan =

    32

Elapsed time is 264.279716 seconds.

chan =

    33

Elapsed time is 260.742107 seconds.

chan =

    34

Elapsed time is 266.943588 seconds.

chan =

    35

Elapsed time is 274.281050 seconds.

chan =

    36

Elapsed time is 268.493293 seconds.

chan =

    37

Elapsed time is 259.903333 seconds.

chan =

    38

Elapsed time is 273.543946 seconds.

chan =

    39

Elapsed time is 269.641759 seconds.

chan =

    40

Elapsed time is 271.796970 seconds.

chan =

    41

Elapsed time is 269.770636 seconds.

chan =

    42

Elapsed time is 267.547790 seconds.

chan =

    43

Elapsed time is 263.608264 seconds.

chan =

    44

Elapsed time is 270.052853 seconds.

chan =

    45

Elapsed time is 272.060411 seconds.

chan =

    46

Elapsed time is 263.109393 seconds.

chan =

    47

Elapsed time is 273.200428 seconds.

chan =

    48

Elapsed time is 264.531838 seconds.

chan =

    49

Elapsed time is 265.472183 seconds.

chan =

    50

Elapsed time is 261.914615 seconds.

chan =

    51

Elapsed time is 257.279345 seconds.

chan =

    52

Elapsed time is 256.922093 seconds.

chan =

    53

Elapsed time is 250.622134 seconds.

chan =

    54

Elapsed time is 254.904478 seconds.

chan =

    55

Elapsed time is 256.655014 seconds.

chan =

    56

Elapsed time is 257.702431 seconds.

chan =

    57

Elapsed time is 255.894357 seconds.

chan =

    58

Elapsed time is 258.448271 seconds.

chan =

    59

Elapsed time is 260.840826 seconds.

chan =

    60

Elapsed time is 269.099082 seconds.

chan =

    61

Elapsed time is 271.119592 seconds.

chan =

    62

Elapsed time is 272.542207 seconds.

chan =

    63

Elapsed time is 265.106148 seconds.

chan =

    64

Elapsed time is 261.170681 seconds.

chan =

    65

Elapsed time is 249.603557 seconds.

chan =

    66

Elapsed time is 244.432796 seconds.

chan =

    67

Elapsed time is 239.282690 seconds.

chan =

    68

Elapsed time is 245.068980 seconds.

chan =

    69

Elapsed time is 256.164882 seconds.

chan =

    70

Elapsed time is 249.838836 seconds.

chan =

    71

Elapsed time is 253.890168 seconds.

chan =

    72

Elapsed time is 256.359359 seconds.

chan =

    73

Elapsed time is 242.326830 seconds.

chan =

    74

Elapsed time is 254.275898 seconds.

chan =

    75

Elapsed time is 254.052736 seconds.

chan =

    76

Elapsed time is 236.959007 seconds.

chan =

    77

Elapsed time is 253.890454 seconds.

chan =

    78

Elapsed time is 252.559236 seconds.

chan =

    79

Elapsed time is 238.922157 seconds.

chan =

    80

Elapsed time is 256.490982 seconds.

chan =

    81

Elapsed time is 252.528795 seconds.

chan =

    82

Elapsed time is 252.007327 seconds.

chan =

    83

Elapsed time is 256.394966 seconds.

chan =

    84

Elapsed time is 243.692831 seconds.

chan =

    85

Elapsed time is 255.808129 seconds.

chan =

    86

Elapsed time is 255.590139 seconds.

chan =

    87

Elapsed time is 239.591804 seconds.

chan =

    88

Elapsed time is 251.939824 seconds.

chan =

    89

Elapsed time is 249.118821 seconds.

chan =

    90

Elapsed time is 251.121274 seconds.

chan =

    91

Elapsed time is 254.691024 seconds.

chan =

    92

Elapsed time is 246.484912 seconds.

chan =

    93

Elapsed time is 254.298556 seconds.

chan =

    94

Elapsed time is 253.729962 seconds.

chan =

    95

Elapsed time is 251.436437 seconds.

chan =

    96

Elapsed time is 252.443972 seconds.

chan =

    97

Elapsed time is 243.257731 seconds.

chan =

    98

Elapsed time is 246.756575 seconds.

chan =

    99

Elapsed time is 248.465125 seconds.

chan =

   100

Elapsed time is 244.576678 seconds.

chan =

   101

Elapsed time is 255.597644 seconds.

chan =

   102

Elapsed time is 256.538640 seconds.

chan =

   103

Elapsed time is 240.453366 seconds.

chan =

   104

Elapsed time is 253.969895 seconds.

chan =

   105

Elapsed time is 251.418231 seconds.

chan =

   106

Elapsed time is 255.731127 seconds.

