getting started: 2876
attempting file: 2876
going for OH27 82
data loaded: OH27 82
HFB already done

chan =

     1

Elapsed time is 253.658620 seconds.

chan =

     2

Elapsed time is 261.279410 seconds.

chan =

     3

Elapsed time is 254.812393 seconds.

chan =

     4

Elapsed time is 254.767654 seconds.

chan =

     5

Elapsed time is 255.963387 seconds.

chan =

     6

Elapsed time is 256.734217 seconds.

chan =

     7

Elapsed time is 250.912853 seconds.

chan =

     8

Elapsed time is 260.737522 seconds.

chan =

     9

Elapsed time is 260.165398 seconds.

chan =

    10

Elapsed time is 258.331518 seconds.

chan =

    11

Elapsed time is 258.171948 seconds.

chan =

    12

Elapsed time is 258.632007 seconds.

chan =

    13

Elapsed time is 257.238407 seconds.

chan =

    14

Elapsed time is 257.915192 seconds.

chan =

    15

Elapsed time is 257.486110 seconds.

chan =

    16

Elapsed time is 256.702493 seconds.

chan =

    17

Elapsed time is 255.354003 seconds.

chan =

    18

Elapsed time is 257.926050 seconds.

chan =

    19

Elapsed time is 256.035130 seconds.

chan =

    20

Elapsed time is 257.735588 seconds.

chan =

    21

Elapsed time is 252.618165 seconds.

chan =

    22

Elapsed time is 248.426810 seconds.

chan =

    23

Elapsed time is 240.403557 seconds.

chan =

    24

Elapsed time is 235.453787 seconds.

chan =

    25

Elapsed time is 228.315321 seconds.

chan =

    26

Elapsed time is 217.474613 seconds.

chan =

    27

Elapsed time is 210.865672 seconds.

chan =

    28

Elapsed time is 206.466194 seconds.

chan =

    29

Elapsed time is 202.492140 seconds.

chan =

    30

Elapsed time is 223.670975 seconds.

chan =

    31

Elapsed time is 250.413158 seconds.

chan =

    32

Elapsed time is 262.837511 seconds.

chan =

    33

Elapsed time is 254.637841 seconds.

chan =

    34

Elapsed time is 254.108834 seconds.

chan =

    35

Elapsed time is 248.039765 seconds.

chan =

    36

Elapsed time is 234.783384 seconds.

chan =

    37

Elapsed time is 245.286995 seconds.

chan =

    38

Elapsed time is 251.190043 seconds.

chan =

    39

Elapsed time is 241.061029 seconds.

chan =

    40

Elapsed time is 243.902023 seconds.

chan =

    41

Elapsed time is 235.893582 seconds.

chan =

    42

Elapsed time is 220.224988 seconds.

chan =

    43

Elapsed time is 223.428355 seconds.

chan =

    44

Elapsed time is 236.848718 seconds.

chan =

    45

Elapsed time is 218.903330 seconds.

chan =

    46

Elapsed time is 228.166700 seconds.

chan =

    47

Elapsed time is 242.517220 seconds.

chan =

    48

Elapsed time is 242.701410 seconds.

chan =

    49

Elapsed time is 235.143125 seconds.

chan =

    50

Elapsed time is 235.376016 seconds.

chan =

    51

Elapsed time is 214.979401 seconds.

chan =

    52

Elapsed time is 214.760301 seconds.

chan =

    53

Elapsed time is 208.792559 seconds.

chan =

    54

Elapsed time is 189.885527 seconds.

chan =

    55

Elapsed time is 191.124160 seconds.

chan =

    56

Elapsed time is 190.025424 seconds.

chan =

    57

Elapsed time is 189.351990 seconds.

chan =

    58

Elapsed time is 190.912966 seconds.

chan =

    59

Elapsed time is 191.454814 seconds.

chan =

    60

Elapsed time is 191.081108 seconds.

chan =

    61

Elapsed time is 191.717102 seconds.

chan =

    62

Elapsed time is 190.311606 seconds.

chan =

    63

Elapsed time is 191.015586 seconds.

chan =

    64

Elapsed time is 189.920107 seconds.

chan =

    65

Elapsed time is 188.641710 seconds.

chan =

    66

Elapsed time is 191.687751 seconds.

chan =

    67

Elapsed time is 191.441251 seconds.

chan =

    68

Elapsed time is 192.512068 seconds.

chan =

    69

Elapsed time is 189.726325 seconds.

chan =

    70

Elapsed time is 190.401605 seconds.

chan =

    71

Elapsed time is 190.998647 seconds.

chan =

    72

Elapsed time is 192.328118 seconds.

chan =

    73

Elapsed time is 188.786108 seconds.

chan =

    74

Elapsed time is 189.228556 seconds.

chan =

    75

Elapsed time is 187.470178 seconds.

chan =

    76

Elapsed time is 187.598420 seconds.

chan =

    77

Elapsed time is 187.395431 seconds.

chan =

    78

Elapsed time is 188.915698 seconds.

chan =

    79

Elapsed time is 189.656658 seconds.

chan =

    80

Elapsed time is 187.534096 seconds.

chan =

    81

Elapsed time is 188.383962 seconds.

chan =

    82

Elapsed time is 187.320421 seconds.

chan =

    83

Elapsed time is 188.818757 seconds.

chan =

    84

Elapsed time is 187.260017 seconds.

chan =

    85

Elapsed time is 186.734857 seconds.

chan =

    86

Elapsed time is 187.371698 seconds.

chan =

    87

Elapsed time is 188.311091 seconds.

chan =

    88

Elapsed time is 186.331836 seconds.

chan =

    89

Elapsed time is 187.717009 seconds.

chan =

    90

Elapsed time is 186.426142 seconds.

chan =

    91

Elapsed time is 186.608540 seconds.

chan =

    92

Elapsed time is 185.632754 seconds.

chan =

    93

Elapsed time is 188.391698 seconds.

chan =

    94

Elapsed time is 186.185785 seconds.

chan =

    95

Elapsed time is 187.168991 seconds.

chan =

    96

Elapsed time is 185.737512 seconds.

chan =

    97

Elapsed time is 188.559726 seconds.

chan =

    98

Elapsed time is 185.157535 seconds.

chan =

    99

Elapsed time is 184.596003 seconds.

chan =

   100

Elapsed time is 183.974710 seconds.

chan =

   101

Elapsed time is 189.424159 seconds.

chan =

   102

Elapsed time is 187.125963 seconds.

chan =

   103

Elapsed time is 246.289619 seconds.

chan =

   104

Elapsed time is 291.677354 seconds.

chan =

   105

Elapsed time is 288.757888 seconds.

chan =

   106

Elapsed time is 290.143419 seconds.

