getting started: 2935
attempting file: 2935
going for OH30 34
data loaded: OH30 34
HFB already done

chan =

     1

Elapsed time is 542.167528 seconds.

chan =

     2

Elapsed time is 546.838378 seconds.

chan =

     3

Elapsed time is 579.791837 seconds.

chan =

     4

Elapsed time is 576.206765 seconds.

chan =

     5

Elapsed time is 584.324356 seconds.

chan =

     6

Elapsed time is 571.459146 seconds.

chan =

     7

Elapsed time is 579.474629 seconds.

chan =

     8

Elapsed time is 579.747386 seconds.

chan =

     9

Elapsed time is 580.275640 seconds.

chan =

    10

Elapsed time is 575.407911 seconds.

chan =

    11

Elapsed time is 569.710754 seconds.

chan =

    12

Elapsed time is 576.671891 seconds.

chan =

    13

Elapsed time is 574.700829 seconds.

chan =

    14

Elapsed time is 568.797626 seconds.

chan =

    15

Elapsed time is 574.833989 seconds.

chan =

    16

Elapsed time is 573.298994 seconds.

chan =

    17

Elapsed time is 551.105802 seconds.

chan =

    18

Elapsed time is 576.276143 seconds.

chan =

    19

Elapsed time is 578.380400 seconds.

chan =

    20

Elapsed time is 575.541561 seconds.

chan =

    21

Elapsed time is 570.015219 seconds.

chan =

    22

Elapsed time is 570.990041 seconds.

chan =

    23

Elapsed time is 576.422802 seconds.

chan =

    24

Elapsed time is 571.038648 seconds.

chan =

    25

Elapsed time is 569.142360 seconds.

chan =

    26

Elapsed time is 574.001895 seconds.

chan =

    27

Elapsed time is 573.081163 seconds.

chan =

    28

Elapsed time is 576.369914 seconds.

chan =

    29

Elapsed time is 572.027226 seconds.

chan =

    30

Elapsed time is 567.610725 seconds.

chan =

    31

Elapsed time is 576.483726 seconds.

chan =

    32

Elapsed time is 568.135872 seconds.

chan =

    33

Elapsed time is 562.767661 seconds.

chan =

    34

Elapsed time is 574.980300 seconds.

chan =

    35

Elapsed time is 569.901313 seconds.

chan =

    36

Elapsed time is 552.729552 seconds.

chan =

    37

Elapsed time is 574.048082 seconds.

chan =

    38

Elapsed time is 576.103407 seconds.

chan =

    39

Elapsed time is 567.791096 seconds.

chan =

    40

Elapsed time is 575.152177 seconds.

chan =

    41

Elapsed time is 570.286248 seconds.

chan =

    42

Elapsed time is 574.591541 seconds.

chan =

    43

Elapsed time is 573.200616 seconds.

chan =

    44

Elapsed time is 569.888125 seconds.

chan =

    45

Elapsed time is 571.653286 seconds.

chan =

    46

Elapsed time is 575.086844 seconds.

chan =

    47

Elapsed time is 569.515959 seconds.

chan =

    48

Elapsed time is 569.721865 seconds.

chan =

    49

Elapsed time is 576.256670 seconds.

chan =

    50

Elapsed time is 576.777392 seconds.

chan =

    51

Elapsed time is 577.251383 seconds.

chan =

    52

Elapsed time is 568.867922 seconds.

chan =

    53

Elapsed time is 524.538330 seconds.

chan =

    54

Elapsed time is 487.141947 seconds.

chan =

    55

Elapsed time is 443.597634 seconds.

chan =

    56

Elapsed time is 486.190200 seconds.

chan =

    57

Elapsed time is 505.502829 seconds.

chan =

    58

Elapsed time is 504.964765 seconds.

chan =

    59

Elapsed time is 504.589986 seconds.

chan =

    60

Elapsed time is 501.128635 seconds.

chan =

    61

Elapsed time is 462.441151 seconds.

chan =

    62

Elapsed time is 445.152155 seconds.

chan =

    63

Elapsed time is 490.084052 seconds.

chan =

    64

Elapsed time is 491.930124 seconds.

chan =

    65

Elapsed time is 478.210729 seconds.

chan =

    66

Elapsed time is 484.998147 seconds.

chan =

    67

Elapsed time is 482.191168 seconds.

chan =

    68

Elapsed time is 469.750424 seconds.

chan =

    69

Elapsed time is 485.518344 seconds.

chan =

    70

Elapsed time is 485.475539 seconds.

chan =

    71

Elapsed time is 477.868745 seconds.

chan =

    72

Elapsed time is 486.713134 seconds.

chan =

    73

Elapsed time is 483.258246 seconds.

chan =

    74

Elapsed time is 477.851686 seconds.

chan =

    75

Elapsed time is 485.284593 seconds.

chan =

    76

Elapsed time is 479.211441 seconds.

chan =

    77

Elapsed time is 475.608473 seconds.

chan =

    78

Elapsed time is 489.063840 seconds.

chan =

    79

Elapsed time is 479.556898 seconds.

chan =

    80

Elapsed time is 484.555826 seconds.

chan =

    81

Elapsed time is 486.215181 seconds.

chan =

    82

Elapsed time is 480.053155 seconds.

chan =

    83

Elapsed time is 485.742074 seconds.

chan =

    84

Elapsed time is 488.279134 seconds.

chan =

    85

Elapsed time is 476.052542 seconds.

chan =

    86

Elapsed time is 486.867930 seconds.

chan =

    87

Elapsed time is 485.692185 seconds.

chan =

    88

Elapsed time is 479.474511 seconds.

chan =

    89

Elapsed time is 488.786551 seconds.

chan =

    90

Elapsed time is 480.220620 seconds.

chan =

    91

Elapsed time is 478.513650 seconds.

chan =

    92

Elapsed time is 486.313659 seconds.

chan =

    93

Elapsed time is 474.459115 seconds.

chan =

    94

Elapsed time is 487.124503 seconds.

chan =

    95

Elapsed time is 498.293782 seconds.

chan =

    96

Elapsed time is 503.235685 seconds.

chan =

    97

Elapsed time is 505.804141 seconds.

chan =

    98

Elapsed time is 508.154134 seconds.

chan =

    99

Elapsed time is 506.079605 seconds.

chan =

   100

Elapsed time is 503.797447 seconds.

chan =

   101

Elapsed time is 504.015029 seconds.

chan =

   102

Elapsed time is 505.686315 seconds.

chan =

   103

Elapsed time is 506.078930 seconds.

chan =

   104

Elapsed time is 505.018314 seconds.

chan =

   105

Elapsed time is 507.744413 seconds.

chan =

   106

Elapsed time is 508.495718 seconds.

chan =

   107

Elapsed time is 505.198262 seconds.

chan =

   108

Elapsed time is 504.315529 seconds.

chan =

   109

Elapsed time is 503.112071 seconds.

chan =

   110

Elapsed time is 506.310629 seconds.

chan =

   111

Elapsed time is 504.094086 seconds.

chan =

   112

Elapsed time is 506.361055 seconds.

chan =

   113

Elapsed time is 506.754494 seconds.

chan =

   114

Elapsed time is 507.153044 seconds.

chan =

   115

Elapsed time is 503.267393 seconds.

chan =

   116

Elapsed time is 491.069926 seconds.

chan =

   117

Elapsed time is 489.533886 seconds.

chan =

   118

Elapsed time is 488.097979 seconds.

chan =

   119

Elapsed time is 492.125769 seconds.

chan =

   120

Elapsed time is 499.701349 seconds.

chan =

   121

Elapsed time is 505.119155 seconds.

chan =

   122

Elapsed time is 506.631430 seconds.

chan =

   123

Elapsed time is 502.861691 seconds.

chan =

   124

Elapsed time is 503.634611 seconds.

chan =

   125

Elapsed time is 505.070201 seconds.

chan =

   126

Elapsed time is 506.680554 seconds.

chan =

   127

Elapsed time is 503.767673 seconds.

chan =

   128

Elapsed time is 503.688657 seconds.

chan =

   129

Elapsed time is 503.526582 seconds.

chan =

   130

