getting started: 2712
attempting file: 2712
going for NM04 75
data loaded: NM04 75
HFB already done

chan =

     1

Elapsed time is 283.423825 seconds.

chan =

     2

Elapsed time is 284.598079 seconds.

chan =

     3

Elapsed time is 283.508203 seconds.

chan =

     4

Elapsed time is 285.143975 seconds.

chan =

     5

Elapsed time is 288.487947 seconds.

chan =

     6

Elapsed time is 285.094556 seconds.

chan =

     7

Elapsed time is 292.582581 seconds.

chan =

     8

Elapsed time is 296.497770 seconds.

chan =

     9

Elapsed time is 294.227375 seconds.

chan =

    10

Elapsed time is 293.386754 seconds.

chan =

    11

Elapsed time is 292.427162 seconds.

chan =

    12

Elapsed time is 292.854642 seconds.

chan =

    13

Elapsed time is 292.269849 seconds.

chan =

    14

Elapsed time is 288.042348 seconds.

chan =

    15

Elapsed time is 281.855382 seconds.

chan =

    16

Elapsed time is 280.638197 seconds.

chan =

    17

Elapsed time is 280.633152 seconds.

chan =

    18

Elapsed time is 280.273261 seconds.

chan =

    19

Elapsed time is 282.015399 seconds.

chan =

    20

Elapsed time is 282.951358 seconds.

chan =

    21

Elapsed time is 283.359427 seconds.

chan =

    22

Elapsed time is 281.230906 seconds.

chan =

    23

Elapsed time is 283.445973 seconds.

chan =

    24

Elapsed time is 280.589317 seconds.

chan =

    25

Elapsed time is 280.555067 seconds.

chan =

    26

Elapsed time is 280.352059 seconds.

chan =

    27

Elapsed time is 294.570702 seconds.

chan =

    28

Elapsed time is 302.234485 seconds.

chan =

    29

Elapsed time is 303.564594 seconds.

chan =

    30

Elapsed time is 299.229016 seconds.

chan =

    31

Elapsed time is 301.351499 seconds.

chan =

    32

Elapsed time is 301.743824 seconds.

chan =

    33

Elapsed time is 301.179333 seconds.

chan =

    34

Elapsed time is 293.270087 seconds.

chan =

    35

Elapsed time is 301.396300 seconds.

chan =

    36

Elapsed time is 297.773056 seconds.

chan =

    37

Elapsed time is 295.437889 seconds.

chan =

    38

Elapsed time is 284.117342 seconds.

chan =

    39

Elapsed time is 295.160834 seconds.

chan =

    40

Elapsed time is 293.327307 seconds.

chan =

    41

Elapsed time is 274.526108 seconds.

chan =

    42

Elapsed time is 292.661953 seconds.

chan =

    43

Elapsed time is 292.221333 seconds.

chan =

    44

Elapsed time is 290.689810 seconds.

chan =

    45

Elapsed time is 286.135932 seconds.

chan =

    46

Elapsed time is 283.430818 seconds.

chan =

    47

Elapsed time is 275.225466 seconds.

chan =

    48

Elapsed time is 274.321322 seconds.

chan =

    49

Elapsed time is 270.005521 seconds.

chan =

    50

Elapsed time is 255.055130 seconds.

chan =

    51

Elapsed time is 256.656779 seconds.

chan =

    52

Elapsed time is 248.901286 seconds.

chan =

    53

Elapsed time is 237.277754 seconds.

chan =

    54

Elapsed time is 232.784000 seconds.

chan =

    55

Elapsed time is 232.771753 seconds.

chan =

    56

Elapsed time is 232.288653 seconds.

chan =

    57

Elapsed time is 233.965052 seconds.

chan =

    58

Elapsed time is 231.305203 seconds.

chan =

    59

Elapsed time is 246.846963 seconds.

chan =

    60

Elapsed time is 233.284118 seconds.

chan =

    61

Elapsed time is 231.873874 seconds.

chan =

    62

Elapsed time is 238.040626 seconds.

chan =

    63

Elapsed time is 247.512325 seconds.

chan =

    64

Elapsed time is 245.843927 seconds.

chan =

    65

Elapsed time is 248.228818 seconds.

chan =

    66

Elapsed time is 247.306208 seconds.

chan =

    67

Elapsed time is 248.227834 seconds.

chan =

    68

Elapsed time is 246.797491 seconds.

chan =

    69

Elapsed time is 248.226954 seconds.

chan =

    70

Elapsed time is 248.733641 seconds.

chan =

    71

Elapsed time is 248.478690 seconds.

chan =

    72

Elapsed time is 246.338600 seconds.

chan =

    73

Elapsed time is 246.407278 seconds.

chan =

    74

Elapsed time is 245.644922 seconds.

chan =

    75

Elapsed time is 246.799653 seconds.

chan =

    76

Elapsed time is 245.380641 seconds.

chan =

    77

Elapsed time is 243.585852 seconds.

chan =

    78

Elapsed time is 232.664068 seconds.

chan =

    79

Elapsed time is 233.911709 seconds.

chan =

    80

Elapsed time is 234.534889 seconds.

chan =

    81

Elapsed time is 236.109603 seconds.

chan =

    82

Elapsed time is 236.118555 seconds.

chan =

    83

Elapsed time is 238.735155 seconds.

chan =

    84

Elapsed time is 234.509332 seconds.

chan =

    85

Elapsed time is 237.840809 seconds.

chan =

    86

Elapsed time is 233.994318 seconds.

chan =

    87

Elapsed time is 236.606451 seconds.

chan =

    88

Elapsed time is 235.123258 seconds.

chan =

    89

Elapsed time is 236.842746 seconds.

chan =

    90

Elapsed time is 227.400131 seconds.

chan =

    91

Elapsed time is 221.014577 seconds.
attempting saving
save success: /projects/p31578/dtf8829/QuestConnect/CHANDAT/chanDat_NM04_075.mat
working on TF
encoding done
encoding RT done
retrieval 1 done
retrieval 2 done
attempting saving
save success: /projects/p31578/dtf8829/QuestConnect/CHANDAT/chanDat_NM04_075.mat
working on ISPC
channel: 1 took 0 minutes
channel: 2 took 0 minutes
channel: 3 took 0 minutes
channel: 4 took 0 minutes
channel: 5 took 0 minutes
channel: 6 took 0 minutes
channel: 7 took 0 minutes
channel: 8 took 0 minutes
channel: 9 took 0 minutes
channel: 10 took 0 minutes
channel: 11 took 0 minutes
channel: 12 took 0 minutes
channel: 13 took 0 minutes
channel: 14 took 0 minutes
channel: 15 took 0 minutes
channel: 16 took 0 minutes
channel: 17 took 0 minutes
channel: 18 took 0 minutes
channel: 19 took 0 minutes
channel: 20 took 0 minutes
channel: 21 took 0 minutes
channel: 22 took 0 minutes
channel: 23 took 0 minutes
channel: 24 took 0 minutes
channel: 25 took 0 minutes
channel: 26 took 0 minutes
channel: 27 took 0 minutes
channel: 28 took 0 minutes
channel: 29 took 0 minutes
channel: 30 took 0 minutes
channel: 31 took 0 minutes
channel: 32 took 0 minutes
channel: 33 took 0 minutes
channel: 34 took 0 minutes
channel: 35 took 0 minutes
channel: 36 took 0 minutes
channel: 37 took 0 minutes
channel: 38 took 0 minutes
channel: 39 took 0 minutes
channel: 40 took 0 minutes
channel: 41 took 0 minutes
channel: 42 took 0 minutes
channel: 43 took 0 minutes
channel: 44 took 0 minutes
channel: 45 took 0 minutes
channel: 46 took 0 minutes
channel: 47 took 0 minutes
channel: 48 took 0 minutes
channel: 49 took 0 minutes
channel: 50 took 0 minutes
channel: 51 took 0 minutes
channel: 52 took 0 minutes
channel: 53 took 0 minutes
channel: 54 took 0 minutes
channel: 55 took 0 minutes
channel: 56 took 0 minutes
channel: 57 took 0 minutes
channel: 58 took 0 minutes
channel: 59 took 0 minutes
channel: 60 took 0 minutes
channel: 61 took 0 minutes
channel: 62 took 0 minutes
channel: 63 took 0 minutes
channel: 64 took 0 minutes
channel: 65 took 0 minutes
channel: 66 took 0 minutes
channel: 67 took 0 minutes
channel: 68 took 0 minutes
channel: 69 took 0 minutes
channel: 70 took 0 minutes
channel: 71 took 0 minutes
channel: 72 took 0 minutes
channel: 73 took 0 minutes
channel: 74 took 0 minutes
channel: 75 took 0 minutes
channel: 76 took 3.3 minutes
channel: 77 took 3.3 minutes
channel: 78 took 3.3 minutes
channel: 79 took 3.3 minutes
channel: 80 took 3.3 minutes
channel: 81 took 3.3 minutes
channel: 82 took 3.3 minutes
channel: 83 took 3.3 minutes
channel: 84 took 3.3 minutes
channel: 85 took 3.3 minutes
channel: 86 took 3.4 minutes
channel: 87 took 3.4 minutes
channel: 88 took 3.3 minutes
channel: 89 took 3.3 minutes
channel: 90 took 3.3 minutes
channel: 91 took 3.3 minutes
attempting saving
save success: /projects/p31578/dtf8829/QuestConnect/CHANDAT/chanDat_NM04_075.mat
Elapsed time is 205.117815 seconds.
