getting started: 2983
attempting file: 2983
going for OH30 82
data loaded: OH30 82
HFB already done

chan =

     1

Elapsed time is 540.991042 seconds.

chan =

     2

Elapsed time is 524.898163 seconds.

chan =

     3

Elapsed time is 536.160669 seconds.

chan =

     4

Elapsed time is 538.921534 seconds.

chan =

     5

Elapsed time is 551.196841 seconds.

chan =

     6

Elapsed time is 538.834781 seconds.

chan =

     7

Elapsed time is 542.477649 seconds.

chan =

     8

Elapsed time is 539.261638 seconds.

chan =

     9

Elapsed time is 543.702846 seconds.

chan =

    10

Elapsed time is 535.305833 seconds.

chan =

    11

Elapsed time is 540.911926 seconds.

chan =

    12

Elapsed time is 537.708028 seconds.

chan =

    13

Elapsed time is 538.517239 seconds.

chan =

    14

Elapsed time is 534.603400 seconds.

chan =

    15

Elapsed time is 542.670528 seconds.

chan =

    16

Elapsed time is 538.368948 seconds.

chan =

    17

Elapsed time is 538.261973 seconds.

chan =

    18

Elapsed time is 534.637892 seconds.

chan =

    19

Elapsed time is 543.042355 seconds.

chan =

    20

Elapsed time is 534.987519 seconds.

chan =

    21

Elapsed time is 540.761888 seconds.

chan =

    22

Elapsed time is 533.122354 seconds.

chan =

    23

Elapsed time is 544.562221 seconds.

chan =

    24

Elapsed time is 533.171051 seconds.

chan =

    25

Elapsed time is 543.220811 seconds.

chan =

    26

Elapsed time is 534.467615 seconds.

chan =

    27

Elapsed time is 542.991360 seconds.

chan =

    28

Elapsed time is 536.703585 seconds.

chan =

    29

Elapsed time is 543.896150 seconds.

chan =

    30

Elapsed time is 536.950498 seconds.

chan =

    31

Elapsed time is 540.714143 seconds.

chan =

    32

Elapsed time is 536.286815 seconds.

chan =

    33

Elapsed time is 544.006200 seconds.

chan =

    34

Elapsed time is 533.626103 seconds.

chan =

    35

Elapsed time is 545.483242 seconds.

chan =

    36

Elapsed time is 539.132984 seconds.

chan =

    37

Elapsed time is 543.707227 seconds.

chan =

    38

Elapsed time is 537.131042 seconds.

chan =

    39

Elapsed time is 543.524079 seconds.

chan =

    40

Elapsed time is 537.234334 seconds.

chan =

    41

Elapsed time is 542.782776 seconds.

chan =

    42

Elapsed time is 537.372901 seconds.

chan =

    43

Elapsed time is 546.304062 seconds.

chan =

    44

Elapsed time is 536.480619 seconds.

chan =

    45

Elapsed time is 543.226343 seconds.

chan =

    46

Elapsed time is 536.835443 seconds.

chan =

    47

Elapsed time is 543.669706 seconds.

chan =

    48

Elapsed time is 532.962845 seconds.

chan =

    49

Elapsed time is 546.855976 seconds.

chan =

    50

Elapsed time is 542.202473 seconds.

chan =

    51

Elapsed time is 545.587193 seconds.

chan =

    52

Elapsed time is 542.030702 seconds.

chan =

    53

Elapsed time is 544.364924 seconds.

chan =

    54

Elapsed time is 543.043649 seconds.

chan =

    55

Elapsed time is 547.181657 seconds.

chan =

    56

Elapsed time is 541.782880 seconds.

chan =

    57

Elapsed time is 547.229075 seconds.

chan =

    58

Elapsed time is 540.340956 seconds.

chan =

    59

Elapsed time is 545.989698 seconds.

chan =

    60

Elapsed time is 538.764512 seconds.

chan =

    61

Elapsed time is 545.095026 seconds.

chan =

    62

Elapsed time is 530.745029 seconds.

chan =

    63

Elapsed time is 533.143821 seconds.

chan =

    64

Elapsed time is 527.456872 seconds.

chan =

    65

Elapsed time is 532.208603 seconds.

chan =

    66

Elapsed time is 525.797025 seconds.

chan =

    67

Elapsed time is 530.813658 seconds.

chan =

    68

Elapsed time is 526.043692 seconds.

chan =

    69

Elapsed time is 533.061847 seconds.

chan =

    70

Elapsed time is 525.367828 seconds.

chan =

    71

Elapsed time is 530.768760 seconds.

chan =

    72

Elapsed time is 528.107251 seconds.

chan =

    73

Elapsed time is 531.544419 seconds.

chan =

    74

Elapsed time is 531.323603 seconds.

chan =

    75

Elapsed time is 531.444693 seconds.

chan =

    76

Elapsed time is 526.826691 seconds.

chan =

    77

Elapsed time is 533.036700 seconds.

chan =

    78

Elapsed time is 525.359836 seconds.

chan =

    79

Elapsed time is 532.569916 seconds.

chan =

    80

Elapsed time is 527.271732 seconds.

chan =

    81

Elapsed time is 533.447528 seconds.

chan =

    82

Elapsed time is 524.499929 seconds.

chan =

    83

Elapsed time is 533.583148 seconds.

chan =

    84

Elapsed time is 528.840549 seconds.

chan =

    85

Elapsed time is 532.999324 seconds.

chan =

    86

Elapsed time is 527.658559 seconds.

chan =

    87

Elapsed time is 533.871672 seconds.

chan =

    88

Elapsed time is 527.158452 seconds.

chan =

    89

Elapsed time is 535.587346 seconds.

chan =

    90

Elapsed time is 529.289416 seconds.

chan =

    91

Elapsed time is 535.123464 seconds.

chan =

    92

Elapsed time is 528.074479 seconds.

chan =

    93

Elapsed time is 531.301719 seconds.

chan =

    94

Elapsed time is 525.930205 seconds.

chan =

    95

Elapsed time is 534.148722 seconds.

chan =

    96

Elapsed time is 528.304500 seconds.

chan =

    97

Elapsed time is 533.503100 seconds.

chan =

    98

Elapsed time is 528.201960 seconds.

chan =

    99

Elapsed time is 533.173610 seconds.

chan =

   100

Elapsed time is 524.151972 seconds.

chan =

   101

Elapsed time is 527.274808 seconds.

chan =

   102

Elapsed time is 522.387267 seconds.

chan =

   103

Elapsed time is 530.284477 seconds.

chan =

   104

Elapsed time is 522.447026 seconds.

chan =

   105

Elapsed time is 532.628631 seconds.

chan =

   106

Elapsed time is 522.666756 seconds.

chan =

   107

Elapsed time is 524.686555 seconds.

chan =

   108

Elapsed time is 524.198865 seconds.

chan =

   109

Elapsed time is 526.076546 seconds.

chan =

   110

Elapsed time is 528.795097 seconds.

chan =

   111

Elapsed time is 524.392475 seconds.

chan =

   112

Elapsed time is 529.076787 seconds.

chan =

   113

Elapsed time is 521.310467 seconds.

chan =

   114

Elapsed time is 527.916738 seconds.

chan =

   115

Elapsed time is 524.368877 seconds.

chan =

   116

Elapsed time is 522.121667 seconds.

chan =

   117

Elapsed time is 528.569139 seconds.

chan =

   118

Elapsed time is 520.437161 seconds.

chan =

   119

Elapsed time is 530.677613 seconds.

chan =

   120

Elapsed time is 525.716525 seconds.

chan =

   121

Elapsed time is 534.082432 seconds.

chan =

   122

Elapsed time is 522.203902 seconds.

chan =

   123

Elapsed time is 519.408993 seconds.

chan =

   124

Elapsed time is 519.824115 seconds.

chan =

   125

Elapsed time is 517.332766 seconds.

chan =

   126

Elapsed time is 519.392873 seconds.

chan =

   127

