getting started: 2801
attempting file: 2801
going for OH27 7
data loaded: OH27 7
HFB already done

chan =

     1

Elapsed time is 255.386118 seconds.

chan =

     2

Elapsed time is 251.589667 seconds.

chan =

     3

Elapsed time is 250.137598 seconds.

chan =

     4

Elapsed time is 242.313693 seconds.

chan =

     5

Elapsed time is 225.489130 seconds.

chan =

     6

Elapsed time is 212.649161 seconds.

chan =

     7

Elapsed time is 241.928190 seconds.

chan =

     8

Elapsed time is 257.526892 seconds.

chan =

     9

Elapsed time is 256.164889 seconds.

chan =

    10

Elapsed time is 256.755549 seconds.

chan =

    11

Elapsed time is 257.159084 seconds.

chan =

    12

Elapsed time is 257.710097 seconds.

chan =

    13

Elapsed time is 255.301012 seconds.

chan =

    14

Elapsed time is 251.902012 seconds.

chan =

    15

Elapsed time is 255.459546 seconds.

chan =

    16

Elapsed time is 253.864826 seconds.

chan =

    17

Elapsed time is 253.914108 seconds.

chan =

    18

Elapsed time is 251.507255 seconds.

chan =

    19

Elapsed time is 243.481652 seconds.

chan =

    20

Elapsed time is 250.432839 seconds.

chan =

    21

Elapsed time is 248.169280 seconds.

chan =

    22

Elapsed time is 239.896368 seconds.

chan =

    23

Elapsed time is 230.465478 seconds.

chan =

    24

Elapsed time is 231.509153 seconds.

chan =

    25

Elapsed time is 231.081183 seconds.

chan =

    26

Elapsed time is 237.132478 seconds.

chan =

    27

Elapsed time is 239.928909 seconds.

chan =

    28

Elapsed time is 227.764189 seconds.

chan =

    29

Elapsed time is 216.933288 seconds.

chan =

    30

Elapsed time is 208.841519 seconds.

chan =

    31

Elapsed time is 204.978597 seconds.

chan =

    32

Elapsed time is 232.649185 seconds.

chan =

    33

Elapsed time is 246.065089 seconds.

chan =

    34

Elapsed time is 235.389630 seconds.

chan =

    35

Elapsed time is 203.498660 seconds.

chan =

    36

Elapsed time is 225.562754 seconds.

chan =

    37

Elapsed time is 246.009146 seconds.

chan =

    38

Elapsed time is 246.012674 seconds.

chan =

    39

Elapsed time is 245.434648 seconds.

chan =

    40

Elapsed time is 244.733538 seconds.

chan =

    41

Elapsed time is 246.881920 seconds.

chan =

    42

Elapsed time is 245.328982 seconds.

chan =

    43

Elapsed time is 243.343288 seconds.

chan =

    44

Elapsed time is 224.615927 seconds.

chan =

    45

Elapsed time is 208.377744 seconds.

chan =

    46

Elapsed time is 229.742354 seconds.

chan =

    47

Elapsed time is 204.558721 seconds.

chan =

    48

Elapsed time is 242.175356 seconds.

chan =

    49

Elapsed time is 241.324559 seconds.

chan =

    50

Elapsed time is 242.346311 seconds.

chan =

    51

Elapsed time is 241.067908 seconds.

chan =

    52

Elapsed time is 233.595614 seconds.

chan =

    53

Elapsed time is 203.093369 seconds.

chan =

    54

Elapsed time is 201.703718 seconds.

chan =

    55

Elapsed time is 232.584618 seconds.

chan =

    56

Elapsed time is 221.927529 seconds.

chan =

    57

Elapsed time is 201.294216 seconds.

chan =

    58

Elapsed time is 224.565559 seconds.

chan =

    59

Elapsed time is 241.218387 seconds.

chan =

    60

Elapsed time is 206.136496 seconds.

chan =

    61

Elapsed time is 226.565593 seconds.

chan =

    62

Elapsed time is 204.527912 seconds.

chan =

    63

Elapsed time is 229.067781 seconds.

chan =

    64

Elapsed time is 224.358209 seconds.

chan =

    65

Elapsed time is 218.505576 seconds.

chan =

    66

Elapsed time is 237.439565 seconds.

chan =

    67

Elapsed time is 237.665117 seconds.

chan =

    68

Elapsed time is 238.571190 seconds.

chan =

    69

Elapsed time is 232.513645 seconds.

chan =

    70

Elapsed time is 200.615097 seconds.

chan =

    71

Elapsed time is 229.950426 seconds.

chan =

    72

Elapsed time is 237.550825 seconds.

chan =

    73

Elapsed time is 236.188208 seconds.

chan =

    74

Elapsed time is 237.107844 seconds.

chan =

    75

Elapsed time is 224.568186 seconds.

chan =

    76

Elapsed time is 209.624420 seconds.

chan =

    77

Elapsed time is 236.916108 seconds.

chan =

    78

Elapsed time is 237.606588 seconds.

chan =

    79

Elapsed time is 237.295063 seconds.

chan =

    80

Elapsed time is 237.129765 seconds.

chan =

    81

Elapsed time is 208.558510 seconds.

chan =

    82

Elapsed time is 226.589032 seconds.

chan =

    83

Elapsed time is 237.105758 seconds.

chan =

    84

Elapsed time is 236.831330 seconds.

chan =

    85

Elapsed time is 235.956712 seconds.

chan =

    86

Elapsed time is 227.461575 seconds.

chan =

    87

Elapsed time is 202.137360 seconds.

chan =

    88

Elapsed time is 232.326746 seconds.

chan =

    89

Elapsed time is 235.037620 seconds.

chan =

    90

Elapsed time is 234.468601 seconds.

chan =

    91

Elapsed time is 233.644844 seconds.

chan =

    92

Elapsed time is 220.223693 seconds.

chan =

    93

Elapsed time is 234.224939 seconds.

chan =

    94

Elapsed time is 233.309475 seconds.

chan =

    95

Elapsed time is 232.663388 seconds.

chan =

    96

Elapsed time is 232.571614 seconds.

chan =

    97

Elapsed time is 221.912533 seconds.

chan =

    98

Elapsed time is 233.069092 seconds.

chan =

    99

Elapsed time is 230.214560 seconds.

chan =

   100

Elapsed time is 231.336904 seconds.

chan =

   101

Elapsed time is 235.407380 seconds.

chan =

   102

Elapsed time is 215.582409 seconds.

chan =

   103

Elapsed time is 233.950919 seconds.

chan =

   104

Elapsed time is 234.002389 seconds.

chan =

   105

Elapsed time is 234.329331 seconds.

chan =

   106

Elapsed time is 234.027396 seconds.

