getting started: 2671
attempting file: 2671
going for NM04 34
data loaded: NM04 34
HFB already done

chan =

     1

Elapsed time is 272.850081 seconds.

chan =

     2

Elapsed time is 279.195795 seconds.

chan =

     3

Elapsed time is 282.427406 seconds.

chan =

     4

Elapsed time is 280.137261 seconds.

chan =

     5

Elapsed time is 283.409722 seconds.

chan =

     6

Elapsed time is 286.095284 seconds.

chan =

     7

Elapsed time is 283.032605 seconds.

chan =

     8

Elapsed time is 289.518403 seconds.

chan =

     9

Elapsed time is 293.010662 seconds.

chan =

    10

Elapsed time is 291.877383 seconds.

chan =

    11

Elapsed time is 293.597734 seconds.

chan =

    12

Elapsed time is 289.841424 seconds.

chan =

    13

Elapsed time is 290.448395 seconds.

chan =

    14

Elapsed time is 289.595829 seconds.

chan =

    15

Elapsed time is 285.793460 seconds.

chan =

    16

Elapsed time is 279.561171 seconds.

chan =

    17

Elapsed time is 278.082850 seconds.

chan =

    18

Elapsed time is 278.995637 seconds.

chan =

    19

Elapsed time is 279.137266 seconds.

chan =

    20

Elapsed time is 277.562559 seconds.

chan =

    21

Elapsed time is 279.574308 seconds.

chan =

    22

Elapsed time is 280.846962 seconds.

chan =

    23

Elapsed time is 280.618581 seconds.

chan =

    24

Elapsed time is 279.030519 seconds.

chan =

    25

Elapsed time is 278.571153 seconds.

chan =

    26

Elapsed time is 277.534037 seconds.

chan =

    27

Elapsed time is 278.477622 seconds.

chan =

    28

Elapsed time is 286.298222 seconds.

chan =

    29

Elapsed time is 300.947278 seconds.

chan =

    30

Elapsed time is 299.929800 seconds.

chan =

    31

Elapsed time is 299.200019 seconds.

chan =

    32

Elapsed time is 295.712831 seconds.

chan =

    33

Elapsed time is 301.202681 seconds.

chan =

    34

Elapsed time is 297.753273 seconds.

chan =

    35

Elapsed time is 293.615409 seconds.

chan =

    36

Elapsed time is 296.207294 seconds.

chan =

    37

Elapsed time is 298.393180 seconds.

chan =

    38

Elapsed time is 293.427822 seconds.

chan =

    39

Elapsed time is 287.261606 seconds.

chan =

    40

Elapsed time is 286.911175 seconds.

chan =

    41

Elapsed time is 293.445444 seconds.

chan =

    42

Elapsed time is 277.386476 seconds.

chan =

    43

Elapsed time is 283.456628 seconds.

chan =

    44

Elapsed time is 287.296483 seconds.

chan =

    45

Elapsed time is 289.756659 seconds.

chan =

    46

Elapsed time is 284.785401 seconds.

chan =

    47

Elapsed time is 279.357880 seconds.

chan =

    48

Elapsed time is 271.033192 seconds.

chan =

    49

Elapsed time is 271.103579 seconds.

chan =

    50

Elapsed time is 268.570190 seconds.

chan =

    51

Elapsed time is 257.276659 seconds.

chan =

    52

Elapsed time is 254.848960 seconds.

chan =

    53

Elapsed time is 248.784367 seconds.

chan =

    54

Elapsed time is 240.188025 seconds.

chan =

    55

Elapsed time is 231.993363 seconds.

chan =

    56

Elapsed time is 232.270465 seconds.

chan =

    57

Elapsed time is 232.994223 seconds.

chan =

    58

Elapsed time is 232.572205 seconds.

chan =

    59

Elapsed time is 232.359242 seconds.

chan =

    60

Elapsed time is 235.410871 seconds.

chan =

    61

Elapsed time is 241.164360 seconds.

chan =

    62

Elapsed time is 229.818724 seconds.

chan =

    63

Elapsed time is 231.358544 seconds.

chan =

    64

Elapsed time is 244.502590 seconds.

chan =

    65

Elapsed time is 245.466031 seconds.

chan =

    66

Elapsed time is 245.800514 seconds.

chan =

    67

Elapsed time is 247.507998 seconds.

chan =

    68

Elapsed time is 246.448800 seconds.

chan =

    69

Elapsed time is 246.025839 seconds.

chan =

    70

Elapsed time is 245.718602 seconds.

chan =

    71

Elapsed time is 247.678345 seconds.

chan =

    72

Elapsed time is 247.523748 seconds.

chan =

    73

Elapsed time is 247.251904 seconds.

chan =

    74

Elapsed time is 245.644828 seconds.

chan =

    75

Elapsed time is 245.283383 seconds.

chan =

    76

Elapsed time is 246.154776 seconds.

chan =

    77

Elapsed time is 245.123185 seconds.

chan =

    78

Elapsed time is 245.311486 seconds.

chan =

    79

Elapsed time is 238.559802 seconds.

chan =

    80

Elapsed time is 231.996661 seconds.

chan =

    81

Elapsed time is 231.783137 seconds.

chan =

    82

Elapsed time is 234.879815 seconds.

chan =

    83

Elapsed time is 235.072488 seconds.

chan =

    84

Elapsed time is 236.404164 seconds.

chan =

    85

Elapsed time is 237.511614 seconds.

chan =

    86

Elapsed time is 234.584371 seconds.

chan =

    87

Elapsed time is 234.308469 seconds.

chan =

    88

Elapsed time is 233.494404 seconds.

chan =

    89

Elapsed time is 235.429291 seconds.

chan =

    90

Elapsed time is 234.075176 seconds.

chan =

    91

Elapsed time is 232.687749 seconds.
attempting saving
save success: /projects/p31578/dtf8829/QuestConnect/CHANDAT/chanDat_NM04_034.mat
working on TF
encoding done
encoding RT done
retrieval 1 done
retrieval 2 done
attempting saving
save success: /projects/p31578/dtf8829/QuestConnect/CHANDAT/chanDat_NM04_034.mat
working on ISPC
channel: 1 took 0 minutes
channel: 2 took 0 minutes
channel: 3 took 0 minutes
channel: 4 took 0 minutes
channel: 5 took 0 minutes
channel: 6 took 0 minutes
channel: 7 took 0 minutes
channel: 8 took 0 minutes
channel: 9 took 0 minutes
channel: 10 took 0 minutes
channel: 11 took 0 minutes
channel: 12 took 0 minutes
channel: 13 took 0 minutes
channel: 14 took 0 minutes
channel: 15 took 0 minutes
channel: 16 took 0 minutes
channel: 17 took 0 minutes
channel: 18 took 0 minutes
channel: 19 took 0 minutes
channel: 20 took 0 minutes
channel: 21 took 0 minutes
channel: 22 took 0 minutes
channel: 23 took 0 minutes
channel: 24 took 0 minutes
channel: 25 took 0 minutes
channel: 26 took 0 minutes
channel: 27 took 0 minutes
channel: 28 took 0 minutes
channel: 29 took 0 minutes
channel: 30 took 0 minutes
channel: 31 took 0 minutes
channel: 32 took 0 minutes
channel: 33 took 0 minutes
channel: 34 took 0 minutes
channel: 35 took 3.4 minutes
channel: 36 took 3.3 minutes
channel: 37 took 3.3 minutes
channel: 38 took 3.3 minutes
channel: 39 took 3.3 minutes
channel: 40 took 3.3 minutes
channel: 41 took 3.3 minutes
channel: 42 took 3.3 minutes
channel: 43 took 3.3 minutes
channel: 44 took 3.3 minutes
channel: 45 took 3.3 minutes
channel: 46 took 3.3 minutes
channel: 47 took 3.3 minutes
channel: 48 took 3.3 minutes
channel: 49 took 3.3 minutes
channel: 50 took 3.3 minutes
channel: 51 took 3.3 minutes
channel: 52 took 3.3 minutes
channel: 53 took 3.5 minutes
channel: 54 took 3.3 minutes
channel: 55 took 3.4 minutes
channel: 56 took 3.3 minutes
channel: 57 took 3.3 minutes
channel: 58 took 3.3 minutes
channel: 59 took 3.3 minutes
channel: 60 took 3.3 minutes
channel: 61 took 3.2 minutes
channel: 62 took 3.2 minutes
channel: 63 took 3.2 minutes
channel: 64 took 3.2 minutes
channel: 65 took 3.2 minutes
channel: 66 took 3.2 minutes
channel: 67 took 3.2 minutes
channel: 68 took 3.2 minutes
channel: 69 took 3.2 minutes
channel: 70 took 3.2 minutes
channel: 71 took 3.2 minutes
channel: 72 took 3.4 minutes
channel: 73 took 3.2 minutes
channel: 74 took 3.5 minutes
channel: 75 took 3.6 minutes
channel: 76 took 3.6 minutes
channel: 77 took 3.7 minutes
channel: 78 took 3.7 minutes
channel: 79 took 3.6 minutes
channel: 80 took 3.7 minutes
channel: 81 took 3.6 minutes
channel: 82 took 3.7 minutes
channel: 83 took 3.6 minutes
channel: 84 took 3.7 minutes
channel: 85 took 3.6 minutes
channel: 86 took 3.2 minutes
channel: 87 took 3.2 minutes
channel: 88 took 3.2 minutes
channel: 89 took 3.2 minutes
channel: 90 took 3.2 minutes
channel: 91 took 3.2 minutes
attempting saving
save success: /projects/p31578/dtf8829/QuestConnect/CHANDAT/chanDat_NM04_034.mat
Elapsed time is 196.892574 seconds.
