getting started: 2964
attempting file: 2964
going for OH30 63
data loaded: OH30 63
HFB already done

chan =

     1

Elapsed time is 521.859066 seconds.

chan =

     2

Elapsed time is 517.959571 seconds.

chan =

     3

Elapsed time is 535.279344 seconds.

chan =

     4

Elapsed time is 533.533182 seconds.

chan =

     5

Elapsed time is 535.232700 seconds.

chan =

     6

Elapsed time is 530.521315 seconds.

chan =

     7

Elapsed time is 509.377173 seconds.

chan =

     8

Elapsed time is 489.937885 seconds.

chan =

     9

Elapsed time is 472.523674 seconds.

chan =

    10

Elapsed time is 464.053861 seconds.

chan =

    11

Elapsed time is 466.073431 seconds.

chan =

    12

Elapsed time is 466.442730 seconds.

chan =

    13

Elapsed time is 464.309978 seconds.

chan =

    14

Elapsed time is 468.788975 seconds.

chan =

    15

Elapsed time is 484.356052 seconds.

chan =

    16

Elapsed time is 507.007238 seconds.

chan =

    17

Elapsed time is 501.806388 seconds.

chan =

    18

Elapsed time is 511.225261 seconds.

chan =

    19

Elapsed time is 531.773035 seconds.

chan =

    20

Elapsed time is 519.298173 seconds.

chan =

    21

Elapsed time is 535.296950 seconds.

chan =

    22

Elapsed time is 536.887549 seconds.

chan =

    23

Elapsed time is 519.472603 seconds.

chan =

    24

Elapsed time is 536.875289 seconds.

chan =

    25

Elapsed time is 514.836161 seconds.

chan =

    26

Elapsed time is 546.129137 seconds.

chan =

    27

Elapsed time is 517.985134 seconds.

chan =

    28

Elapsed time is 515.111703 seconds.

chan =

    29

Elapsed time is 496.276858 seconds.

chan =

    30

Elapsed time is 468.621631 seconds.

chan =

    31

Elapsed time is 468.248500 seconds.

chan =

    32

Elapsed time is 469.959029 seconds.

chan =

    33

Elapsed time is 466.375882 seconds.

chan =

    34

Elapsed time is 467.141756 seconds.

chan =

    35

Elapsed time is 468.303278 seconds.

chan =

    36

Elapsed time is 469.774471 seconds.

chan =

    37

Elapsed time is 469.963241 seconds.

chan =

    38

Elapsed time is 469.641482 seconds.

chan =

    39

Elapsed time is 466.494358 seconds.

chan =

    40

Elapsed time is 470.963163 seconds.

chan =

    41

Elapsed time is 469.266532 seconds.

chan =

    42

Elapsed time is 467.062771 seconds.

chan =

    43

Elapsed time is 466.583970 seconds.

chan =

    44

Elapsed time is 467.766933 seconds.

chan =

    45

Elapsed time is 464.726786 seconds.

chan =

    46

Elapsed time is 465.964870 seconds.

chan =

    47

Elapsed time is 465.846628 seconds.

chan =

    48

Elapsed time is 463.022914 seconds.

chan =

    49

Elapsed time is 470.487252 seconds.

chan =

    50

Elapsed time is 468.504764 seconds.

chan =

    51

Elapsed time is 467.012009 seconds.

chan =

    52

Elapsed time is 501.888409 seconds.

chan =

    53

Elapsed time is 523.812739 seconds.

chan =

    54

Elapsed time is 511.138601 seconds.

chan =

    55

Elapsed time is 522.737352 seconds.

chan =

    56

Elapsed time is 519.566776 seconds.

chan =

    57

Elapsed time is 494.417445 seconds.

chan =

    58

Elapsed time is 510.731428 seconds.

chan =

    59

Elapsed time is 505.692314 seconds.

chan =

    60

Elapsed time is 451.195604 seconds.

chan =

    61

Elapsed time is 456.586414 seconds.

chan =

    62

Elapsed time is 494.058335 seconds.

chan =

    63

Elapsed time is 491.828840 seconds.

chan =

    64

Elapsed time is 453.255897 seconds.

chan =

    65

Elapsed time is 451.136087 seconds.

chan =

    66

Elapsed time is 449.920625 seconds.

chan =

    67

Elapsed time is 448.407975 seconds.

chan =

    68

Elapsed time is 454.039813 seconds.

chan =

    69

Elapsed time is 452.821201 seconds.

chan =

    70

Elapsed time is 450.848782 seconds.

chan =

    71

Elapsed time is 446.609850 seconds.

chan =

    72

Elapsed time is 439.261617 seconds.

chan =

    73

Elapsed time is 437.674576 seconds.

chan =

    74

Elapsed time is 437.280514 seconds.

chan =

    75

Elapsed time is 434.469434 seconds.

chan =

    76

Elapsed time is 435.014946 seconds.

chan =

    77

Elapsed time is 431.836010 seconds.

chan =

    78

Elapsed time is 434.569597 seconds.

chan =

    79

Elapsed time is 431.244388 seconds.

chan =

    80

Elapsed time is 434.493983 seconds.

chan =

    81

Elapsed time is 432.568684 seconds.

chan =

    82

Elapsed time is 427.324493 seconds.

chan =

    83

Elapsed time is 468.047357 seconds.

chan =

    84

Elapsed time is 473.492302 seconds.

chan =

    85

Elapsed time is 473.063591 seconds.

chan =

    86

Elapsed time is 471.058951 seconds.

chan =

    87

Elapsed time is 470.831662 seconds.

chan =

    88

Elapsed time is 471.455253 seconds.

chan =

    89

Elapsed time is 471.494281 seconds.

chan =

    90

Elapsed time is 473.042602 seconds.

chan =

    91

Elapsed time is 470.190564 seconds.

chan =

    92

Elapsed time is 469.600365 seconds.

chan =

    93

Elapsed time is 467.281420 seconds.

chan =

    94

Elapsed time is 466.480381 seconds.

chan =

    95

Elapsed time is 471.289737 seconds.

chan =

    96

Elapsed time is 469.741242 seconds.

chan =

    97

Elapsed time is 465.080232 seconds.

chan =

    98

Elapsed time is 464.739106 seconds.

chan =

    99

Elapsed time is 462.605549 seconds.

chan =

   100

Elapsed time is 464.150125 seconds.

chan =

   101

Elapsed time is 460.543454 seconds.

chan =

   102

Elapsed time is 462.247240 seconds.

chan =

   103

Elapsed time is 465.199920 seconds.

chan =

   104

Elapsed time is 467.519782 seconds.

chan =

   105

Elapsed time is 459.957446 seconds.

chan =

   106

Elapsed time is 457.032928 seconds.

chan =

   107

Elapsed time is 455.424154 seconds.

chan =

   108

Elapsed time is 454.344386 seconds.

chan =

   109

Elapsed time is 453.316231 seconds.

chan =

   110

Elapsed time is 455.490787 seconds.

chan =

   111

Elapsed time is 455.030133 seconds.

chan =

   112

Elapsed time is 457.242474 seconds.

chan =

   113

Elapsed time is 456.830422 seconds.

chan =

   114

Elapsed time is 455.465264 seconds.

chan =

   115

Elapsed time is 455.006234 seconds.

chan =

   116

Elapsed time is 455.062305 seconds.

chan =

   117

Elapsed time is 453.996302 seconds.

chan =

   118

Elapsed time is 450.111416 seconds.

chan =

   119

Elapsed time is 457.101681 seconds.

chan =

   120

Elapsed time is 457.729151 seconds.

chan =

   121

Elapsed time is 457.961951 seconds.

chan =

   122

Elapsed time is 456.842292 seconds.

chan =

   123

Elapsed time is 455.608644 seconds.

chan =

   124

Elapsed time is 454.909567 seconds.

chan =

   125

Elapsed time is 455.473314 seconds.

chan =

   126

Elapsed time is 455.035322 seconds.

chan =

   127

Elapsed time is 456.330181 seconds.

chan =

   128

Elapsed time is 456.955125 seconds.

chan =

   129

Elapsed time is 454.757791 seconds.

chan =

   130

Elapsed time is 454.141967 seconds.

chan =

   131

Elapsed time is 451.346906 seconds.

chan =

   132

Elapsed time is 455.264770 seconds.

chan =

   133

Elapsed time is 456.372258 seconds.

chan =

   134

Elapsed time is 457.324992 seconds.

chan =

   135

Elapsed time is 456.436870 seconds.

chan =

   136

Elapsed time is 456.674908 seconds.

chan =

   137

Elapsed time is 455.681219 seconds.

chan =

   138

Elapsed time is 456.539065 seconds.

chan =

   139

Elapsed time is 452.337878 seconds.
attempting saving
save success: /projects/p31578/dtf8829/QuestConnect/CHANDAT/chanDat_OH30_063.mat
working on TF
encoding done
encoding RT done
