getting started: 2993
attempting file: 2993
going for OH30 92
data loaded: OH30 92
HFB already done

chan =

     1

Elapsed time is 574.730401 seconds.

chan =

     2

Elapsed time is 569.503509 seconds.

chan =

     3

Elapsed time is 565.365835 seconds.

chan =

     4

Elapsed time is 572.296319 seconds.

chan =

     5

Elapsed time is 573.744947 seconds.

chan =

     6

Elapsed time is 557.989772 seconds.

chan =

     7

Elapsed time is 534.236618 seconds.

chan =

     8

Elapsed time is 510.877064 seconds.

chan =

     9

Elapsed time is 492.695926 seconds.

chan =

    10

Elapsed time is 626.358771 seconds.

chan =

    11

Elapsed time is 652.344675 seconds.

chan =

    12

Elapsed time is 635.432817 seconds.

chan =

    13

Elapsed time is 533.733606 seconds.

chan =

    14

Elapsed time is 618.479695 seconds.

chan =

    15

Elapsed time is 673.923392 seconds.

chan =

    16

Elapsed time is 888.084304 seconds.

chan =

    17

Elapsed time is 885.163218 seconds.

chan =

    18

Elapsed time is 763.157670 seconds.

chan =

    19

Elapsed time is 889.514201 seconds.

chan =

    20

Elapsed time is 906.803961 seconds.

chan =

    21

Elapsed time is 908.902296 seconds.

chan =

    22

Elapsed time is 905.342810 seconds.

chan =

    23

Elapsed time is 904.460160 seconds.

chan =

    24

Elapsed time is 904.331017 seconds.

chan =

    25

Elapsed time is 907.312050 seconds.

chan =

    26

Elapsed time is 904.662304 seconds.

chan =

    27

Elapsed time is 906.676734 seconds.

chan =

    28

Elapsed time is 890.199687 seconds.

chan =

    29

Elapsed time is 827.727549 seconds.

chan =

    30

Elapsed time is 606.038172 seconds.

chan =

    31

Elapsed time is 772.666099 seconds.

chan =

    32

Elapsed time is 876.415899 seconds.

chan =

    33

Elapsed time is 871.016566 seconds.

chan =

    34

Elapsed time is 870.569206 seconds.

chan =

    35

Elapsed time is 869.463974 seconds.

chan =

    36

Elapsed time is 858.272964 seconds.

chan =

    37

Elapsed time is 860.961322 seconds.

chan =

    38

Elapsed time is 857.176324 seconds.

chan =

    39

Elapsed time is 856.425573 seconds.

chan =

    40

Elapsed time is 844.197959 seconds.

chan =

    41

Elapsed time is 851.722016 seconds.

chan =

    42

Elapsed time is 849.669121 seconds.

chan =

    43

Elapsed time is 860.748765 seconds.

chan =

    44

Elapsed time is 850.788589 seconds.

chan =

    45

Elapsed time is 858.404449 seconds.

chan =

    46

Elapsed time is 849.913818 seconds.

chan =

    47

Elapsed time is 849.537667 seconds.

chan =

    48

Elapsed time is 813.010514 seconds.

chan =

    49

Elapsed time is 818.093791 seconds.

chan =

    50

Elapsed time is 810.177804 seconds.

chan =

    51

Elapsed time is 818.697048 seconds.

chan =

    52

Elapsed time is 815.491883 seconds.

chan =

    53

Elapsed time is 820.520576 seconds.

chan =

    54

Elapsed time is 816.012479 seconds.

chan =

    55

Elapsed time is 823.612286 seconds.

chan =

    56

Elapsed time is 812.834567 seconds.

chan =

    57

Elapsed time is 829.267696 seconds.

chan =

    58

Elapsed time is 823.096110 seconds.

chan =

    59

Elapsed time is 829.482370 seconds.

chan =

    60

Elapsed time is 814.887107 seconds.

chan =

    61

Elapsed time is 826.308439 seconds.

chan =

    62

Elapsed time is 824.592951 seconds.

chan =

    63

Elapsed time is 817.764403 seconds.

chan =

    64

Elapsed time is 808.011833 seconds.

chan =

    65

Elapsed time is 804.827063 seconds.

chan =

    66

Elapsed time is 794.682755 seconds.

chan =

    67

Elapsed time is 800.430677 seconds.

chan =

    68

Elapsed time is 677.619691 seconds.

chan =

    69

Elapsed time is 486.991009 seconds.

chan =

    70

Elapsed time is 488.762873 seconds.

chan =

    71

Elapsed time is 488.127432 seconds.

chan =

    72

Elapsed time is 496.471491 seconds.

chan =

    73

Elapsed time is 490.272526 seconds.

chan =

    74

Elapsed time is 496.340452 seconds.

chan =

    75

Elapsed time is 489.181350 seconds.

chan =

    76

Elapsed time is 494.587435 seconds.

chan =

    77

Elapsed time is 486.189150 seconds.

chan =

    78

Elapsed time is 491.486613 seconds.

chan =

    79

Elapsed time is 485.877758 seconds.

chan =

    80

Elapsed time is 488.986422 seconds.

chan =

    81

Elapsed time is 488.063111 seconds.

chan =

    82

Elapsed time is 486.268045 seconds.

chan =

    83

Elapsed time is 492.244039 seconds.

chan =

    84

Elapsed time is 485.324049 seconds.

chan =

    85

Elapsed time is 487.954702 seconds.

chan =

    86

Elapsed time is 487.846864 seconds.

chan =

    87

Elapsed time is 488.448592 seconds.

chan =

    88

Elapsed time is 488.106168 seconds.

chan =

    89

Elapsed time is 485.527865 seconds.

chan =

    90

Elapsed time is 484.186693 seconds.

chan =

    91

Elapsed time is 486.430968 seconds.

chan =

    92

Elapsed time is 487.593281 seconds.

chan =

    93

Elapsed time is 484.284085 seconds.

chan =

    94

Elapsed time is 482.876276 seconds.

chan =

    95

Elapsed time is 488.488523 seconds.

chan =

    96

Elapsed time is 484.104903 seconds.

chan =

    97

Elapsed time is 482.042480 seconds.

chan =

    98

