getting started: 2921
attempting file: 2921
going for OH30 20
data loaded: OH30 20
HFB already done

chan =

     1

Elapsed time is 615.899288 seconds.

chan =

     2

Elapsed time is 599.214710 seconds.

chan =

     3

Elapsed time is 598.270889 seconds.

chan =

     4

Elapsed time is 599.215942 seconds.

chan =

     5

Elapsed time is 598.611148 seconds.

chan =

     6

Elapsed time is 598.077055 seconds.

chan =

     7

Elapsed time is 598.485230 seconds.

chan =

     8

Elapsed time is 598.207076 seconds.

chan =

     9

Elapsed time is 594.917217 seconds.

chan =

    10

Elapsed time is 594.065356 seconds.

chan =

    11

Elapsed time is 594.633153 seconds.

chan =

    12

Elapsed time is 596.870879 seconds.

chan =

    13

Elapsed time is 592.978767 seconds.

chan =

    14

Elapsed time is 598.094636 seconds.

chan =

    15

Elapsed time is 591.706469 seconds.

chan =

    16

Elapsed time is 593.279605 seconds.

chan =

    17

Elapsed time is 591.060586 seconds.

chan =

    18

Elapsed time is 594.970656 seconds.

chan =

    19

Elapsed time is 590.743710 seconds.

chan =

    20

Elapsed time is 594.988025 seconds.

chan =

    21

Elapsed time is 594.592953 seconds.

chan =

    22

Elapsed time is 596.238403 seconds.

chan =

    23

Elapsed time is 593.951694 seconds.

chan =

    24

Elapsed time is 596.251309 seconds.

chan =

    25

Elapsed time is 592.512989 seconds.

chan =

    26

Elapsed time is 592.810361 seconds.

chan =

    27

Elapsed time is 589.144914 seconds.

chan =

    28

Elapsed time is 591.529472 seconds.

chan =

    29

Elapsed time is 590.416800 seconds.

chan =

    30

Elapsed time is 589.627541 seconds.

chan =

    31

Elapsed time is 590.325127 seconds.

chan =

    32

Elapsed time is 594.859686 seconds.

chan =

    33

Elapsed time is 592.315673 seconds.

chan =

    34

Elapsed time is 590.086673 seconds.

chan =

    35

Elapsed time is 590.981587 seconds.

chan =

    36

Elapsed time is 592.225122 seconds.

chan =

    37

Elapsed time is 586.728952 seconds.

chan =

    38

Elapsed time is 588.619758 seconds.

chan =

    39

Elapsed time is 589.055537 seconds.

chan =

    40

Elapsed time is 595.730292 seconds.

chan =

    41

Elapsed time is 589.951730 seconds.

chan =

    42

Elapsed time is 590.938146 seconds.

chan =

    43

Elapsed time is 586.921053 seconds.

chan =

    44

Elapsed time is 589.915191 seconds.

chan =

    45

Elapsed time is 589.662602 seconds.

chan =

    46

Elapsed time is 587.699591 seconds.

chan =

    47

Elapsed time is 586.165999 seconds.

chan =

    48

Elapsed time is 587.096942 seconds.

chan =

    49

Elapsed time is 592.097891 seconds.

chan =

    50

Elapsed time is 597.025490 seconds.

chan =

    51

Elapsed time is 590.532508 seconds.

chan =

    52

Elapsed time is 594.786064 seconds.

chan =

    53

Elapsed time is 589.293132 seconds.

chan =

    54

Elapsed time is 589.646993 seconds.

chan =

    55

Elapsed time is 588.442361 seconds.

chan =

    56

Elapsed time is 589.443415 seconds.

chan =

    57

Elapsed time is 588.279397 seconds.

chan =

    58

Elapsed time is 591.123062 seconds.

chan =

    59

Elapsed time is 585.469511 seconds.

chan =

    60

Elapsed time is 588.566662 seconds.

chan =

    61

Elapsed time is 584.812970 seconds.

chan =

    62

Elapsed time is 588.597739 seconds.

chan =

    63

Elapsed time is 583.976591 seconds.

chan =

    64

Elapsed time is 589.974044 seconds.

chan =

    65

Elapsed time is 581.185537 seconds.

chan =

    66

Elapsed time is 589.830706 seconds.

chan =

    67

Elapsed time is 586.513203 seconds.

chan =

    68

Elapsed time is 592.404123 seconds.

chan =

    69

Elapsed time is 587.379505 seconds.

chan =

    70

Elapsed time is 593.008432 seconds.

chan =

    71

Elapsed time is 583.654606 seconds.

chan =

    72

Elapsed time is 591.777768 seconds.

chan =

    73

Elapsed time is 588.313803 seconds.

chan =

    74

Elapsed time is 593.579753 seconds.

chan =

    75

Elapsed time is 585.732091 seconds.

chan =

    76

Elapsed time is 591.743259 seconds.

chan =

    77

Elapsed time is 584.031900 seconds.

chan =

    78

Elapsed time is 598.318249 seconds.

chan =

    79

Elapsed time is 585.027635 seconds.

chan =

    80

Elapsed time is 595.599701 seconds.

chan =

    81

Elapsed time is 589.543148 seconds.

chan =

    82

Elapsed time is 594.092249 seconds.

chan =

    83

Elapsed time is 589.800074 seconds.

chan =

    84

Elapsed time is 595.532136 seconds.

chan =

    85

Elapsed time is 584.497898 seconds.

chan =

    86

Elapsed time is 591.438486 seconds.

chan =

    87

Elapsed time is 584.997060 seconds.

chan =

    88

Elapsed time is 595.692826 seconds.

chan =

    89

Elapsed time is 588.859840 seconds.

chan =

    90

Elapsed time is 597.041568 seconds.

chan =

    91

Elapsed time is 592.808684 seconds.

chan =

    92

Elapsed time is 594.980483 seconds.

chan =

    93

Elapsed time is 587.624999 seconds.

chan =

    94

Elapsed time is 595.527226 seconds.

chan =

    95

Elapsed time is 594.237467 seconds.

chan =

    96

Elapsed time is 595.224627 seconds.

chan =

    97

Elapsed time is 588.816594 seconds.

chan =

    98

Elapsed time is 593.753107 seconds.

chan =

    99

Elapsed time is 593.785470 seconds.

chan =

   100

Elapsed time is 595.481808 seconds.

chan =

   101

Elapsed time is 591.237709 seconds.

chan =

   102

Elapsed time is 591.466183 seconds.

chan =

   103

Elapsed time is 590.770841 seconds.

chan =

   104

Elapsed time is 593.204749 seconds.

chan =

   105

Elapsed time is 591.913870 seconds.

chan =

   106

Elapsed time is 599.492083 seconds.

chan =

   107

Elapsed time is 597.824217 seconds.

chan =

   108

Elapsed time is 598.026024 seconds.

chan =

   109

Elapsed time is 581.288762 seconds.

chan =

   110

Elapsed time is 584.552159 seconds.

chan =

   111

Elapsed time is 577.367705 seconds.

chan =

   112

Elapsed time is 585.361530 seconds.

chan =

   113

Elapsed time is 579.970518 seconds.

chan =

   114

Elapsed time is 584.738558 seconds.

chan =

   115

