getting started: 2807
attempting file: 2807
going for OH27 13
data loaded: OH27 13
HFB already done

chan =

     1

Elapsed time is 249.378625 seconds.

chan =

     2

Elapsed time is 262.060072 seconds.

chan =

     3

Elapsed time is 270.962927 seconds.

chan =

     4

Elapsed time is 270.173551 seconds.

chan =

     5

Elapsed time is 278.131476 seconds.

chan =

     6

Elapsed time is 283.033928 seconds.

chan =

     7

Elapsed time is 283.355356 seconds.

chan =

     8

Elapsed time is 279.895575 seconds.

chan =

     9

Elapsed time is 283.217804 seconds.

chan =

    10

Elapsed time is 280.896426 seconds.

chan =

    11

Elapsed time is 281.452327 seconds.

chan =

    12

Elapsed time is 281.048169 seconds.

chan =

    13

Elapsed time is 276.787642 seconds.

chan =

    14

Elapsed time is 269.855009 seconds.

chan =

    15

Elapsed time is 262.972591 seconds.

chan =

    16

Elapsed time is 255.509501 seconds.

chan =

    17

Elapsed time is 253.312865 seconds.

chan =

    18

Elapsed time is 245.987439 seconds.

chan =

    19

Elapsed time is 241.833517 seconds.

chan =

    20

Elapsed time is 245.012918 seconds.

chan =

    21

Elapsed time is 246.099550 seconds.

chan =

    22

Elapsed time is 246.294421 seconds.

chan =

    23

Elapsed time is 245.880452 seconds.

chan =

    24

Elapsed time is 246.544177 seconds.

chan =

    25

Elapsed time is 244.489108 seconds.

chan =

    26

Elapsed time is 242.789930 seconds.

chan =

    27

Elapsed time is 242.707580 seconds.

chan =

    28

Elapsed time is 244.181935 seconds.

chan =

    29

Elapsed time is 243.074428 seconds.

chan =

    30

Elapsed time is 263.868069 seconds.

chan =

    31

Elapsed time is 264.196163 seconds.

chan =

    32

Elapsed time is 261.125003 seconds.

chan =

    33

Elapsed time is 265.521894 seconds.

chan =

    34

Elapsed time is 264.249086 seconds.

chan =

    35

Elapsed time is 267.045218 seconds.

chan =

    36

Elapsed time is 275.344082 seconds.

chan =

    37

Elapsed time is 280.804484 seconds.

chan =

    38

Elapsed time is 271.929205 seconds.

chan =

    39

Elapsed time is 270.760207 seconds.

chan =

    40

Elapsed time is 283.075872 seconds.

chan =

    41

Elapsed time is 288.776705 seconds.

chan =

    42

Elapsed time is 268.290912 seconds.

chan =

    43

Elapsed time is 284.903701 seconds.

chan =

    44

Elapsed time is 278.808367 seconds.

chan =

    45

Elapsed time is 266.561731 seconds.

chan =

    46

Elapsed time is 290.540691 seconds.

chan =

    47

Elapsed time is 279.210995 seconds.

chan =

    48

Elapsed time is 277.102411 seconds.

chan =

    49

Elapsed time is 259.061932 seconds.

chan =

    50

Elapsed time is 284.297458 seconds.

chan =

    51

Elapsed time is 289.826189 seconds.

chan =

    52

Elapsed time is 271.694833 seconds.

chan =

    53

Elapsed time is 269.255917 seconds.

chan =

    54

Elapsed time is 268.639308 seconds.

chan =

    55

Elapsed time is 261.841579 seconds.

chan =

    56

Elapsed time is 256.551748 seconds.

chan =

    57

Elapsed time is 246.985279 seconds.

chan =

    58

Elapsed time is 242.074794 seconds.

chan =

    59

Elapsed time is 241.861334 seconds.

chan =

    60

Elapsed time is 241.953698 seconds.

chan =

    61

Elapsed time is 243.199016 seconds.

chan =

    62

Elapsed time is 241.826964 seconds.

chan =

    63

Elapsed time is 242.797901 seconds.

chan =

    64

Elapsed time is 243.568080 seconds.

chan =

    65

Elapsed time is 240.767238 seconds.

chan =

    66

Elapsed time is 243.170684 seconds.

chan =

    67

Elapsed time is 244.911862 seconds.

chan =

    68

Elapsed time is 243.196281 seconds.

chan =

    69

Elapsed time is 244.804849 seconds.

chan =

    70

Elapsed time is 241.433787 seconds.

chan =

    71

Elapsed time is 246.211646 seconds.

chan =

    72

Elapsed time is 243.113945 seconds.

chan =

    73

Elapsed time is 245.055168 seconds.

chan =

    74

Elapsed time is 243.219754 seconds.

chan =

    75

Elapsed time is 244.115396 seconds.

chan =

    76

Elapsed time is 242.135208 seconds.

chan =

    77

Elapsed time is 242.372284 seconds.

chan =

    78

Elapsed time is 243.373195 seconds.

chan =

    79

Elapsed time is 243.954550 seconds.

chan =

    80

Elapsed time is 241.861588 seconds.

chan =

    81

Elapsed time is 242.753677 seconds.

chan =

    82

Elapsed time is 241.927764 seconds.

chan =

    83

Elapsed time is 241.123209 seconds.

chan =

    84

Elapsed time is 241.103799 seconds.

chan =

    85

Elapsed time is 241.960416 seconds.

chan =

    86

Elapsed time is 240.079649 seconds.

chan =

    87

Elapsed time is 241.510450 seconds.

chan =

    88

Elapsed time is 237.044560 seconds.

chan =

    89

Elapsed time is 241.930459 seconds.

chan =

    90

Elapsed time is 241.821899 seconds.

chan =

    91

Elapsed time is 241.297500 seconds.

chan =

    92

Elapsed time is 241.201572 seconds.

chan =

    93

Elapsed time is 242.770733 seconds.

chan =

    94

Elapsed time is 240.531309 seconds.

chan =

    95

Elapsed time is 242.137792 seconds.

chan =

    96

Elapsed time is 241.232661 seconds.

chan =

    97

Elapsed time is 242.110111 seconds.

chan =

    98

Elapsed time is 240.488927 seconds.

chan =

    99

Elapsed time is 239.716899 seconds.

chan =

   100

Elapsed time is 240.134996 seconds.

chan =

   101

Elapsed time is 275.395442 seconds.

chan =

   102

Elapsed time is 273.202736 seconds.

chan =

   103

Elapsed time is 276.655044 seconds.

chan =

   104

Elapsed time is 273.200915 seconds.

chan =

   105

Elapsed time is 259.654917 seconds.

chan =

   106

Elapsed time is 274.506640 seconds.

