getting started: 2872
attempting file: 2872
going for OH27 78
data loaded: OH27 78
HFB already done

chan =

     1

Elapsed time is 287.782969 seconds.

chan =

     2

Elapsed time is 282.615098 seconds.

chan =

     3

Elapsed time is 282.536429 seconds.

chan =

     4

Elapsed time is 282.781437 seconds.

chan =

     5

Elapsed time is 288.412102 seconds.

chan =

     6

Elapsed time is 282.978428 seconds.

chan =

     7

Elapsed time is 282.138663 seconds.

chan =

     8

Elapsed time is 283.385398 seconds.

chan =

     9

Elapsed time is 282.444975 seconds.

chan =

    10

Elapsed time is 281.820651 seconds.

chan =

    11

Elapsed time is 281.841308 seconds.

chan =

    12

Elapsed time is 281.646044 seconds.

chan =

    13

Elapsed time is 282.471453 seconds.

chan =

    14

Elapsed time is 280.978162 seconds.

chan =

    15

Elapsed time is 281.368475 seconds.

chan =

    16

Elapsed time is 278.676125 seconds.

chan =

    17

Elapsed time is 279.942996 seconds.

chan =

    18

Elapsed time is 280.575387 seconds.

chan =

    19

Elapsed time is 279.954552 seconds.

chan =

    20

Elapsed time is 276.164858 seconds.

chan =

    21

Elapsed time is 277.871240 seconds.

chan =

    22

Elapsed time is 277.625828 seconds.

chan =

    23

Elapsed time is 272.831607 seconds.

chan =

    24

Elapsed time is 271.450539 seconds.

chan =

    25

Elapsed time is 262.944935 seconds.

chan =

    26

Elapsed time is 261.979514 seconds.

chan =

    27

Elapsed time is 272.401569 seconds.

chan =

    28

Elapsed time is 254.479688 seconds.

chan =

    29

Elapsed time is 267.719913 seconds.

chan =

    30

Elapsed time is 276.528689 seconds.

chan =

    31

Elapsed time is 277.976398 seconds.

chan =

    32

Elapsed time is 274.760379 seconds.

chan =

    33

Elapsed time is 279.789432 seconds.

chan =

    34

Elapsed time is 277.205947 seconds.

chan =

    35

Elapsed time is 277.365019 seconds.

chan =

    36

Elapsed time is 277.957193 seconds.

chan =

    37

Elapsed time is 277.348795 seconds.

chan =

    38

Elapsed time is 273.505501 seconds.

chan =

    39

Elapsed time is 273.091508 seconds.

chan =

    40

Elapsed time is 276.536441 seconds.

chan =

    41

Elapsed time is 272.347401 seconds.

chan =

    42

Elapsed time is 254.855449 seconds.

chan =

    43

Elapsed time is 260.224450 seconds.

chan =

    44

Elapsed time is 259.848508 seconds.

chan =

    45

Elapsed time is 249.487447 seconds.

chan =

    46

Elapsed time is 243.079697 seconds.

chan =

    47

Elapsed time is 245.235050 seconds.

chan =

    48

Elapsed time is 227.853554 seconds.

chan =

    49

Elapsed time is 226.874002 seconds.

chan =

    50

Elapsed time is 224.185797 seconds.

chan =

    51

Elapsed time is 227.365386 seconds.

chan =

    52

Elapsed time is 225.320391 seconds.

chan =

    53

Elapsed time is 258.568863 seconds.

chan =

    54

Elapsed time is 249.827389 seconds.

chan =

    55

Elapsed time is 248.017661 seconds.

chan =

    56

Elapsed time is 233.862487 seconds.

chan =

    57

Elapsed time is 224.833247 seconds.

chan =

    58

Elapsed time is 225.555449 seconds.

chan =

    59

Elapsed time is 227.760007 seconds.

chan =

    60

Elapsed time is 226.059684 seconds.

chan =

    61

Elapsed time is 227.935686 seconds.

chan =

    62

Elapsed time is 225.418671 seconds.

chan =

    63

Elapsed time is 225.471330 seconds.

chan =

    64

Elapsed time is 224.810667 seconds.

chan =

    65

Elapsed time is 227.589267 seconds.

chan =

    66

Elapsed time is 230.236670 seconds.

chan =

    67

Elapsed time is 228.412521 seconds.

chan =

    68

Elapsed time is 229.625789 seconds.

chan =

    69

Elapsed time is 227.786000 seconds.

chan =

    70

Elapsed time is 225.951158 seconds.

chan =

    71

Elapsed time is 230.650414 seconds.

chan =

    72

Elapsed time is 228.499545 seconds.

chan =

    73

Elapsed time is 229.634551 seconds.

chan =

    74

Elapsed time is 227.726743 seconds.

chan =

    75

Elapsed time is 226.962671 seconds.

chan =

    76

Elapsed time is 226.752644 seconds.

chan =

    77

Elapsed time is 224.933424 seconds.

chan =

    78

Elapsed time is 224.293718 seconds.

chan =

    79

Elapsed time is 226.106359 seconds.

chan =

    80

Elapsed time is 227.283302 seconds.

chan =

    81

Elapsed time is 226.664803 seconds.

chan =

    82

Elapsed time is 224.762116 seconds.

chan =

    83

Elapsed time is 225.425808 seconds.

chan =

    84

Elapsed time is 224.155594 seconds.

chan =

    85

Elapsed time is 224.758724 seconds.

chan =

    86

Elapsed time is 221.496783 seconds.

chan =

    87

Elapsed time is 221.792256 seconds.

chan =

    88

Elapsed time is 251.429844 seconds.

chan =

    89

Elapsed time is 300.479086 seconds.

chan =

    90

Elapsed time is 303.692099 seconds.

chan =

    91

Elapsed time is 302.663335 seconds.

chan =

    92

Elapsed time is 302.734002 seconds.

chan =

    93

Elapsed time is 296.677177 seconds.

chan =

    94

Elapsed time is 302.854792 seconds.

chan =

    95

Elapsed time is 301.263002 seconds.

chan =

    96

Elapsed time is 301.770563 seconds.

chan =

    97

Elapsed time is 294.746845 seconds.

chan =

    98

Elapsed time is 303.200730 seconds.

chan =

    99

Elapsed time is 296.620073 seconds.

chan =

   100

Elapsed time is 295.086682 seconds.

chan =

   101

Elapsed time is 305.521438 seconds.

chan =

   102

Elapsed time is 298.519353 seconds.

chan =

   103

Elapsed time is 299.372973 seconds.

chan =

   104

Elapsed time is 296.149773 seconds.

chan =

   105

Elapsed time is 296.291620 seconds.

chan =

   106

Elapsed time is 293.369698 seconds.

