getting started: 2870
attempting file: 2870
going for OH27 76
data loaded: OH27 76
HFB already done

chan =

     1

Elapsed time is 285.325346 seconds.

chan =

     2

Elapsed time is 280.690666 seconds.

chan =

     3

Elapsed time is 280.867018 seconds.

chan =

     4

Elapsed time is 280.797206 seconds.

chan =

     5

Elapsed time is 279.790266 seconds.

chan =

     6

Elapsed time is 280.661664 seconds.

chan =

     7

Elapsed time is 280.841829 seconds.

chan =

     8

Elapsed time is 280.436693 seconds.

chan =

     9

Elapsed time is 281.959992 seconds.

chan =

    10

Elapsed time is 279.411737 seconds.

chan =

    11

Elapsed time is 280.975592 seconds.

chan =

    12

Elapsed time is 280.871387 seconds.

chan =

    13

Elapsed time is 280.188041 seconds.

chan =

    14

Elapsed time is 280.079953 seconds.

chan =

    15

Elapsed time is 279.958604 seconds.

chan =

    16

Elapsed time is 277.751799 seconds.

chan =

    17

Elapsed time is 278.826536 seconds.

chan =

    18

Elapsed time is 280.243932 seconds.

chan =

    19

Elapsed time is 279.223907 seconds.

chan =

    20

Elapsed time is 276.866470 seconds.

chan =

    21

Elapsed time is 276.191848 seconds.

chan =

    22

Elapsed time is 278.116123 seconds.

chan =

    23

Elapsed time is 271.473455 seconds.

chan =

    24

Elapsed time is 271.007681 seconds.

chan =

    25

Elapsed time is 261.849871 seconds.

chan =

    26

Elapsed time is 259.561563 seconds.

chan =

    27

Elapsed time is 271.487636 seconds.

chan =

    28

Elapsed time is 255.479399 seconds.

chan =

    29

Elapsed time is 261.673566 seconds.

chan =

    30

Elapsed time is 275.679337 seconds.

chan =

    31

Elapsed time is 275.574741 seconds.

chan =

    32

Elapsed time is 274.011163 seconds.

chan =

    33

Elapsed time is 277.120568 seconds.

chan =

    34

Elapsed time is 276.952336 seconds.

chan =

    35

Elapsed time is 275.363806 seconds.

chan =

    36

Elapsed time is 276.341649 seconds.

chan =

    37

Elapsed time is 273.981649 seconds.

chan =

    38

Elapsed time is 275.601474 seconds.

chan =

    39

Elapsed time is 267.912670 seconds.

chan =

    40

Elapsed time is 277.658376 seconds.

chan =

    41

Elapsed time is 270.606526 seconds.

chan =

    42

Elapsed time is 257.383362 seconds.

chan =

    43

Elapsed time is 255.805012 seconds.

chan =

    44

Elapsed time is 264.837755 seconds.

chan =

    45

Elapsed time is 246.225396 seconds.

chan =

    46

Elapsed time is 243.513225 seconds.

chan =

    47

Elapsed time is 239.203285 seconds.

chan =

    48

Elapsed time is 233.383092 seconds.

chan =

    49

Elapsed time is 224.376527 seconds.

chan =

    50

Elapsed time is 224.155649 seconds.

chan =

    51

Elapsed time is 225.196214 seconds.

chan =

    52

Elapsed time is 226.164559 seconds.

chan =

    53

Elapsed time is 252.911469 seconds.

chan =

    54

Elapsed time is 249.388392 seconds.

chan =

    55

Elapsed time is 253.420736 seconds.

chan =

    56

Elapsed time is 241.601822 seconds.

chan =

    57

Elapsed time is 225.354745 seconds.

chan =

    58

Elapsed time is 227.566419 seconds.

chan =

    59

Elapsed time is 226.667135 seconds.

chan =

    60

Elapsed time is 226.920994 seconds.

chan =

    61

Elapsed time is 225.970300 seconds.

chan =

    62

Elapsed time is 226.845144 seconds.

chan =

    63

Elapsed time is 224.425845 seconds.

chan =

    64

Elapsed time is 223.765167 seconds.

chan =

    65

Elapsed time is 224.328297 seconds.

chan =

    66

Elapsed time is 229.321260 seconds.

chan =

    67

Elapsed time is 227.397477 seconds.

chan =

    68

Elapsed time is 228.990031 seconds.

chan =

    69

Elapsed time is 226.827226 seconds.

chan =

    70

Elapsed time is 226.005640 seconds.

chan =

    71

Elapsed time is 226.983750 seconds.

chan =

    72

Elapsed time is 230.238824 seconds.

chan =

    73

Elapsed time is 226.607204 seconds.

chan =

    74

Elapsed time is 228.653656 seconds.

chan =

    75

Elapsed time is 224.603543 seconds.

chan =

    76

Elapsed time is 227.382758 seconds.

chan =

    77

Elapsed time is 224.255908 seconds.

chan =

    78

Elapsed time is 224.948789 seconds.

chan =

    79

Elapsed time is 223.385947 seconds.

chan =

    80

Elapsed time is 227.932943 seconds.

chan =

    81

Elapsed time is 225.755299 seconds.

chan =

    82

Elapsed time is 227.199882 seconds.

chan =

    83

Elapsed time is 227.463845 seconds.

chan =

    84

Elapsed time is 224.967758 seconds.

chan =

    85

Elapsed time is 224.092597 seconds.

chan =

    86

Elapsed time is 224.381976 seconds.

chan =

    87

Elapsed time is 219.810896 seconds.

chan =

    88

Elapsed time is 227.057229 seconds.

chan =

    89

Elapsed time is 296.094540 seconds.

chan =

    90

Elapsed time is 303.169853 seconds.

chan =

    91

Elapsed time is 301.835419 seconds.

chan =

    92

Elapsed time is 302.156845 seconds.

chan =

    93

Elapsed time is 300.945499 seconds.

chan =

    94

Elapsed time is 299.675865 seconds.

chan =

    95

Elapsed time is 303.585258 seconds.

chan =

    96

Elapsed time is 297.659955 seconds.

chan =

    97

Elapsed time is 299.503116 seconds.

chan =

    98

Elapsed time is 296.108877 seconds.

chan =

    99

Elapsed time is 301.581134 seconds.

chan =

   100

Elapsed time is 293.422599 seconds.

chan =

   101

Elapsed time is 301.418762 seconds.

chan =

   102

Elapsed time is 298.165622 seconds.

chan =

   103

Elapsed time is 298.262606 seconds.

chan =

   104

Elapsed time is 296.642252 seconds.

chan =

   105

Elapsed time is 295.649207 seconds.

chan =

   106

Elapsed time is 293.058217 seconds.

