getting started: 2969
attempting file: 2969
going for OH30 68
data loaded: OH30 68
HFB already done

chan =

     1

Elapsed time is 519.089035 seconds.

chan =

     2

Elapsed time is 497.004267 seconds.

chan =

     3

Elapsed time is 496.600685 seconds.

chan =

     4

Elapsed time is 485.787446 seconds.

chan =

     5

Elapsed time is 503.283674 seconds.

chan =

     6

Elapsed time is 516.431445 seconds.

chan =

     7

Elapsed time is 492.277524 seconds.

chan =

     8

Elapsed time is 505.229908 seconds.

chan =

     9

Elapsed time is 498.746863 seconds.

chan =

    10

Elapsed time is 496.122061 seconds.

chan =

    11

Elapsed time is 498.617912 seconds.

chan =

    12

Elapsed time is 491.943171 seconds.

chan =

    13

Elapsed time is 495.047608 seconds.

chan =

    14

Elapsed time is 490.648904 seconds.

chan =

    15

Elapsed time is 498.186733 seconds.

chan =

    16

Elapsed time is 449.869112 seconds.

chan =

    17

Elapsed time is 465.052578 seconds.

chan =

    18

Elapsed time is 465.987348 seconds.

chan =

    19

Elapsed time is 483.127035 seconds.

chan =

    20

Elapsed time is 488.034745 seconds.

chan =

    21

Elapsed time is 509.551294 seconds.

chan =

    22

Elapsed time is 492.944664 seconds.

chan =

    23

Elapsed time is 506.797781 seconds.

chan =

    24

Elapsed time is 510.272354 seconds.

chan =

    25

Elapsed time is 489.558690 seconds.

chan =

    26

Elapsed time is 462.686994 seconds.

chan =

    27

Elapsed time is 475.751879 seconds.

chan =

    28

Elapsed time is 471.990102 seconds.

chan =

    29

Elapsed time is 470.960016 seconds.

chan =

    30

Elapsed time is 442.320726 seconds.

chan =

    31

Elapsed time is 450.232855 seconds.

chan =

    32

Elapsed time is 430.406510 seconds.

chan =

    33

Elapsed time is 428.410925 seconds.

chan =

    34

Elapsed time is 426.419781 seconds.

chan =

    35

Elapsed time is 427.184221 seconds.

chan =

    36

Elapsed time is 440.358383 seconds.

chan =

    37

Elapsed time is 432.857799 seconds.

chan =

    38

Elapsed time is 432.484316 seconds.

chan =

    39

Elapsed time is 435.218423 seconds.

chan =

    40

Elapsed time is 432.097399 seconds.

chan =

    41

Elapsed time is 435.009540 seconds.

chan =

    42

Elapsed time is 435.578003 seconds.

chan =

    43

Elapsed time is 440.366286 seconds.

chan =

    44

Elapsed time is 432.332224 seconds.

chan =

    45

Elapsed time is 432.196058 seconds.

chan =

    46

Elapsed time is 427.311309 seconds.

chan =

    47

Elapsed time is 427.755248 seconds.

chan =

    48

Elapsed time is 424.255999 seconds.

chan =

    49

Elapsed time is 431.877700 seconds.

chan =

    50

Elapsed time is 425.629439 seconds.

chan =

    51

Elapsed time is 430.190485 seconds.

chan =

    52

Elapsed time is 429.670851 seconds.

chan =

    53

Elapsed time is 431.376751 seconds.

chan =

    54

Elapsed time is 421.503875 seconds.

chan =

    55

Elapsed time is 419.536132 seconds.

chan =

    56

Elapsed time is 419.291343 seconds.

chan =

    57

Elapsed time is 428.226929 seconds.

chan =

    58

Elapsed time is 410.047994 seconds.

chan =

    59

Elapsed time is 402.484845 seconds.

chan =

    60

Elapsed time is 424.416061 seconds.

chan =

    61

Elapsed time is 394.634860 seconds.

chan =

    62

Elapsed time is 398.940415 seconds.

chan =

    63

Elapsed time is 390.458756 seconds.

chan =

    64

Elapsed time is 389.992225 seconds.

chan =

    65

Elapsed time is 506.109267 seconds.

chan =

    66

Elapsed time is 578.558046 seconds.

chan =

    67

Elapsed time is 580.188300 seconds.

chan =

    68

Elapsed time is 565.563967 seconds.

chan =

    69

Elapsed time is 564.246442 seconds.

chan =

    70

Elapsed time is 557.391063 seconds.

chan =

    71

Elapsed time is 574.091115 seconds.

chan =

    72

Elapsed time is 575.026085 seconds.

chan =

    73

Elapsed time is 574.823513 seconds.

chan =

    74

Elapsed time is 577.327125 seconds.

chan =

    75

Elapsed time is 584.327759 seconds.

chan =

    76

Elapsed time is 585.249456 seconds.

chan =

    77

Elapsed time is 579.511237 seconds.

chan =

    78

Elapsed time is 583.191843 seconds.

chan =

    79

Elapsed time is 580.229081 seconds.

chan =

    80

Elapsed time is 583.623730 seconds.

chan =

    81

Elapsed time is 577.073294 seconds.

chan =

    82

Elapsed time is 584.341961 seconds.

chan =

    83

Elapsed time is 580.884014 seconds.

chan =

    84

Elapsed time is 583.276968 seconds.

chan =

    85

Elapsed time is 578.100480 seconds.

chan =

    86

Elapsed time is 568.958786 seconds.

chan =

    87

Elapsed time is 571.101102 seconds.

chan =

    88

Elapsed time is 585.409715 seconds.

chan =

    89

Elapsed time is 574.605986 seconds.

chan =

    90

Elapsed time is 552.742554 seconds.

chan =

    91

Elapsed time is 394.832723 seconds.

chan =

    92

Elapsed time is 391.667000 seconds.

chan =

    93

Elapsed time is 384.967225 seconds.

chan =

    94

Elapsed time is 380.744575 seconds.

chan =

    95

Elapsed time is 388.779981 seconds.

chan =

    96

Elapsed time is 380.543279 seconds.

chan =

    97

Elapsed time is 380.445953 seconds.

chan =

    98

Elapsed time is 385.697092 seconds.

chan =

    99

Elapsed time is 390.319494 seconds.

chan =

   100

Elapsed time is 381.082176 seconds.

chan =

   101

Elapsed time is 380.061716 seconds.

chan =

   102

Elapsed time is 373.001568 seconds.

chan =

   103

Elapsed time is 376.071489 seconds.

chan =

   104

Elapsed time is 379.310991 seconds.

chan =

   105

Elapsed time is 381.227102 seconds.

chan =

   106

Elapsed time is 378.771537 seconds.

chan =

   107

Elapsed time is 373.282875 seconds.

chan =

   108

Elapsed time is 374.622482 seconds.

chan =

   109

Elapsed time is 371.274935 seconds.

chan =

   110

Elapsed time is 375.132335 seconds.

chan =

   111

Elapsed time is 377.410701 seconds.

chan =

   112

Elapsed time is 376.233579 seconds.

chan =

   113

Elapsed time is 379.665345 seconds.

chan =

   114

Elapsed time is 377.477013 seconds.

chan =

   115

Elapsed time is 375.071486 seconds.

chan =

   116

Elapsed time is 374.661949 seconds.

chan =

   117

Elapsed time is 369.417669 seconds.

chan =

   118

Elapsed time is 363.458019 seconds.

chan =

   119

Elapsed time is 368.103788 seconds.

chan =

   120

Elapsed time is 361.204913 seconds.

chan =

   121

Elapsed time is 362.477826 seconds.

chan =

   122

Elapsed time is 361.061653 seconds.

chan =

   123

Elapsed time is 358.958234 seconds.

chan =

   124

Elapsed time is 359.251353 seconds.

chan =

   125

Elapsed time is 364.729070 seconds.

chan =

   126

Elapsed time is 362.705220 seconds.

chan =

   127

Elapsed time is 360.426099 seconds.

chan =

   128

Elapsed time is 360.765286 seconds.

chan =

   129

Elapsed time is 360.593204 seconds.

chan =

   130

Elapsed time is 359.972506 seconds.

chan =

   131

Elapsed time is 356.119777 seconds.

chan =

   132

Elapsed time is 362.693031 seconds.

chan =

   133

Elapsed time is 362.388726 seconds.

chan =

   134

Elapsed time is 361.698048 seconds.

chan =

   135

Elapsed time is 360.674892 seconds.

chan =

   136

Elapsed time is 360.623355 seconds.

chan =

   137

Elapsed time is 360.781227 seconds.

chan =

   138

Elapsed time is 347.515155 seconds.

chan =

   139

Elapsed time is 340.812203 seconds.
attempting saving
save success: /projects/p31578/dtf8829/QuestConnect/CHANDAT/chanDat_OH30_068.mat
working on TF
encoding done
encoding RT done
