getting started: 2994
attempting file: 2994
going for OH30 93
data loaded: OH30 93
HFB already done

chan =

     1

Elapsed time is 577.397122 seconds.

chan =

     2

Elapsed time is 572.128297 seconds.

chan =

     3

Elapsed time is 568.587339 seconds.

chan =

     4

Elapsed time is 572.027499 seconds.

chan =

     5

Elapsed time is 575.898890 seconds.

chan =

     6

Elapsed time is 558.904501 seconds.

chan =

     7

Elapsed time is 535.405625 seconds.

chan =

     8

Elapsed time is 511.551370 seconds.

chan =

     9

Elapsed time is 492.555022 seconds.

chan =

    10

Elapsed time is 635.095582 seconds.

chan =

    11

Elapsed time is 651.174979 seconds.

chan =

    12

Elapsed time is 639.535814 seconds.

chan =

    13

Elapsed time is 527.075957 seconds.

chan =

    14

Elapsed time is 637.015239 seconds.

chan =

    15

Elapsed time is 677.448042 seconds.

chan =

    16

Elapsed time is 889.073254 seconds.

chan =

    17

Elapsed time is 881.384716 seconds.

chan =

    18

Elapsed time is 750.679824 seconds.

chan =

    19

Elapsed time is 911.377113 seconds.

chan =

    20

Elapsed time is 915.245560 seconds.

chan =

    21

Elapsed time is 909.253329 seconds.

chan =

    22

Elapsed time is 909.177472 seconds.

chan =

    23

Elapsed time is 905.905401 seconds.

chan =

    24

Elapsed time is 910.401301 seconds.

chan =

    25

Elapsed time is 907.952471 seconds.

chan =

    26

Elapsed time is 912.566387 seconds.

chan =

    27

Elapsed time is 907.139367 seconds.

chan =

    28

Elapsed time is 892.701407 seconds.

chan =

    29

Elapsed time is 807.282545 seconds.

chan =

    30

Elapsed time is 587.244261 seconds.

chan =

    31

Elapsed time is 815.912949 seconds.

chan =

    32

Elapsed time is 883.173150 seconds.

chan =

    33

Elapsed time is 869.298293 seconds.

chan =

    34

Elapsed time is 879.007934 seconds.

chan =

    35

Elapsed time is 868.595879 seconds.

chan =

    36

Elapsed time is 864.577732 seconds.

chan =

    37

Elapsed time is 862.458257 seconds.

chan =

    38

Elapsed time is 870.353998 seconds.

chan =

    39

Elapsed time is 863.975019 seconds.

chan =

    40

Elapsed time is 865.585401 seconds.

chan =

    41

Elapsed time is 871.936115 seconds.

chan =

    42

Elapsed time is 875.952707 seconds.

chan =

    43

Elapsed time is 873.245605 seconds.

chan =

    44

Elapsed time is 868.275438 seconds.

chan =

    45

Elapsed time is 866.749371 seconds.

chan =

    46

Elapsed time is 870.050438 seconds.

chan =

    47

Elapsed time is 852.448401 seconds.

chan =

    48

Elapsed time is 828.298878 seconds.

chan =

    49

Elapsed time is 830.187523 seconds.

chan =

    50

Elapsed time is 828.415985 seconds.

chan =

    51

Elapsed time is 830.567150 seconds.

chan =

    52

Elapsed time is 836.672943 seconds.

chan =

    53

Elapsed time is 829.768007 seconds.

chan =

    54

Elapsed time is 833.307660 seconds.

chan =

    55

Elapsed time is 836.756597 seconds.

chan =

    56

Elapsed time is 831.844787 seconds.

chan =

    57

Elapsed time is 837.325443 seconds.

chan =

    58

Elapsed time is 841.798473 seconds.

chan =

    59

Elapsed time is 837.130926 seconds.

chan =

    60

Elapsed time is 828.690634 seconds.

chan =

    61

Elapsed time is 837.722022 seconds.

chan =

    62

Elapsed time is 835.433028 seconds.

chan =

    63

Elapsed time is 822.671039 seconds.

chan =

    64

Elapsed time is 812.125221 seconds.

chan =

    65

Elapsed time is 808.314404 seconds.

chan =

    66

Elapsed time is 808.758625 seconds.

chan =

    67

Elapsed time is 810.761422 seconds.

chan =

    68

Elapsed time is 480.148957 seconds.

chan =

    69

Elapsed time is 497.132080 seconds.

chan =

    70

Elapsed time is 488.818604 seconds.

chan =

    71

Elapsed time is 501.284597 seconds.

chan =

    72

Elapsed time is 496.764972 seconds.

chan =

    73

Elapsed time is 501.985763 seconds.

chan =

    74

Elapsed time is 496.422464 seconds.

chan =

    75

Elapsed time is 502.548324 seconds.

chan =

    76

Elapsed time is 495.096028 seconds.

chan =

    77

Elapsed time is 496.004513 seconds.

chan =

    78

Elapsed time is 493.784776 seconds.

chan =

    79

Elapsed time is 491.999301 seconds.

chan =

    80

Elapsed time is 494.772818 seconds.

chan =

    81

Elapsed time is 494.935763 seconds.

chan =

    82

Elapsed time is 493.629311 seconds.

chan =

    83

Elapsed time is 492.181799 seconds.

chan =

    84

Elapsed time is 496.632136 seconds.

chan =

    85

Elapsed time is 493.104901 seconds.

chan =

    86

Elapsed time is 495.558988 seconds.

chan =

    87

Elapsed time is 489.726637 seconds.

chan =

    88

Elapsed time is 490.286462 seconds.

chan =

    89

Elapsed time is 490.719675 seconds.

chan =

    90

Elapsed time is 491.460526 seconds.

chan =

    91

Elapsed time is 494.312355 seconds.

chan =

    92

Elapsed time is 490.342087 seconds.

chan =

    93

Elapsed time is 490.161209 seconds.

chan =

    94

Elapsed time is 489.683509 seconds.

chan =

    95

Elapsed time is 491.188945 seconds.

chan =

    96

Elapsed time is 488.763574 seconds.

chan =

    97

