getting started: 2957
attempting file: 2957
going for OH30 56
data loaded: OH30 56
HFB already done

chan =

     1

Elapsed time is 395.581462 seconds.

chan =

     2

Elapsed time is 392.739848 seconds.

chan =

     3

Elapsed time is 391.354082 seconds.

chan =

     4

Elapsed time is 388.630332 seconds.

chan =

     5

Elapsed time is 391.154350 seconds.

chan =

     6

Elapsed time is 393.856923 seconds.

chan =

     7

Elapsed time is 392.737751 seconds.

chan =

     8

Elapsed time is 389.405851 seconds.

chan =

     9

Elapsed time is 387.334348 seconds.

chan =

    10

Elapsed time is 379.673786 seconds.

chan =

    11

Elapsed time is 376.028976 seconds.

chan =

    12

Elapsed time is 368.136072 seconds.

chan =

    13

Elapsed time is 365.339827 seconds.

chan =

    14

Elapsed time is 370.562713 seconds.

chan =

    15

Elapsed time is 369.891504 seconds.

chan =

    16

Elapsed time is 370.468560 seconds.

chan =

    17

Elapsed time is 367.585350 seconds.

chan =

    18

Elapsed time is 364.232941 seconds.

chan =

    19

Elapsed time is 361.641958 seconds.

chan =

    20

Elapsed time is 378.774913 seconds.

chan =

    21

Elapsed time is 424.199914 seconds.

chan =

    22

Elapsed time is 388.118638 seconds.

chan =

    23

Elapsed time is 382.838127 seconds.

chan =

    24

Elapsed time is 399.826336 seconds.

chan =

    25

Elapsed time is 398.915452 seconds.

chan =

    26

Elapsed time is 367.239826 seconds.

chan =

    27

Elapsed time is 400.349065 seconds.

chan =

    28

Elapsed time is 415.758644 seconds.

chan =

    29

Elapsed time is 409.228815 seconds.

chan =

    30

Elapsed time is 422.645151 seconds.

chan =

    31

Elapsed time is 418.949793 seconds.

chan =

    32

Elapsed time is 436.156654 seconds.

chan =

    33

Elapsed time is 377.145698 seconds.

chan =

    34

Elapsed time is 363.995542 seconds.

chan =

    35

Elapsed time is 367.467954 seconds.

chan =

    36

Elapsed time is 356.982946 seconds.

chan =

    37

Elapsed time is 350.724175 seconds.

chan =

    38

Elapsed time is 353.623135 seconds.

chan =

    39

Elapsed time is 345.570189 seconds.

chan =

    40

Elapsed time is 347.302445 seconds.

chan =

    41

Elapsed time is 345.098171 seconds.

chan =

    42

Elapsed time is 345.199642 seconds.

chan =

    43

Elapsed time is 345.759486 seconds.

chan =

    44

Elapsed time is 347.967563 seconds.

chan =

    45

Elapsed time is 344.262171 seconds.

chan =

    46

Elapsed time is 346.279742 seconds.

chan =

    47

Elapsed time is 351.524653 seconds.

chan =

    48

Elapsed time is 345.379037 seconds.

chan =

    49

Elapsed time is 350.023737 seconds.

chan =

    50

Elapsed time is 352.518833 seconds.

chan =

    51

Elapsed time is 348.748468 seconds.

chan =

    52

Elapsed time is 352.359494 seconds.

chan =

    53

Elapsed time is 348.822869 seconds.

chan =

    54

Elapsed time is 352.901633 seconds.

chan =

    55

Elapsed time is 353.683782 seconds.

chan =

    56

Elapsed time is 352.872601 seconds.

chan =

    57

Elapsed time is 351.235948 seconds.

chan =

    58

Elapsed time is 352.600805 seconds.

chan =

    59

Elapsed time is 351.592793 seconds.

chan =

    60

Elapsed time is 350.591009 seconds.

chan =

    61

Elapsed time is 348.295359 seconds.

chan =

    62

Elapsed time is 352.901948 seconds.

chan =

    63

Elapsed time is 348.960282 seconds.

chan =

    64

Elapsed time is 347.292296 seconds.

chan =

    65

Elapsed time is 347.865381 seconds.

chan =

    66

Elapsed time is 350.153421 seconds.

chan =

    67

Elapsed time is 352.089834 seconds.

chan =

    68

Elapsed time is 349.743053 seconds.

chan =

    69

Elapsed time is 357.849422 seconds.

chan =

    70

Elapsed time is 349.583702 seconds.

chan =

    71

Elapsed time is 345.562267 seconds.

chan =

    72

Elapsed time is 346.340676 seconds.

chan =

    73

Elapsed time is 349.446367 seconds.

chan =

    74

Elapsed time is 353.934046 seconds.

chan =

    75

Elapsed time is 347.599368 seconds.

chan =

    76

Elapsed time is 347.392012 seconds.

chan =

    77

Elapsed time is 346.364566 seconds.

chan =

    78

Elapsed time is 346.762071 seconds.

chan =

    79

Elapsed time is 348.391116 seconds.

chan =

    80

Elapsed time is 345.203859 seconds.

chan =

    81

Elapsed time is 347.819047 seconds.

chan =

    82

Elapsed time is 352.165118 seconds.

chan =

    83

Elapsed time is 351.283347 seconds.

chan =

    84

Elapsed time is 350.097202 seconds.

chan =

    85

Elapsed time is 349.780239 seconds.

chan =

    86

Elapsed time is 348.607742 seconds.

chan =

    87

Elapsed time is 347.746429 seconds.

chan =

    88

Elapsed time is 346.892912 seconds.

chan =

    89

Elapsed time is 350.110755 seconds.

chan =

    90

Elapsed time is 353.140312 seconds.

chan =

    91

Elapsed time is 345.583934 seconds.

chan =

    92

Elapsed time is 348.556966 seconds.

chan =

    93

Elapsed time is 350.151193 seconds.

chan =

    94

Elapsed time is 348.119243 seconds.

chan =

    95

Elapsed time is 350.802247 seconds.

chan =

    96

Elapsed time is 349.661742 seconds.

chan =

    97

Elapsed time is 349.687505 seconds.

chan =

    98

Elapsed time is 350.752189 seconds.

chan =

    99

Elapsed time is 352.275143 seconds.

chan =

   100

Elapsed time is 353.995946 seconds.

chan =

   101

Elapsed time is 353.104923 seconds.

chan =

   102

Elapsed time is 354.068434 seconds.

chan =

   103

Elapsed time is 351.003741 seconds.

chan =

   104

Elapsed time is 355.163361 seconds.

chan =

   105

Elapsed time is 355.753625 seconds.

chan =

   106

Elapsed time is 354.057416 seconds.

chan =

   107

Elapsed time is 356.760264 seconds.

chan =

   108

Elapsed time is 359.164482 seconds.

chan =

   109

Elapsed time is 356.730851 seconds.

chan =

   110

Elapsed time is 356.143126 seconds.

chan =

   111

Elapsed time is 354.324108 seconds.

chan =

   112

Elapsed time is 354.983984 seconds.

chan =

   113

Elapsed time is 346.522679 seconds.

chan =

   114

Elapsed time is 350.685538 seconds.

chan =

   115

Elapsed time is 353.679979 seconds.

chan =

   116

Elapsed time is 347.287591 seconds.

chan =

   117

Elapsed time is 348.870516 seconds.

chan =

   118

Elapsed time is 343.197284 seconds.

chan =

   119

Elapsed time is 353.035097 seconds.

chan =

   120

Elapsed time is 351.472049 seconds.

chan =

   121

Elapsed time is 351.567708 seconds.

chan =

   122

Elapsed time is 348.179308 seconds.

chan =

   123

Elapsed time is 352.474580 seconds.

chan =

   124

Elapsed time is 352.388398 seconds.

chan =

   125

Elapsed time is 356.242073 seconds.

chan =

   126

Elapsed time is 348.839890 seconds.

chan =

   127

Elapsed time is 353.940318 seconds.

chan =

   128

Elapsed time is 352.642045 seconds.

chan =

   129

Elapsed time is 351.121950 seconds.

chan =

   130

Elapsed time is 348.723503 seconds.

chan =

   131

Elapsed time is 341.192113 seconds.

chan =

   132

Elapsed time is 343.834959 seconds.

chan =

   133

Elapsed time is 346.989190 seconds.

chan =

   134

Elapsed time is 349.721190 seconds.

chan =

   135

Elapsed time is 346.070951 seconds.

chan =

   136

Elapsed time is 346.973613 seconds.

chan =

   137

Elapsed time is 345.790033 seconds.

chan =

   138

Elapsed time is 346.218087 seconds.

chan =

   139

Elapsed time is 347.957291 seconds.
attempting saving
save success: /projects/p31578/dtf8829/QuestConnect/CHANDAT/chanDat_OH30_056.mat
working on TF
encoding done
encoding RT done
