getting started: 2804
attempting file: 2804
going for OH27 10
data loaded: OH27 10
HFB already done

chan =

     1

Elapsed time is 223.372314 seconds.

chan =

     2

Elapsed time is 219.054721 seconds.

chan =

     3

Elapsed time is 220.725823 seconds.

chan =

     4

Elapsed time is 219.231383 seconds.

chan =

     5

Elapsed time is 219.972012 seconds.

chan =

     6

Elapsed time is 218.106092 seconds.

chan =

     7

Elapsed time is 220.098010 seconds.

chan =

     8

Elapsed time is 216.032997 seconds.

chan =

     9

Elapsed time is 216.356508 seconds.

chan =

    10

Elapsed time is 216.739077 seconds.

chan =

    11

Elapsed time is 219.603017 seconds.

chan =

    12

Elapsed time is 220.013666 seconds.

chan =

    13

Elapsed time is 218.010701 seconds.

chan =

    14

Elapsed time is 217.231104 seconds.

chan =

    15

Elapsed time is 215.949593 seconds.

chan =

    16

Elapsed time is 212.898121 seconds.

chan =

    17

Elapsed time is 213.968456 seconds.

chan =

    18

Elapsed time is 214.585549 seconds.

chan =

    19

Elapsed time is 213.918950 seconds.

chan =

    20

Elapsed time is 217.083410 seconds.

chan =

    21

Elapsed time is 215.261435 seconds.

chan =

    22

Elapsed time is 215.994242 seconds.

chan =

    23

Elapsed time is 216.087652 seconds.

chan =

    24

Elapsed time is 215.310939 seconds.

chan =

    25

Elapsed time is 216.064771 seconds.

chan =

    26

Elapsed time is 214.227902 seconds.

chan =

    27

Elapsed time is 215.744918 seconds.

chan =

    28

Elapsed time is 213.918515 seconds.

chan =

    29

Elapsed time is 212.492737 seconds.

chan =

    30

Elapsed time is 212.500977 seconds.

chan =

    31

Elapsed time is 212.121089 seconds.

chan =

    32

Elapsed time is 211.086301 seconds.

chan =

    33

Elapsed time is 212.185012 seconds.

chan =

    34

Elapsed time is 210.688137 seconds.

chan =

    35

Elapsed time is 213.788979 seconds.

chan =

    36

Elapsed time is 229.307676 seconds.

chan =

    37

Elapsed time is 225.103773 seconds.

chan =

    38

Elapsed time is 213.806356 seconds.

chan =

    39

Elapsed time is 231.366155 seconds.

chan =

    40

Elapsed time is 235.003644 seconds.

chan =

    41

Elapsed time is 236.734664 seconds.

chan =

    42

Elapsed time is 230.256149 seconds.

chan =

    43

Elapsed time is 232.056616 seconds.

chan =

    44

Elapsed time is 232.614030 seconds.

chan =

    45

Elapsed time is 230.213824 seconds.

chan =

    46

Elapsed time is 233.407235 seconds.

chan =

    47

Elapsed time is 230.216085 seconds.

chan =

    48

Elapsed time is 215.643358 seconds.

chan =

    49

Elapsed time is 228.443431 seconds.

chan =

    50

Elapsed time is 221.656265 seconds.

chan =

    51

Elapsed time is 230.512792 seconds.

chan =

    52

Elapsed time is 224.098103 seconds.

chan =

    53

Elapsed time is 215.266128 seconds.

chan =

    54

Elapsed time is 222.704979 seconds.

chan =

    55

Elapsed time is 226.631673 seconds.

chan =

    56

Elapsed time is 221.579644 seconds.

chan =

    57

Elapsed time is 211.592909 seconds.

chan =

    58

Elapsed time is 212.356220 seconds.

chan =

    59

Elapsed time is 217.742604 seconds.

chan =

    60

Elapsed time is 230.377321 seconds.

chan =

    61

Elapsed time is 224.215719 seconds.

chan =

    62

Elapsed time is 211.963537 seconds.

chan =

    63

Elapsed time is 211.411098 seconds.

chan =

    64

Elapsed time is 210.281324 seconds.

chan =

    65

Elapsed time is 208.168180 seconds.

chan =

    66

Elapsed time is 212.433471 seconds.

chan =

    67

Elapsed time is 219.746687 seconds.

chan =

    68

Elapsed time is 226.740144 seconds.

chan =

    69

Elapsed time is 225.686924 seconds.

chan =

    70

Elapsed time is 218.262221 seconds.

chan =

    71

Elapsed time is 211.868832 seconds.

chan =

    72

Elapsed time is 213.117495 seconds.

chan =

    73

Elapsed time is 211.580780 seconds.

chan =

    74

Elapsed time is 210.349702 seconds.

chan =

    75

Elapsed time is 209.504418 seconds.

chan =

    76

Elapsed time is 208.690524 seconds.

chan =

    77

Elapsed time is 209.982546 seconds.

chan =

    78

Elapsed time is 211.777768 seconds.

chan =

    79

Elapsed time is 208.673854 seconds.

chan =

    80

Elapsed time is 209.522144 seconds.

chan =

    81

Elapsed time is 208.624214 seconds.

chan =

    82

Elapsed time is 210.659942 seconds.

chan =

    83

Elapsed time is 210.101958 seconds.

chan =

    84

Elapsed time is 208.422601 seconds.

chan =

    85

Elapsed time is 209.375149 seconds.

chan =

    86

Elapsed time is 208.061703 seconds.

chan =

    87

Elapsed time is 210.588208 seconds.

chan =

    88

Elapsed time is 208.098277 seconds.

chan =

    89

Elapsed time is 209.206857 seconds.

chan =

    90

Elapsed time is 209.040947 seconds.

chan =

    91

Elapsed time is 210.155184 seconds.

chan =

    92

Elapsed time is 209.395637 seconds.

chan =

    93

Elapsed time is 210.896278 seconds.

chan =

    94

Elapsed time is 208.846417 seconds.

chan =

    95

Elapsed time is 210.654306 seconds.

chan =

    96

Elapsed time is 211.942092 seconds.

chan =

    97

Elapsed time is 211.177612 seconds.

chan =

    98

Elapsed time is 210.536602 seconds.

chan =

    99

Elapsed time is 209.024366 seconds.

chan =

   100

Elapsed time is 210.900950 seconds.

chan =

   101

Elapsed time is 213.807173 seconds.

chan =

   102

Elapsed time is 213.586720 seconds.

chan =

   103

Elapsed time is 213.811808 seconds.

chan =

   104

Elapsed time is 210.356677 seconds.

chan =

   105

Elapsed time is 210.846484 seconds.

chan =

   106

Elapsed time is 210.592588 seconds.

