getting started: 2885
attempting file: 2885
going for OH27 91
data loaded: OH27 91
HFB already done

chan =

     1

Elapsed time is 268.950437 seconds.

chan =

     2

Elapsed time is 262.998590 seconds.

chan =

     3

Elapsed time is 265.591719 seconds.

chan =

     4

Elapsed time is 264.876473 seconds.

chan =

     5

Elapsed time is 268.257123 seconds.

chan =

     6

Elapsed time is 268.503221 seconds.

chan =

     7

Elapsed time is 268.688272 seconds.

chan =

     8

Elapsed time is 263.804663 seconds.

chan =

     9

Elapsed time is 262.589603 seconds.

chan =

    10

Elapsed time is 262.653150 seconds.

chan =

    11

Elapsed time is 256.409413 seconds.

chan =

    12

Elapsed time is 260.133544 seconds.

chan =

    13

Elapsed time is 262.043143 seconds.

chan =

    14

Elapsed time is 263.813321 seconds.

chan =

    15

Elapsed time is 262.776035 seconds.

chan =

    16

Elapsed time is 255.293076 seconds.

chan =

    17

Elapsed time is 261.332356 seconds.

chan =

    18

Elapsed time is 266.902953 seconds.

chan =

    19

Elapsed time is 259.762083 seconds.

chan =

    20

Elapsed time is 260.130744 seconds.

chan =

    21

Elapsed time is 259.236743 seconds.

chan =

    22

Elapsed time is 263.968892 seconds.

chan =

    23

Elapsed time is 262.130965 seconds.

chan =

    24

Elapsed time is 258.750760 seconds.

chan =

    25

Elapsed time is 257.186361 seconds.

chan =

    26

Elapsed time is 259.519276 seconds.

chan =

    27

Elapsed time is 263.483406 seconds.

chan =

    28

Elapsed time is 254.368817 seconds.

chan =

    29

Elapsed time is 265.473833 seconds.

chan =

    30

Elapsed time is 278.721248 seconds.

chan =

    31

Elapsed time is 274.961461 seconds.

chan =

    32

Elapsed time is 258.776222 seconds.

chan =

    33

Elapsed time is 273.542514 seconds.

chan =

    34

Elapsed time is 280.880210 seconds.

chan =

    35

Elapsed time is 280.390117 seconds.

chan =

    36

Elapsed time is 279.831313 seconds.

chan =

    37

Elapsed time is 268.980741 seconds.

chan =

    38

Elapsed time is 272.727814 seconds.

chan =

    39

Elapsed time is 245.045477 seconds.

chan =

    40

Elapsed time is 274.103115 seconds.

chan =

    41

Elapsed time is 263.880998 seconds.

chan =

    42

Elapsed time is 281.163329 seconds.

chan =

    43

Elapsed time is 284.710132 seconds.

chan =

    44

Elapsed time is 262.451768 seconds.

chan =

    45

Elapsed time is 262.408488 seconds.

chan =

    46

Elapsed time is 274.052817 seconds.

chan =

    47

Elapsed time is 260.496956 seconds.

chan =

    48

Elapsed time is 260.996933 seconds.

chan =

    49

Elapsed time is 248.477004 seconds.

chan =

    50

Elapsed time is 252.386179 seconds.

chan =

    51

Elapsed time is 241.569353 seconds.

chan =

    52

Elapsed time is 236.253943 seconds.

chan =

    53

Elapsed time is 239.051100 seconds.

chan =

    54

Elapsed time is 241.113908 seconds.

chan =

    55

Elapsed time is 237.477263 seconds.

chan =

    56

Elapsed time is 238.816641 seconds.

chan =

    57

Elapsed time is 230.296310 seconds.

chan =

    58

Elapsed time is 235.001756 seconds.

chan =

    59

Elapsed time is 238.625478 seconds.

chan =

    60

Elapsed time is 243.821180 seconds.

chan =

    61

Elapsed time is 239.412978 seconds.

chan =

    62

Elapsed time is 232.510410 seconds.

chan =

    63

Elapsed time is 234.555099 seconds.

chan =

    64

Elapsed time is 237.479476 seconds.

chan =

    65

Elapsed time is 234.675139 seconds.

chan =

    66

Elapsed time is 237.608560 seconds.

chan =

    67

Elapsed time is 237.974218 seconds.

chan =

    68

Elapsed time is 238.269768 seconds.

chan =

    69

Elapsed time is 236.078665 seconds.

chan =

    70

Elapsed time is 240.546616 seconds.

chan =

    71

Elapsed time is 239.180414 seconds.

chan =

    72

Elapsed time is 235.476871 seconds.

chan =

    73

Elapsed time is 235.599185 seconds.

chan =

    74

Elapsed time is 226.616061 seconds.

chan =

    75

Elapsed time is 227.600900 seconds.

chan =

    76

Elapsed time is 228.998623 seconds.

chan =

    77

Elapsed time is 225.081241 seconds.

chan =

    78

Elapsed time is 233.976891 seconds.

chan =

    79

Elapsed time is 231.934153 seconds.

chan =

    80

Elapsed time is 227.132074 seconds.

chan =

    81

Elapsed time is 223.821966 seconds.

chan =

    82

Elapsed time is 229.556694 seconds.

chan =

    83

Elapsed time is 231.032353 seconds.

chan =

    84

Elapsed time is 229.885675 seconds.

chan =

    85

Elapsed time is 227.863722 seconds.

chan =

    86

Elapsed time is 233.208176 seconds.

chan =

    87

Elapsed time is 227.339326 seconds.

chan =

    88

Elapsed time is 229.959535 seconds.

chan =

    89

Elapsed time is 230.414283 seconds.

chan =

    90

Elapsed time is 237.659906 seconds.

chan =

    91

Elapsed time is 233.512878 seconds.

chan =

    92

Elapsed time is 233.651495 seconds.

chan =

    93

Elapsed time is 231.990320 seconds.

chan =

    94

Elapsed time is 229.596186 seconds.

chan =

    95

Elapsed time is 225.720003 seconds.

chan =

    96

Elapsed time is 229.733599 seconds.

chan =

    97

Elapsed time is 230.644525 seconds.

chan =

    98

Elapsed time is 223.989487 seconds.

chan =

    99

Elapsed time is 232.152460 seconds.

chan =

   100

Elapsed time is 226.040651 seconds.

chan =

   101

Elapsed time is 232.756885 seconds.

chan =

   102

Elapsed time is 235.084455 seconds.

chan =

   103

Elapsed time is 227.837095 seconds.

chan =

   104

Elapsed time is 221.647739 seconds.

chan =

   105

Elapsed time is 217.412331 seconds.

chan =

   106

Elapsed time is 215.809300 seconds.

