getting started: 2915
attempting file: 2915
going for OH30 14
data loaded: OH30 14
HFB already done

chan =

     1

Elapsed time is 611.148394 seconds.

chan =

     2

Elapsed time is 594.042964 seconds.

chan =

     3

Elapsed time is 592.794190 seconds.

chan =

     4

Elapsed time is 590.292093 seconds.

chan =

     5

Elapsed time is 591.158835 seconds.

chan =

     6

Elapsed time is 590.428058 seconds.

chan =

     7

Elapsed time is 586.212995 seconds.

chan =

     8

Elapsed time is 590.249183 seconds.

chan =

     9

Elapsed time is 588.126344 seconds.

chan =

    10

Elapsed time is 582.176333 seconds.

chan =

    11

Elapsed time is 584.667858 seconds.

chan =

    12

Elapsed time is 583.264525 seconds.

chan =

    13

Elapsed time is 587.091007 seconds.

chan =

    14

Elapsed time is 583.060396 seconds.

chan =

    15

Elapsed time is 583.469856 seconds.

chan =

    16

Elapsed time is 580.365397 seconds.

chan =

    17

Elapsed time is 579.659011 seconds.

chan =

    18

Elapsed time is 582.339604 seconds.

chan =

    19

Elapsed time is 579.746210 seconds.

chan =

    20

Elapsed time is 580.443289 seconds.

chan =

    21

Elapsed time is 583.125974 seconds.

chan =

    22

Elapsed time is 582.849200 seconds.

chan =

    23

Elapsed time is 586.894331 seconds.

chan =

    24

Elapsed time is 579.293830 seconds.

chan =

    25

Elapsed time is 585.406067 seconds.

chan =

    26

Elapsed time is 579.189115 seconds.

chan =

    27

Elapsed time is 580.634505 seconds.

chan =

    28

Elapsed time is 582.844949 seconds.

chan =

    29

Elapsed time is 582.476491 seconds.

chan =

    30

Elapsed time is 579.813929 seconds.

chan =

    31

Elapsed time is 580.726273 seconds.

chan =

    32

Elapsed time is 583.506275 seconds.

chan =

    33

Elapsed time is 584.954225 seconds.

chan =

    34

Elapsed time is 584.026617 seconds.

chan =

    35

Elapsed time is 582.043361 seconds.

chan =

    36

Elapsed time is 583.423859 seconds.

chan =

    37

Elapsed time is 582.908638 seconds.

chan =

    38

Elapsed time is 576.680154 seconds.

chan =

    39

Elapsed time is 582.102881 seconds.

chan =

    40

Elapsed time is 584.890870 seconds.

chan =

    41

Elapsed time is 585.695781 seconds.

chan =

    42

Elapsed time is 583.450421 seconds.

chan =

    43

Elapsed time is 583.681482 seconds.

chan =

    44

Elapsed time is 581.170596 seconds.

chan =

    45

Elapsed time is 579.258321 seconds.

chan =

    46

Elapsed time is 583.326462 seconds.

chan =

    47

Elapsed time is 580.354228 seconds.

chan =

    48

Elapsed time is 579.324142 seconds.

chan =

    49

Elapsed time is 586.389252 seconds.

chan =

    50

Elapsed time is 585.404902 seconds.

chan =

    51

Elapsed time is 588.541832 seconds.

chan =

    52

Elapsed time is 584.681801 seconds.

chan =

    53

Elapsed time is 586.606033 seconds.

chan =

    54

Elapsed time is 582.820474 seconds.

chan =

    55

Elapsed time is 585.627545 seconds.

chan =

    56

Elapsed time is 584.769773 seconds.

chan =

    57

Elapsed time is 584.236787 seconds.

chan =

    58

Elapsed time is 583.020220 seconds.

chan =

    59

Elapsed time is 584.596258 seconds.

chan =

    60

Elapsed time is 581.572381 seconds.

chan =

    61

Elapsed time is 582.718221 seconds.

chan =

    62

Elapsed time is 582.312535 seconds.

chan =

    63

Elapsed time is 581.567542 seconds.

chan =

    64

Elapsed time is 583.158785 seconds.

chan =

    65

Elapsed time is 585.116323 seconds.

chan =

    66

Elapsed time is 578.831314 seconds.

chan =

    67

Elapsed time is 582.663096 seconds.

chan =

    68

Elapsed time is 585.028299 seconds.

chan =

    69

Elapsed time is 586.038086 seconds.

chan =

    70

Elapsed time is 581.907752 seconds.

chan =

    71

Elapsed time is 586.667939 seconds.

chan =

    72

Elapsed time is 583.938132 seconds.

chan =

    73

Elapsed time is 585.980533 seconds.

chan =

    74

Elapsed time is 585.592307 seconds.

chan =

    75

Elapsed time is 584.559682 seconds.

chan =

    76

Elapsed time is 582.183047 seconds.

chan =

    77

Elapsed time is 583.048456 seconds.

chan =

    78

Elapsed time is 584.468084 seconds.

chan =

    79

Elapsed time is 586.727169 seconds.

chan =

    80

Elapsed time is 583.222328 seconds.

chan =

    81

Elapsed time is 585.185004 seconds.

chan =

    82

Elapsed time is 585.704283 seconds.

chan =

    83

Elapsed time is 588.262025 seconds.

chan =

    84

Elapsed time is 586.549090 seconds.

chan =

    85

Elapsed time is 587.338618 seconds.

chan =

    86

Elapsed time is 579.214294 seconds.

chan =

    87

Elapsed time is 585.984838 seconds.

chan =

    88

Elapsed time is 582.472913 seconds.

chan =

    89

Elapsed time is 590.233773 seconds.

chan =

    90

Elapsed time is 587.131694 seconds.

chan =

    91

Elapsed time is 588.278594 seconds.

chan =

    92

Elapsed time is 589.002825 seconds.

chan =

    93

Elapsed time is 585.385836 seconds.

chan =

    94

Elapsed time is 583.014683 seconds.

chan =

    95

Elapsed time is 590.981042 seconds.

chan =

    96

Elapsed time is 590.709390 seconds.

chan =

    97

Elapsed time is 589.861625 seconds.

chan =

    98

Elapsed time is 589.749307 seconds.

chan =

    99

Elapsed time is 583.860848 seconds.

chan =

   100

Elapsed time is 591.574872 seconds.

chan =

   101

Elapsed time is 583.790641 seconds.

chan =

   102

Elapsed time is 591.216144 seconds.

chan =

   103

Elapsed time is 587.153729 seconds.

chan =

   104

Elapsed time is 591.431001 seconds.

chan =

   105

Elapsed time is 584.615157 seconds.

chan =

   106

Elapsed time is 590.750444 seconds.

chan =

   107

Elapsed time is 589.821120 seconds.

chan =

   108

Elapsed time is 592.549945 seconds.

chan =

   109

Elapsed time is 589.249995 seconds.

chan =

   110

Elapsed time is 585.627384 seconds.

chan =

   111

Elapsed time is 576.129354 seconds.

chan =

   112

Elapsed time is 579.234398 seconds.

chan =

   113

Elapsed time is 577.338339 seconds.

chan =

   114

Elapsed time is 578.658653 seconds.

chan =

   115

Elapsed time is 576.524845 seconds.

chan =

   116

