getting started: 2973
attempting file: 2973
going for OH30 72
data loaded: OH30 72
HFB already done

chan =

     1

Elapsed time is 519.327052 seconds.

chan =

     2

Elapsed time is 509.969184 seconds.

chan =

     3

Elapsed time is 517.915583 seconds.

chan =

     4

Elapsed time is 519.121343 seconds.

chan =

     5

Elapsed time is 524.598382 seconds.

chan =

     6

Elapsed time is 524.946443 seconds.

chan =

     7

Elapsed time is 514.830122 seconds.

chan =

     8

Elapsed time is 524.612961 seconds.

chan =

     9

Elapsed time is 520.408407 seconds.

chan =

    10

Elapsed time is 516.008784 seconds.

chan =

    11

Elapsed time is 519.559045 seconds.

chan =

    12

Elapsed time is 517.033750 seconds.

chan =

    13

Elapsed time is 517.585123 seconds.

chan =

    14

Elapsed time is 525.603960 seconds.

chan =

    15

Elapsed time is 518.078319 seconds.

chan =

    16

Elapsed time is 509.794911 seconds.

chan =

    17

Elapsed time is 499.408937 seconds.

chan =

    18

Elapsed time is 522.486728 seconds.

chan =

    19

Elapsed time is 506.184127 seconds.

chan =

    20

Elapsed time is 520.257796 seconds.

chan =

    21

Elapsed time is 521.415924 seconds.

chan =

    22

Elapsed time is 508.961610 seconds.

chan =

    23

Elapsed time is 511.367081 seconds.

chan =

    24

Elapsed time is 515.004674 seconds.

chan =

    25

Elapsed time is 507.722840 seconds.

chan =

    26

Elapsed time is 499.500943 seconds.

chan =

    27

Elapsed time is 485.550605 seconds.

chan =

    28

Elapsed time is 492.067308 seconds.

chan =

    29

Elapsed time is 495.910099 seconds.

chan =

    30

Elapsed time is 495.323074 seconds.

chan =

    31

Elapsed time is 517.291854 seconds.

chan =

    32

Elapsed time is 520.529931 seconds.

chan =

    33

Elapsed time is 496.176633 seconds.

chan =

    34

Elapsed time is 462.135750 seconds.

chan =

    35

Elapsed time is 450.177739 seconds.

chan =

    36

Elapsed time is 473.384943 seconds.

chan =

    37

Elapsed time is 478.432598 seconds.

chan =

    38

Elapsed time is 463.752885 seconds.

chan =

    39

Elapsed time is 461.688529 seconds.

chan =

    40

Elapsed time is 474.551864 seconds.

chan =

    41

Elapsed time is 457.060740 seconds.

chan =

    42

Elapsed time is 471.132430 seconds.

chan =

    43

Elapsed time is 482.461139 seconds.

chan =

    44

Elapsed time is 470.437978 seconds.

chan =

    45

Elapsed time is 459.910183 seconds.

chan =

    46

Elapsed time is 473.033967 seconds.

chan =

    47

Elapsed time is 462.314517 seconds.

chan =

    48

Elapsed time is 462.864138 seconds.

chan =

    49

Elapsed time is 469.178853 seconds.

chan =

    50

Elapsed time is 476.401417 seconds.

chan =

    51

Elapsed time is 452.581841 seconds.

chan =

    52

Elapsed time is 461.611913 seconds.

chan =

    53

Elapsed time is 472.802630 seconds.

chan =

    54

Elapsed time is 454.802170 seconds.

chan =

    55

Elapsed time is 466.725741 seconds.

chan =

    56

Elapsed time is 468.397832 seconds.

chan =

    57

Elapsed time is 442.108933 seconds.

chan =

    58

Elapsed time is 450.679134 seconds.

chan =

    59

Elapsed time is 448.867358 seconds.

chan =

    60

Elapsed time is 419.437514 seconds.

chan =

    61

Elapsed time is 449.013590 seconds.

chan =

    62

Elapsed time is 453.646763 seconds.

chan =

    63

Elapsed time is 432.966133 seconds.

chan =

    64

Elapsed time is 453.334434 seconds.

chan =

    65

Elapsed time is 446.805778 seconds.

chan =

    66

Elapsed time is 414.448842 seconds.

chan =

    67

Elapsed time is 449.135154 seconds.

chan =

    68

Elapsed time is 447.923252 seconds.

chan =

    69

Elapsed time is 430.901725 seconds.

chan =

    70

Elapsed time is 442.853439 seconds.

chan =

    71

Elapsed time is 444.227951 seconds.

chan =

    72

Elapsed time is 450.233153 seconds.

chan =

    73

Elapsed time is 451.108721 seconds.

chan =

    74

Elapsed time is 437.276895 seconds.

chan =

    75

Elapsed time is 435.439268 seconds.

chan =

    76

Elapsed time is 447.661940 seconds.

chan =

    77

Elapsed time is 434.875366 seconds.

chan =

    78

Elapsed time is 426.054824 seconds.

chan =

    79

Elapsed time is 446.823850 seconds.

chan =

    80

Elapsed time is 439.076547 seconds.

chan =

    81

Elapsed time is 438.831470 seconds.

chan =

    82

Elapsed time is 447.535345 seconds.

chan =

    83

Elapsed time is 447.381554 seconds.

chan =

    84

Elapsed time is 441.487674 seconds.

chan =

    85

Elapsed time is 441.327408 seconds.

chan =

    86

Elapsed time is 448.326807 seconds.

chan =

    87

Elapsed time is 443.403308 seconds.

chan =

    88

Elapsed time is 444.695661 seconds.

chan =

    89

Elapsed time is 443.716083 seconds.

chan =

    90

Elapsed time is 439.675149 seconds.

chan =

    91

Elapsed time is 438.733874 seconds.

chan =

    92

Elapsed time is 441.603421 seconds.

chan =

    93

Elapsed time is 438.632069 seconds.

chan =

    94

Elapsed time is 435.641046 seconds.

chan =

    95

Elapsed time is 438.103468 seconds.

chan =

    96

Elapsed time is 436.989914 seconds.

chan =

    97

Elapsed time is 435.412619 seconds.

chan =

    98

Elapsed time is 439.237947 seconds.

chan =

    99

Elapsed time is 441.978393 seconds.

chan =

   100

Elapsed time is 445.813681 seconds.

chan =

   101

Elapsed time is 434.523877 seconds.

chan =

   102

Elapsed time is 434.495664 seconds.

chan =

   103

Elapsed time is 446.431869 seconds.

chan =

   104

Elapsed time is 423.049257 seconds.

chan =

   105

Elapsed time is 415.347041 seconds.

chan =

   106

Elapsed time is 425.544683 seconds.

chan =

   107

Elapsed time is 438.264640 seconds.

chan =

   108

Elapsed time is 443.536458 seconds.

chan =

   109

Elapsed time is 435.992531 seconds.

chan =

   110

Elapsed time is 436.891925 seconds.

chan =

   111

Elapsed time is 438.605587 seconds.

chan =

   112

Elapsed time is 440.959950 seconds.

chan =

   113

Elapsed time is 440.743649 seconds.

chan =

   114

Elapsed time is 440.023849 seconds.

chan =

   115

Elapsed time is 439.169923 seconds.

chan =

   116

Elapsed time is 439.335823 seconds.

chan =

   117

Elapsed time is 438.476823 seconds.

chan =

   118

Elapsed time is 435.289877 seconds.

chan =

   119

Elapsed time is 441.613831 seconds.

chan =

   120

Elapsed time is 444.908903 seconds.

chan =

   121

Elapsed time is 443.633515 seconds.

chan =

   122

Elapsed time is 443.111125 seconds.

chan =

   123

Elapsed time is 441.012391 seconds.

chan =

   124

Elapsed time is 427.861513 seconds.

chan =

   125

Elapsed time is 433.275688 seconds.

chan =

   126

Elapsed time is 443.136343 seconds.

chan =

   127

Elapsed time is 442.279096 seconds.

chan =

   128

Elapsed time is 445.364073 seconds.

chan =

   129

Elapsed time is 442.443679 seconds.

chan =

   130

Elapsed time is 443.664130 seconds.

chan =

   131

Elapsed time is 439.436734 seconds.

chan =

   132

Elapsed time is 442.536501 seconds.

chan =

   133

Elapsed time is 439.739868 seconds.

chan =

   134

Elapsed time is 431.106229 seconds.

chan =

   135

Elapsed time is 441.761510 seconds.

chan =

   136

Elapsed time is 444.910761 seconds.

chan =

   137

Elapsed time is 439.276973 seconds.

chan =

   138

Elapsed time is 445.214131 seconds.

chan =

   139

Elapsed time is 439.115197 seconds.
attempting saving
save success: /projects/p31578/dtf8829/QuestConnect/CHANDAT/chanDat_OH30_072.mat
working on TF
encoding done
encoding RT done
