getting started: 2929
attempting file: 2929
going for OH30 28
data loaded: OH30 28
HFB already done

chan =

     1

Elapsed time is 611.649157 seconds.

chan =

     2

Elapsed time is 596.351974 seconds.

chan =

     3

Elapsed time is 591.797241 seconds.

chan =

     4

Elapsed time is 592.777692 seconds.

chan =

     5

Elapsed time is 591.134630 seconds.

chan =

     6

Elapsed time is 590.466583 seconds.

chan =

     7

Elapsed time is 589.199728 seconds.

chan =

     8

Elapsed time is 587.288603 seconds.

chan =

     9

Elapsed time is 589.555541 seconds.

chan =

    10

Elapsed time is 584.587677 seconds.

chan =

    11

Elapsed time is 585.358505 seconds.

chan =

    12

Elapsed time is 587.875802 seconds.

chan =

    13

Elapsed time is 585.166514 seconds.

chan =

    14

Elapsed time is 587.674812 seconds.

chan =

    15

Elapsed time is 586.541509 seconds.

chan =

    16

Elapsed time is 583.354351 seconds.

chan =

    17

Elapsed time is 584.299119 seconds.

chan =

    18

Elapsed time is 583.493470 seconds.

chan =

    19

Elapsed time is 584.048776 seconds.

chan =

    20

Elapsed time is 582.615109 seconds.

chan =

    21

Elapsed time is 588.188916 seconds.

chan =

    22

Elapsed time is 583.695341 seconds.

chan =

    23

Elapsed time is 589.175586 seconds.

chan =

    24

Elapsed time is 579.636033 seconds.

chan =

    25

Elapsed time is 586.161574 seconds.

chan =

    26

Elapsed time is 579.182190 seconds.

chan =

    27

Elapsed time is 581.353086 seconds.

chan =

    28

Elapsed time is 580.635219 seconds.

chan =

    29

Elapsed time is 582.082563 seconds.

chan =

    30

Elapsed time is 579.216376 seconds.

chan =

    31

Elapsed time is 582.631107 seconds.

chan =

    32

Elapsed time is 581.424942 seconds.

chan =

    33

Elapsed time is 584.297927 seconds.

chan =

    34

Elapsed time is 581.364641 seconds.

chan =

    35

Elapsed time is 581.790046 seconds.

chan =

    36

Elapsed time is 582.470775 seconds.

chan =

    37

Elapsed time is 584.874057 seconds.

chan =

    38

Elapsed time is 576.572419 seconds.

chan =

    39

Elapsed time is 580.181778 seconds.

chan =

    40

Elapsed time is 582.419379 seconds.

chan =

    41

Elapsed time is 582.568953 seconds.

chan =

    42

Elapsed time is 579.489736 seconds.

chan =

    43

Elapsed time is 580.777378 seconds.

chan =

    44

Elapsed time is 579.125383 seconds.

chan =

    45

Elapsed time is 578.790390 seconds.

chan =

    46

Elapsed time is 580.940076 seconds.

chan =

    47

Elapsed time is 576.818174 seconds.

chan =

    48

Elapsed time is 575.911535 seconds.

chan =

    49

Elapsed time is 583.186191 seconds.

chan =

    50

Elapsed time is 582.493370 seconds.

chan =

    51

Elapsed time is 584.898778 seconds.

chan =

    52

Elapsed time is 583.488420 seconds.

chan =

    53

Elapsed time is 583.261368 seconds.

chan =

    54

Elapsed time is 581.032115 seconds.

chan =

    55

Elapsed time is 580.565530 seconds.

chan =

    56

Elapsed time is 582.242560 seconds.

chan =

    57

Elapsed time is 580.023568 seconds.

chan =

    58

Elapsed time is 580.976943 seconds.

chan =

    59

Elapsed time is 578.262093 seconds.

chan =

    60

Elapsed time is 578.071199 seconds.

chan =

    61

Elapsed time is 578.116592 seconds.

chan =

    62

Elapsed time is 579.064833 seconds.

chan =

    63

Elapsed time is 577.787923 seconds.

chan =

    64

Elapsed time is 582.448994 seconds.

chan =

    65

Elapsed time is 579.747481 seconds.

chan =

    66

Elapsed time is 576.585540 seconds.

chan =

    67

Elapsed time is 576.328519 seconds.

chan =

    68

Elapsed time is 582.688457 seconds.

chan =

    69

Elapsed time is 577.448903 seconds.

chan =

    70

Elapsed time is 578.616628 seconds.

chan =

    71

Elapsed time is 577.743689 seconds.

chan =

    72

Elapsed time is 579.429407 seconds.

chan =

    73

Elapsed time is 577.149260 seconds.

chan =

    74

Elapsed time is 582.036877 seconds.

chan =

    75

Elapsed time is 575.701837 seconds.

chan =

    76

Elapsed time is 578.654505 seconds.

chan =

    77

Elapsed time is 577.350762 seconds.

chan =

    78

Elapsed time is 581.726205 seconds.

chan =

    79

Elapsed time is 581.651279 seconds.

chan =

    80

Elapsed time is 583.493429 seconds.

chan =

    81

Elapsed time is 580.036570 seconds.

chan =

    82

Elapsed time is 585.295752 seconds.

chan =

    83

Elapsed time is 579.473705 seconds.

chan =

    84

Elapsed time is 583.408855 seconds.

chan =

    85

Elapsed time is 580.418360 seconds.

chan =

    86

Elapsed time is 578.337979 seconds.

chan =

    87

Elapsed time is 577.055746 seconds.

chan =

    88

Elapsed time is 580.152412 seconds.

chan =

    89

Elapsed time is 580.221695 seconds.

chan =

    90

Elapsed time is 585.542803 seconds.

chan =

    91

Elapsed time is 578.537130 seconds.

chan =

    92

Elapsed time is 585.097534 seconds.

chan =

    93

Elapsed time is 580.167442 seconds.

chan =

    94

Elapsed time is 580.515291 seconds.

chan =

    95

Elapsed time is 583.887029 seconds.

chan =

    96

Elapsed time is 584.401137 seconds.

chan =

    97

Elapsed time is 580.975555 seconds.

chan =

    98

Elapsed time is 585.040470 seconds.

chan =

    99

Elapsed time is 581.323602 seconds.

chan =

   100

Elapsed time is 582.383161 seconds.

chan =

   101

Elapsed time is 580.313245 seconds.

chan =

   102

Elapsed time is 579.948941 seconds.

chan =

   103

Elapsed time is 580.015108 seconds.

chan =

   104

Elapsed time is 582.513951 seconds.

chan =

   105

Elapsed time is 578.103251 seconds.

chan =

   106

Elapsed time is 585.673413 seconds.

chan =

   107

Elapsed time is 581.210827 seconds.

chan =

   108

Elapsed time is 586.331798 seconds.

chan =

   109

Elapsed time is 584.390900 seconds.

chan =

   110

Elapsed time is 587.551704 seconds.

chan =

   111

Elapsed time is 571.207215 seconds.

chan =

   112

Elapsed time is 576.658945 seconds.

chan =

   113

Elapsed time is 571.230658 seconds.

chan =

   114

Elapsed time is 576.294888 seconds.

chan =

   115

Elapsed time is 570.943198 seconds.

chan =

   116

Elapsed time is 572.597138 seconds.

chan =

   117

