getting started: 2958
attempting file: 2958
going for OH30 57
data loaded: OH30 57
HFB already done

chan =

     1

Elapsed time is 494.334722 seconds.

chan =

     2

Elapsed time is 498.309641 seconds.

chan =

     3

Elapsed time is 492.261346 seconds.

chan =

     4

Elapsed time is 514.039957 seconds.

chan =

     5

Elapsed time is 523.095725 seconds.

chan =

     6

Elapsed time is 525.540898 seconds.

chan =

     7

Elapsed time is 522.811181 seconds.

chan =

     8

Elapsed time is 520.482683 seconds.

chan =

     9

Elapsed time is 520.881141 seconds.

chan =

    10

Elapsed time is 516.467088 seconds.

chan =

    11

Elapsed time is 519.103844 seconds.

chan =

    12

Elapsed time is 514.927015 seconds.

chan =

    13

Elapsed time is 516.659431 seconds.

chan =

    14

Elapsed time is 516.541852 seconds.

chan =

    15

Elapsed time is 520.249029 seconds.

chan =

    16

Elapsed time is 485.247449 seconds.

chan =

    17

Elapsed time is 473.731934 seconds.

chan =

    18

Elapsed time is 532.063955 seconds.

chan =

    19

Elapsed time is 535.274347 seconds.

chan =

    20

Elapsed time is 519.191249 seconds.

chan =

    21

Elapsed time is 536.987925 seconds.

chan =

    22

Elapsed time is 529.181689 seconds.

chan =

    23

Elapsed time is 500.930300 seconds.

chan =

    24

Elapsed time is 506.457025 seconds.

chan =

    25

Elapsed time is 486.341692 seconds.

chan =

    26

Elapsed time is 475.523677 seconds.

chan =

    27

Elapsed time is 483.566382 seconds.

chan =

    28

Elapsed time is 498.996782 seconds.

chan =

    29

Elapsed time is 495.665962 seconds.

chan =

    30

Elapsed time is 517.902892 seconds.

chan =

    31

Elapsed time is 527.845755 seconds.

chan =

    32

Elapsed time is 495.565123 seconds.

chan =

    33

Elapsed time is 504.414515 seconds.

chan =

    34

Elapsed time is 526.386546 seconds.

chan =

    35

Elapsed time is 501.482521 seconds.

chan =

    36

Elapsed time is 528.534839 seconds.

chan =

    37

Elapsed time is 532.111718 seconds.

chan =

    38

Elapsed time is 477.237423 seconds.

chan =

    39

Elapsed time is 521.713454 seconds.

chan =

    40

Elapsed time is 527.891911 seconds.

chan =

    41

Elapsed time is 514.342409 seconds.

chan =

    42

Elapsed time is 528.128380 seconds.

chan =

    43

Elapsed time is 524.286686 seconds.

chan =

    44

Elapsed time is 457.454192 seconds.

chan =

    45

Elapsed time is 459.637926 seconds.

chan =

    46

Elapsed time is 456.895005 seconds.

chan =

    47

Elapsed time is 457.142653 seconds.

chan =

    48

Elapsed time is 451.172020 seconds.

chan =

    49

Elapsed time is 443.544613 seconds.

chan =

    50

Elapsed time is 444.049467 seconds.

chan =

    51

Elapsed time is 445.484174 seconds.

chan =

    52

Elapsed time is 445.566623 seconds.

chan =

    53

Elapsed time is 443.111015 seconds.

chan =

    54

Elapsed time is 444.759778 seconds.

chan =

    55

Elapsed time is 450.731734 seconds.

chan =

    56

Elapsed time is 445.854338 seconds.

chan =

    57

Elapsed time is 445.800128 seconds.

chan =

    58

Elapsed time is 444.128835 seconds.

chan =

    59

Elapsed time is 444.111356 seconds.

chan =

    60

Elapsed time is 433.342266 seconds.

chan =

    61

Elapsed time is 430.915645 seconds.

chan =

    62

Elapsed time is 434.095624 seconds.

chan =

    63

Elapsed time is 435.801063 seconds.

chan =

    64

Elapsed time is 441.569693 seconds.

chan =

    65

Elapsed time is 445.373168 seconds.

chan =

    66

Elapsed time is 446.963171 seconds.

chan =

    67

Elapsed time is 444.627849 seconds.

chan =

    68

Elapsed time is 444.870056 seconds.

chan =

    69

Elapsed time is 445.455108 seconds.

chan =

    70

Elapsed time is 436.727838 seconds.

chan =

    71

Elapsed time is 423.832399 seconds.

chan =

    72

Elapsed time is 418.413225 seconds.

chan =

    73

Elapsed time is 424.366715 seconds.

chan =

    74

Elapsed time is 420.052990 seconds.

chan =

    75

Elapsed time is 420.216802 seconds.

chan =

    76

Elapsed time is 421.804278 seconds.

chan =

    77

Elapsed time is 417.057027 seconds.

chan =

    78

Elapsed time is 416.846656 seconds.

chan =

    79

Elapsed time is 418.573120 seconds.

chan =

    80

Elapsed time is 418.560476 seconds.

chan =

    81

Elapsed time is 416.564460 seconds.

chan =

    82

Elapsed time is 415.011930 seconds.

chan =

    83

Elapsed time is 422.939628 seconds.

chan =

    84

Elapsed time is 429.048295 seconds.

chan =

    85

Elapsed time is 425.441590 seconds.

chan =

    86

Elapsed time is 423.236468 seconds.

chan =

    87

Elapsed time is 428.156161 seconds.

chan =

    88

Elapsed time is 427.737278 seconds.

chan =

    89

Elapsed time is 426.312802 seconds.

chan =

    90

Elapsed time is 428.325635 seconds.

chan =

    91

Elapsed time is 427.894468 seconds.

chan =

    92

Elapsed time is 427.783056 seconds.

chan =

    93

Elapsed time is 424.421946 seconds.

chan =

    94

Elapsed time is 424.865077 seconds.

chan =

    95

Elapsed time is 428.156879 seconds.

chan =

    96

Elapsed time is 425.721704 seconds.

chan =

    97

Elapsed time is 428.366679 seconds.

chan =

    98

Elapsed time is 417.678664 seconds.

chan =

    99

Elapsed time is 394.916341 seconds.

chan =

   100

Elapsed time is 391.421947 seconds.

chan =

   101

Elapsed time is 387.721437 seconds.

chan =

   102

Elapsed time is 387.907277 seconds.

chan =

   103

Elapsed time is 390.522248 seconds.

chan =

   104

Elapsed time is 388.186783 seconds.

chan =

   105

Elapsed time is 386.862836 seconds.

chan =

   106

Elapsed time is 389.225490 seconds.

chan =

   107

Elapsed time is 389.427335 seconds.

chan =

   108

Elapsed time is 388.663783 seconds.

chan =

   109

Elapsed time is 383.199534 seconds.

chan =

   110

Elapsed time is 387.485473 seconds.

chan =

   111

Elapsed time is 386.134248 seconds.

chan =

   112

Elapsed time is 389.752454 seconds.

chan =

   113

Elapsed time is 388.855089 seconds.

chan =

   114

Elapsed time is 389.726344 seconds.

chan =

   115

Elapsed time is 386.452064 seconds.

chan =

   116

Elapsed time is 390.026183 seconds.

chan =

   117

Elapsed time is 386.061198 seconds.

chan =

   118

Elapsed time is 384.687802 seconds.

chan =

   119

Elapsed time is 390.837818 seconds.

chan =

   120

Elapsed time is 394.093987 seconds.

chan =

   121

Elapsed time is 389.045439 seconds.

chan =

   122

Elapsed time is 390.856621 seconds.

chan =

   123

Elapsed time is 390.590646 seconds.

chan =

   124

Elapsed time is 376.619413 seconds.

chan =

   125

Elapsed time is 371.565573 seconds.

chan =

   126

Elapsed time is 347.837582 seconds.

chan =

   127

Elapsed time is 344.956752 seconds.

chan =

   128

Elapsed time is 345.747541 seconds.

chan =

   129

Elapsed time is 341.322575 seconds.

chan =

   130

Elapsed time is 459.016495 seconds.

chan =

   131

Elapsed time is 613.225476 seconds.

chan =

   132

Elapsed time is 619.154034 seconds.

chan =

   133

Elapsed time is 617.760925 seconds.

chan =

   134

Elapsed time is 620.065806 seconds.

chan =

   135

Elapsed time is 613.460797 seconds.

chan =

   136

Elapsed time is 617.183648 seconds.

chan =

   137

Elapsed time is 613.677568 seconds.

chan =

   138

Elapsed time is 604.276560 seconds.

chan =

   139

Elapsed time is 589.270479 seconds.
attempting saving
save success: /projects/p31578/dtf8829/QuestConnect/CHANDAT/chanDat_OH30_057.mat
working on TF
encoding done
encoding RT done
