getting started: 2662
attempting file: 2662
going for NM04 25
data loaded: NM04 25
HFB already done

chan =

     1

Elapsed time is 254.046149 seconds.

chan =

     2

Elapsed time is 250.545234 seconds.

chan =

     3

Elapsed time is 255.459187 seconds.

chan =

     4

Elapsed time is 252.499834 seconds.

chan =

     5

Elapsed time is 256.654126 seconds.

chan =

     6

Elapsed time is 255.103766 seconds.

chan =

     7

Elapsed time is 242.816090 seconds.

chan =

     8

Elapsed time is 262.815016 seconds.

chan =

     9

Elapsed time is 259.187843 seconds.

chan =

    10

Elapsed time is 261.019488 seconds.

chan =

    11

Elapsed time is 262.946979 seconds.

chan =

    12

Elapsed time is 263.156423 seconds.

chan =

    13

Elapsed time is 259.529082 seconds.

chan =

    14

Elapsed time is 258.480781 seconds.

chan =

    15

Elapsed time is 259.032050 seconds.

chan =

    16

Elapsed time is 261.946907 seconds.

chan =

    17

Elapsed time is 264.096819 seconds.

chan =

    18

Elapsed time is 259.748482 seconds.

chan =

    19

Elapsed time is 258.749720 seconds.

chan =

    20

Elapsed time is 255.919826 seconds.

chan =

    21

Elapsed time is 257.476516 seconds.

chan =

    22

Elapsed time is 262.423959 seconds.

chan =

    23

Elapsed time is 262.335581 seconds.

chan =

    24

Elapsed time is 258.754101 seconds.

chan =

    25

Elapsed time is 257.407948 seconds.

chan =

    26

Elapsed time is 255.515953 seconds.

chan =

    27

Elapsed time is 262.001508 seconds.

chan =

    28

Elapsed time is 263.625908 seconds.

chan =

    29

Elapsed time is 260.316407 seconds.

chan =

    30

Elapsed time is 258.597503 seconds.

chan =

    31

Elapsed time is 257.074580 seconds.

chan =

    32

Elapsed time is 260.808643 seconds.

chan =

    33

Elapsed time is 264.560112 seconds.

chan =

    34

Elapsed time is 258.668706 seconds.

chan =

    35

Elapsed time is 261.342932 seconds.

chan =

    36

Elapsed time is 258.075241 seconds.

chan =

    37

Elapsed time is 263.657986 seconds.

chan =

    38

Elapsed time is 258.367453 seconds.

chan =

    39

Elapsed time is 258.256091 seconds.

chan =

    40

Elapsed time is 252.462438 seconds.

chan =

    41

Elapsed time is 262.612151 seconds.

chan =

    42

Elapsed time is 261.059171 seconds.

chan =

    43

Elapsed time is 258.769386 seconds.

chan =

    44

Elapsed time is 257.863452 seconds.

chan =

    45

Elapsed time is 261.325954 seconds.

chan =

    46

Elapsed time is 254.978660 seconds.

chan =

    47

Elapsed time is 255.145412 seconds.

chan =

    48

Elapsed time is 262.265752 seconds.

chan =

    49

Elapsed time is 258.087832 seconds.

chan =

    50

Elapsed time is 254.007123 seconds.

chan =

    51

Elapsed time is 261.122328 seconds.

chan =

    52

Elapsed time is 256.613003 seconds.

chan =

    53

Elapsed time is 252.969264 seconds.

chan =

    54

Elapsed time is 260.833610 seconds.

chan =

    55

Elapsed time is 255.828550 seconds.

chan =

    56

Elapsed time is 260.402445 seconds.

chan =

    57

Elapsed time is 260.759225 seconds.

chan =

    58

Elapsed time is 253.591312 seconds.

chan =

    59

Elapsed time is 262.320160 seconds.

chan =

    60

Elapsed time is 256.632549 seconds.

chan =

    61

Elapsed time is 263.174877 seconds.

chan =

    62

Elapsed time is 257.412035 seconds.

chan =

    63

Elapsed time is 260.404993 seconds.

chan =

    64

Elapsed time is 257.483885 seconds.

chan =

    65

Elapsed time is 259.917388 seconds.

chan =

    66

Elapsed time is 258.787969 seconds.

chan =

    67

Elapsed time is 262.091682 seconds.

chan =

    68

Elapsed time is 261.987030 seconds.

chan =

    69

Elapsed time is 260.157566 seconds.

chan =

    70

Elapsed time is 262.922235 seconds.

chan =

    71

Elapsed time is 259.433119 seconds.

chan =

    72

Elapsed time is 263.826395 seconds.

chan =

    73

Elapsed time is 260.863356 seconds.

chan =

    74

Elapsed time is 262.612447 seconds.

chan =

    75

Elapsed time is 260.284757 seconds.

chan =

    76

Elapsed time is 261.610638 seconds.

chan =

    77

Elapsed time is 261.211716 seconds.

chan =

    78

Elapsed time is 262.561174 seconds.

chan =

    79

Elapsed time is 262.931666 seconds.

chan =

    80

Elapsed time is 266.203482 seconds.

chan =

    81

Elapsed time is 261.998542 seconds.

chan =

    82

Elapsed time is 259.667299 seconds.

chan =

    83

Elapsed time is 260.516338 seconds.

chan =

    84

Elapsed time is 260.676243 seconds.

chan =

    85

Elapsed time is 262.672918 seconds.

chan =

    86

Elapsed time is 263.448454 seconds.

chan =

    87

Elapsed time is 262.303951 seconds.

chan =

    88

Elapsed time is 263.584159 seconds.

chan =

    89

Elapsed time is 261.729411 seconds.

chan =

    90

Elapsed time is 256.109427 seconds.

chan =

    91

Elapsed time is 257.442305 seconds.
attempting saving
save success: /projects/p31578/dtf8829/QuestConnect/CHANDAT/chanDat_NM04_025.mat
working on TF
encoding done
encoding RT done
retrieval 1 done
retrieval 2 done
attempting saving
save success: /projects/p31578/dtf8829/QuestConnect/CHANDAT/chanDat_NM04_025.mat
working on ISPC
channel: 1 took 0 minutes
channel: 2 took 0 minutes
channel: 3 took 0 minutes
channel: 4 took 0 minutes
channel: 5 took 0 minutes
channel: 6 took 0 minutes
channel: 7 took 0 minutes
channel: 8 took 0 minutes
channel: 9 took 0 minutes
channel: 10 took 0 minutes
channel: 11 took 0 minutes
channel: 12 took 0 minutes
channel: 13 took 0 minutes
channel: 14 took 0 minutes
channel: 15 took 0 minutes
channel: 16 took 0 minutes
channel: 17 took 0 minutes
channel: 18 took 0 minutes
channel: 19 took 0 minutes
channel: 20 took 0 minutes
channel: 21 took 0 minutes
channel: 22 took 0 minutes
channel: 23 took 0 minutes
channel: 24 took 0 minutes
channel: 25 took 0 minutes
channel: 26 took 3.8 minutes
channel: 27 took 3.8 minutes
channel: 28 took 3.8 minutes
channel: 29 took 3.8 minutes
channel: 30 took 3.8 minutes
channel: 31 took 3.8 minutes
channel: 32 took 3.9 minutes
channel: 33 took 3.9 minutes
channel: 34 took 3.8 minutes
channel: 35 took 3.7 minutes
channel: 36 took 3.7 minutes
channel: 37 took 3.7 minutes
channel: 38 took 3.7 minutes
channel: 39 took 3.8 minutes
channel: 40 took 3.8 minutes
channel: 41 took 3.8 minutes
channel: 42 took 3.8 minutes
channel: 43 took 3.9 minutes
channel: 44 took 3.8 minutes
channel: 45 took 3.8 minutes
channel: 46 took 3.8 minutes
channel: 47 took 3.8 minutes
channel: 48 took 3.8 minutes
channel: 49 took 3.8 minutes
channel: 50 took 3.9 minutes
channel: 51 took 3.9 minutes
channel: 52 took 3.7 minutes
channel: 53 took 3.8 minutes
channel: 54 took 3.8 minutes
channel: 55 took 3.8 minutes
channel: 56 took 3.7 minutes
channel: 57 took 3.7 minutes
channel: 58 took 3.7 minutes
channel: 59 took 3.7 minutes
channel: 60 took 3.7 minutes
channel: 61 took 3.8 minutes
channel: 62 took 3.8 minutes
channel: 63 took 3.7 minutes
channel: 64 took 3.7 minutes
channel: 65 took 3.7 minutes
channel: 66 took 3.7 minutes
channel: 67 took 3.7 minutes
channel: 68 took 3.6 minutes
channel: 69 took 3.6 minutes
channel: 70 took 3.7 minutes
channel: 71 took 3.7 minutes
channel: 72 took 3.7 minutes
channel: 73 took 3.7 minutes
channel: 74 took 3.7 minutes
channel: 75 took 3.7 minutes
channel: 76 took 3.6 minutes
channel: 77 took 3.6 minutes
channel: 78 took 3.6 minutes
channel: 79 took 3.7 minutes
channel: 80 took 3.7 minutes
channel: 81 took 3.7 minutes
channel: 82 took 3.8 minutes
channel: 83 took 3.7 minutes
channel: 84 took 3.7 minutes
channel: 85 took 3.6 minutes
channel: 86 took 3.6 minutes
channel: 87 took 3.6 minutes
channel: 88 took 3.7 minutes
channel: 89 took 3.7 minutes
channel: 90 took 3.7 minutes
channel: 91 took 3.7 minutes
attempting saving
save success: /projects/p31578/dtf8829/QuestConnect/CHANDAT/chanDat_NM04_025.mat
Elapsed time is 227.882654 seconds.
