getting started: 2875
attempting file: 2875
going for OH27 81
data loaded: OH27 81
HFB already done

chan =

     1

Elapsed time is 243.203354 seconds.

chan =

     2

Elapsed time is 242.161088 seconds.

chan =

     3

Elapsed time is 232.490136 seconds.

chan =

     4

Elapsed time is 245.391377 seconds.

chan =

     5

Elapsed time is 258.129181 seconds.

chan =

     6

Elapsed time is 250.213336 seconds.

chan =

     7

Elapsed time is 254.727712 seconds.

chan =

     8

Elapsed time is 253.083851 seconds.

chan =

     9

Elapsed time is 255.666028 seconds.

chan =

    10

Elapsed time is 253.741926 seconds.

chan =

    11

Elapsed time is 245.753905 seconds.

chan =

    12

Elapsed time is 239.742332 seconds.

chan =

    13

Elapsed time is 261.021304 seconds.

chan =

    14

Elapsed time is 268.406739 seconds.

chan =

    15

Elapsed time is 266.614043 seconds.

chan =

    16

Elapsed time is 239.567029 seconds.

chan =

    17

Elapsed time is 282.968245 seconds.

chan =

    18

Elapsed time is 284.451774 seconds.

chan =

    19

Elapsed time is 286.951340 seconds.

chan =

    20

Elapsed time is 290.376861 seconds.

chan =

    21

Elapsed time is 290.356209 seconds.

chan =

    22

Elapsed time is 283.897406 seconds.

chan =

    23

Elapsed time is 289.597217 seconds.

chan =

    24

Elapsed time is 288.675128 seconds.

chan =

    25

Elapsed time is 290.264093 seconds.

chan =

    26

Elapsed time is 287.219963 seconds.

chan =

    27

Elapsed time is 288.117376 seconds.

chan =

    28

Elapsed time is 286.129417 seconds.

chan =

    29

Elapsed time is 286.086677 seconds.

chan =

    30

Elapsed time is 285.383735 seconds.

chan =

    31

Elapsed time is 282.352513 seconds.

chan =

    32

Elapsed time is 275.755813 seconds.

chan =

    33

Elapsed time is 287.719478 seconds.

chan =

    34

Elapsed time is 285.083000 seconds.

chan =

    35

Elapsed time is 287.913497 seconds.

chan =

    36

Elapsed time is 286.191026 seconds.

chan =

    37

Elapsed time is 278.355716 seconds.

chan =

    38

Elapsed time is 287.054579 seconds.

chan =

    39

Elapsed time is 288.022251 seconds.

chan =

    40

Elapsed time is 286.233153 seconds.

chan =

    41

Elapsed time is 288.647100 seconds.

chan =

    42

Elapsed time is 281.580720 seconds.

chan =

    43

Elapsed time is 284.895709 seconds.

chan =

    44

Elapsed time is 286.703020 seconds.

chan =

    45

Elapsed time is 289.301886 seconds.

chan =

    46

Elapsed time is 287.661922 seconds.

chan =

    47

Elapsed time is 277.729757 seconds.

chan =

    48

Elapsed time is 288.302595 seconds.

chan =

    49

Elapsed time is 286.064180 seconds.

chan =

    50

Elapsed time is 284.954130 seconds.

chan =

    51

Elapsed time is 284.820682 seconds.

chan =

    52

Elapsed time is 256.196113 seconds.

chan =

    53

Elapsed time is 262.511335 seconds.

chan =

    54

Elapsed time is 266.901390 seconds.

chan =

    55

Elapsed time is 289.589734 seconds.

chan =

    56

Elapsed time is 289.742831 seconds.

chan =

    57

Elapsed time is 287.657494 seconds.

chan =

    58

Elapsed time is 288.703984 seconds.

chan =

    59

Elapsed time is 282.846625 seconds.

chan =

    60

Elapsed time is 291.094613 seconds.

chan =

    61

Elapsed time is 289.885074 seconds.

chan =

    62

Elapsed time is 289.859658 seconds.

chan =

    63

Elapsed time is 285.571114 seconds.

chan =

    64

Elapsed time is 283.144126 seconds.

chan =

    65

Elapsed time is 289.408025 seconds.

chan =

    66

Elapsed time is 292.747298 seconds.

chan =

    67

Elapsed time is 291.728729 seconds.

chan =

    68

Elapsed time is 295.522339 seconds.

chan =

    69

Elapsed time is 289.821774 seconds.

chan =

    70

Elapsed time is 288.106930 seconds.

chan =

    71

Elapsed time is 287.945508 seconds.

chan =

    72

Elapsed time is 290.734135 seconds.

chan =

    73

Elapsed time is 287.728201 seconds.

chan =

    74

Elapsed time is 284.505215 seconds.

chan =

    75

Elapsed time is 283.449210 seconds.

chan =

    76

Elapsed time is 289.430066 seconds.

chan =

    77

Elapsed time is 286.900545 seconds.

chan =

    78

Elapsed time is 287.444361 seconds.

chan =

    79

Elapsed time is 280.668877 seconds.

chan =

    80

Elapsed time is 290.088864 seconds.

chan =

    81

Elapsed time is 286.603449 seconds.

chan =

    82

Elapsed time is 288.917740 seconds.

chan =

    83

Elapsed time is 287.003170 seconds.

chan =

    84

Elapsed time is 287.165803 seconds.

chan =

    85

Elapsed time is 283.530811 seconds.

chan =

    86

Elapsed time is 283.817894 seconds.

chan =

    87

Elapsed time is 286.630672 seconds.

chan =

    88

Elapsed time is 283.220363 seconds.

chan =

    89

Elapsed time is 289.244910 seconds.

chan =

    90

Elapsed time is 288.287916 seconds.

chan =

    91

Elapsed time is 289.497149 seconds.

chan =

    92

Elapsed time is 289.266033 seconds.

chan =

    93

Elapsed time is 286.468297 seconds.

chan =

    94

Elapsed time is 288.802436 seconds.

chan =

    95

Elapsed time is 282.897397 seconds.

chan =

    96

Elapsed time is 286.998728 seconds.

chan =

    97

Elapsed time is 286.771324 seconds.

chan =

    98

Elapsed time is 284.688208 seconds.

chan =

    99

Elapsed time is 284.941255 seconds.

chan =

   100

Elapsed time is 289.880704 seconds.

chan =

   101

Elapsed time is 291.591441 seconds.

chan =

   102

Elapsed time is 288.934419 seconds.

chan =

   103

Elapsed time is 289.066664 seconds.

chan =

   104

Elapsed time is 291.281653 seconds.

chan =

   105

Elapsed time is 288.895241 seconds.

chan =

   106

Elapsed time is 283.409904 seconds.

