getting started: 2965
attempting file: 2965
going for OH30 64
data loaded: OH30 64
HFB already done

chan =

     1

Elapsed time is 528.464821 seconds.

chan =

     2

Elapsed time is 529.028822 seconds.

chan =

     3

Elapsed time is 544.156622 seconds.

chan =

     4

Elapsed time is 543.860428 seconds.

chan =

     5

Elapsed time is 545.337305 seconds.

chan =

     6

Elapsed time is 537.839380 seconds.

chan =

     7

Elapsed time is 516.555973 seconds.

chan =

     8

Elapsed time is 497.039189 seconds.

chan =

     9

Elapsed time is 477.592915 seconds.

chan =

    10

Elapsed time is 472.036255 seconds.

chan =

    11

Elapsed time is 471.576286 seconds.

chan =

    12

Elapsed time is 470.919389 seconds.

chan =

    13

Elapsed time is 471.760660 seconds.

chan =

    14

Elapsed time is 474.261311 seconds.

chan =

    15

Elapsed time is 504.541442 seconds.

chan =

    16

Elapsed time is 516.432059 seconds.

chan =

    17

Elapsed time is 515.145558 seconds.

chan =

    18

Elapsed time is 530.069361 seconds.

chan =

    19

Elapsed time is 532.361721 seconds.

chan =

    20

Elapsed time is 539.561293 seconds.

chan =

    21

Elapsed time is 544.149572 seconds.

chan =

    22

Elapsed time is 549.266958 seconds.

chan =

    23

Elapsed time is 536.396526 seconds.

chan =

    24

Elapsed time is 541.023961 seconds.

chan =

    25

Elapsed time is 523.854396 seconds.

chan =

    26

Elapsed time is 548.080112 seconds.

chan =

    27

Elapsed time is 524.219894 seconds.

chan =

    28

Elapsed time is 512.649746 seconds.

chan =

    29

Elapsed time is 489.517756 seconds.

chan =

    30

Elapsed time is 474.675346 seconds.

chan =

    31

Elapsed time is 474.906584 seconds.

chan =

    32

Elapsed time is 476.234858 seconds.

chan =

    33

Elapsed time is 474.448067 seconds.

chan =

    34

Elapsed time is 474.587660 seconds.

chan =

    35

Elapsed time is 475.822269 seconds.

chan =

    36

Elapsed time is 475.099855 seconds.

chan =

    37

Elapsed time is 474.871037 seconds.

chan =

    38

Elapsed time is 476.419773 seconds.

chan =

    39

Elapsed time is 472.574917 seconds.

chan =

    40

Elapsed time is 475.013908 seconds.

chan =

    41

Elapsed time is 475.343954 seconds.

chan =

    42

Elapsed time is 472.768725 seconds.

chan =

    43

Elapsed time is 473.177327 seconds.

chan =

    44

Elapsed time is 472.743400 seconds.

chan =

    45

Elapsed time is 470.930646 seconds.

chan =

    46

Elapsed time is 472.359014 seconds.

chan =

    47

Elapsed time is 472.322332 seconds.

chan =

    48

Elapsed time is 469.575661 seconds.

chan =

    49

Elapsed time is 475.850299 seconds.

chan =

    50

Elapsed time is 475.572040 seconds.

chan =

    51

Elapsed time is 493.446194 seconds.

chan =

    52

Elapsed time is 533.794104 seconds.

chan =

    53

Elapsed time is 526.640596 seconds.

chan =

    54

Elapsed time is 521.346479 seconds.

chan =

    55

Elapsed time is 529.511915 seconds.

chan =

    56

Elapsed time is 503.681126 seconds.

chan =

    57

Elapsed time is 517.140822 seconds.

chan =

    58

Elapsed time is 518.774748 seconds.

chan =

    59

Elapsed time is 459.078290 seconds.

chan =

    60

Elapsed time is 458.102104 seconds.

chan =

    61

Elapsed time is 501.053043 seconds.

chan =

    62

Elapsed time is 500.023968 seconds.

chan =

    63

Elapsed time is 457.584108 seconds.

chan =

    64

Elapsed time is 454.956405 seconds.

chan =

    65

Elapsed time is 454.698117 seconds.

chan =

    66

Elapsed time is 454.968509 seconds.

chan =

    67

Elapsed time is 455.302695 seconds.

chan =

    68

Elapsed time is 457.053829 seconds.

chan =

    69

Elapsed time is 456.776943 seconds.

chan =

    70

Elapsed time is 449.892189 seconds.

chan =

    71

Elapsed time is 441.361532 seconds.

chan =

    72

Elapsed time is 441.860531 seconds.

chan =

    73

Elapsed time is 441.400304 seconds.

chan =

    74

Elapsed time is 442.064203 seconds.

chan =

    75

Elapsed time is 439.384247 seconds.

chan =

    76

Elapsed time is 438.147129 seconds.

chan =

    77

Elapsed time is 435.435836 seconds.

chan =

    78

Elapsed time is 439.013220 seconds.

chan =

    79

Elapsed time is 437.265386 seconds.

chan =

    80

Elapsed time is 438.780063 seconds.

chan =

    81

Elapsed time is 433.721032 seconds.

chan =

    82

Elapsed time is 476.598397 seconds.

chan =

    83

Elapsed time is 479.186524 seconds.

chan =

    84

Elapsed time is 478.848573 seconds.

chan =

    85

Elapsed time is 477.444693 seconds.

chan =

    86

Elapsed time is 475.593016 seconds.

chan =

    87

Elapsed time is 474.109732 seconds.

chan =

    88

Elapsed time is 474.747687 seconds.

chan =

    89

Elapsed time is 475.631911 seconds.

chan =

    90

Elapsed time is 475.439989 seconds.

chan =

    91

Elapsed time is 475.597219 seconds.

chan =

    92

Elapsed time is 474.482537 seconds.

chan =

    93

Elapsed time is 472.598641 seconds.

chan =

    94

Elapsed time is 472.293928 seconds.

chan =

    95

Elapsed time is 475.450049 seconds.

chan =

    96

Elapsed time is 470.881204 seconds.

chan =

    97

Elapsed time is 467.355987 seconds.

chan =

    98

Elapsed time is 467.284986 seconds.

chan =

    99

Elapsed time is 467.188572 seconds.

chan =

   100

Elapsed time is 466.341810 seconds.

chan =

   101

Elapsed time is 462.059587 seconds.

chan =

   102

Elapsed time is 462.473361 seconds.

chan =

   103

Elapsed time is 461.469722 seconds.

chan =

   104

Elapsed time is 457.343158 seconds.

chan =

   105

Elapsed time is 456.792302 seconds.

chan =

   106

Elapsed time is 456.398951 seconds.

chan =

   107

Elapsed time is 454.593966 seconds.

chan =

   108

Elapsed time is 454.636561 seconds.

chan =

   109

Elapsed time is 454.169209 seconds.

chan =

   110

Elapsed time is 456.425896 seconds.

chan =

   111

Elapsed time is 453.604224 seconds.

chan =

   112

Elapsed time is 455.320692 seconds.

chan =

   113

Elapsed time is 456.519453 seconds.

chan =

   114

Elapsed time is 455.915980 seconds.

chan =

   115

Elapsed time is 454.817554 seconds.

chan =

   116

Elapsed time is 455.536805 seconds.

chan =

   117

Elapsed time is 457.230598 seconds.

chan =

   118

Elapsed time is 453.261960 seconds.

chan =

   119

Elapsed time is 458.578326 seconds.

chan =

   120

Elapsed time is 459.018926 seconds.

chan =

   121

Elapsed time is 458.828662 seconds.

chan =

   122

Elapsed time is 458.177056 seconds.

chan =

   123

Elapsed time is 457.238021 seconds.

chan =

   124

Elapsed time is 458.490697 seconds.

chan =

   125

Elapsed time is 459.050725 seconds.

chan =

   126

Elapsed time is 457.822563 seconds.

chan =

   127

Elapsed time is 456.246553 seconds.

chan =

   128

Elapsed time is 456.174298 seconds.

chan =

   129

Elapsed time is 455.695911 seconds.

chan =

   130

Elapsed time is 456.044579 seconds.

chan =

   131

Elapsed time is 451.843738 seconds.

chan =

   132

Elapsed time is 456.486598 seconds.

chan =

   133

Elapsed time is 457.897011 seconds.

chan =

   134

Elapsed time is 458.877240 seconds.

chan =

   135

Elapsed time is 457.454727 seconds.

chan =

   136

Elapsed time is 457.132040 seconds.

chan =

   137

Elapsed time is 457.578962 seconds.

chan =

   138

Elapsed time is 451.600983 seconds.

chan =

   139

Elapsed time is 435.919758 seconds.
attempting saving
save success: /projects/p31578/dtf8829/QuestConnect/CHANDAT/chanDat_OH30_064.mat
working on TF
encoding done
encoding RT done
