getting started: 2819
attempting file: 2819
going for OH27 25
data loaded: OH27 25
HFB already done

chan =

     1

Elapsed time is 219.026530 seconds.

chan =

     2

Elapsed time is 215.443668 seconds.

chan =

     3

Elapsed time is 211.296321 seconds.

chan =

     4

Elapsed time is 218.817527 seconds.

chan =

     5

Elapsed time is 251.778979 seconds.

chan =

     6

Elapsed time is 250.185739 seconds.

chan =

     7

Elapsed time is 250.428877 seconds.

chan =

     8

Elapsed time is 249.744353 seconds.

chan =

     9

Elapsed time is 249.122458 seconds.

chan =

    10

Elapsed time is 262.130839 seconds.

chan =

    11

Elapsed time is 249.917730 seconds.

chan =

    12

Elapsed time is 250.998310 seconds.

chan =

    13

Elapsed time is 250.182841 seconds.

chan =

    14

Elapsed time is 249.457838 seconds.

chan =

    15

Elapsed time is 237.108914 seconds.

chan =

    16

Elapsed time is 222.273567 seconds.

chan =

    17

Elapsed time is 208.379597 seconds.

chan =

    18

Elapsed time is 199.788869 seconds.

chan =

    19

Elapsed time is 194.636392 seconds.

chan =

    20

Elapsed time is 194.403306 seconds.

chan =

    21

Elapsed time is 189.734478 seconds.

chan =

    22

Elapsed time is 187.954918 seconds.

chan =

    23

Elapsed time is 185.958904 seconds.

chan =

    24

Elapsed time is 187.558820 seconds.

chan =

    25

Elapsed time is 187.500300 seconds.

chan =

    26

Elapsed time is 188.582635 seconds.

chan =

    27

Elapsed time is 187.623026 seconds.

chan =

    28

Elapsed time is 187.467884 seconds.

chan =

    29

Elapsed time is 186.618841 seconds.

chan =

    30

Elapsed time is 186.466737 seconds.

chan =

    31

Elapsed time is 185.391687 seconds.

chan =

    32

Elapsed time is 185.162803 seconds.

chan =

    33

Elapsed time is 187.026337 seconds.

chan =

    34

Elapsed time is 190.042190 seconds.

chan =

    35

Elapsed time is 189.399551 seconds.

chan =

    36

Elapsed time is 380.356374 seconds.

chan =

    37

Elapsed time is 370.762566 seconds.

chan =

    38

Elapsed time is 372.812592 seconds.

chan =

    39

Elapsed time is 372.492351 seconds.

chan =

    40

Elapsed time is 372.359759 seconds.

chan =

    41

Elapsed time is 369.544171 seconds.

chan =

    42

Elapsed time is 370.378291 seconds.

chan =

    43

Elapsed time is 366.597459 seconds.

chan =

    44

Elapsed time is 370.987083 seconds.

chan =

    45

Elapsed time is 367.785290 seconds.

chan =

    46

Elapsed time is 372.385073 seconds.

chan =

    47

Elapsed time is 367.523081 seconds.

chan =

    48

Elapsed time is 228.041191 seconds.

chan =

    49

Elapsed time is 370.326268 seconds.

chan =

    50

Elapsed time is 393.321614 seconds.

chan =

    51

Elapsed time is 383.249493 seconds.

chan =

    52

Elapsed time is 390.809507 seconds.

chan =

    53

Elapsed time is 383.885802 seconds.

chan =

    54

Elapsed time is 381.361237 seconds.

chan =

    55

Elapsed time is 377.989980 seconds.

chan =

    56

Elapsed time is 377.433360 seconds.

chan =

    57

Elapsed time is 375.051237 seconds.

chan =

    58

Elapsed time is 377.162806 seconds.

chan =

    59

Elapsed time is 376.015743 seconds.

chan =

    60

Elapsed time is 380.885045 seconds.

chan =

    61

Elapsed time is 375.871050 seconds.

chan =

    62

Elapsed time is 377.301280 seconds.

chan =

    63

Elapsed time is 377.299434 seconds.

chan =

    64

Elapsed time is 379.222833 seconds.

chan =

    65

Elapsed time is 373.832952 seconds.

chan =

    66

Elapsed time is 380.591626 seconds.

chan =

    67

Elapsed time is 379.095024 seconds.

chan =

    68

Elapsed time is 378.323159 seconds.

chan =

    69

Elapsed time is 371.808237 seconds.

chan =

    70

Elapsed time is 372.590300 seconds.

chan =

    71

Elapsed time is 377.232601 seconds.

chan =

    72

Elapsed time is 374.356940 seconds.

chan =

    73

Elapsed time is 373.858857 seconds.

chan =

    74

Elapsed time is 372.700831 seconds.

chan =

    75

Elapsed time is 372.861884 seconds.

chan =

    76

Elapsed time is 376.605893 seconds.

chan =

    77

Elapsed time is 202.526644 seconds.

chan =

    78

Elapsed time is 184.554476 seconds.

chan =

    79

Elapsed time is 183.873000 seconds.

chan =

    80

Elapsed time is 183.826445 seconds.

chan =

    81

Elapsed time is 183.738148 seconds.

chan =

    82

Elapsed time is 183.076467 seconds.

chan =

    83

Elapsed time is 193.562162 seconds.

chan =

    84

Elapsed time is 199.596140 seconds.

chan =

    85

Elapsed time is 198.773839 seconds.

chan =

    86

Elapsed time is 193.520855 seconds.

chan =

    87

Elapsed time is 182.175713 seconds.

chan =

    88

Elapsed time is 181.842890 seconds.

chan =

    89

Elapsed time is 183.207874 seconds.

chan =

    90

Elapsed time is 183.876591 seconds.

chan =

    91

Elapsed time is 183.235736 seconds.

chan =

    92

Elapsed time is 183.249866 seconds.

chan =

    93

Elapsed time is 183.768172 seconds.

chan =

    94

Elapsed time is 183.149271 seconds.

chan =

    95

Elapsed time is 183.120864 seconds.

chan =

    96

Elapsed time is 183.420087 seconds.

chan =

    97

Elapsed time is 182.649486 seconds.

chan =

    98

Elapsed time is 182.632784 seconds.

chan =

    99

Elapsed time is 180.718181 seconds.

chan =

   100

Elapsed time is 182.096923 seconds.

chan =

   101

Elapsed time is 185.801731 seconds.

chan =

   102

Elapsed time is 184.910841 seconds.

chan =

   103

Elapsed time is 184.377643 seconds.

chan =

   104

Elapsed time is 184.405370 seconds.

chan =

   105

Elapsed time is 185.236652 seconds.

chan =

   106

Elapsed time is 184.002203 seconds.

