getting started: 3014
attempting file: 3014
going for OH30 113
data loaded: OH30 113
HFB already done

chan =

     1

Elapsed time is 514.784168 seconds.

chan =

     2

Elapsed time is 517.296303 seconds.

chan =

     3

Elapsed time is 521.769637 seconds.

chan =

     4

Elapsed time is 530.749738 seconds.

chan =

     5

Elapsed time is 522.905077 seconds.

chan =

     6

Elapsed time is 527.676740 seconds.

chan =

     7

Elapsed time is 509.339727 seconds.

chan =

     8

Elapsed time is 512.922220 seconds.

chan =

     9

Elapsed time is 515.866141 seconds.

chan =

    10

Elapsed time is 517.363187 seconds.

chan =

    11

Elapsed time is 519.720905 seconds.

chan =

    12

Elapsed time is 516.081283 seconds.

chan =

    13

Elapsed time is 516.180209 seconds.

chan =

    14

Elapsed time is 524.344353 seconds.

chan =

    15

Elapsed time is 499.884191 seconds.

chan =

    16

Elapsed time is 473.172027 seconds.

chan =

    17

Elapsed time is 472.360205 seconds.

chan =

    18

Elapsed time is 491.907273 seconds.

chan =

    19

Elapsed time is 481.019620 seconds.

chan =

    20

Elapsed time is 472.307247 seconds.

chan =

    21

Elapsed time is 481.659574 seconds.

chan =

    22

Elapsed time is 466.848487 seconds.

chan =

    23

Elapsed time is 466.107892 seconds.

chan =

    24

Elapsed time is 480.125824 seconds.

chan =

    25

Elapsed time is 453.277127 seconds.

chan =

    26

Elapsed time is 412.479850 seconds.

chan =

    27

Elapsed time is 394.288848 seconds.

chan =

    28

Elapsed time is 384.450760 seconds.

chan =

    29

Elapsed time is 410.550470 seconds.

chan =

    30

Elapsed time is 404.163634 seconds.

chan =

    31

Elapsed time is 376.327057 seconds.

chan =

    32

Elapsed time is 374.694917 seconds.

chan =

    33

Elapsed time is 372.531542 seconds.

chan =

    34

Elapsed time is 381.745387 seconds.

chan =

    35

Elapsed time is 374.370508 seconds.

chan =

    36

Elapsed time is 380.909901 seconds.

chan =

    37

Elapsed time is 383.848216 seconds.

chan =

    38

Elapsed time is 383.794107 seconds.

chan =

    39

Elapsed time is 380.913332 seconds.

chan =

    40

Elapsed time is 386.775581 seconds.

chan =

    41

Elapsed time is 386.970496 seconds.

chan =

    42

Elapsed time is 389.119138 seconds.

chan =

    43

Elapsed time is 387.586619 seconds.

chan =

    44

Elapsed time is 385.177853 seconds.

chan =

    45

Elapsed time is 374.354253 seconds.

chan =

    46

Elapsed time is 378.617578 seconds.

chan =

    47

Elapsed time is 376.979650 seconds.

chan =

    48

Elapsed time is 379.776409 seconds.

chan =

    49

Elapsed time is 380.862904 seconds.

chan =

    50

Elapsed time is 379.721655 seconds.

chan =

    51

Elapsed time is 376.321288 seconds.

chan =

    52

Elapsed time is 382.337253 seconds.

chan =

    53

Elapsed time is 381.350140 seconds.

chan =

    54

Elapsed time is 382.141755 seconds.

chan =

    55

Elapsed time is 381.145292 seconds.

chan =

    56

Elapsed time is 380.943248 seconds.

chan =

    57

Elapsed time is 380.764466 seconds.

chan =

    58

Elapsed time is 377.014576 seconds.

chan =

    59

Elapsed time is 376.752572 seconds.

chan =

    60

Elapsed time is 372.011950 seconds.

chan =

    61

Elapsed time is 384.644141 seconds.

chan =

    62

Elapsed time is 385.560266 seconds.

chan =

    63

Elapsed time is 402.799311 seconds.

chan =

    64

Elapsed time is 411.781940 seconds.

chan =

    65

Elapsed time is 413.742175 seconds.

chan =

    66

Elapsed time is 409.819172 seconds.

chan =

    67

Elapsed time is 413.086567 seconds.

chan =

    68

Elapsed time is 389.004153 seconds.

chan =

    69

Elapsed time is 394.595623 seconds.

chan =

    70

Elapsed time is 410.108083 seconds.

chan =

    71

Elapsed time is 415.419202 seconds.

chan =

    72

Elapsed time is 415.824451 seconds.

chan =

    73

Elapsed time is 417.631662 seconds.

chan =

    74

Elapsed time is 413.246308 seconds.

chan =

    75

Elapsed time is 373.880909 seconds.

chan =

    76

Elapsed time is 368.816072 seconds.

chan =

    77

Elapsed time is 390.222219 seconds.

chan =

    78

Elapsed time is 401.317733 seconds.

chan =

    79

Elapsed time is 400.432633 seconds.

chan =

    80

Elapsed time is 400.714269 seconds.

chan =

    81

Elapsed time is 399.542499 seconds.

chan =

    82

Elapsed time is 398.182566 seconds.

chan =

    83

Elapsed time is 370.307063 seconds.

chan =

    84

Elapsed time is 370.642917 seconds.

chan =

    85

Elapsed time is 371.868947 seconds.

chan =

    86

Elapsed time is 369.464978 seconds.

chan =

    87

Elapsed time is 370.947998 seconds.

chan =

    88

Elapsed time is 373.228417 seconds.

chan =

    89

Elapsed time is 373.936316 seconds.

chan =

    90

Elapsed time is 374.401792 seconds.

chan =

    91

Elapsed time is 369.954526 seconds.

chan =

    92

Elapsed time is 373.766127 seconds.

chan =

    93

Elapsed time is 374.661001 seconds.

chan =

    94

Elapsed time is 489.117823 seconds.

chan =

    95

Elapsed time is 562.993123 seconds.

chan =

    96

Elapsed time is 482.668406 seconds.

chan =

    97

Elapsed time is 547.546603 seconds.

chan =

    98

Elapsed time is 551.140279 seconds.

chan =

    99

Elapsed time is 541.756570 seconds.

chan =

   100

Elapsed time is 542.820048 seconds.

chan =

   101

Elapsed time is 523.275368 seconds.

chan =

   102

Elapsed time is 544.474215 seconds.

chan =

   103

Elapsed time is 550.250759 seconds.

chan =

   104

Elapsed time is 544.180497 seconds.

chan =

   105

Elapsed time is 545.147463 seconds.

chan =

   106

Elapsed time is 538.125405 seconds.

chan =

   107

Elapsed time is 549.221017 seconds.

chan =

   108

Elapsed time is 528.055418 seconds.

chan =

   109

Elapsed time is 530.415345 seconds.

chan =

   110

Elapsed time is 532.048456 seconds.

chan =

   111

Elapsed time is 533.243544 seconds.

chan =

   112

Elapsed time is 543.813316 seconds.

chan =

   113

Elapsed time is 534.922730 seconds.

chan =

   114

Elapsed time is 532.159229 seconds.

chan =

   115

Elapsed time is 534.198529 seconds.

chan =

   116

Elapsed time is 534.695511 seconds.

chan =

   117

Elapsed time is 539.687841 seconds.

chan =

   118

Elapsed time is 539.716413 seconds.

chan =

   119

Elapsed time is 539.222044 seconds.

chan =

   120

Elapsed time is 533.712182 seconds.

chan =

   121

Elapsed time is 540.358974 seconds.

chan =

   122

Elapsed time is 537.005678 seconds.

chan =

   123

Elapsed time is 541.805386 seconds.

chan =

   124

Elapsed time is 384.374959 seconds.

chan =

   125

Elapsed time is 365.683944 seconds.

chan =

   126

Elapsed time is 365.277694 seconds.

chan =

   127

Elapsed time is 368.089788 seconds.

chan =

   128

Elapsed time is 363.969340 seconds.

chan =

   129

Elapsed time is 366.971467 seconds.

chan =

   130

Elapsed time is 363.811146 seconds.

chan =

   131

Elapsed time is 365.944174 seconds.

chan =

   132

Elapsed time is 366.091393 seconds.

chan =

   133

Elapsed time is 366.059314 seconds.

chan =

   134

Elapsed time is 365.302574 seconds.

chan =

   135

Elapsed time is 364.845174 seconds.

chan =

   136

Elapsed time is 364.274469 seconds.

chan =

   137

Elapsed time is 367.127893 seconds.

chan =

   138

Elapsed time is 365.401815 seconds.

chan =

   139

Elapsed time is 362.747960 seconds.
attempting saving
save success: /projects/p31578/dtf8829/QuestConnect/CHANDAT/chanDat_OH30_113.mat
working on TF
encoding done
encoding RT done
