getting started: 3034
attempting file: 3034
going for OH30 133
data loaded: OH30 133
HFB already done

chan =

     1

Elapsed time is 521.652638 seconds.

chan =

     2

Elapsed time is 521.653268 seconds.

chan =

     3

Elapsed time is 534.533167 seconds.

chan =

     4

Elapsed time is 540.029173 seconds.

chan =

     5

Elapsed time is 547.729693 seconds.

chan =

     6

Elapsed time is 546.126392 seconds.

chan =

     7

Elapsed time is 542.294780 seconds.

chan =

     8

Elapsed time is 547.413569 seconds.

chan =

     9

Elapsed time is 533.712015 seconds.

chan =

    10

Elapsed time is 533.532351 seconds.

chan =

    11

Elapsed time is 532.820693 seconds.

chan =

    12

Elapsed time is 530.764201 seconds.

chan =

    13

Elapsed time is 533.661665 seconds.

chan =

    14

Elapsed time is 512.814654 seconds.

chan =

    15

Elapsed time is 526.843843 seconds.

chan =

    16

Elapsed time is 527.603778 seconds.

chan =

    17

Elapsed time is 521.618087 seconds.

chan =

    18

Elapsed time is 529.779875 seconds.

chan =

    19

Elapsed time is 526.432070 seconds.

chan =

    20

Elapsed time is 527.936356 seconds.

chan =

    21

Elapsed time is 524.770105 seconds.

chan =

    22

Elapsed time is 524.920627 seconds.

chan =

    23

Elapsed time is 523.960821 seconds.

chan =

    24

Elapsed time is 524.417524 seconds.

chan =

    25

Elapsed time is 527.072460 seconds.

chan =

    26

Elapsed time is 522.059042 seconds.

chan =

    27

Elapsed time is 523.935890 seconds.

chan =

    28

Elapsed time is 527.660435 seconds.

chan =

    29

Elapsed time is 522.512939 seconds.

chan =

    30

Elapsed time is 520.225889 seconds.

chan =

    31

Elapsed time is 517.992876 seconds.

chan =

    32

Elapsed time is 512.094081 seconds.

chan =

    33

Elapsed time is 514.778280 seconds.

chan =

    34

Elapsed time is 509.392915 seconds.

chan =

    35

Elapsed time is 485.695588 seconds.

chan =

    36

Elapsed time is 502.820799 seconds.

chan =

    37

Elapsed time is 487.683542 seconds.

chan =

    38

Elapsed time is 503.513842 seconds.

chan =

    39

Elapsed time is 501.182881 seconds.

chan =

    40

Elapsed time is 494.500121 seconds.

chan =

    41

Elapsed time is 504.269101 seconds.

chan =

    42

Elapsed time is 491.583038 seconds.

chan =

    43

Elapsed time is 501.719026 seconds.

chan =

    44

Elapsed time is 506.658576 seconds.

chan =

    45

Elapsed time is 486.796571 seconds.

chan =

    46

Elapsed time is 506.083632 seconds.

chan =

    47

Elapsed time is 504.245294 seconds.

chan =

    48

Elapsed time is 480.484180 seconds.

chan =

    49

Elapsed time is 504.918491 seconds.

chan =

    50

Elapsed time is 496.769756 seconds.

chan =

    51

Elapsed time is 491.328598 seconds.

chan =

    52

Elapsed time is 509.810341 seconds.

chan =

    53

Elapsed time is 483.894492 seconds.

chan =

    54

Elapsed time is 507.069029 seconds.

chan =

    55

Elapsed time is 505.674308 seconds.

chan =

    56

Elapsed time is 486.303026 seconds.

chan =

    57

Elapsed time is 504.689714 seconds.

chan =

    58

Elapsed time is 501.136107 seconds.

chan =

    59

Elapsed time is 495.606359 seconds.

chan =

    60

Elapsed time is 478.871356 seconds.

chan =

    61

Elapsed time is 442.816527 seconds.

chan =

    62

Elapsed time is 474.145957 seconds.

chan =

    63

Elapsed time is 461.226625 seconds.

chan =

    64

Elapsed time is 437.981468 seconds.

chan =

    65

Elapsed time is 476.360396 seconds.

chan =

    66

Elapsed time is 460.293724 seconds.

chan =

    67

Elapsed time is 460.423512 seconds.

chan =

    68

Elapsed time is 479.339487 seconds.

chan =

    69

Elapsed time is 476.067541 seconds.

chan =

    70

Elapsed time is 449.424686 seconds.

chan =

    71

Elapsed time is 472.390467 seconds.

chan =

    72

Elapsed time is 484.002313 seconds.

chan =

    73

Elapsed time is 471.103484 seconds.

chan =

    74

Elapsed time is 469.175282 seconds.

chan =

    75

Elapsed time is 459.975770 seconds.

chan =

    76

Elapsed time is 466.828836 seconds.

chan =

    77

Elapsed time is 469.269616 seconds.

chan =

    78

Elapsed time is 462.232771 seconds.

chan =

    79

Elapsed time is 472.228406 seconds.

chan =

    80

Elapsed time is 476.924254 seconds.

chan =

    81

Elapsed time is 456.218491 seconds.

chan =

    82

Elapsed time is 467.908528 seconds.

chan =

    83

Elapsed time is 479.295414 seconds.

chan =

    84

Elapsed time is 470.895988 seconds.

chan =

    85

Elapsed time is 478.120799 seconds.

chan =

    86

Elapsed time is 466.843278 seconds.

chan =

    87

Elapsed time is 472.087720 seconds.

chan =

    88

Elapsed time is 471.961073 seconds.

chan =

    89

Elapsed time is 462.529643 seconds.

chan =

    90

Elapsed time is 475.949891 seconds.

chan =

    91

Elapsed time is 483.358462 seconds.

chan =

    92

Elapsed time is 453.065617 seconds.

chan =

    93

Elapsed time is 471.256991 seconds.

chan =

    94

Elapsed time is 479.010308 seconds.

chan =

    95

Elapsed time is 464.931406 seconds.

chan =

    96

Elapsed time is 468.926950 seconds.

chan =

    97

Elapsed time is 470.541728 seconds.

chan =

    98

Elapsed time is 476.127420 seconds.

chan =

    99

Elapsed time is 476.408693 seconds.

chan =

   100

Elapsed time is 455.770995 seconds.

chan =

   101

Elapsed time is 454.633852 seconds.

chan =

   102

Elapsed time is 524.549264 seconds.

chan =

   103

Elapsed time is 524.359881 seconds.

chan =

   104

Elapsed time is 526.056635 seconds.

chan =

   105

Elapsed time is 522.175734 seconds.

chan =

   106

Elapsed time is 527.539517 seconds.

chan =

   107

Elapsed time is 521.716988 seconds.

chan =

   108

Elapsed time is 524.956608 seconds.

chan =

   109

Elapsed time is 518.395554 seconds.

chan =

   110

Elapsed time is 521.687072 seconds.

chan =

   111

Elapsed time is 522.036745 seconds.

chan =

   112

Elapsed time is 525.704779 seconds.

chan =

   113

Elapsed time is 521.215489 seconds.

chan =

   114

Elapsed time is 522.548488 seconds.

chan =

   115

Elapsed time is 517.635702 seconds.

chan =

   116

Elapsed time is 520.934203 seconds.

chan =

   117

Elapsed time is 517.321786 seconds.

chan =

   118

Elapsed time is 516.113805 seconds.

chan =

   119

Elapsed time is 520.277023 seconds.

chan =

   120

Elapsed time is 524.162934 seconds.

chan =

   121

Elapsed time is 521.262195 seconds.

chan =

   122

Elapsed time is 524.964523 seconds.

chan =

   123

Elapsed time is 519.450819 seconds.

chan =

   124

Elapsed time is 522.622923 seconds.

chan =

   125

Elapsed time is 520.206924 seconds.

chan =

   126

Elapsed time is 522.217625 seconds.

chan =

   127

Elapsed time is 520.344388 seconds.

chan =

   128

Elapsed time is 521.457688 seconds.

chan =

   129

Elapsed time is 518.435677 seconds.

chan =

   130

Elapsed time is 521.937599 seconds.

chan =

   131

Elapsed time is 515.352687 seconds.

chan =

   132

Elapsed time is 493.944199 seconds.

chan =

   133

Elapsed time is 452.123858 seconds.

chan =

   134

Elapsed time is 458.190177 seconds.

chan =

   135

Elapsed time is 451.780214 seconds.

chan =

   136

