getting started: 3686
attempting file: 3686
going for SLCH010 92
data loaded: SLCH010 92
HFB already done

chan =

     1

Elapsed time is 485.197694 seconds.

chan =

     2

Elapsed time is 481.326947 seconds.

chan =

     3

Elapsed time is 478.700791 seconds.

chan =

     4

Elapsed time is 481.546780 seconds.

chan =

     5

Elapsed time is 475.452850 seconds.

chan =

     6

Elapsed time is 480.463860 seconds.

chan =

     7

Elapsed time is 476.160091 seconds.

chan =

     8

Elapsed time is 453.403897 seconds.

chan =

     9

Elapsed time is 464.075208 seconds.

chan =

    10

Elapsed time is 458.641669 seconds.

chan =

    11

Elapsed time is 455.373202 seconds.

chan =

    12

Elapsed time is 457.849412 seconds.

chan =

    13

Elapsed time is 429.854808 seconds.

chan =

    14

Elapsed time is 469.981226 seconds.

chan =

    15

Elapsed time is 432.228906 seconds.

chan =

    16

Elapsed time is 448.704033 seconds.

chan =

    17

Elapsed time is 436.240257 seconds.

chan =

    18

Elapsed time is 427.574901 seconds.

chan =

    19

Elapsed time is 418.495351 seconds.

chan =

    20

Elapsed time is 421.574540 seconds.

chan =

    21

Elapsed time is 402.751053 seconds.

chan =

    22

Elapsed time is 403.026011 seconds.

chan =

    23

Elapsed time is 400.244534 seconds.

chan =

    24

Elapsed time is 381.969930 seconds.

chan =

    25

Elapsed time is 395.272586 seconds.

chan =

    26

Elapsed time is 381.817216 seconds.

chan =

    27

Elapsed time is 383.468750 seconds.

chan =

    28

Elapsed time is 378.123334 seconds.

chan =

    29

Elapsed time is 383.727485 seconds.

chan =

    30

Elapsed time is 378.581736 seconds.

chan =

    31

Elapsed time is 382.503013 seconds.

chan =

    32

Elapsed time is 378.624635 seconds.

chan =

    33

Elapsed time is 384.209771 seconds.

chan =

    34

Elapsed time is 377.903609 seconds.

chan =

    35

Elapsed time is 381.654196 seconds.

chan =

    36

Elapsed time is 377.470656 seconds.

chan =

    37

Elapsed time is 383.313844 seconds.

chan =

    38

Elapsed time is 379.661143 seconds.

chan =

    39

Elapsed time is 384.139425 seconds.

chan =

    40

Elapsed time is 378.870643 seconds.

chan =

    41

Elapsed time is 384.440144 seconds.

chan =

    42

Elapsed time is 378.651824 seconds.

chan =

    43

Elapsed time is 381.188335 seconds.

chan =

    44

Elapsed time is 377.293628 seconds.

chan =

    45

Elapsed time is 382.715617 seconds.

chan =

    46

Elapsed time is 377.990513 seconds.

chan =

    47

Elapsed time is 381.899906 seconds.

chan =

    48

Elapsed time is 376.922802 seconds.

chan =

    49

Elapsed time is 383.182356 seconds.

chan =

    50

Elapsed time is 376.188226 seconds.

chan =

    51

Elapsed time is 381.443832 seconds.

chan =

    52

Elapsed time is 377.119412 seconds.

chan =

    53

Elapsed time is 378.919796 seconds.

chan =

    54

Elapsed time is 375.497206 seconds.

chan =

    55

Elapsed time is 380.310870 seconds.

chan =

    56

Elapsed time is 376.234182 seconds.

chan =

    57

Elapsed time is 382.079584 seconds.

chan =

    58

Elapsed time is 375.633377 seconds.

chan =

    59

Elapsed time is 384.659565 seconds.

chan =

    60

Elapsed time is 376.663950 seconds.

chan =

    61

Elapsed time is 383.755556 seconds.

chan =

    62

Elapsed time is 378.948483 seconds.

chan =

    63

Elapsed time is 384.292604 seconds.

chan =

    64

Elapsed time is 379.357130 seconds.

chan =

    65

Elapsed time is 383.126307 seconds.

chan =

    66

Elapsed time is 378.666110 seconds.

chan =

    67

Elapsed time is 383.794954 seconds.

chan =

    68

Elapsed time is 377.163408 seconds.

chan =

    69

Elapsed time is 382.279020 seconds.

chan =

    70

Elapsed time is 377.575524 seconds.

chan =

    71

Elapsed time is 384.629312 seconds.

chan =

    72

Elapsed time is 378.487295 seconds.

chan =

    73

Elapsed time is 383.157066 seconds.

chan =

    74

Elapsed time is 376.866547 seconds.

chan =

    75

Elapsed time is 393.529238 seconds.

chan =

    76

Elapsed time is 391.005119 seconds.

chan =

    77

Elapsed time is 385.776206 seconds.

chan =

    78

Elapsed time is 379.111905 seconds.

chan =

    79

Elapsed time is 395.159311 seconds.

chan =

    80

Elapsed time is 390.458162 seconds.

chan =

    81

Elapsed time is 390.441570 seconds.

chan =

    82

Elapsed time is 392.405771 seconds.

chan =

    83

Elapsed time is 386.051044 seconds.

chan =

    84

Elapsed time is 391.079306 seconds.

chan =

    85

Elapsed time is 390.779880 seconds.

chan =

    86

Elapsed time is 393.438069 seconds.

chan =

    87

Elapsed time is 388.708124 seconds.

chan =

    88

Elapsed time is 393.419297 seconds.

chan =

    89

Elapsed time is 392.138315 seconds.

chan =

    90

Elapsed time is 396.220771 seconds.

chan =

    91

Elapsed time is 399.823346 seconds.

chan =

    92

Elapsed time is 396.215761 seconds.

chan =

    93

Elapsed time is 390.859219 seconds.

chan =

    94

Elapsed time is 395.185651 seconds.

chan =

    95

Elapsed time is 386.849526 seconds.

chan =

    96

Elapsed time is 389.326652 seconds.

chan =

    97

Elapsed time is 390.120912 seconds.

chan =

    98

Elapsed time is 392.227905 seconds.

chan =

    99

Elapsed time is 398.211431 seconds.

chan =

   100

Elapsed time is 394.945866 seconds.

chan =

   101

Elapsed time is 397.026948 seconds.

chan =

   102

Elapsed time is 396.227662 seconds.

chan =

   103

Elapsed time is 395.076566 seconds.

chan =

   104

Elapsed time is 396.437622 seconds.

chan =

   105

Elapsed time is 397.561731 seconds.

chan =

   106

Elapsed time is 401.345085 seconds.

chan =

   107

Elapsed time is 400.350218 seconds.

chan =

   108

Elapsed time is 398.384667 seconds.

chan =

   109

Elapsed time is 395.345627 seconds.

chan =

   110

Elapsed time is 398.176430 seconds.

chan =

   111

Elapsed time is 398.318039 seconds.

chan =

   112

Elapsed time is 394.322778 seconds.

chan =

   113

Elapsed time is 398.844398 seconds.

chan =

   114

Elapsed time is 382.720524 seconds.
attempting saving
save success: /projects/p31578/dtf8829/QuestConnect/CHANDAT/chanDat_SLCH010_092.mat
working on TF
