getting started: 3305
attempting file: 3305
going for SD5 54
data loaded: SD5 54
HFB already done

chan =

     1

Elapsed time is 209.014466 seconds.

chan =

     2

Elapsed time is 209.892846 seconds.

chan =

     3

Elapsed time is 208.691933 seconds.

chan =

     4

Elapsed time is 208.014141 seconds.

chan =

     5

Elapsed time is 207.000080 seconds.

chan =

     6

Elapsed time is 209.533224 seconds.

chan =

     7

Elapsed time is 202.865724 seconds.

chan =

     8

Elapsed time is 202.053589 seconds.

chan =

     9

Elapsed time is 205.438235 seconds.

chan =

    10

Elapsed time is 205.904646 seconds.

chan =

    11

Elapsed time is 206.084473 seconds.

chan =

    12

Elapsed time is 202.221915 seconds.

chan =

    13

Elapsed time is 205.960951 seconds.

chan =

    14

Elapsed time is 203.697338 seconds.

chan =

    15

Elapsed time is 207.633309 seconds.

chan =

    16

Elapsed time is 202.315732 seconds.

chan =

    17

Elapsed time is 199.747734 seconds.

chan =

    18

Elapsed time is 203.643689 seconds.

chan =

    19

Elapsed time is 205.052442 seconds.

chan =

    20

Elapsed time is 201.234627 seconds.

chan =

    21

Elapsed time is 202.185326 seconds.

chan =

    22

Elapsed time is 204.375474 seconds.

chan =

    23

Elapsed time is 204.139019 seconds.

chan =

    24

Elapsed time is 204.073231 seconds.

chan =

    25

Elapsed time is 203.714392 seconds.

chan =

    26

Elapsed time is 203.669620 seconds.

chan =

    27

Elapsed time is 205.697781 seconds.

chan =

    28

Elapsed time is 203.514859 seconds.

chan =

    29

Elapsed time is 204.270335 seconds.

chan =

    30

Elapsed time is 204.942965 seconds.

chan =

    31

Elapsed time is 205.316186 seconds.

chan =

    32

Elapsed time is 238.872882 seconds.

chan =

    33

Elapsed time is 245.332915 seconds.

chan =

    34

Elapsed time is 237.809458 seconds.

chan =

    35

Elapsed time is 236.171976 seconds.

chan =

    36

Elapsed time is 238.767721 seconds.

chan =

    37

Elapsed time is 238.342618 seconds.

chan =

    38

Elapsed time is 235.691072 seconds.

chan =

    39

Elapsed time is 228.430562 seconds.

chan =

    40

Elapsed time is 236.728042 seconds.

chan =

    41

Elapsed time is 242.712292 seconds.

chan =

    42

Elapsed time is 238.176873 seconds.

chan =

    43

Elapsed time is 225.785284 seconds.

chan =

    44

Elapsed time is 231.348620 seconds.

chan =

    45

Elapsed time is 226.303158 seconds.

chan =

    46

Elapsed time is 225.517502 seconds.

chan =

    47

Elapsed time is 242.972137 seconds.

chan =

    48

Elapsed time is 235.699186 seconds.

chan =

    49

Elapsed time is 236.654486 seconds.

chan =

    50

Elapsed time is 243.269712 seconds.

chan =

    51

Elapsed time is 214.831230 seconds.

chan =

    52

Elapsed time is 214.299747 seconds.

chan =

    53

Elapsed time is 212.854092 seconds.

chan =

    54

Elapsed time is 208.177376 seconds.

chan =

    55

Elapsed time is 217.850836 seconds.

chan =

    56

Elapsed time is 223.552030 seconds.

chan =

    57

Elapsed time is 219.497420 seconds.

chan =

    58

Elapsed time is 215.095604 seconds.

chan =

    59

Elapsed time is 217.499245 seconds.

chan =

    60

Elapsed time is 211.812276 seconds.

chan =

    61

Elapsed time is 201.515781 seconds.

chan =

    62

Elapsed time is 198.589078 seconds.

chan =

    63

Elapsed time is 198.982142 seconds.

chan =

    64

Elapsed time is 200.256225 seconds.

chan =

    65

Elapsed time is 198.896728 seconds.

chan =

    66

Elapsed time is 201.379447 seconds.

chan =

    67

Elapsed time is 201.424556 seconds.

chan =

    68

Elapsed time is 203.487295 seconds.

chan =

    69

Elapsed time is 203.504023 seconds.

chan =

    70

Elapsed time is 198.403974 seconds.

chan =

    71

Elapsed time is 197.575464 seconds.

chan =

    72

Elapsed time is 195.926473 seconds.

chan =

    73

Elapsed time is 198.817059 seconds.

chan =

    74

Elapsed time is 200.954384 seconds.

chan =

    75

Elapsed time is 203.305441 seconds.

chan =

    76

Elapsed time is 200.755769 seconds.

chan =

    77

Elapsed time is 202.568062 seconds.

chan =

    78

Elapsed time is 200.864576 seconds.

chan =

    79

Elapsed time is 203.951752 seconds.

chan =

    80

Elapsed time is 202.041454 seconds.

chan =

    81

Elapsed time is 202.355663 seconds.

chan =

    82

Elapsed time is 200.145273 seconds.

chan =

    83

Elapsed time is 203.873625 seconds.

chan =

    84

Elapsed time is 200.553091 seconds.

chan =

    85

Elapsed time is 203.700416 seconds.

chan =

    86

Elapsed time is 203.430730 seconds.

chan =

    87

Elapsed time is 198.936541 seconds.

chan =

    88

Elapsed time is 199.554304 seconds.

chan =

    89

Elapsed time is 201.776403 seconds.

chan =

    90

Elapsed time is 204.589488 seconds.

chan =

    91

Elapsed time is 200.549889 seconds.

chan =

    92

Elapsed time is 197.549101 seconds.

chan =

    93

Elapsed time is 201.569323 seconds.

chan =

    94

Elapsed time is 200.681730 seconds.

chan =

    95

Elapsed time is 200.693565 seconds.

chan =

    96

Elapsed time is 201.537859 seconds.

chan =

    97

Elapsed time is 200.083441 seconds.

chan =

    98

Elapsed time is 202.282359 seconds.

chan =

    99

Elapsed time is 203.514851 seconds.

chan =

   100

Elapsed time is 204.085520 seconds.

chan =

   101

Elapsed time is 203.041827 seconds.

chan =

   102

Elapsed time is 205.550012 seconds.

chan =

   103

Elapsed time is 205.629957 seconds.

chan =

   104

Elapsed time is 201.790680 seconds.

chan =

   105

Elapsed time is 205.916587 seconds.

chan =

   106

Elapsed time is 201.446073 seconds.

chan =

   107

Elapsed time is 204.995746 seconds.

chan =

   108

Elapsed time is 200.077916 seconds.

chan =

   109

Elapsed time is 201.602235 seconds.

