getting started: 3264
attempting file: 3264
going for SD5 13
data loaded: SD5 13
HFB already done

chan =

     1

Elapsed time is 256.474890 seconds.

chan =

     2

Elapsed time is 254.730928 seconds.

chan =

     3

Elapsed time is 256.387315 seconds.

chan =

     4

Elapsed time is 257.214300 seconds.

chan =

     5

Elapsed time is 256.049844 seconds.

chan =

     6

Elapsed time is 255.908289 seconds.

chan =

     7

Elapsed time is 256.560447 seconds.

chan =

     8

Elapsed time is 254.828733 seconds.

chan =

     9

Elapsed time is 256.781225 seconds.

chan =

    10

Elapsed time is 256.033248 seconds.

chan =

    11

Elapsed time is 255.283031 seconds.

chan =

    12

Elapsed time is 253.298901 seconds.

chan =

    13

Elapsed time is 254.017165 seconds.

chan =

    14

Elapsed time is 254.591244 seconds.

chan =

    15

Elapsed time is 255.765109 seconds.

chan =

    16

Elapsed time is 252.999368 seconds.

chan =

    17

Elapsed time is 254.021880 seconds.

chan =

    18

Elapsed time is 253.306073 seconds.

chan =

    19

Elapsed time is 253.109572 seconds.

chan =

    20

Elapsed time is 250.940076 seconds.

chan =

    21

Elapsed time is 253.375895 seconds.

chan =

    22

Elapsed time is 253.475631 seconds.

chan =

    23

Elapsed time is 252.528794 seconds.

chan =

    24

Elapsed time is 251.615756 seconds.

chan =

    25

Elapsed time is 253.900158 seconds.

chan =

    26

Elapsed time is 252.656269 seconds.

chan =

    27

Elapsed time is 254.609264 seconds.

chan =

    28

Elapsed time is 253.728517 seconds.

chan =

    29

Elapsed time is 253.334826 seconds.

chan =

    30

Elapsed time is 253.496583 seconds.

chan =

    31

Elapsed time is 253.473003 seconds.

chan =

    32

Elapsed time is 251.055580 seconds.

chan =

    33

Elapsed time is 254.504475 seconds.

chan =

    34

Elapsed time is 253.400710 seconds.

chan =

    35

Elapsed time is 255.835685 seconds.

chan =

    36

Elapsed time is 255.852395 seconds.

chan =

    37

Elapsed time is 256.160885 seconds.

chan =

    38

Elapsed time is 254.138949 seconds.

chan =

    39

Elapsed time is 253.268962 seconds.

chan =

    40

Elapsed time is 253.078120 seconds.

chan =

    41

Elapsed time is 254.046187 seconds.

chan =

    42

Elapsed time is 255.021263 seconds.

chan =

    43

Elapsed time is 252.560579 seconds.

chan =

    44

Elapsed time is 251.028922 seconds.

chan =

    45

Elapsed time is 252.908121 seconds.

chan =

    46

Elapsed time is 252.554180 seconds.

chan =

    47

Elapsed time is 252.298178 seconds.

chan =

    48

Elapsed time is 251.264013 seconds.

chan =

    49

Elapsed time is 251.571622 seconds.

chan =

    50

Elapsed time is 251.488093 seconds.

chan =

    51

Elapsed time is 252.404494 seconds.

chan =

    52

Elapsed time is 252.365228 seconds.

chan =

    53

Elapsed time is 250.754025 seconds.

chan =

    54

Elapsed time is 251.246962 seconds.

chan =

    55

Elapsed time is 252.229765 seconds.

chan =

    56

Elapsed time is 251.971723 seconds.

chan =

    57

Elapsed time is 250.250183 seconds.

chan =

    58

Elapsed time is 250.448374 seconds.

chan =

    59

Elapsed time is 252.943445 seconds.

chan =

    60

Elapsed time is 252.422703 seconds.

chan =

    61

Elapsed time is 250.761125 seconds.

chan =

    62

Elapsed time is 250.806299 seconds.

chan =

    63

Elapsed time is 251.920658 seconds.

chan =

    64

Elapsed time is 251.536540 seconds.

chan =

    65

Elapsed time is 252.638478 seconds.

chan =

    66

Elapsed time is 249.591460 seconds.

chan =

    67

Elapsed time is 250.974432 seconds.

chan =

    68

Elapsed time is 250.887685 seconds.

chan =

    69

Elapsed time is 251.367039 seconds.

chan =

    70

Elapsed time is 251.636852 seconds.

chan =

    71

Elapsed time is 251.705255 seconds.

chan =

    72

Elapsed time is 248.554624 seconds.

chan =

    73

Elapsed time is 248.210918 seconds.

chan =

    74

Elapsed time is 268.660871 seconds.

chan =

    75

Elapsed time is 272.098972 seconds.

chan =

    76

Elapsed time is 270.038521 seconds.

chan =

    77

Elapsed time is 271.538323 seconds.

chan =

    78

Elapsed time is 262.524303 seconds.

chan =

    79

Elapsed time is 270.811474 seconds.

chan =

    80

Elapsed time is 270.857311 seconds.

chan =

    81

Elapsed time is 273.746707 seconds.

chan =

    82

Elapsed time is 271.993655 seconds.

chan =

    83

Elapsed time is 257.204358 seconds.

chan =

    84

Elapsed time is 266.380553 seconds.

chan =

    85

Elapsed time is 270.377978 seconds.

chan =

    86

Elapsed time is 270.629689 seconds.

chan =

    87

Elapsed time is 270.709221 seconds.

chan =

    88

Elapsed time is 270.934670 seconds.

chan =

    89

Elapsed time is 263.241830 seconds.

chan =

    90

Elapsed time is 270.486251 seconds.

chan =

    91

Elapsed time is 270.821798 seconds.

chan =

    92

Elapsed time is 269.940638 seconds.

chan =

    93

Elapsed time is 270.241286 seconds.

chan =

    94

Elapsed time is 240.907058 seconds.

chan =

    95

Elapsed time is 233.904694 seconds.

chan =

    96

Elapsed time is 234.444536 seconds.

chan =

    97

Elapsed time is 235.076461 seconds.

chan =

    98

Elapsed time is 235.960358 seconds.

chan =

    99

Elapsed time is 236.241926 seconds.

chan =

   100

Elapsed time is 235.355808 seconds.

chan =

   101

Elapsed time is 233.869190 seconds.

chan =

   102

Elapsed time is 235.604044 seconds.

chan =

   103

Elapsed time is 236.802845 seconds.

chan =

   104

Elapsed time is 236.088505 seconds.

chan =

   105

Elapsed time is 234.461462 seconds.

chan =

   106

Elapsed time is 232.071143 seconds.

chan =

   107

Elapsed time is 233.731095 seconds.

chan =

   108

Elapsed time is 234.861401 seconds.

chan =

   109

Elapsed time is 234.562330 seconds.

