getting started: 3678
attempting file: 3678
going for SLCH010 84
data loaded: SLCH010 84
HFB already done

chan =

     1

Elapsed time is 496.484788 seconds.

chan =

     2

Elapsed time is 501.239542 seconds.

chan =

     3

Elapsed time is 495.753285 seconds.

chan =

     4

Elapsed time is 499.479814 seconds.

chan =

     5

Elapsed time is 491.853496 seconds.

chan =

     6

Elapsed time is 491.301432 seconds.

chan =

     7

Elapsed time is 494.791444 seconds.

chan =

     8

Elapsed time is 491.294867 seconds.

chan =

     9

Elapsed time is 492.869819 seconds.

chan =

    10

Elapsed time is 494.156548 seconds.

chan =

    11

Elapsed time is 489.893539 seconds.

chan =

    12

Elapsed time is 497.291080 seconds.

chan =

    13

Elapsed time is 496.635744 seconds.

chan =

    14

Elapsed time is 490.992747 seconds.

chan =

    15

Elapsed time is 490.775989 seconds.

chan =

    16

Elapsed time is 489.846964 seconds.

chan =

    17

Elapsed time is 494.960851 seconds.

chan =

    18

Elapsed time is 492.260906 seconds.

chan =

    19

Elapsed time is 490.143071 seconds.

chan =

    20

Elapsed time is 491.165399 seconds.

chan =

    21

Elapsed time is 490.101711 seconds.

chan =

    22

Elapsed time is 491.849372 seconds.

chan =

    23

Elapsed time is 482.735624 seconds.

chan =

    24

Elapsed time is 364.816197 seconds.

chan =

    25

Elapsed time is 367.681143 seconds.

chan =

    26

Elapsed time is 369.001809 seconds.

chan =

    27

Elapsed time is 365.192442 seconds.

chan =

    28

Elapsed time is 366.018481 seconds.

chan =

    29

Elapsed time is 366.733929 seconds.

chan =

    30

Elapsed time is 367.289005 seconds.

chan =

    31

Elapsed time is 405.192850 seconds.

chan =

    32

Elapsed time is 400.872395 seconds.

chan =

    33

Elapsed time is 373.355242 seconds.

chan =

    34

Elapsed time is 387.026376 seconds.

chan =

    35

Elapsed time is 382.363053 seconds.

chan =

    36

Elapsed time is 379.552950 seconds.

chan =

    37

Elapsed time is 382.785209 seconds.

chan =

    38

Elapsed time is 383.694193 seconds.

chan =

    39

Elapsed time is 381.217312 seconds.

chan =

    40

Elapsed time is 378.872097 seconds.

chan =

    41

Elapsed time is 380.795697 seconds.

chan =

    42

Elapsed time is 366.418958 seconds.

chan =

    43

Elapsed time is 367.736100 seconds.

chan =

    44

Elapsed time is 368.378279 seconds.

chan =

    45

Elapsed time is 369.482041 seconds.

chan =

    46

Elapsed time is 371.519563 seconds.

chan =

    47

Elapsed time is 370.571717 seconds.

chan =

    48

Elapsed time is 374.213435 seconds.

chan =

    49

Elapsed time is 442.053707 seconds.

chan =

    50

Elapsed time is 438.009357 seconds.

chan =

    51

Elapsed time is 439.457330 seconds.

chan =

    52

Elapsed time is 366.866265 seconds.

chan =

    53

Elapsed time is 363.832727 seconds.

chan =

    54

Elapsed time is 365.295993 seconds.

chan =

    55

Elapsed time is 365.005982 seconds.

chan =

    56

Elapsed time is 367.134334 seconds.

chan =

    57

Elapsed time is 429.780979 seconds.

chan =

    58

Elapsed time is 435.244865 seconds.

chan =

    59

Elapsed time is 422.540152 seconds.

chan =

    60

Elapsed time is 386.288194 seconds.

chan =

    61

Elapsed time is 405.184638 seconds.

chan =

    62

Elapsed time is 434.566257 seconds.

chan =

    63

Elapsed time is 435.858221 seconds.

chan =

    64

Elapsed time is 382.026073 seconds.

chan =

    65

Elapsed time is 376.458468 seconds.

chan =

    66

Elapsed time is 373.424473 seconds.

chan =

    67

Elapsed time is 373.474277 seconds.

chan =

    68

Elapsed time is 391.622993 seconds.

chan =

    69

Elapsed time is 372.164709 seconds.

chan =

    70

Elapsed time is 489.649179 seconds.

chan =

    71

Elapsed time is 409.603347 seconds.

chan =

    72

Elapsed time is 399.305565 seconds.

chan =

    73

Elapsed time is 394.443838 seconds.

chan =

    74

Elapsed time is 394.993399 seconds.

chan =

    75

Elapsed time is 398.556102 seconds.

chan =

    76

Elapsed time is 398.062824 seconds.

chan =

    77

Elapsed time is 398.745967 seconds.

chan =

    78

Elapsed time is 393.558045 seconds.

chan =

    79

Elapsed time is 437.672211 seconds.

chan =

    80

Elapsed time is 421.623115 seconds.

chan =

    81

Elapsed time is 442.619630 seconds.

chan =

    82

Elapsed time is 399.241146 seconds.

chan =

    83

Elapsed time is 365.104151 seconds.

chan =

    84

Elapsed time is 367.406735 seconds.

chan =

    85

Elapsed time is 673.063575 seconds.

chan =

    86

Elapsed time is 1044.123205 seconds.

chan =

    87

Elapsed time is 1039.709607 seconds.

chan =

    88

Elapsed time is 1043.368149 seconds.

chan =

    89

Elapsed time is 1044.193488 seconds.

chan =

    90

Elapsed time is 1042.281034 seconds.

chan =

    91

Elapsed time is 1023.854213 seconds.

chan =

    92

Elapsed time is 621.200314 seconds.

chan =

    93

Elapsed time is 470.444787 seconds.

chan =

    94

Elapsed time is 472.146712 seconds.

chan =

    95

Elapsed time is 475.240956 seconds.

chan =

    96

Elapsed time is 465.529033 seconds.

chan =

    97

Elapsed time is 461.503159 seconds.

chan =

    98

Elapsed time is 473.401129 seconds.

chan =

    99

Elapsed time is 473.821720 seconds.

chan =

   100

Elapsed time is 470.038580 seconds.

chan =

   101

Elapsed time is 466.895355 seconds.

chan =

   102

Elapsed time is 465.720800 seconds.

chan =

   103

Elapsed time is 755.633045 seconds.

chan =

   104

Elapsed time is 970.500000 seconds.

chan =

   105

Elapsed time is 464.622557 seconds.

chan =

   106

Elapsed time is 486.493192 seconds.

chan =

   107

Elapsed time is 357.249445 seconds.

chan =

   108

Elapsed time is 358.364529 seconds.

chan =

   109

Elapsed time is 360.248809 seconds.

chan =

   110

Elapsed time is 359.002856 seconds.

chan =

   111

Elapsed time is 357.895388 seconds.

chan =

   112

Elapsed time is 359.083713 seconds.

chan =

   113

Elapsed time is 358.552923 seconds.

chan =

   114

Elapsed time is 358.937815 seconds.
attempting saving
save success: /projects/p31578/dtf8829/QuestConnect/CHANDAT/chanDat_SLCH010_084.mat
working on TF
