getting started: 3006
attempting file: 3006
going for OH30 105
data loaded: OH30 105
HFB already done

chan =

     1

Elapsed time is 428.563597 seconds.

chan =

     2

Elapsed time is 448.260448 seconds.

chan =

     3

Elapsed time is 472.141108 seconds.

chan =

     4

Elapsed time is 463.453797 seconds.

chan =

     5

Elapsed time is 454.195175 seconds.

chan =

     6

Elapsed time is 450.430955 seconds.

chan =

     7

Elapsed time is 447.006135 seconds.

chan =

     8

Elapsed time is 476.074773 seconds.

chan =

     9

Elapsed time is 490.479610 seconds.

chan =

    10

Elapsed time is 447.331912 seconds.

chan =

    11

Elapsed time is 426.629574 seconds.

chan =

    12

Elapsed time is 429.815086 seconds.

chan =

    13

Elapsed time is 428.694272 seconds.

chan =

    14

Elapsed time is 424.447169 seconds.

chan =

    15

Elapsed time is 428.964013 seconds.

chan =

    16

Elapsed time is 463.976067 seconds.

chan =

    17

Elapsed time is 495.125190 seconds.

chan =

    18

Elapsed time is 449.078489 seconds.

chan =

    19

Elapsed time is 474.206966 seconds.

chan =

    20

Elapsed time is 488.106728 seconds.

chan =

    21

Elapsed time is 493.279462 seconds.

chan =

    22

Elapsed time is 487.619950 seconds.

chan =

    23

Elapsed time is 475.341836 seconds.

chan =

    24

Elapsed time is 484.345964 seconds.

chan =

    25

Elapsed time is 452.678590 seconds.

chan =

    26

Elapsed time is 486.663395 seconds.

chan =

    27

Elapsed time is 487.142060 seconds.

chan =

    28

Elapsed time is 445.538340 seconds.

chan =

    29

Elapsed time is 468.189049 seconds.

chan =

    30

Elapsed time is 463.476440 seconds.

chan =

    31

Elapsed time is 443.287666 seconds.

chan =

    32

Elapsed time is 421.995192 seconds.

chan =

    33

Elapsed time is 420.333825 seconds.

chan =

    34

Elapsed time is 419.706954 seconds.

chan =

    35

Elapsed time is 418.329531 seconds.

chan =

    36

Elapsed time is 417.658457 seconds.

chan =

    37

Elapsed time is 421.323756 seconds.

chan =

    38

Elapsed time is 418.036483 seconds.

chan =

    39

Elapsed time is 416.905948 seconds.

chan =

    40

Elapsed time is 420.460837 seconds.

chan =

    41

Elapsed time is 422.730581 seconds.

chan =

    42

Elapsed time is 420.104447 seconds.

chan =

    43

Elapsed time is 418.639117 seconds.

chan =

    44

Elapsed time is 416.838504 seconds.

chan =

    45

Elapsed time is 419.449837 seconds.

chan =

    46

Elapsed time is 418.215008 seconds.

chan =

    47

Elapsed time is 417.936027 seconds.

chan =

    48

Elapsed time is 416.121923 seconds.

chan =

    49

Elapsed time is 423.633860 seconds.

chan =

    50

Elapsed time is 420.862745 seconds.

chan =

    51

Elapsed time is 420.288447 seconds.

chan =

    52

Elapsed time is 421.530011 seconds.

chan =

    53

Elapsed time is 424.213814 seconds.

chan =

    54

Elapsed time is 424.215678 seconds.

chan =

    55

Elapsed time is 422.064571 seconds.

chan =

    56

Elapsed time is 420.230913 seconds.

chan =

    57

Elapsed time is 425.528898 seconds.

chan =

    58

Elapsed time is 422.126192 seconds.

chan =

    59

Elapsed time is 416.341351 seconds.

chan =

    60

Elapsed time is 407.582458 seconds.

chan =

    61

Elapsed time is 407.730218 seconds.

chan =

    62

Elapsed time is 406.852138 seconds.

chan =

    63

Elapsed time is 408.641040 seconds.

chan =

    64

Elapsed time is 407.083697 seconds.

chan =

    65

Elapsed time is 409.100482 seconds.

chan =

    66

Elapsed time is 403.034909 seconds.

chan =

    67

Elapsed time is 404.242905 seconds.

chan =

    68

Elapsed time is 405.179290 seconds.

chan =

    69

Elapsed time is 410.218087 seconds.

chan =

    70

Elapsed time is 405.911568 seconds.

chan =

    71

Elapsed time is 407.708912 seconds.

chan =

    72

Elapsed time is 405.597389 seconds.

chan =

    73

Elapsed time is 408.055866 seconds.

chan =

    74

Elapsed time is 409.214551 seconds.

chan =

    75

Elapsed time is 407.676091 seconds.

chan =

    76

Elapsed time is 406.428047 seconds.

chan =

    77

Elapsed time is 406.018902 seconds.

chan =

    78

Elapsed time is 406.563193 seconds.

chan =

    79

Elapsed time is 404.345927 seconds.

chan =

    80

Elapsed time is 406.261433 seconds.

chan =

    81

Elapsed time is 406.832931 seconds.

chan =

    82

Elapsed time is 403.124710 seconds.

chan =

    83

Elapsed time is 409.316622 seconds.

chan =

    84

Elapsed time is 410.099822 seconds.

chan =

    85

Elapsed time is 408.115121 seconds.

chan =

    86

Elapsed time is 407.496839 seconds.

chan =

    87

Elapsed time is 408.572178 seconds.

chan =

    88

Elapsed time is 410.088344 seconds.

chan =

    89

Elapsed time is 411.172025 seconds.

chan =

    90

Elapsed time is 412.194753 seconds.

chan =

    91

Elapsed time is 407.533783 seconds.

chan =

    92

Elapsed time is 407.491219 seconds.

chan =

    93

Elapsed time is 408.103349 seconds.

chan =

    94

Elapsed time is 407.234533 seconds.

chan =

    95

Elapsed time is 413.073788 seconds.

chan =

    96

Elapsed time is 408.476812 seconds.

chan =

    97

Elapsed time is 406.748472 seconds.

chan =

    98

Elapsed time is 409.065600 seconds.

chan =

    99

Elapsed time is 406.624784 seconds.

chan =

   100

Elapsed time is 408.088130 seconds.

chan =

   101

Elapsed time is 404.423053 seconds.

chan =

   102

Elapsed time is 392.627186 seconds.

chan =

   103

Elapsed time is 392.469529 seconds.

chan =

   104

Elapsed time is 390.713725 seconds.

chan =

   105

Elapsed time is 392.147641 seconds.

chan =

   106

Elapsed time is 391.654485 seconds.

chan =

   107

Elapsed time is 390.070586 seconds.

chan =

   108

Elapsed time is 389.559871 seconds.

chan =

   109

Elapsed time is 389.576572 seconds.

chan =

   110

Elapsed time is 388.634099 seconds.

chan =

   111

Elapsed time is 390.616935 seconds.

chan =

   112

Elapsed time is 390.494372 seconds.

chan =

   113

Elapsed time is 393.032254 seconds.

chan =

   114

Elapsed time is 387.462547 seconds.

chan =

   115

Elapsed time is 389.654882 seconds.

chan =

   116

Elapsed time is 389.387122 seconds.

chan =

   117

Elapsed time is 387.389959 seconds.

chan =

   118

Elapsed time is 383.575707 seconds.

chan =

   119

Elapsed time is 388.258513 seconds.

chan =

   120

Elapsed time is 385.971252 seconds.

chan =

   121

Elapsed time is 392.117774 seconds.

chan =

   122

Elapsed time is 389.155224 seconds.

chan =

   123

Elapsed time is 390.301313 seconds.

chan =

   124

Elapsed time is 388.731913 seconds.

chan =

   125

Elapsed time is 388.293183 seconds.

chan =

   126

Elapsed time is 389.012660 seconds.

chan =

   127

Elapsed time is 387.756277 seconds.

chan =

   128

Elapsed time is 386.601385 seconds.

chan =

   129

Elapsed time is 385.707530 seconds.

chan =

   130

Elapsed time is 388.432216 seconds.

chan =

   131

Elapsed time is 385.293770 seconds.

chan =

   132

Elapsed time is 387.286710 seconds.

chan =

   133

Elapsed time is 391.615832 seconds.

chan =

   134

Elapsed time is 389.561875 seconds.

chan =

   135

Elapsed time is 390.852451 seconds.

chan =

   136

Elapsed time is 390.270252 seconds.

chan =

   137

Elapsed time is 387.375585 seconds.

chan =

   138

Elapsed time is 388.797672 seconds.

chan =

   139

Elapsed time is 385.110751 seconds.
attempting saving
save success: /projects/p31578/dtf8829/QuestConnect/CHANDAT/chanDat_OH30_105.mat
working on TF
encoding done
encoding RT done
