getting started: 3687
attempting file: 3687
going for SLCH010 93
data loaded: SLCH010 93
HFB already done

chan =

     1

Elapsed time is 379.547375 seconds.

chan =

     2

Elapsed time is 388.305024 seconds.

chan =

     3

Elapsed time is 385.147121 seconds.

chan =

     4

Elapsed time is 384.875240 seconds.

chan =

     5

Elapsed time is 386.997110 seconds.

chan =

     6

Elapsed time is 388.510019 seconds.

chan =

     7

Elapsed time is 385.702739 seconds.

chan =

     8

Elapsed time is 394.647830 seconds.

chan =

     9

Elapsed time is 382.269912 seconds.

chan =

    10

Elapsed time is 379.209774 seconds.

chan =

    11

Elapsed time is 381.468717 seconds.

chan =

    12

Elapsed time is 382.260711 seconds.

chan =

    13

Elapsed time is 386.523051 seconds.

chan =

    14

Elapsed time is 378.367572 seconds.

chan =

    15

Elapsed time is 381.312416 seconds.

chan =

    16

Elapsed time is 382.891554 seconds.

chan =

    17

Elapsed time is 387.034295 seconds.

chan =

    18

Elapsed time is 392.503103 seconds.

chan =

    19

Elapsed time is 387.670505 seconds.

chan =

    20

Elapsed time is 390.400455 seconds.

chan =

    21

Elapsed time is 387.124594 seconds.

chan =

    22

Elapsed time is 386.193126 seconds.

chan =

    23

Elapsed time is 382.975723 seconds.

chan =

    24

Elapsed time is 384.741855 seconds.

chan =

    25

Elapsed time is 387.365546 seconds.

chan =

    26

Elapsed time is 390.982708 seconds.

chan =

    27

Elapsed time is 388.007872 seconds.

chan =

    28

Elapsed time is 387.803603 seconds.

chan =

    29

Elapsed time is 380.935833 seconds.

chan =

    30

Elapsed time is 383.667938 seconds.

chan =

    31

Elapsed time is 388.813971 seconds.

chan =

    32

Elapsed time is 386.565074 seconds.

chan =

    33

Elapsed time is 391.171162 seconds.

chan =

    34

Elapsed time is 393.804828 seconds.

chan =

    35

Elapsed time is 385.617932 seconds.

chan =

    36

Elapsed time is 392.187128 seconds.

chan =

    37

Elapsed time is 388.625466 seconds.

chan =

    38

Elapsed time is 386.156783 seconds.

chan =

    39

Elapsed time is 391.615213 seconds.

chan =

    40

Elapsed time is 392.388099 seconds.

chan =

    41

Elapsed time is 386.679482 seconds.

chan =

    42

Elapsed time is 391.933692 seconds.

chan =

    43

Elapsed time is 387.395300 seconds.

chan =

    44

Elapsed time is 388.835228 seconds.

chan =

    45

Elapsed time is 384.378015 seconds.

chan =

    46

Elapsed time is 388.663077 seconds.

chan =

    47

Elapsed time is 390.412327 seconds.

chan =

    48

Elapsed time is 388.011768 seconds.

chan =

    49

Elapsed time is 390.011218 seconds.

chan =

    50

Elapsed time is 391.608191 seconds.

chan =

    51

Elapsed time is 378.775150 seconds.

chan =

    52

Elapsed time is 387.276458 seconds.

chan =

    53

Elapsed time is 388.008262 seconds.

chan =

    54

Elapsed time is 388.559336 seconds.

chan =

    55

Elapsed time is 379.383199 seconds.

chan =

    56

Elapsed time is 378.122978 seconds.

chan =

    57

Elapsed time is 385.257284 seconds.

chan =

    58

Elapsed time is 387.138263 seconds.

chan =

    59

Elapsed time is 389.706103 seconds.

chan =

    60

Elapsed time is 386.388874 seconds.

chan =

    61

Elapsed time is 381.408636 seconds.

chan =

    62

Elapsed time is 385.095705 seconds.

chan =

    63

Elapsed time is 387.663523 seconds.

chan =

    64

Elapsed time is 388.972136 seconds.

chan =

    65

Elapsed time is 387.332443 seconds.

chan =

    66

Elapsed time is 384.887099 seconds.

chan =

    67

Elapsed time is 384.916149 seconds.

chan =

    68

Elapsed time is 384.922019 seconds.

chan =

    69

Elapsed time is 387.372506 seconds.

chan =

    70

Elapsed time is 389.406902 seconds.

chan =

    71

Elapsed time is 384.339247 seconds.

chan =

    72

Elapsed time is 383.969880 seconds.

chan =

    73

Elapsed time is 389.375575 seconds.

chan =

    74

Elapsed time is 389.290789 seconds.

chan =

    75

Elapsed time is 387.980889 seconds.

chan =

    76

Elapsed time is 390.888621 seconds.

chan =

    77

Elapsed time is 384.279665 seconds.

chan =

    78

Elapsed time is 383.781739 seconds.

chan =

    79

Elapsed time is 385.905994 seconds.

chan =

    80

Elapsed time is 384.829640 seconds.

chan =

    81

Elapsed time is 381.807581 seconds.

chan =

    82

Elapsed time is 394.430423 seconds.

chan =

    83

Elapsed time is 387.712873 seconds.

chan =

    84

Elapsed time is 386.986389 seconds.

chan =

    85

Elapsed time is 391.572267 seconds.

chan =

    86

Elapsed time is 392.691264 seconds.

chan =

    87

Elapsed time is 390.800095 seconds.

chan =

    88

Elapsed time is 387.958166 seconds.

chan =

    89

Elapsed time is 393.784185 seconds.

chan =

    90

Elapsed time is 391.466535 seconds.

chan =

    91

Elapsed time is 391.300526 seconds.

chan =

    92

Elapsed time is 392.282039 seconds.

chan =

    93

Elapsed time is 391.973495 seconds.

chan =

    94

Elapsed time is 392.508979 seconds.

chan =

    95

Elapsed time is 389.225031 seconds.

chan =

    96

Elapsed time is 382.407391 seconds.

chan =

    97

Elapsed time is 378.425696 seconds.

chan =

    98

Elapsed time is 385.198728 seconds.

chan =

    99

Elapsed time is 383.569446 seconds.

chan =

   100

Elapsed time is 382.758912 seconds.

chan =

   101

Elapsed time is 384.104707 seconds.

chan =

   102

Elapsed time is 421.293934 seconds.

chan =

   103

Elapsed time is 419.927848 seconds.

chan =

   104

Elapsed time is 420.971093 seconds.

chan =

   105

Elapsed time is 412.477830 seconds.

chan =

   106

Elapsed time is 423.221900 seconds.

chan =

   107

Elapsed time is 409.558223 seconds.

chan =

   108

Elapsed time is 376.148708 seconds.

chan =

   109

Elapsed time is 379.630723 seconds.

chan =

   110

Elapsed time is 389.758819 seconds.

chan =

   111

Elapsed time is 375.264338 seconds.

chan =

   112

Elapsed time is 371.202384 seconds.

chan =

   113

Elapsed time is 377.629015 seconds.

chan =

   114

Elapsed time is 380.581958 seconds.
attempting saving
save success: /projects/p31578/dtf8829/QuestConnect/CHANDAT/chanDat_SLCH010_093.mat
working on TF
