getting started: 3286
attempting file: 3286
going for SD5 35
data loaded: SD5 35
HFB already done

chan =

     1

Elapsed time is 220.531978 seconds.

chan =

     2

Elapsed time is 218.161583 seconds.

chan =

     3

Elapsed time is 219.571170 seconds.

chan =

     4

Elapsed time is 220.292116 seconds.

chan =

     5

Elapsed time is 221.278517 seconds.

chan =

     6

Elapsed time is 220.459641 seconds.

chan =

     7

Elapsed time is 220.288318 seconds.

chan =

     8

Elapsed time is 220.215448 seconds.

chan =

     9

Elapsed time is 219.989133 seconds.

chan =

    10

Elapsed time is 220.883912 seconds.

chan =

    11

Elapsed time is 220.064253 seconds.

chan =

    12

Elapsed time is 220.212985 seconds.

chan =

    13

Elapsed time is 220.946340 seconds.

chan =

    14

Elapsed time is 220.449386 seconds.

chan =

    15

Elapsed time is 222.145157 seconds.

chan =

    16

Elapsed time is 221.365008 seconds.

chan =

    17

Elapsed time is 220.067980 seconds.

chan =

    18

Elapsed time is 219.797940 seconds.

chan =

    19

Elapsed time is 220.913590 seconds.

chan =

    20

Elapsed time is 220.630933 seconds.

chan =

    21

Elapsed time is 219.962910 seconds.

chan =

    22

Elapsed time is 218.618155 seconds.

chan =

    23

Elapsed time is 219.369864 seconds.

chan =

    24

Elapsed time is 219.240367 seconds.

chan =

    25

Elapsed time is 219.860123 seconds.

chan =

    26

Elapsed time is 218.092552 seconds.

chan =

    27

Elapsed time is 218.073605 seconds.

chan =

    28

Elapsed time is 217.682581 seconds.

chan =

    29

Elapsed time is 219.983469 seconds.

chan =

    30

Elapsed time is 239.937179 seconds.

chan =

    31

Elapsed time is 240.486341 seconds.

chan =

    32

Elapsed time is 258.584397 seconds.

chan =

    33

Elapsed time is 258.607285 seconds.

chan =

    34

Elapsed time is 258.537277 seconds.

chan =

    35

Elapsed time is 234.222025 seconds.

chan =

    36

Elapsed time is 256.659425 seconds.

chan =

    37

Elapsed time is 255.304355 seconds.

chan =

    38

Elapsed time is 244.011404 seconds.

chan =

    39

Elapsed time is 261.604462 seconds.

chan =

    40

Elapsed time is 252.111155 seconds.

chan =

    41

Elapsed time is 256.828397 seconds.

chan =

    42

Elapsed time is 260.152462 seconds.

chan =

    43

Elapsed time is 242.539738 seconds.

chan =

    44

Elapsed time is 244.157471 seconds.

chan =

    45

Elapsed time is 238.519916 seconds.

chan =

    46

Elapsed time is 236.895620 seconds.

chan =

    47

Elapsed time is 240.415995 seconds.

chan =

    48

Elapsed time is 223.126324 seconds.

chan =

    49

Elapsed time is 219.828918 seconds.

chan =

    50

Elapsed time is 219.407487 seconds.

chan =

    51

Elapsed time is 221.905279 seconds.

chan =

    52

Elapsed time is 238.198286 seconds.

chan =

    53

Elapsed time is 235.129481 seconds.

chan =

    54

Elapsed time is 233.787543 seconds.

chan =

    55

Elapsed time is 233.749271 seconds.

chan =

    56

Elapsed time is 228.275340 seconds.

chan =

    57

Elapsed time is 215.407252 seconds.

chan =

    58

Elapsed time is 214.847138 seconds.

chan =

    59

Elapsed time is 217.626284 seconds.

chan =

    60

Elapsed time is 218.127498 seconds.

chan =

    61

Elapsed time is 217.546955 seconds.

chan =

    62

Elapsed time is 216.753158 seconds.

chan =

    63

Elapsed time is 217.934859 seconds.

chan =

    64

Elapsed time is 217.380643 seconds.

chan =

    65

Elapsed time is 216.446720 seconds.

chan =

    66

Elapsed time is 215.484236 seconds.

chan =

    67

Elapsed time is 215.983829 seconds.

chan =

    68

Elapsed time is 216.093888 seconds.

chan =

    69

Elapsed time is 217.896348 seconds.

chan =

    70

Elapsed time is 217.490936 seconds.

chan =

    71

Elapsed time is 216.190171 seconds.

chan =

    72

Elapsed time is 212.491277 seconds.

chan =

    73

Elapsed time is 213.389328 seconds.

chan =

    74

Elapsed time is 215.277538 seconds.

chan =

    75

Elapsed time is 214.003684 seconds.

chan =

    76

Elapsed time is 213.147483 seconds.

chan =

    77

Elapsed time is 213.287071 seconds.

chan =

    78

Elapsed time is 213.118713 seconds.

chan =

    79

Elapsed time is 214.308983 seconds.

chan =

    80

Elapsed time is 216.029185 seconds.

chan =

    81

Elapsed time is 214.150078 seconds.

chan =

    82

Elapsed time is 214.646943 seconds.

chan =

    83

Elapsed time is 213.999373 seconds.

chan =

    84

Elapsed time is 214.753392 seconds.

chan =

    85

Elapsed time is 213.225282 seconds.

chan =

    86

Elapsed time is 213.891917 seconds.

chan =

    87

Elapsed time is 213.136328 seconds.

chan =

    88

Elapsed time is 215.020209 seconds.

chan =

    89

Elapsed time is 214.707630 seconds.

chan =

    90

Elapsed time is 214.298060 seconds.

chan =

    91

Elapsed time is 213.172288 seconds.

chan =

    92

Elapsed time is 213.551311 seconds.

chan =

    93

Elapsed time is 214.786661 seconds.

chan =

    94

Elapsed time is 215.294376 seconds.

chan =

    95

Elapsed time is 214.075533 seconds.

chan =

    96

Elapsed time is 213.886782 seconds.

chan =

    97

Elapsed time is 212.892027 seconds.

chan =

    98

Elapsed time is 215.159350 seconds.

chan =

    99

Elapsed time is 212.876286 seconds.

chan =

   100

Elapsed time is 212.100573 seconds.

chan =

   101

Elapsed time is 212.581055 seconds.

chan =

   102

Elapsed time is 212.776836 seconds.

chan =

   103

Elapsed time is 213.677862 seconds.

chan =

   104

Elapsed time is 212.530513 seconds.

chan =

   105

Elapsed time is 211.550478 seconds.

chan =

   106

Elapsed time is 212.728053 seconds.

chan =

   107

Elapsed time is 212.857355 seconds.

chan =

   108

Elapsed time is 214.399263 seconds.

chan =

   109

Elapsed time is 211.238331 seconds.

