getting started: 3625
attempting file: 3625
going for SLCH010 31
data loaded: SLCH010 31
HFB already done

chan =

     1

Elapsed time is 553.834240 seconds.

chan =

     2

Elapsed time is 534.568840 seconds.

chan =

     3

Elapsed time is 532.865521 seconds.

chan =

     4

Elapsed time is 538.037306 seconds.

chan =

     5

Elapsed time is 528.778024 seconds.

chan =

     6

Elapsed time is 531.550634 seconds.

chan =

     7

Elapsed time is 536.384043 seconds.

chan =

     8

Elapsed time is 531.841103 seconds.

chan =

     9

Elapsed time is 532.752743 seconds.

chan =

    10

Elapsed time is 537.214435 seconds.

chan =

    11

Elapsed time is 529.070091 seconds.

chan =

    12

Elapsed time is 534.459065 seconds.

chan =

    13

Elapsed time is 531.746435 seconds.

chan =

    14

Elapsed time is 527.545036 seconds.

chan =

    15

Elapsed time is 534.906032 seconds.

chan =

    16

Elapsed time is 530.081833 seconds.

chan =

    17

Elapsed time is 530.425266 seconds.

chan =

    18

Elapsed time is 535.694700 seconds.

chan =

    19

Elapsed time is 528.693909 seconds.

chan =

    20

Elapsed time is 535.513048 seconds.

chan =

    21

Elapsed time is 524.263637 seconds.

chan =

    22

Elapsed time is 535.039484 seconds.

chan =

    23

Elapsed time is 526.274969 seconds.

chan =

    24

Elapsed time is 536.256907 seconds.

chan =

    25

Elapsed time is 529.390357 seconds.

chan =

    26

Elapsed time is 536.328823 seconds.

chan =

    27

Elapsed time is 528.748407 seconds.

chan =

    28

Elapsed time is 529.415596 seconds.

chan =

    29

Elapsed time is 533.171425 seconds.

chan =

    30

Elapsed time is 533.004845 seconds.

chan =

    31

Elapsed time is 531.474754 seconds.

chan =

    32

Elapsed time is 534.633003 seconds.

chan =

    33

Elapsed time is 536.259863 seconds.

chan =

    34

Elapsed time is 536.167753 seconds.

chan =

    35

Elapsed time is 533.568395 seconds.

chan =

    36

Elapsed time is 537.240296 seconds.

chan =

    37

Elapsed time is 536.468511 seconds.

chan =

    38

Elapsed time is 537.536500 seconds.

chan =

    39

Elapsed time is 536.678574 seconds.

chan =

    40

Elapsed time is 538.976955 seconds.

chan =

    41

Elapsed time is 535.459869 seconds.

chan =

    42

Elapsed time is 535.531111 seconds.

chan =

    43

Elapsed time is 535.663321 seconds.

chan =

    44

Elapsed time is 540.582805 seconds.

chan =

    45

Elapsed time is 541.662349 seconds.

chan =

    46

Elapsed time is 543.624119 seconds.

chan =

    47

Elapsed time is 546.219810 seconds.

chan =

    48

Elapsed time is 538.795550 seconds.

chan =

    49

Elapsed time is 536.200390 seconds.

chan =

    50

Elapsed time is 537.601054 seconds.

chan =

    51

Elapsed time is 539.200363 seconds.

chan =

    52

Elapsed time is 534.554027 seconds.

chan =

    53

Elapsed time is 528.201624 seconds.

chan =

    54

Elapsed time is 536.997296 seconds.

chan =

    55

Elapsed time is 539.576414 seconds.

chan =

    56

Elapsed time is 534.041906 seconds.

chan =

    57

Elapsed time is 531.536550 seconds.

chan =

    58

Elapsed time is 537.469938 seconds.

chan =

    59

Elapsed time is 542.192090 seconds.

chan =

    60

Elapsed time is 533.092887 seconds.

chan =

    61

Elapsed time is 533.204400 seconds.

chan =

    62

Elapsed time is 542.003101 seconds.

chan =

    63

Elapsed time is 543.043567 seconds.

chan =

    64

Elapsed time is 536.490906 seconds.

chan =

    65

Elapsed time is 536.750266 seconds.

chan =

    66

Elapsed time is 542.253197 seconds.

chan =

    67

Elapsed time is 537.395736 seconds.

chan =

    68

Elapsed time is 535.323698 seconds.

chan =

    69

Elapsed time is 543.113317 seconds.

chan =

    70

Elapsed time is 536.973597 seconds.

chan =

    71

Elapsed time is 531.845232 seconds.

chan =

    72

Elapsed time is 537.009463 seconds.

chan =

    73

Elapsed time is 530.342555 seconds.

chan =

    74

Elapsed time is 526.687572 seconds.

chan =

    75

Elapsed time is 534.703735 seconds.

chan =

    76

Elapsed time is 528.736462 seconds.

chan =

    77

Elapsed time is 525.956140 seconds.

chan =

    78

Elapsed time is 535.429753 seconds.

chan =

    79

Elapsed time is 528.087222 seconds.

chan =

    80

Elapsed time is 530.946175 seconds.

chan =

    81

Elapsed time is 531.610467 seconds.

chan =

    82

Elapsed time is 528.339063 seconds.

chan =

    83

Elapsed time is 535.478951 seconds.

chan =

    84

Elapsed time is 525.775123 seconds.

chan =

    85

Elapsed time is 538.241580 seconds.

chan =

    86

Elapsed time is 527.380026 seconds.

chan =

    87

Elapsed time is 534.571996 seconds.

chan =

    88

Elapsed time is 531.545051 seconds.

chan =

    89

Elapsed time is 532.457817 seconds.

chan =

    90

Elapsed time is 535.464092 seconds.

chan =

    91

Elapsed time is 532.312992 seconds.

chan =

    92

Elapsed time is 538.004403 seconds.

chan =

    93

Elapsed time is 535.802200 seconds.

chan =

    94

Elapsed time is 531.048831 seconds.

chan =

    95

Elapsed time is 536.593197 seconds.

chan =

    96

Elapsed time is 533.052344 seconds.

chan =

    97

Elapsed time is 532.582182 seconds.

chan =

    98

Elapsed time is 536.063817 seconds.

chan =

    99

Elapsed time is 535.931336 seconds.

chan =

   100

Elapsed time is 537.006363 seconds.

chan =

   101

Elapsed time is 536.806534 seconds.

chan =

   102

Elapsed time is 537.691870 seconds.

chan =

   103

Elapsed time is 541.599987 seconds.

chan =

   104

Elapsed time is 542.078208 seconds.

chan =

   105

Elapsed time is 543.339211 seconds.

chan =

   106

Elapsed time is 545.924255 seconds.

chan =

   107

Elapsed time is 546.417511 seconds.

chan =

   108

Elapsed time is 547.719344 seconds.

chan =

   109

Elapsed time is 552.653664 seconds.

chan =

   110

Elapsed time is 498.497925 seconds.

chan =

   111

Elapsed time is 534.556738 seconds.

chan =

   112

Elapsed time is 534.948988 seconds.

chan =

   113

Elapsed time is 535.816939 seconds.

chan =

   114

Elapsed time is 509.525261 seconds.
attempting saving
save success: /projects/p31578/dtf8829/QuestConnect/CHANDAT/chanDat_SLCH010_031.mat
working on TF
encoding done
encoding RT done
