getting started: 3360
attempting file: 3360
going for SD5 109
data loaded: SD5 109
HFB already done

chan =

     1

Elapsed time is 291.194527 seconds.

chan =

     2

Elapsed time is 287.450677 seconds.

chan =

     3

Elapsed time is 268.207183 seconds.

chan =

     4

Elapsed time is 318.236678 seconds.

chan =

     5

Elapsed time is 353.322007 seconds.

chan =

     6

Elapsed time is 347.145213 seconds.

chan =

     7

Elapsed time is 348.637512 seconds.

chan =

     8

Elapsed time is 342.989821 seconds.

chan =

     9

Elapsed time is 347.980638 seconds.

chan =

    10

Elapsed time is 344.115115 seconds.

chan =

    11

Elapsed time is 346.275249 seconds.

chan =

    12

Elapsed time is 340.889226 seconds.

chan =

    13

Elapsed time is 348.532200 seconds.

chan =

    14

Elapsed time is 342.115223 seconds.

chan =

    15

Elapsed time is 349.582505 seconds.

chan =

    16

Elapsed time is 340.660796 seconds.

chan =

    17

Elapsed time is 347.309201 seconds.

chan =

    18

Elapsed time is 342.118512 seconds.

chan =

    19

Elapsed time is 348.229137 seconds.

chan =

    20

Elapsed time is 340.252432 seconds.

chan =

    21

Elapsed time is 345.289033 seconds.

chan =

    22

Elapsed time is 341.788053 seconds.

chan =

    23

Elapsed time is 348.661416 seconds.

chan =

    24

Elapsed time is 337.362337 seconds.

chan =

    25

Elapsed time is 342.992245 seconds.

chan =

    26

Elapsed time is 334.262307 seconds.

chan =

    27

Elapsed time is 343.560990 seconds.

chan =

    28

Elapsed time is 332.394828 seconds.

chan =

    29

Elapsed time is 336.281628 seconds.

chan =

    30

Elapsed time is 330.954328 seconds.

chan =

    31

Elapsed time is 339.374484 seconds.

chan =

    32

Elapsed time is 327.280558 seconds.

chan =

    33

Elapsed time is 333.930242 seconds.

chan =

    34

Elapsed time is 326.457488 seconds.

chan =

    35

Elapsed time is 335.829297 seconds.

chan =

    36

Elapsed time is 325.345034 seconds.

chan =

    37

Elapsed time is 334.591887 seconds.

chan =

    38

Elapsed time is 325.773814 seconds.

chan =

    39

Elapsed time is 332.278843 seconds.

chan =

    40

Elapsed time is 325.727085 seconds.

chan =

    41

Elapsed time is 331.630803 seconds.

chan =

    42

Elapsed time is 326.494889 seconds.

chan =

    43

Elapsed time is 331.353667 seconds.

chan =

    44

Elapsed time is 327.043974 seconds.

chan =

    45

Elapsed time is 331.178713 seconds.

chan =

    46

Elapsed time is 329.031259 seconds.

chan =

    47

Elapsed time is 332.142589 seconds.

chan =

    48

Elapsed time is 329.929446 seconds.

chan =

    49

Elapsed time is 330.740698 seconds.

chan =

    50

Elapsed time is 328.937074 seconds.

chan =

    51

Elapsed time is 330.778723 seconds.

chan =

    52

Elapsed time is 328.946481 seconds.

chan =

    53

Elapsed time is 330.516591 seconds.

chan =

    54

Elapsed time is 329.191838 seconds.

chan =

    55

Elapsed time is 330.668162 seconds.

chan =

    56

Elapsed time is 328.882510 seconds.

chan =

    57

Elapsed time is 331.327643 seconds.

chan =

    58

Elapsed time is 328.912035 seconds.

chan =

    59

Elapsed time is 332.855744 seconds.

chan =

    60

Elapsed time is 330.628949 seconds.

chan =

    61

Elapsed time is 330.430062 seconds.

chan =

    62

Elapsed time is 328.661107 seconds.

chan =

    63

Elapsed time is 328.892407 seconds.

chan =

    64

Elapsed time is 337.862292 seconds.

chan =

    65

Elapsed time is 340.997265 seconds.

chan =

    66

Elapsed time is 340.515999 seconds.

chan =

    67

Elapsed time is 336.869891 seconds.

chan =

    68

Elapsed time is 331.586902 seconds.

chan =

    69

Elapsed time is 334.924334 seconds.

chan =

    70

Elapsed time is 336.695657 seconds.

chan =

    71

Elapsed time is 338.100446 seconds.

chan =

    72

Elapsed time is 335.860197 seconds.

chan =

    73

Elapsed time is 332.410353 seconds.

chan =

    74

Elapsed time is 336.131174 seconds.

chan =

    75

Elapsed time is 338.319959 seconds.

chan =

    76

Elapsed time is 337.494688 seconds.

chan =

    77

Elapsed time is 336.227865 seconds.

chan =

    78

Elapsed time is 334.376603 seconds.

chan =

    79

Elapsed time is 336.425082 seconds.

chan =

    80

Elapsed time is 337.310114 seconds.

chan =

    81

Elapsed time is 337.279560 seconds.

chan =

    82

Elapsed time is 333.555818 seconds.

chan =

    83

Elapsed time is 335.793419 seconds.

chan =

    84

Elapsed time is 340.302779 seconds.

chan =

    85

Elapsed time is 336.266234 seconds.

chan =

    86

Elapsed time is 337.006806 seconds.

chan =

    87

Elapsed time is 335.471751 seconds.

chan =

    88

Elapsed time is 338.928392 seconds.

chan =

    89

Elapsed time is 337.882899 seconds.

chan =

    90

Elapsed time is 339.588374 seconds.

chan =

    91

Elapsed time is 338.525908 seconds.

chan =

    92

Elapsed time is 338.382188 seconds.

chan =

    93

Elapsed time is 338.358680 seconds.

chan =

    94

Elapsed time is 336.276180 seconds.

chan =

    95

Elapsed time is 337.383593 seconds.

chan =

    96

Elapsed time is 327.265965 seconds.

chan =

    97

Elapsed time is 337.406359 seconds.

chan =

    98

Elapsed time is 337.048801 seconds.

chan =

    99

Elapsed time is 337.862260 seconds.

chan =

   100

Elapsed time is 336.352414 seconds.

chan =

   101

Elapsed time is 329.984396 seconds.

chan =

   102

Elapsed time is 328.726515 seconds.

chan =

   103

Elapsed time is 328.336216 seconds.

chan =

   104

Elapsed time is 328.395728 seconds.

chan =

   105

Elapsed time is 326.158757 seconds.

chan =

   106

Elapsed time is 327.964927 seconds.

chan =

   107

Elapsed time is 327.133773 seconds.

chan =

   108

Elapsed time is 328.414640 seconds.

chan =

   109

Elapsed time is 325.515547 seconds.

