getting started: 3022
attempting file: 3022
going for OH30 121
data loaded: OH30 121
HFB already done

chan =

     1

Elapsed time is 473.069757 seconds.

chan =

     2

Elapsed time is 465.502055 seconds.

chan =

     3

Elapsed time is 464.273059 seconds.

chan =

     4

Elapsed time is 474.487033 seconds.

chan =

     5

Elapsed time is 484.374448 seconds.

chan =

     6

Elapsed time is 480.566289 seconds.

chan =

     7

Elapsed time is 480.847075 seconds.

chan =

     8

Elapsed time is 480.846006 seconds.

chan =

     9

Elapsed time is 481.063001 seconds.

chan =

    10

Elapsed time is 475.404521 seconds.

chan =

    11

Elapsed time is 465.242550 seconds.

chan =

    12

Elapsed time is 441.531480 seconds.

chan =

    13

Elapsed time is 418.512727 seconds.

chan =

    14

Elapsed time is 391.398997 seconds.

chan =

    15

Elapsed time is 373.216418 seconds.

chan =

    16

Elapsed time is 423.884541 seconds.

chan =

    17

Elapsed time is 465.675089 seconds.

chan =

    18

Elapsed time is 454.916354 seconds.

chan =

    19

Elapsed time is 430.800721 seconds.

chan =

    20

Elapsed time is 446.711161 seconds.

chan =

    21

Elapsed time is 440.891587 seconds.

chan =

    22

Elapsed time is 428.945586 seconds.

chan =

    23

Elapsed time is 393.920733 seconds.

chan =

    24

Elapsed time is 408.327512 seconds.

chan =

    25

Elapsed time is 419.437409 seconds.

chan =

    26

Elapsed time is 432.094300 seconds.

chan =

    27

Elapsed time is 420.289280 seconds.

chan =

    28

Elapsed time is 384.681961 seconds.

chan =

    29

Elapsed time is 357.484950 seconds.

chan =

    30

Elapsed time is 344.996388 seconds.

chan =

    31

Elapsed time is 343.744496 seconds.

chan =

    32

Elapsed time is 344.339681 seconds.

chan =

    33

Elapsed time is 341.715861 seconds.

chan =

    34

Elapsed time is 343.647219 seconds.

chan =

    35

Elapsed time is 341.573920 seconds.

chan =

    36

Elapsed time is 343.413341 seconds.

chan =

    37

Elapsed time is 345.856426 seconds.

chan =

    38

Elapsed time is 346.217625 seconds.

chan =

    39

Elapsed time is 341.453846 seconds.

chan =

    40

Elapsed time is 339.523527 seconds.

chan =

    41

Elapsed time is 339.912926 seconds.

chan =

    42

Elapsed time is 340.764149 seconds.

chan =

    43

Elapsed time is 339.895439 seconds.

chan =

    44

Elapsed time is 340.279579 seconds.

chan =

    45

Elapsed time is 337.975561 seconds.

chan =

    46

Elapsed time is 337.136457 seconds.

chan =

    47

Elapsed time is 338.178636 seconds.

chan =

    48

Elapsed time is 333.039239 seconds.

chan =

    49

Elapsed time is 338.098291 seconds.

chan =

    50

Elapsed time is 334.350012 seconds.

chan =

    51

Elapsed time is 333.335347 seconds.

chan =

    52

Elapsed time is 333.202850 seconds.

chan =

    53

Elapsed time is 335.709885 seconds.

chan =

    54

Elapsed time is 332.860361 seconds.

chan =

    55

Elapsed time is 333.608561 seconds.

chan =

    56

Elapsed time is 340.563828 seconds.

chan =

    57

Elapsed time is 545.091214 seconds.

chan =

    58

Elapsed time is 543.918362 seconds.

chan =

    59

Elapsed time is 519.691656 seconds.

chan =

    60

Elapsed time is 531.061648 seconds.

chan =

    61

Elapsed time is 515.944452 seconds.

chan =

    62

Elapsed time is 514.881050 seconds.

chan =

    63

Elapsed time is 497.825248 seconds.

chan =

    64

Elapsed time is 518.936621 seconds.

chan =

    65

Elapsed time is 500.265581 seconds.

chan =

    66

Elapsed time is 530.494301 seconds.

chan =

    67

Elapsed time is 498.529804 seconds.

chan =

    68

Elapsed time is 512.655018 seconds.

chan =

    69

Elapsed time is 504.186092 seconds.

chan =

    70

Elapsed time is 473.340739 seconds.

chan =

    71

Elapsed time is 321.775240 seconds.

chan =

    72

Elapsed time is 324.069758 seconds.

chan =

    73

Elapsed time is 333.073531 seconds.

chan =

    74

Elapsed time is 323.667615 seconds.

chan =

    75

Elapsed time is 327.096207 seconds.

chan =

    76

Elapsed time is 375.211214 seconds.

chan =

    77

Elapsed time is 434.518735 seconds.

chan =

    78

Elapsed time is 435.882366 seconds.

chan =

    79

Elapsed time is 398.009701 seconds.

chan =

    80

Elapsed time is 344.276015 seconds.

chan =

    81

Elapsed time is 344.691018 seconds.

chan =

    82

Elapsed time is 343.727972 seconds.

chan =

    83

Elapsed time is 343.092993 seconds.

chan =

    84

Elapsed time is 317.368117 seconds.

chan =

    85

Elapsed time is 322.119591 seconds.

chan =

    86

Elapsed time is 316.792423 seconds.

chan =

    87

Elapsed time is 317.265540 seconds.

chan =

    88

Elapsed time is 317.765288 seconds.

chan =

    89

Elapsed time is 352.206979 seconds.

chan =

    90

Elapsed time is 404.079489 seconds.

chan =

    91

Elapsed time is 402.477271 seconds.

chan =

    92

Elapsed time is 402.377371 seconds.

chan =

    93

Elapsed time is 402.216100 seconds.

chan =

    94

Elapsed time is 400.617805 seconds.

chan =

    95

Elapsed time is 404.424856 seconds.

chan =

    96

Elapsed time is 400.879670 seconds.

chan =

    97

Elapsed time is 403.900069 seconds.

chan =

    98

Elapsed time is 403.032449 seconds.

chan =

    99

Elapsed time is 402.127868 seconds.

chan =

   100

Elapsed time is 400.749861 seconds.

chan =

   101

Elapsed time is 399.735957 seconds.

chan =

   102

Elapsed time is 374.087659 seconds.

chan =

   103

Elapsed time is 319.281952 seconds.

chan =

   104

Elapsed time is 319.591256 seconds.

chan =

   105

Elapsed time is 322.035100 seconds.

chan =

   106

Elapsed time is 436.740283 seconds.

chan =

   107

Elapsed time is 458.108283 seconds.

chan =

   108

Elapsed time is 455.882924 seconds.

chan =

   109

Elapsed time is 450.395547 seconds.

chan =

   110

Elapsed time is 449.378211 seconds.

chan =

   111

Elapsed time is 456.863361 seconds.

chan =

   112

Elapsed time is 441.627274 seconds.

chan =

   113

Elapsed time is 458.946427 seconds.

chan =

   114

Elapsed time is 443.383690 seconds.

chan =

   115

Elapsed time is 456.813231 seconds.

chan =

   116

Elapsed time is 438.909188 seconds.

chan =

   117

Elapsed time is 456.451054 seconds.

chan =

   118

Elapsed time is 435.896272 seconds.

chan =

   119

Elapsed time is 458.419507 seconds.

chan =

   120

Elapsed time is 440.902795 seconds.

chan =

   121

Elapsed time is 458.813309 seconds.

chan =

   122

Elapsed time is 444.821596 seconds.

chan =

   123

Elapsed time is 458.307001 seconds.

chan =

   124

Elapsed time is 421.805832 seconds.

chan =

   125

Elapsed time is 429.285953 seconds.

chan =

   126

Elapsed time is 431.027266 seconds.

chan =

   127

Elapsed time is 433.814680 seconds.

chan =

   128

Elapsed time is 418.829881 seconds.

chan =

   129

Elapsed time is 426.402148 seconds.

chan =

   130

Elapsed time is 428.872522 seconds.

chan =

   131

Elapsed time is 431.379941 seconds.

chan =

   132

Elapsed time is 419.041078 seconds.

chan =

   133

Elapsed time is 421.181811 seconds.

chan =

   134

Elapsed time is 437.068281 seconds.

chan =

   135

Elapsed time is 416.678740 seconds.

chan =

   136

Elapsed time is 434.249955 seconds.

chan =

   137

Elapsed time is 424.030011 seconds.

chan =

   138

Elapsed time is 435.492842 seconds.

chan =

   139

Elapsed time is 372.769855 seconds.
attempting saving
save success: /projects/p31578/dtf8829/QuestConnect/CHANDAT/chanDat_OH30_121.mat
working on TF
encoding done
encoding RT done
