getting started: 3348
attempting file: 3348
going for SD5 97
data loaded: SD5 97
HFB already done

chan =

     1

Elapsed time is 239.405013 seconds.

chan =

     2

Elapsed time is 232.125502 seconds.

chan =

     3

Elapsed time is 237.362742 seconds.

chan =

     4

Elapsed time is 247.816272 seconds.

chan =

     5

Elapsed time is 253.161706 seconds.

chan =

     6

Elapsed time is 246.655258 seconds.

chan =

     7

Elapsed time is 248.165245 seconds.

chan =

     8

Elapsed time is 242.059272 seconds.

chan =

     9

Elapsed time is 238.816489 seconds.

chan =

    10

Elapsed time is 237.422025 seconds.

chan =

    11

Elapsed time is 236.465433 seconds.

chan =

    12

Elapsed time is 233.727487 seconds.

chan =

    13

Elapsed time is 234.030130 seconds.

chan =

    14

Elapsed time is 230.788020 seconds.

chan =

    15

Elapsed time is 232.480908 seconds.

chan =

    16

Elapsed time is 231.562822 seconds.

chan =

    17

Elapsed time is 233.261379 seconds.

chan =

    18

Elapsed time is 230.708042 seconds.

chan =

    19

Elapsed time is 232.067358 seconds.

chan =

    20

Elapsed time is 230.181892 seconds.

chan =

    21

Elapsed time is 231.163707 seconds.

chan =

    22

Elapsed time is 229.402748 seconds.

chan =

    23

Elapsed time is 230.969285 seconds.

chan =

    24

Elapsed time is 231.118456 seconds.

chan =

    25

Elapsed time is 233.035762 seconds.

chan =

    26

Elapsed time is 231.768695 seconds.

chan =

    27

Elapsed time is 232.961868 seconds.

chan =

    28

Elapsed time is 251.553199 seconds.

chan =

    29

Elapsed time is 251.318927 seconds.

chan =

    30

Elapsed time is 251.426973 seconds.

chan =

    31

Elapsed time is 251.150643 seconds.

chan =

    32

Elapsed time is 251.867943 seconds.

chan =

    33

Elapsed time is 253.875827 seconds.

chan =

    34

Elapsed time is 245.109769 seconds.

chan =

    35

Elapsed time is 251.497866 seconds.

chan =

    36

Elapsed time is 251.647979 seconds.

chan =

    37

Elapsed time is 252.379341 seconds.

chan =

    38

Elapsed time is 237.548014 seconds.

chan =

    39

Elapsed time is 220.077365 seconds.

chan =

    40

Elapsed time is 204.559633 seconds.

chan =

    41

Elapsed time is 214.033694 seconds.

chan =

    42

Elapsed time is 221.628294 seconds.

chan =

    43

Elapsed time is 218.302676 seconds.

chan =

    44

Elapsed time is 215.171412 seconds.

chan =

    45

Elapsed time is 223.275560 seconds.

chan =

    46

Elapsed time is 220.660345 seconds.

chan =

    47

Elapsed time is 223.297695 seconds.

chan =

    48

Elapsed time is 219.861434 seconds.

chan =

    49

Elapsed time is 207.273510 seconds.

chan =

    50

Elapsed time is 205.341882 seconds.

chan =

    51

Elapsed time is 212.878273 seconds.

chan =

    52

Elapsed time is 205.199802 seconds.

chan =

    53

Elapsed time is 202.822735 seconds.

chan =

    54

Elapsed time is 210.247360 seconds.

chan =

    55

Elapsed time is 212.737415 seconds.

chan =

    56

Elapsed time is 204.312773 seconds.

chan =

    57

Elapsed time is 209.427368 seconds.

chan =

    58

Elapsed time is 219.033329 seconds.

chan =

    59

Elapsed time is 218.158370 seconds.

chan =

    60

Elapsed time is 205.951533 seconds.

chan =

    61

Elapsed time is 202.972933 seconds.

chan =

    62

Elapsed time is 201.562024 seconds.

chan =

    63

Elapsed time is 203.691580 seconds.

chan =

    64

Elapsed time is 205.443372 seconds.

chan =

    65

Elapsed time is 207.318010 seconds.

chan =

    66

Elapsed time is 205.107459 seconds.

chan =

    67

Elapsed time is 203.115973 seconds.

chan =

    68

Elapsed time is 204.410547 seconds.

chan =

    69

Elapsed time is 203.984512 seconds.

chan =

    70

Elapsed time is 207.577592 seconds.

chan =

    71

Elapsed time is 204.267450 seconds.

chan =

    72

Elapsed time is 203.393479 seconds.

chan =

    73

Elapsed time is 204.987037 seconds.

chan =

    74

Elapsed time is 205.373175 seconds.

chan =

    75

Elapsed time is 204.790904 seconds.

chan =

    76

Elapsed time is 204.767532 seconds.

chan =

    77

Elapsed time is 205.189764 seconds.

chan =

    78

Elapsed time is 203.382072 seconds.

chan =

    79

Elapsed time is 205.352590 seconds.

chan =

    80

Elapsed time is 206.178622 seconds.

chan =

    81

Elapsed time is 203.808640 seconds.

chan =

    82

Elapsed time is 203.051575 seconds.

chan =

    83

Elapsed time is 205.769506 seconds.

chan =

    84

Elapsed time is 206.618493 seconds.

chan =

    85

Elapsed time is 203.138398 seconds.

chan =

    86

Elapsed time is 203.423326 seconds.

chan =

    87

Elapsed time is 204.450991 seconds.

chan =

    88

Elapsed time is 205.148729 seconds.

chan =

    89

Elapsed time is 202.717762 seconds.

chan =

    90

Elapsed time is 204.588849 seconds.

chan =

    91

Elapsed time is 203.259617 seconds.

chan =

    92

Elapsed time is 203.864275 seconds.

chan =

    93

Elapsed time is 204.148614 seconds.

chan =

    94

Elapsed time is 206.486225 seconds.

chan =

    95

Elapsed time is 208.425842 seconds.

chan =

    96

Elapsed time is 202.641706 seconds.

chan =

    97

Elapsed time is 202.555479 seconds.

chan =

    98

Elapsed time is 203.714449 seconds.

chan =

    99

Elapsed time is 203.582199 seconds.

chan =

   100

Elapsed time is 203.635140 seconds.

chan =

   101

Elapsed time is 204.100093 seconds.

chan =

   102

Elapsed time is 201.976243 seconds.

chan =

   103

Elapsed time is 203.567547 seconds.

chan =

   104

Elapsed time is 202.063588 seconds.

chan =

   105

Elapsed time is 310.382384 seconds.

chan =

   106

Elapsed time is 355.736102 seconds.

chan =

   107

Elapsed time is 243.458535 seconds.

chan =

   108

Elapsed time is 247.060685 seconds.

chan =

   109

Elapsed time is 241.715615 seconds.

