getting started: 3349
attempting file: 3349
going for SD5 98
data loaded: SD5 98
HFB already done

chan =

     1

Elapsed time is 237.349480 seconds.

chan =

     2

Elapsed time is 235.406518 seconds.

chan =

     3

Elapsed time is 235.926862 seconds.

chan =

     4

Elapsed time is 236.928680 seconds.

chan =

     5

Elapsed time is 236.023373 seconds.

chan =

     6

Elapsed time is 235.037279 seconds.

chan =

     7

Elapsed time is 237.136391 seconds.

chan =

     8

Elapsed time is 237.365867 seconds.

chan =

     9

Elapsed time is 235.927721 seconds.

chan =

    10

Elapsed time is 235.850934 seconds.

chan =

    11

Elapsed time is 235.358646 seconds.

chan =

    12

Elapsed time is 235.768496 seconds.

chan =

    13

Elapsed time is 235.745845 seconds.

chan =

    14

Elapsed time is 234.216798 seconds.

chan =

    15

Elapsed time is 236.369343 seconds.

chan =

    16

Elapsed time is 236.583411 seconds.

chan =

    17

Elapsed time is 238.082766 seconds.

chan =

    18

Elapsed time is 236.712705 seconds.

chan =

    19

Elapsed time is 233.845372 seconds.

chan =

    20

Elapsed time is 231.461785 seconds.

chan =

    21

Elapsed time is 234.623150 seconds.

chan =

    22

Elapsed time is 235.823885 seconds.

chan =

    23

Elapsed time is 234.134508 seconds.

chan =

    24

Elapsed time is 236.145479 seconds.

chan =

    25

Elapsed time is 235.400680 seconds.

chan =

    26

Elapsed time is 229.296385 seconds.

chan =

    27

Elapsed time is 420.659452 seconds.

chan =

    28

Elapsed time is 409.719297 seconds.

chan =

    29

Elapsed time is 413.470116 seconds.

chan =

    30

Elapsed time is 408.345997 seconds.

chan =

    31

Elapsed time is 410.793579 seconds.

chan =

    32

Elapsed time is 402.187538 seconds.

chan =

    33

Elapsed time is 410.297023 seconds.

chan =

    34

Elapsed time is 403.975929 seconds.

chan =

    35

Elapsed time is 405.673110 seconds.

chan =

    36

Elapsed time is 407.229261 seconds.

chan =

    37

Elapsed time is 416.142702 seconds.

chan =

    38

Elapsed time is 405.448833 seconds.

chan =

    39

Elapsed time is 412.316076 seconds.

chan =

    40

Elapsed time is 400.088885 seconds.

chan =

    41

Elapsed time is 409.687907 seconds.

chan =

    42

Elapsed time is 405.867323 seconds.

chan =

    43

Elapsed time is 406.083071 seconds.

chan =

    44

Elapsed time is 401.305672 seconds.

chan =

    45

Elapsed time is 408.116514 seconds.

chan =

    46

Elapsed time is 399.160763 seconds.

chan =

    47

Elapsed time is 406.252868 seconds.

chan =

    48

Elapsed time is 398.769533 seconds.

chan =

    49

Elapsed time is 415.053460 seconds.

chan =

    50

Elapsed time is 399.083287 seconds.

chan =

    51

Elapsed time is 406.074766 seconds.

chan =

    52

Elapsed time is 403.650253 seconds.

chan =

    53

Elapsed time is 406.281981 seconds.

chan =

    54

Elapsed time is 395.999248 seconds.

chan =

    55

Elapsed time is 409.053618 seconds.

chan =

    56

Elapsed time is 399.957780 seconds.

chan =

    57

Elapsed time is 405.054627 seconds.

chan =

    58

Elapsed time is 397.414744 seconds.

chan =

    59

Elapsed time is 404.573226 seconds.

chan =

    60

Elapsed time is 403.318426 seconds.

chan =

    61

Elapsed time is 406.183879 seconds.

chan =

    62

Elapsed time is 399.843216 seconds.

chan =

    63

Elapsed time is 404.465616 seconds.

chan =

    64

Elapsed time is 395.513599 seconds.

chan =

    65

Elapsed time is 409.506762 seconds.

chan =

    66

Elapsed time is 405.553725 seconds.

chan =

    67

Elapsed time is 406.733162 seconds.

chan =

    68

Elapsed time is 394.245416 seconds.

chan =

    69

Elapsed time is 401.703228 seconds.

chan =

    70

Elapsed time is 391.413336 seconds.

chan =

    71

Elapsed time is 406.373073 seconds.

chan =

    72

Elapsed time is 405.163056 seconds.

chan =

    73

Elapsed time is 409.852729 seconds.

chan =

    74

Elapsed time is 393.799298 seconds.

chan =

    75

Elapsed time is 415.507409 seconds.

chan =

    76

Elapsed time is 405.726996 seconds.

chan =

    77

Elapsed time is 412.229253 seconds.

chan =

    78

Elapsed time is 405.022429 seconds.

chan =

    79

Elapsed time is 414.713345 seconds.

chan =

    80

Elapsed time is 407.115594 seconds.

chan =

    81

Elapsed time is 417.749687 seconds.

chan =

    82

Elapsed time is 407.703858 seconds.

chan =

    83

Elapsed time is 416.043310 seconds.

chan =

    84

Elapsed time is 407.226304 seconds.

chan =

    85

Elapsed time is 419.254765 seconds.

chan =

    86

Elapsed time is 408.811266 seconds.

chan =

    87

Elapsed time is 419.565047 seconds.

chan =

    88

Elapsed time is 409.052571 seconds.

chan =

    89

Elapsed time is 422.336566 seconds.

chan =

    90

Elapsed time is 412.813553 seconds.

chan =

    91

Elapsed time is 417.282770 seconds.

chan =

    92

Elapsed time is 411.153641 seconds.

chan =

    93

Elapsed time is 417.521199 seconds.

chan =

    94

Elapsed time is 405.281301 seconds.

chan =

    95

Elapsed time is 412.190915 seconds.

chan =

    96

Elapsed time is 407.773195 seconds.

chan =

    97

Elapsed time is 412.706760 seconds.

chan =

    98

Elapsed time is 407.042835 seconds.

chan =

    99

Elapsed time is 415.487348 seconds.

chan =

   100

Elapsed time is 408.125655 seconds.

chan =

   101

Elapsed time is 423.096937 seconds.

chan =

   102

Elapsed time is 412.077661 seconds.

chan =

   103

Elapsed time is 408.516243 seconds.

chan =

   104

Elapsed time is 402.132890 seconds.

chan =

   105

Elapsed time is 408.472727 seconds.

chan =

   106

Elapsed time is 399.382869 seconds.

chan =

   107

Elapsed time is 407.507266 seconds.

chan =

   108

Elapsed time is 405.390706 seconds.

chan =

   109

Elapsed time is 412.474371 seconds.

