getting started: 3276
attempting file: 3276
going for SD5 25
data loaded: SD5 25
HFB already done

chan =

     1

Elapsed time is 222.948741 seconds.

chan =

     2

Elapsed time is 221.042691 seconds.

chan =

     3

Elapsed time is 222.299921 seconds.

chan =

     4

Elapsed time is 221.208816 seconds.

chan =

     5

Elapsed time is 220.718772 seconds.

chan =

     6

Elapsed time is 222.523553 seconds.

chan =

     7

Elapsed time is 221.324945 seconds.

chan =

     8

Elapsed time is 222.407971 seconds.

chan =

     9

Elapsed time is 220.310070 seconds.

chan =

    10

Elapsed time is 222.100105 seconds.

chan =

    11

Elapsed time is 221.333672 seconds.

chan =

    12

Elapsed time is 222.767201 seconds.

chan =

    13

Elapsed time is 222.393298 seconds.

chan =

    14

Elapsed time is 220.983322 seconds.

chan =

    15

Elapsed time is 221.627467 seconds.

chan =

    16

Elapsed time is 221.773592 seconds.

chan =

    17

Elapsed time is 220.824747 seconds.

chan =

    18

Elapsed time is 221.857170 seconds.

chan =

    19

Elapsed time is 218.452717 seconds.

chan =

    20

Elapsed time is 221.297031 seconds.

chan =

    21

Elapsed time is 220.700322 seconds.

chan =

    22

Elapsed time is 221.501761 seconds.

chan =

    23

Elapsed time is 220.653191 seconds.

chan =

    24

Elapsed time is 221.228604 seconds.

chan =

    25

Elapsed time is 220.890648 seconds.

chan =

    26

Elapsed time is 221.577427 seconds.

chan =

    27

Elapsed time is 221.193874 seconds.

chan =

    28

Elapsed time is 222.271717 seconds.

chan =

    29

Elapsed time is 220.577244 seconds.

chan =

    30

Elapsed time is 222.529560 seconds.

chan =

    31

Elapsed time is 221.488493 seconds.

chan =

    32

Elapsed time is 222.366140 seconds.

chan =

    33

Elapsed time is 219.934413 seconds.

chan =

    34

Elapsed time is 222.690691 seconds.

chan =

    35

Elapsed time is 223.627979 seconds.

chan =

    36

Elapsed time is 223.716329 seconds.

chan =

    37

Elapsed time is 220.646876 seconds.

chan =

    38

Elapsed time is 221.805465 seconds.

chan =

    39

Elapsed time is 221.082517 seconds.

chan =

    40

Elapsed time is 223.099700 seconds.

chan =

    41

Elapsed time is 221.838821 seconds.

chan =

    42

Elapsed time is 222.124232 seconds.

chan =

    43

Elapsed time is 220.770613 seconds.

chan =

    44

Elapsed time is 222.191841 seconds.

chan =

    45

Elapsed time is 222.951027 seconds.

chan =

    46

Elapsed time is 224.291602 seconds.

chan =

    47

Elapsed time is 221.896324 seconds.

chan =

    48

Elapsed time is 221.423129 seconds.

chan =

    49

Elapsed time is 220.487309 seconds.

chan =

    50

Elapsed time is 222.655791 seconds.

chan =

    51

Elapsed time is 221.304095 seconds.

chan =

    52

Elapsed time is 221.466310 seconds.

chan =

    53

Elapsed time is 220.313927 seconds.

chan =

    54

Elapsed time is 221.481737 seconds.

chan =

    55

Elapsed time is 221.271027 seconds.

chan =

    56

Elapsed time is 220.916345 seconds.

chan =

    57

Elapsed time is 220.053377 seconds.

chan =

    58

Elapsed time is 219.360289 seconds.

chan =

    59

Elapsed time is 219.098530 seconds.

chan =

    60

Elapsed time is 218.222806 seconds.

chan =

    61

Elapsed time is 217.352099 seconds.

chan =

    62

Elapsed time is 213.841565 seconds.

chan =

    63

Elapsed time is 218.403413 seconds.

chan =

    64

Elapsed time is 218.077805 seconds.

chan =

    65

Elapsed time is 217.428027 seconds.

chan =

    66

Elapsed time is 216.623752 seconds.

chan =

    67

Elapsed time is 217.450989 seconds.

chan =

    68

Elapsed time is 218.998588 seconds.

chan =

    69

Elapsed time is 217.794856 seconds.

chan =

    70

Elapsed time is 217.464897 seconds.

chan =

    71

Elapsed time is 218.020341 seconds.

chan =

    72

Elapsed time is 217.038169 seconds.

chan =

    73

Elapsed time is 216.904169 seconds.

chan =

    74

Elapsed time is 217.015301 seconds.

chan =

    75

Elapsed time is 218.402957 seconds.

chan =

    76

Elapsed time is 215.903899 seconds.

chan =

    77

Elapsed time is 216.360980 seconds.

chan =

    78

Elapsed time is 217.329767 seconds.

chan =

    79

Elapsed time is 217.193712 seconds.

chan =

    80

Elapsed time is 217.772813 seconds.

chan =

    81

Elapsed time is 219.028509 seconds.

chan =

    82

Elapsed time is 217.439401 seconds.

chan =

    83

Elapsed time is 217.062830 seconds.

chan =

    84

Elapsed time is 217.813652 seconds.

chan =

    85

Elapsed time is 215.130600 seconds.

chan =

    86

Elapsed time is 216.222081 seconds.

chan =

    87

Elapsed time is 217.164702 seconds.

chan =

    88

Elapsed time is 217.627119 seconds.

chan =

    89

Elapsed time is 216.718529 seconds.

chan =

    90

Elapsed time is 218.204842 seconds.

chan =

    91

Elapsed time is 216.891878 seconds.

chan =

    92

Elapsed time is 218.111030 seconds.

chan =

    93

Elapsed time is 217.656565 seconds.

chan =

    94

Elapsed time is 217.408662 seconds.

chan =

    95

Elapsed time is 217.908233 seconds.

chan =

    96

Elapsed time is 217.925020 seconds.

chan =

    97

Elapsed time is 215.382490 seconds.

chan =

    98

Elapsed time is 217.768283 seconds.

chan =

    99

Elapsed time is 216.984789 seconds.

chan =

   100

Elapsed time is 217.179206 seconds.

chan =

   101

Elapsed time is 217.039939 seconds.

chan =

   102

Elapsed time is 216.652962 seconds.

chan =

   103

Elapsed time is 217.616604 seconds.

chan =

   104

Elapsed time is 216.689042 seconds.

chan =

   105

Elapsed time is 218.090679 seconds.

chan =

   106

Elapsed time is 216.555942 seconds.

chan =

   107

Elapsed time is 217.163534 seconds.

chan =

   108

Elapsed time is 215.515224 seconds.

chan =

   109

Elapsed time is 216.839649 seconds.

