getting started: 3265
attempting file: 3265
going for SD5 14
data loaded: SD5 14
HFB already done

chan =

     1

Elapsed time is 257.040831 seconds.

chan =

     2

Elapsed time is 255.655910 seconds.

chan =

     3

Elapsed time is 257.424463 seconds.

chan =

     4

Elapsed time is 257.517752 seconds.

chan =

     5

Elapsed time is 256.490708 seconds.

chan =

     6

Elapsed time is 257.290921 seconds.

chan =

     7

Elapsed time is 257.965289 seconds.

chan =

     8

Elapsed time is 256.076049 seconds.

chan =

     9

Elapsed time is 257.872170 seconds.

chan =

    10

Elapsed time is 256.825963 seconds.

chan =

    11

Elapsed time is 255.673791 seconds.

chan =

    12

Elapsed time is 254.906634 seconds.

chan =

    13

Elapsed time is 254.528022 seconds.

chan =

    14

Elapsed time is 255.480802 seconds.

chan =

    15

Elapsed time is 256.400980 seconds.

chan =

    16

Elapsed time is 254.009728 seconds.

chan =

    17

Elapsed time is 256.144868 seconds.

chan =

    18

Elapsed time is 254.241591 seconds.

chan =

    19

Elapsed time is 253.732883 seconds.

chan =

    20

Elapsed time is 251.956659 seconds.

chan =

    21

Elapsed time is 254.228063 seconds.

chan =

    22

Elapsed time is 254.698788 seconds.

chan =

    23

Elapsed time is 253.585277 seconds.

chan =

    24

Elapsed time is 253.470197 seconds.

chan =

    25

Elapsed time is 254.989923 seconds.

chan =

    26

Elapsed time is 254.500844 seconds.

chan =

    27

Elapsed time is 252.570046 seconds.

chan =

    28

Elapsed time is 252.284181 seconds.

chan =

    29

Elapsed time is 250.788326 seconds.

chan =

    30

Elapsed time is 252.258213 seconds.

chan =

    31

Elapsed time is 250.629225 seconds.

chan =

    32

Elapsed time is 250.120074 seconds.

chan =

    33

Elapsed time is 251.354114 seconds.

chan =

    34

Elapsed time is 251.495078 seconds.

chan =

    35

Elapsed time is 253.196177 seconds.

chan =

    36

Elapsed time is 253.701946 seconds.

chan =

    37

Elapsed time is 253.555122 seconds.

chan =

    38

Elapsed time is 252.268646 seconds.

chan =

    39

Elapsed time is 250.868409 seconds.

chan =

    40

Elapsed time is 251.091432 seconds.

chan =

    41

Elapsed time is 251.986545 seconds.

chan =

    42

Elapsed time is 252.877720 seconds.

chan =

    43

Elapsed time is 250.486583 seconds.

chan =

    44

Elapsed time is 249.269887 seconds.

chan =

    45

Elapsed time is 250.497897 seconds.

chan =

    46

Elapsed time is 251.055901 seconds.

chan =

    47

Elapsed time is 250.361318 seconds.

chan =

    48

Elapsed time is 249.327962 seconds.

chan =

    49

Elapsed time is 249.581742 seconds.

chan =

    50

Elapsed time is 249.526635 seconds.

chan =

    51

Elapsed time is 250.435867 seconds.

chan =

    52

Elapsed time is 250.256520 seconds.

chan =

    53

Elapsed time is 248.328639 seconds.

chan =

    54

Elapsed time is 249.418933 seconds.

chan =

    55

Elapsed time is 249.927619 seconds.

chan =

    56

Elapsed time is 249.488200 seconds.

chan =

    57

Elapsed time is 248.014032 seconds.

chan =

    58

Elapsed time is 248.602846 seconds.

chan =

    59

Elapsed time is 250.416895 seconds.

chan =

    60

Elapsed time is 251.009653 seconds.

chan =

    61

Elapsed time is 248.341192 seconds.

chan =

    62

Elapsed time is 248.747442 seconds.

chan =

    63

Elapsed time is 249.062217 seconds.

chan =

    64

Elapsed time is 249.945708 seconds.

chan =

    65

Elapsed time is 249.853111 seconds.

chan =

    66

Elapsed time is 248.602587 seconds.

chan =

    67

Elapsed time is 247.477467 seconds.

chan =

    68

Elapsed time is 249.379464 seconds.

chan =

    69

Elapsed time is 249.234511 seconds.

chan =

    70

Elapsed time is 249.961986 seconds.

chan =

    71

Elapsed time is 249.134511 seconds.

chan =

    72

Elapsed time is 249.840475 seconds.

chan =

    73

Elapsed time is 237.468402 seconds.

chan =

    74

Elapsed time is 267.334129 seconds.

chan =

    75

Elapsed time is 268.822543 seconds.

chan =

    76

Elapsed time is 266.711431 seconds.

chan =

    77

Elapsed time is 269.212726 seconds.

chan =

    78

Elapsed time is 261.628091 seconds.

chan =

    79

Elapsed time is 267.984974 seconds.

chan =

    80

Elapsed time is 267.824424 seconds.

chan =

    81

Elapsed time is 270.630416 seconds.

chan =

    82

Elapsed time is 270.184047 seconds.

chan =

    83

Elapsed time is 266.683139 seconds.

chan =

    84

Elapsed time is 253.091769 seconds.

chan =

    85

Elapsed time is 265.998887 seconds.

chan =

    86

Elapsed time is 268.704174 seconds.

chan =

    87

Elapsed time is 268.229648 seconds.

chan =

    88

Elapsed time is 269.298026 seconds.

chan =

    89

Elapsed time is 260.245054 seconds.

chan =

    90

Elapsed time is 269.489006 seconds.

chan =

    91

Elapsed time is 270.898848 seconds.

chan =

    92

Elapsed time is 269.642824 seconds.

chan =

    93

Elapsed time is 270.722019 seconds.

chan =

    94

Elapsed time is 254.981779 seconds.

chan =

    95

Elapsed time is 235.956926 seconds.

chan =

    96

Elapsed time is 234.512958 seconds.

chan =

    97

Elapsed time is 235.183507 seconds.

chan =

    98

Elapsed time is 236.278851 seconds.

chan =

    99

Elapsed time is 237.239659 seconds.

chan =

   100

Elapsed time is 236.098229 seconds.

chan =

   101

Elapsed time is 234.221463 seconds.

chan =

   102

Elapsed time is 235.575877 seconds.

chan =

   103

Elapsed time is 237.231921 seconds.

chan =

   104

Elapsed time is 236.387400 seconds.

chan =

   105

Elapsed time is 234.441898 seconds.

chan =

   106

Elapsed time is 231.516174 seconds.

chan =

   107

Elapsed time is 234.615997 seconds.

chan =

   108

Elapsed time is 234.063067 seconds.

chan =

   109

Elapsed time is 235.119841 seconds.

