getting started: 3614
attempting file: 3614
going for SLCH010 20
data loaded: SLCH010 20
HFB already done

chan =

     1

Elapsed time is 424.684293 seconds.

chan =

     2

Elapsed time is 427.184556 seconds.

chan =

     3

Elapsed time is 424.463376 seconds.

chan =

     4

Elapsed time is 429.205737 seconds.

chan =

     5

Elapsed time is 420.812385 seconds.

chan =

     6

Elapsed time is 425.210982 seconds.

chan =

     7

Elapsed time is 423.768512 seconds.

chan =

     8

Elapsed time is 427.521122 seconds.

chan =

     9

Elapsed time is 414.986571 seconds.

chan =

    10

Elapsed time is 420.298521 seconds.

chan =

    11

Elapsed time is 419.642224 seconds.

chan =

    12

Elapsed time is 423.916415 seconds.

chan =

    13

Elapsed time is 421.818903 seconds.

chan =

    14

Elapsed time is 426.334470 seconds.

chan =

    15

Elapsed time is 427.111753 seconds.

chan =

    16

Elapsed time is 426.493805 seconds.

chan =

    17

Elapsed time is 428.153774 seconds.

chan =

    18

Elapsed time is 431.022773 seconds.

chan =

    19

Elapsed time is 426.797522 seconds.

chan =

    20

Elapsed time is 427.484159 seconds.

chan =

    21

Elapsed time is 423.209120 seconds.

chan =

    22

Elapsed time is 425.519647 seconds.

chan =

    23

Elapsed time is 426.462539 seconds.

chan =

    24

Elapsed time is 419.851791 seconds.

chan =

    25

Elapsed time is 422.377754 seconds.

chan =

    26

Elapsed time is 418.646061 seconds.

chan =

    27

Elapsed time is 421.755682 seconds.

chan =

    28

Elapsed time is 417.267028 seconds.

chan =

    29

Elapsed time is 421.200213 seconds.

chan =

    30

Elapsed time is 420.700807 seconds.

chan =

    31

Elapsed time is 419.528245 seconds.

chan =

    32

Elapsed time is 419.661814 seconds.

chan =

    33

Elapsed time is 425.519537 seconds.

chan =

    34

Elapsed time is 423.554878 seconds.

chan =

    35

Elapsed time is 419.934678 seconds.

chan =

    36

Elapsed time is 425.665706 seconds.

chan =

    37

Elapsed time is 420.954170 seconds.

chan =

    38

Elapsed time is 421.365489 seconds.

chan =

    39

Elapsed time is 421.046438 seconds.

chan =

    40

Elapsed time is 423.195301 seconds.

chan =

    41

Elapsed time is 407.745885 seconds.

chan =

    42

Elapsed time is 374.178484 seconds.

chan =

    43

Elapsed time is 378.475070 seconds.

chan =

    44

Elapsed time is 381.090953 seconds.

chan =

    45

Elapsed time is 384.988731 seconds.

chan =

    46

Elapsed time is 384.723495 seconds.

chan =

    47

Elapsed time is 381.494131 seconds.

chan =

    48

Elapsed time is 381.340012 seconds.

chan =

    49

Elapsed time is 383.884710 seconds.

chan =

    50

Elapsed time is 379.798193 seconds.

chan =

    51

Elapsed time is 432.609432 seconds.

chan =

    52

Elapsed time is 466.905325 seconds.

chan =

    53

Elapsed time is 393.486444 seconds.

chan =

    54

Elapsed time is 429.721286 seconds.

chan =

    55

Elapsed time is 378.326732 seconds.

chan =

    56

Elapsed time is 474.573352 seconds.

chan =

    57

Elapsed time is 475.222218 seconds.

chan =

    58

Elapsed time is 448.525261 seconds.

chan =

    59

Elapsed time is 383.036766 seconds.

chan =

    60

Elapsed time is 406.757842 seconds.

chan =

    61

Elapsed time is 472.028059 seconds.

chan =

    62

Elapsed time is 470.989593 seconds.

chan =

    63

Elapsed time is 472.200318 seconds.

chan =

    64

Elapsed time is 475.343426 seconds.

chan =

    65

Elapsed time is 474.054082 seconds.

chan =

    66

Elapsed time is 408.010059 seconds.

chan =

    67

Elapsed time is 379.959609 seconds.

chan =

    68

Elapsed time is 457.661032 seconds.

chan =

    69

Elapsed time is 453.596969 seconds.

chan =

    70

Elapsed time is 452.240281 seconds.

chan =

    71

Elapsed time is 449.889731 seconds.

chan =

    72

Elapsed time is 452.128250 seconds.

chan =

    73

Elapsed time is 451.082271 seconds.

chan =

    74

Elapsed time is 450.227320 seconds.

chan =

    75

Elapsed time is 445.190628 seconds.

chan =

    76

Elapsed time is 452.426535 seconds.

chan =

    77

Elapsed time is 453.699050 seconds.

chan =

    78

Elapsed time is 455.100478 seconds.

chan =

    79

Elapsed time is 457.144753 seconds.

chan =

    80

Elapsed time is 457.075872 seconds.

chan =

    81

Elapsed time is 459.400672 seconds.

chan =

    82

Elapsed time is 457.407637 seconds.

chan =

    83

Elapsed time is 458.814336 seconds.

chan =

    84

Elapsed time is 458.741541 seconds.

chan =

    85

Elapsed time is 457.056825 seconds.

chan =

    86

Elapsed time is 456.630941 seconds.

chan =

    87

Elapsed time is 453.720431 seconds.

chan =

    88

Elapsed time is 453.252798 seconds.

chan =

    89

Elapsed time is 459.533308 seconds.

chan =

    90

Elapsed time is 453.408738 seconds.

chan =

    91

Elapsed time is 453.483335 seconds.

chan =

    92

Elapsed time is 453.141102 seconds.

chan =

    93

Elapsed time is 452.608161 seconds.

chan =

    94

Elapsed time is 455.883648 seconds.

chan =

    95

Elapsed time is 453.955654 seconds.

chan =

    96

Elapsed time is 449.126426 seconds.

chan =

    97

Elapsed time is 453.881576 seconds.

chan =

    98

Elapsed time is 440.088774 seconds.

chan =

    99

Elapsed time is 466.478460 seconds.

chan =

   100

Elapsed time is 398.723502 seconds.

chan =

   101

Elapsed time is 375.145525 seconds.

chan =

   102

Elapsed time is 376.270258 seconds.

chan =

   103

Elapsed time is 378.042211 seconds.

chan =

   104

Elapsed time is 371.492878 seconds.

chan =

   105

Elapsed time is 372.767765 seconds.

chan =

   106

Elapsed time is 377.959600 seconds.

chan =

   107

Elapsed time is 377.117172 seconds.

chan =

   108

Elapsed time is 372.676417 seconds.

chan =

   109

Elapsed time is 375.234371 seconds.

chan =

   110

Elapsed time is 370.545935 seconds.

chan =

   111

Elapsed time is 370.553412 seconds.

chan =

   112

Elapsed time is 372.968749 seconds.

chan =

   113

Elapsed time is 373.531834 seconds.

chan =

   114

Elapsed time is 382.709226 seconds.
attempting saving
save success: /projects/p31578/dtf8829/QuestConnect/CHANDAT/chanDat_SLCH010_020.mat
working on TF
