getting started: 3648
attempting file: 3648
going for SLCH010 54
data loaded: SLCH010 54
HFB already done

chan =

     1

Elapsed time is 619.648900 seconds.

chan =

     2

Elapsed time is 610.539647 seconds.

chan =

     3

Elapsed time is 610.557792 seconds.

chan =

     4

Elapsed time is 606.727796 seconds.

chan =

     5

Elapsed time is 599.139536 seconds.

chan =

     6

Elapsed time is 594.897898 seconds.

chan =

     7

Elapsed time is 598.998075 seconds.

chan =

     8

Elapsed time is 601.372796 seconds.

chan =

     9

Elapsed time is 596.731838 seconds.

chan =

    10

Elapsed time is 597.560504 seconds.

chan =

    11

Elapsed time is 594.917753 seconds.

chan =

    12

Elapsed time is 600.249075 seconds.

chan =

    13

Elapsed time is 597.963940 seconds.

chan =

    14

Elapsed time is 596.926783 seconds.

chan =

    15

Elapsed time is 604.138086 seconds.

chan =

    16

Elapsed time is 588.961331 seconds.

chan =

    17

Elapsed time is 602.955467 seconds.

chan =

    18

Elapsed time is 603.853302 seconds.

chan =

    19

Elapsed time is 584.522360 seconds.

chan =

    20

Elapsed time is 575.807544 seconds.

chan =

    21

Elapsed time is 575.536193 seconds.

chan =

    22

Elapsed time is 583.661582 seconds.

chan =

    23

Elapsed time is 573.122431 seconds.

chan =

    24

Elapsed time is 582.590590 seconds.

chan =

    25

Elapsed time is 573.878736 seconds.

chan =

    26

Elapsed time is 578.958737 seconds.

chan =

    27

Elapsed time is 577.247207 seconds.

chan =

    28

Elapsed time is 558.051888 seconds.

chan =

    29

Elapsed time is 582.933779 seconds.

chan =

    30

Elapsed time is 584.132287 seconds.

chan =

    31

Elapsed time is 568.576031 seconds.

chan =

    32

Elapsed time is 578.097531 seconds.

chan =

    33

Elapsed time is 580.798241 seconds.

chan =

    34

Elapsed time is 581.159323 seconds.

chan =

    35

Elapsed time is 577.155585 seconds.

chan =

    36

Elapsed time is 581.533683 seconds.

chan =

    37

Elapsed time is 577.471532 seconds.

chan =

    38

Elapsed time is 576.858919 seconds.

chan =

    39

Elapsed time is 576.093716 seconds.

chan =

    40

Elapsed time is 579.027160 seconds.

chan =

    41

Elapsed time is 578.073958 seconds.

chan =

    42

Elapsed time is 581.250620 seconds.

chan =

    43

Elapsed time is 583.713952 seconds.

chan =

    44

Elapsed time is 580.146908 seconds.

chan =

    45

Elapsed time is 573.750329 seconds.

chan =

    46

Elapsed time is 579.565082 seconds.

chan =

    47

Elapsed time is 572.957066 seconds.

chan =

    48

Elapsed time is 583.378808 seconds.

chan =

    49

Elapsed time is 584.577254 seconds.

chan =

    50

Elapsed time is 581.216205 seconds.

chan =

    51

Elapsed time is 575.653507 seconds.

chan =

    52

Elapsed time is 566.638512 seconds.

chan =

    53

Elapsed time is 570.225605 seconds.

chan =

    54

Elapsed time is 558.793672 seconds.

chan =

    55

Elapsed time is 566.929189 seconds.

chan =

    56

Elapsed time is 569.066563 seconds.

chan =

    57

Elapsed time is 568.400652 seconds.

chan =

    58

Elapsed time is 570.116238 seconds.

chan =

    59

Elapsed time is 563.986648 seconds.

chan =

    60

Elapsed time is 572.772649 seconds.

chan =

    61

Elapsed time is 575.952395 seconds.

chan =

    62

Elapsed time is 570.519351 seconds.

chan =

    63

Elapsed time is 572.056897 seconds.

chan =

    64

Elapsed time is 570.137843 seconds.

chan =

    65

Elapsed time is 563.628796 seconds.

chan =

    66

Elapsed time is 557.453885 seconds.

chan =

    67

Elapsed time is 569.401329 seconds.

chan =

    68

Elapsed time is 562.569967 seconds.

chan =

    69

Elapsed time is 555.956225 seconds.

chan =

    70

Elapsed time is 550.916780 seconds.

chan =

    71

Elapsed time is 548.031794 seconds.

chan =

    72

Elapsed time is 553.878557 seconds.

chan =

    73

Elapsed time is 551.674920 seconds.

chan =

    74

Elapsed time is 552.970961 seconds.

chan =

    75

Elapsed time is 549.642800 seconds.

chan =

    76

Elapsed time is 543.069656 seconds.

chan =

    77

Elapsed time is 547.378258 seconds.

chan =

    78

Elapsed time is 543.388915 seconds.

chan =

    79

Elapsed time is 547.178360 seconds.

chan =

    80

Elapsed time is 541.107892 seconds.

chan =

    81

Elapsed time is 553.203725 seconds.

chan =

    82

Elapsed time is 550.761934 seconds.

chan =

    83

Elapsed time is 545.450050 seconds.

chan =

    84

Elapsed time is 537.407146 seconds.

chan =

    85

Elapsed time is 503.611622 seconds.

chan =

    86

Elapsed time is 484.809404 seconds.

chan =

    87

Elapsed time is 482.418595 seconds.

chan =

    88

Elapsed time is 484.054646 seconds.

chan =

    89

Elapsed time is 483.674122 seconds.

chan =

    90

Elapsed time is 485.785643 seconds.

chan =

    91

Elapsed time is 483.811878 seconds.

chan =

    92

Elapsed time is 484.628751 seconds.

chan =

    93

Elapsed time is 483.623865 seconds.

chan =

    94

Elapsed time is 485.330601 seconds.

chan =

    95

Elapsed time is 485.476378 seconds.

chan =

    96

Elapsed time is 488.949866 seconds.

chan =

    97

Elapsed time is 488.922808 seconds.

chan =

    98

Elapsed time is 491.368557 seconds.

chan =

    99

Elapsed time is 490.600184 seconds.

chan =

   100

Elapsed time is 491.315728 seconds.

chan =

   101

Elapsed time is 493.736867 seconds.

chan =

   102

Elapsed time is 492.045933 seconds.

chan =

   103

Elapsed time is 488.604582 seconds.

chan =

   104

Elapsed time is 488.044350 seconds.

chan =

   105

Elapsed time is 487.692376 seconds.

chan =

   106

Elapsed time is 489.449403 seconds.

chan =

   107

Elapsed time is 489.277413 seconds.

chan =

   108

Elapsed time is 487.857267 seconds.

chan =

   109

Elapsed time is 490.542832 seconds.

chan =

   110

Elapsed time is 488.365817 seconds.

chan =

   111

Elapsed time is 488.659394 seconds.

chan =

   112

Elapsed time is 489.335432 seconds.

chan =

   113

Elapsed time is 489.567321 seconds.

chan =

   114

Elapsed time is 459.384962 seconds.
attempting saving
save success: /projects/p31578/dtf8829/QuestConnect/CHANDAT/chanDat_SLCH010_054.mat
working on TF
encoding done
encoding RT done
