getting started: 3270
attempting file: 3270
going for SD5 19
data loaded: SD5 19
HFB already done

chan =

     1

Elapsed time is 304.622925 seconds.

chan =

     2

Elapsed time is 303.443625 seconds.

chan =

     3

Elapsed time is 309.634174 seconds.

chan =

     4

Elapsed time is 317.713506 seconds.

chan =

     5

Elapsed time is 320.016587 seconds.

chan =

     6

Elapsed time is 310.424567 seconds.

chan =

     7

Elapsed time is 310.656094 seconds.

chan =

     8

Elapsed time is 309.928865 seconds.

chan =

     9

Elapsed time is 312.028851 seconds.

chan =

    10

Elapsed time is 310.376498 seconds.

chan =

    11

Elapsed time is 313.072101 seconds.

chan =

    12

Elapsed time is 312.129471 seconds.

chan =

    13

Elapsed time is 311.903892 seconds.

chan =

    14

Elapsed time is 308.700628 seconds.

chan =

    15

Elapsed time is 310.155004 seconds.

chan =

    16

Elapsed time is 313.203166 seconds.

chan =

    17

Elapsed time is 311.515829 seconds.

chan =

    18

Elapsed time is 312.058470 seconds.

chan =

    19

Elapsed time is 313.621207 seconds.

chan =

    20

Elapsed time is 312.256212 seconds.

chan =

    21

Elapsed time is 310.555546 seconds.

chan =

    22

Elapsed time is 304.204149 seconds.

chan =

    23

Elapsed time is 299.606469 seconds.

chan =

    24

Elapsed time is 300.076958 seconds.

chan =

    25

Elapsed time is 301.447101 seconds.

chan =

    26

Elapsed time is 300.271816 seconds.

chan =

    27

Elapsed time is 301.029729 seconds.

chan =

    28

Elapsed time is 299.500692 seconds.

chan =

    29

Elapsed time is 302.945865 seconds.

chan =

    30

Elapsed time is 300.313554 seconds.

chan =

    31

Elapsed time is 304.020183 seconds.

chan =

    32

Elapsed time is 300.827407 seconds.

chan =

    33

Elapsed time is 302.616538 seconds.

chan =

    34

Elapsed time is 303.840711 seconds.

chan =

    35

Elapsed time is 301.737634 seconds.

chan =

    36

Elapsed time is 301.864102 seconds.

chan =

    37

Elapsed time is 303.910228 seconds.

chan =

    38

Elapsed time is 301.711472 seconds.

chan =

    39

Elapsed time is 303.248023 seconds.

chan =

    40

Elapsed time is 300.853774 seconds.

chan =

    41

Elapsed time is 302.298830 seconds.

chan =

    42

Elapsed time is 303.573841 seconds.

chan =

    43

Elapsed time is 302.228101 seconds.

chan =

    44

Elapsed time is 303.020868 seconds.

chan =

    45

Elapsed time is 302.822440 seconds.

chan =

    46

Elapsed time is 305.498330 seconds.

chan =

    47

Elapsed time is 304.842005 seconds.

chan =

    48

Elapsed time is 302.439574 seconds.

chan =

    49

Elapsed time is 303.013276 seconds.

chan =

    50

Elapsed time is 302.569033 seconds.

chan =

    51

Elapsed time is 303.353163 seconds.

chan =

    52

Elapsed time is 300.691191 seconds.

chan =

    53

Elapsed time is 302.309755 seconds.

chan =

    54

Elapsed time is 300.540847 seconds.

chan =

    55

Elapsed time is 302.846923 seconds.

chan =

    56

Elapsed time is 299.975510 seconds.

chan =

    57

Elapsed time is 303.162415 seconds.

chan =

    58

Elapsed time is 300.531868 seconds.

chan =

    59

Elapsed time is 303.467494 seconds.

chan =

    60

Elapsed time is 301.844641 seconds.

chan =

    61

Elapsed time is 302.837809 seconds.

chan =

    62

Elapsed time is 300.559164 seconds.

chan =

    63

Elapsed time is 303.054967 seconds.

chan =

    64

Elapsed time is 302.536177 seconds.

chan =

    65

Elapsed time is 302.407105 seconds.

chan =

    66

Elapsed time is 301.278460 seconds.

chan =

    67

Elapsed time is 300.856905 seconds.

chan =

    68

Elapsed time is 302.880498 seconds.

chan =

    69

Elapsed time is 303.522990 seconds.

chan =

    70

Elapsed time is 302.436035 seconds.

chan =

    71

Elapsed time is 301.965360 seconds.

chan =

    72

Elapsed time is 300.399885 seconds.

chan =

    73

Elapsed time is 303.433414 seconds.

chan =

    74

Elapsed time is 302.444631 seconds.

chan =

    75

Elapsed time is 304.026566 seconds.

chan =

    76

Elapsed time is 301.647235 seconds.

chan =

    77

Elapsed time is 303.803564 seconds.

chan =

    78

Elapsed time is 301.300857 seconds.

chan =

    79

Elapsed time is 302.589295 seconds.

chan =

    80

Elapsed time is 302.374921 seconds.

chan =

    81

Elapsed time is 303.945350 seconds.

chan =

    82

Elapsed time is 303.768207 seconds.

chan =

    83

Elapsed time is 307.912775 seconds.

chan =

    84

Elapsed time is 305.880808 seconds.

chan =

    85

Elapsed time is 306.404171 seconds.

chan =

    86

Elapsed time is 303.117385 seconds.

chan =

    87

Elapsed time is 306.624216 seconds.

chan =

    88

Elapsed time is 306.250604 seconds.

chan =

    89

Elapsed time is 306.484957 seconds.

chan =

    90

Elapsed time is 304.505072 seconds.

chan =

    91

Elapsed time is 306.043622 seconds.

chan =

    92

Elapsed time is 305.159253 seconds.

chan =

    93

Elapsed time is 305.115652 seconds.

chan =

    94

Elapsed time is 304.583488 seconds.

chan =

    95

Elapsed time is 303.966574 seconds.

chan =

    96

Elapsed time is 304.324209 seconds.

chan =

    97

Elapsed time is 304.571933 seconds.

chan =

    98

Elapsed time is 305.221505 seconds.

chan =

    99

Elapsed time is 304.207850 seconds.

chan =

   100

Elapsed time is 304.433601 seconds.

chan =

   101

Elapsed time is 304.049566 seconds.

chan =

   102

Elapsed time is 304.245707 seconds.

chan =

   103

Elapsed time is 304.761340 seconds.

chan =

   104

Elapsed time is 305.934331 seconds.

chan =

   105

Elapsed time is 304.138520 seconds.

chan =

   106

Elapsed time is 302.664077 seconds.

chan =

   107

Elapsed time is 306.692407 seconds.

chan =

   108

Elapsed time is 303.595633 seconds.

chan =

   109

Elapsed time is 303.916141 seconds.

