getting started: 3278
attempting file: 3278
going for SD5 27
data loaded: SD5 27
HFB already done

chan =

     1

Elapsed time is 285.196876 seconds.

chan =

     2

Elapsed time is 293.954075 seconds.

chan =

     3

Elapsed time is 300.280315 seconds.

chan =

     4

Elapsed time is 294.133610 seconds.

chan =

     5

Elapsed time is 287.736477 seconds.

chan =

     6

Elapsed time is 288.217133 seconds.

chan =

     7

Elapsed time is 285.995133 seconds.

chan =

     8

Elapsed time is 267.461568 seconds.

chan =

     9

Elapsed time is 255.163952 seconds.

chan =

    10

Elapsed time is 258.738150 seconds.

chan =

    11

Elapsed time is 293.887392 seconds.

chan =

    12

Elapsed time is 292.783387 seconds.

chan =

    13

Elapsed time is 294.498836 seconds.

chan =

    14

Elapsed time is 294.858822 seconds.

chan =

    15

Elapsed time is 295.201124 seconds.

chan =

    16

Elapsed time is 296.186139 seconds.

chan =

    17

Elapsed time is 295.726822 seconds.

chan =

    18

Elapsed time is 292.198176 seconds.

chan =

    19

Elapsed time is 293.074132 seconds.

chan =

    20

Elapsed time is 292.559765 seconds.

chan =

    21

Elapsed time is 294.315538 seconds.

chan =

    22

Elapsed time is 295.814716 seconds.

chan =

    23

Elapsed time is 297.085500 seconds.

chan =

    24

Elapsed time is 297.620068 seconds.

chan =

    25

Elapsed time is 297.185310 seconds.

chan =

    26

Elapsed time is 295.405313 seconds.

chan =

    27

Elapsed time is 290.704399 seconds.

chan =

    28

Elapsed time is 288.786432 seconds.

chan =

    29

Elapsed time is 284.171122 seconds.

chan =

    30

Elapsed time is 289.777705 seconds.

chan =

    31

Elapsed time is 286.450970 seconds.

chan =

    32

Elapsed time is 286.556245 seconds.

chan =

    33

Elapsed time is 288.599194 seconds.

chan =

    34

Elapsed time is 289.788738 seconds.

chan =

    35

Elapsed time is 291.639974 seconds.

chan =

    36

Elapsed time is 291.730343 seconds.

chan =

    37

Elapsed time is 289.611643 seconds.

chan =

    38

Elapsed time is 290.479610 seconds.

chan =

    39

Elapsed time is 290.920408 seconds.

chan =

    40

Elapsed time is 289.813394 seconds.

chan =

    41

Elapsed time is 290.210236 seconds.

chan =

    42

Elapsed time is 290.008505 seconds.

chan =

    43

Elapsed time is 288.716843 seconds.

chan =

    44

Elapsed time is 289.835463 seconds.

chan =

    45

Elapsed time is 289.933880 seconds.

chan =

    46

Elapsed time is 292.524470 seconds.

chan =

    47

Elapsed time is 290.125913 seconds.

chan =

    48

Elapsed time is 289.708016 seconds.

chan =

    49

Elapsed time is 288.451753 seconds.

chan =

    50

Elapsed time is 287.560973 seconds.

chan =

    51

Elapsed time is 288.129259 seconds.

chan =

    52

Elapsed time is 288.212315 seconds.

chan =

    53

Elapsed time is 288.111944 seconds.

chan =

    54

Elapsed time is 288.039125 seconds.

chan =

    55

Elapsed time is 286.316936 seconds.

chan =

    56

Elapsed time is 287.968137 seconds.

chan =

    57

Elapsed time is 287.377631 seconds.

chan =

    58

Elapsed time is 287.516582 seconds.

chan =

    59

Elapsed time is 288.671264 seconds.

chan =

    60

Elapsed time is 289.764287 seconds.

chan =

    61

Elapsed time is 288.081838 seconds.

chan =

    62

Elapsed time is 288.149889 seconds.

chan =

    63

Elapsed time is 288.770169 seconds.

chan =

    64

Elapsed time is 288.372940 seconds.

chan =

    65

Elapsed time is 286.053185 seconds.

chan =

    66

Elapsed time is 288.306670 seconds.

chan =

    67

Elapsed time is 285.817075 seconds.

chan =

    68

Elapsed time is 287.615323 seconds.

chan =

    69

Elapsed time is 286.437407 seconds.

chan =

    70

Elapsed time is 285.625623 seconds.

chan =

    71

Elapsed time is 284.911072 seconds.

chan =

    72

Elapsed time is 285.018582 seconds.

chan =

    73

Elapsed time is 285.838084 seconds.

chan =

    74

Elapsed time is 285.981822 seconds.

chan =

    75

Elapsed time is 286.569560 seconds.

chan =

    76

Elapsed time is 287.793852 seconds.

chan =

    77

Elapsed time is 289.747026 seconds.

chan =

    78

Elapsed time is 289.439056 seconds.

chan =

    79

Elapsed time is 288.583247 seconds.

chan =

    80

Elapsed time is 288.918947 seconds.

chan =

    81

Elapsed time is 289.503146 seconds.

chan =

    82

Elapsed time is 288.232107 seconds.

chan =

    83

Elapsed time is 289.940044 seconds.

chan =

    84

Elapsed time is 290.040295 seconds.

chan =

    85

Elapsed time is 289.430321 seconds.

chan =

    86

Elapsed time is 287.763736 seconds.

chan =

    87

Elapsed time is 288.232285 seconds.

chan =

    88

Elapsed time is 288.656967 seconds.

chan =

    89

Elapsed time is 287.846866 seconds.

chan =

    90

Elapsed time is 289.526799 seconds.

chan =

    91

Elapsed time is 288.619398 seconds.

chan =

    92

Elapsed time is 289.601307 seconds.

chan =

    93

Elapsed time is 289.113587 seconds.

chan =

    94

Elapsed time is 288.572401 seconds.

chan =

    95

Elapsed time is 288.856575 seconds.

chan =

    96

Elapsed time is 288.431491 seconds.

chan =

    97

Elapsed time is 289.052967 seconds.

chan =

    98

Elapsed time is 289.260705 seconds.

chan =

    99

Elapsed time is 287.503751 seconds.

chan =

   100

Elapsed time is 287.039181 seconds.

chan =

   101

Elapsed time is 287.489014 seconds.

chan =

   102

Elapsed time is 288.733505 seconds.

chan =

   103

Elapsed time is 287.571718 seconds.

chan =

   104

Elapsed time is 287.129678 seconds.

chan =

   105

Elapsed time is 287.062485 seconds.

chan =

   106

Elapsed time is 284.456505 seconds.

chan =

   107

Elapsed time is 286.613765 seconds.

chan =

   108

Elapsed time is 285.887529 seconds.

chan =

   109

Elapsed time is 284.333640 seconds.

