getting started: 3644
attempting file: 3644
going for SLCH010 50
data loaded: SLCH010 50
HFB already done

chan =

     1

Elapsed time is 596.282736 seconds.

chan =

     2

Elapsed time is 578.841444 seconds.

chan =

     3

Elapsed time is 590.065603 seconds.

chan =

     4

Elapsed time is 597.657401 seconds.

chan =

     5

Elapsed time is 579.923397 seconds.

chan =

     6

Elapsed time is 586.571055 seconds.

chan =

     7

Elapsed time is 574.769468 seconds.

chan =

     8

Elapsed time is 589.352912 seconds.

chan =

     9

Elapsed time is 590.641630 seconds.

chan =

    10

Elapsed time is 555.801362 seconds.

chan =

    11

Elapsed time is 552.327483 seconds.

chan =

    12

Elapsed time is 562.377351 seconds.

chan =

    13

Elapsed time is 540.289786 seconds.

chan =

    14

Elapsed time is 546.118255 seconds.

chan =

    15

Elapsed time is 552.561038 seconds.

chan =

    16

Elapsed time is 527.121236 seconds.

chan =

    17

Elapsed time is 547.396245 seconds.

chan =

    18

Elapsed time is 548.981905 seconds.

chan =

    19

Elapsed time is 546.015231 seconds.

chan =

    20

Elapsed time is 555.694384 seconds.

chan =

    21

Elapsed time is 545.310524 seconds.

chan =

    22

Elapsed time is 551.574285 seconds.

chan =

    23

Elapsed time is 551.105447 seconds.

chan =

    24

Elapsed time is 531.114257 seconds.

chan =

    25

Elapsed time is 545.027556 seconds.

chan =

    26

Elapsed time is 531.749978 seconds.

chan =

    27

Elapsed time is 527.605624 seconds.

chan =

    28

Elapsed time is 539.556686 seconds.

chan =

    29

Elapsed time is 498.844056 seconds.

chan =

    30

Elapsed time is 534.205841 seconds.

chan =

    31

Elapsed time is 528.075217 seconds.

chan =

    32

Elapsed time is 523.182914 seconds.

chan =

    33

Elapsed time is 539.076008 seconds.

chan =

    34

Elapsed time is 520.813863 seconds.

chan =

    35

Elapsed time is 528.677589 seconds.

chan =

    36

Elapsed time is 542.650428 seconds.

chan =

    37

Elapsed time is 514.057430 seconds.

chan =

    38

Elapsed time is 538.496070 seconds.

chan =

    39

Elapsed time is 534.961793 seconds.

chan =

    40

Elapsed time is 532.716485 seconds.

chan =

    41

Elapsed time is 539.680632 seconds.

chan =

    42

Elapsed time is 528.215334 seconds.

chan =

    43

Elapsed time is 534.031083 seconds.

chan =

    44

Elapsed time is 527.870159 seconds.

chan =

    45

Elapsed time is 526.852911 seconds.

chan =

    46

Elapsed time is 540.523892 seconds.

chan =

    47

Elapsed time is 516.581721 seconds.

chan =

    48

Elapsed time is 529.206524 seconds.

chan =

    49

Elapsed time is 537.590637 seconds.

chan =

    50

Elapsed time is 529.125260 seconds.

chan =

    51

Elapsed time is 537.226921 seconds.

chan =

    52

Elapsed time is 529.817880 seconds.

chan =

    53

Elapsed time is 520.665241 seconds.

chan =

    54

Elapsed time is 533.176343 seconds.

chan =

    55

Elapsed time is 500.144239 seconds.

chan =

    56

Elapsed time is 533.034907 seconds.

chan =

    57

Elapsed time is 521.127332 seconds.

chan =

    58

Elapsed time is 500.960655 seconds.

chan =

    59

Elapsed time is 539.657062 seconds.

chan =

    60

Elapsed time is 528.879135 seconds.

chan =

    61

Elapsed time is 529.865607 seconds.

chan =

    62

Elapsed time is 536.852899 seconds.

chan =

    63

Elapsed time is 522.527372 seconds.

chan =

    64

Elapsed time is 536.010633 seconds.

chan =

    65

Elapsed time is 535.301150 seconds.

chan =

    66

Elapsed time is 521.371350 seconds.

chan =

    67

Elapsed time is 533.536500 seconds.

chan =

    68

Elapsed time is 536.871547 seconds.

chan =

    69

Elapsed time is 524.109983 seconds.

chan =

    70

Elapsed time is 536.415976 seconds.

chan =

    71

Elapsed time is 529.982706 seconds.

chan =

    72

Elapsed time is 537.947725 seconds.

chan =

    73

Elapsed time is 541.208072 seconds.

chan =

    74

Elapsed time is 534.615116 seconds.

chan =

    75

Elapsed time is 531.227082 seconds.

chan =

    76

Elapsed time is 527.715275 seconds.

chan =

    77

Elapsed time is 536.133995 seconds.

chan =

    78

Elapsed time is 537.405905 seconds.

chan =

    79

Elapsed time is 531.605089 seconds.

chan =

    80

Elapsed time is 538.792499 seconds.

chan =

    81

Elapsed time is 535.748053 seconds.

chan =

    82

Elapsed time is 537.381939 seconds.

chan =

    83

Elapsed time is 529.842960 seconds.

chan =

    84

Elapsed time is 530.653614 seconds.

chan =

    85

Elapsed time is 532.902897 seconds.

chan =

    86

Elapsed time is 533.320564 seconds.

chan =

    87

Elapsed time is 531.171746 seconds.

chan =

    88

Elapsed time is 535.553071 seconds.

chan =

    89

Elapsed time is 540.783983 seconds.

chan =

    90

Elapsed time is 542.110971 seconds.

chan =

    91

Elapsed time is 535.382517 seconds.

chan =

    92

Elapsed time is 564.476409 seconds.

chan =

    93

Elapsed time is 563.881582 seconds.

chan =

    94

Elapsed time is 564.723041 seconds.

chan =

    95

Elapsed time is 563.037408 seconds.

chan =

    96

Elapsed time is 562.169587 seconds.

chan =

    97

Elapsed time is 563.188981 seconds.

chan =

    98

Elapsed time is 566.972785 seconds.

chan =

    99

Elapsed time is 566.082403 seconds.

chan =

   100

Elapsed time is 566.106917 seconds.

chan =

   101

Elapsed time is 564.110236 seconds.

chan =

   102

Elapsed time is 567.426763 seconds.

chan =

   103

Elapsed time is 565.324034 seconds.

chan =

   104

Elapsed time is 566.612689 seconds.

chan =

   105

Elapsed time is 564.242905 seconds.

chan =

   106

Elapsed time is 566.197352 seconds.

chan =

   107

Elapsed time is 562.812991 seconds.

chan =

   108

Elapsed time is 564.162314 seconds.

chan =

   109

Elapsed time is 563.499861 seconds.

chan =

   110

Elapsed time is 565.546527 seconds.

chan =

   111

Elapsed time is 563.872395 seconds.

chan =

   112

Elapsed time is 565.446814 seconds.

chan =

   113

Elapsed time is 563.878064 seconds.

chan =

   114

Elapsed time is 565.990440 seconds.
attempting saving
save success: /projects/p31578/dtf8829/QuestConnect/CHANDAT/chanDat_SLCH010_050.mat
working on TF
