getting started: 3009
attempting file: 3009
going for OH30 108
data loaded: OH30 108
HFB already done

chan =

     1

Elapsed time is 547.193574 seconds.

chan =

     2

Elapsed time is 545.686502 seconds.

chan =

     3

Elapsed time is 534.984377 seconds.

chan =

     4

Elapsed time is 582.230101 seconds.

chan =

     5

Elapsed time is 580.004299 seconds.

chan =

     6

Elapsed time is 580.613712 seconds.

chan =

     7

Elapsed time is 576.881958 seconds.

chan =

     8

Elapsed time is 570.263551 seconds.

chan =

     9

Elapsed time is 564.127788 seconds.

chan =

    10

Elapsed time is 563.727551 seconds.

chan =

    11

Elapsed time is 567.325557 seconds.

chan =

    12

Elapsed time is 566.069478 seconds.

chan =

    13

Elapsed time is 561.041495 seconds.

chan =

    14

Elapsed time is 565.915053 seconds.

chan =

    15

Elapsed time is 564.848367 seconds.

chan =

    16

Elapsed time is 567.701536 seconds.

chan =

    17

Elapsed time is 565.388417 seconds.

chan =

    18

Elapsed time is 567.273033 seconds.

chan =

    19

Elapsed time is 572.623158 seconds.

chan =

    20

Elapsed time is 558.014452 seconds.

chan =

    21

Elapsed time is 576.673828 seconds.

chan =

    22

Elapsed time is 565.762766 seconds.

chan =

    23

Elapsed time is 553.112683 seconds.

chan =

    24

Elapsed time is 543.603196 seconds.

chan =

    25

Elapsed time is 541.855495 seconds.

chan =

    26

Elapsed time is 552.431666 seconds.

chan =

    27

Elapsed time is 541.871010 seconds.

chan =

    28

Elapsed time is 548.637651 seconds.

chan =

    29

Elapsed time is 545.544408 seconds.

chan =

    30

Elapsed time is 542.437981 seconds.

chan =

    31

Elapsed time is 544.894886 seconds.

chan =

    32

Elapsed time is 529.085242 seconds.

chan =

    33

Elapsed time is 533.059476 seconds.

chan =

    34

Elapsed time is 542.165878 seconds.

chan =

    35

Elapsed time is 529.949014 seconds.

chan =

    36

Elapsed time is 543.252854 seconds.

chan =

    37

Elapsed time is 540.196087 seconds.

chan =

    38

Elapsed time is 538.307202 seconds.

chan =

    39

Elapsed time is 539.630923 seconds.

chan =

    40

Elapsed time is 539.783488 seconds.

chan =

    41

Elapsed time is 544.286878 seconds.

chan =

    42

Elapsed time is 541.936398 seconds.

chan =

    43

Elapsed time is 536.108380 seconds.

chan =

    44

Elapsed time is 536.036332 seconds.

chan =

    45

Elapsed time is 536.419147 seconds.

chan =

    46

Elapsed time is 540.298046 seconds.

chan =

    47

Elapsed time is 543.413142 seconds.

chan =

    48

Elapsed time is 539.196771 seconds.

chan =

    49

Elapsed time is 546.856068 seconds.

chan =

    50

Elapsed time is 541.581701 seconds.

chan =

    51

Elapsed time is 546.284796 seconds.

chan =

    52

Elapsed time is 545.195071 seconds.

chan =

    53

Elapsed time is 536.835433 seconds.

chan =

    54

Elapsed time is 545.708387 seconds.

chan =

    55

Elapsed time is 545.924921 seconds.

chan =

    56

Elapsed time is 549.665749 seconds.

chan =

    57

Elapsed time is 540.894551 seconds.

chan =

    58

Elapsed time is 532.878262 seconds.

chan =

    59

Elapsed time is 540.732209 seconds.

chan =

    60

Elapsed time is 529.831330 seconds.

chan =

    61

Elapsed time is 526.546456 seconds.

chan =

    62

Elapsed time is 537.142173 seconds.

chan =

    63

Elapsed time is 528.375036 seconds.

chan =

    64

Elapsed time is 540.412603 seconds.

chan =

    65

Elapsed time is 531.602013 seconds.

chan =

    66

Elapsed time is 530.160560 seconds.

chan =

    67

Elapsed time is 537.213303 seconds.

chan =

    68

Elapsed time is 534.439454 seconds.

chan =

    69

Elapsed time is 539.765653 seconds.

chan =

    70

Elapsed time is 534.090976 seconds.

chan =

    71

Elapsed time is 532.714739 seconds.

chan =

    72

Elapsed time is 527.542966 seconds.

chan =

    73

Elapsed time is 521.376844 seconds.

chan =

    74

Elapsed time is 532.832198 seconds.

chan =

    75

Elapsed time is 525.302858 seconds.

chan =

    76

Elapsed time is 521.903648 seconds.

chan =

    77

Elapsed time is 513.939998 seconds.

chan =

    78

Elapsed time is 511.035240 seconds.

chan =

    79

Elapsed time is 514.688741 seconds.

chan =

    80

Elapsed time is 515.100322 seconds.

chan =

    81

Elapsed time is 514.106795 seconds.

chan =

    82

Elapsed time is 514.292732 seconds.

chan =

    83

Elapsed time is 510.354837 seconds.

chan =

    84

Elapsed time is 518.116998 seconds.

chan =

    85

Elapsed time is 516.006437 seconds.

chan =

    86

Elapsed time is 510.767192 seconds.

chan =

    87

Elapsed time is 513.826032 seconds.

chan =

    88

Elapsed time is 509.175070 seconds.

chan =

    89

Elapsed time is 522.686632 seconds.

chan =

    90

Elapsed time is 519.622016 seconds.

chan =

    91

Elapsed time is 515.334772 seconds.

chan =

    92

Elapsed time is 505.902740 seconds.

chan =

    93

Elapsed time is 485.784836 seconds.

chan =

    94

Elapsed time is 457.541104 seconds.

chan =

    95

Elapsed time is 457.296357 seconds.

chan =

    96

Elapsed time is 457.187026 seconds.

chan =

    97

Elapsed time is 455.387483 seconds.

chan =

    98

Elapsed time is 458.706232 seconds.

chan =

    99

Elapsed time is 457.783295 seconds.

chan =

   100

Elapsed time is 457.264094 seconds.

chan =

   101

Elapsed time is 454.582841 seconds.

chan =

   102

Elapsed time is 456.722284 seconds.

chan =

   103

Elapsed time is 459.492885 seconds.

chan =

   104

Elapsed time is 460.939119 seconds.

chan =

   105

Elapsed time is 466.738599 seconds.

chan =

   106

Elapsed time is 465.119380 seconds.

chan =

   107

Elapsed time is 465.179304 seconds.

chan =

   108

Elapsed time is 464.173070 seconds.

chan =

   109

Elapsed time is 462.385807 seconds.

chan =

   110

Elapsed time is 464.439954 seconds.

chan =

   111

Elapsed time is 465.060779 seconds.

chan =

   112

Elapsed time is 463.063933 seconds.

chan =

   113

Elapsed time is 463.837655 seconds.

chan =

   114

Elapsed time is 462.817822 seconds.

chan =

   115

Elapsed time is 463.086424 seconds.

chan =

   116

Elapsed time is 461.495910 seconds.

chan =

   117

Elapsed time is 463.147093 seconds.

chan =

   118

Elapsed time is 458.776428 seconds.

chan =

   119

Elapsed time is 464.736807 seconds.

chan =

   120

Elapsed time is 464.711133 seconds.

chan =

   121

Elapsed time is 462.440070 seconds.

chan =

   122

Elapsed time is 464.689434 seconds.

chan =

   123

Elapsed time is 463.614470 seconds.

chan =

   124

Elapsed time is 434.391049 seconds.

chan =

   125

Elapsed time is 405.317654 seconds.

chan =

   126

Elapsed time is 407.866154 seconds.

chan =

   127

Elapsed time is 404.612571 seconds.

chan =

   128

Elapsed time is 409.015579 seconds.

chan =

   129

Elapsed time is 405.565334 seconds.

chan =

   130

Elapsed time is 408.299727 seconds.

chan =

   131

Elapsed time is 405.646920 seconds.

chan =

   132

