getting started: 3254
attempting file: 3254
going for SD5 3
data loaded: SD5 3
HFB already done

chan =

     1

Elapsed time is 278.563914 seconds.

chan =

     2

Elapsed time is 266.343583 seconds.

chan =

     3

Elapsed time is 271.559180 seconds.

chan =

     4

Elapsed time is 282.671922 seconds.

chan =

     5

Elapsed time is 274.564685 seconds.

chan =

     6

Elapsed time is 279.864889 seconds.

chan =

     7

Elapsed time is 279.643654 seconds.

chan =

     8

Elapsed time is 275.197833 seconds.

chan =

     9

Elapsed time is 283.146239 seconds.

chan =

    10

Elapsed time is 275.729230 seconds.

chan =

    11

Elapsed time is 274.682902 seconds.

chan =

    12

Elapsed time is 281.276335 seconds.

chan =

    13

Elapsed time is 275.100660 seconds.

chan =

    14

Elapsed time is 280.884201 seconds.

chan =

    15

Elapsed time is 274.443198 seconds.

chan =

    16

Elapsed time is 279.995556 seconds.

chan =

    17

Elapsed time is 278.275961 seconds.

chan =

    18

Elapsed time is 280.562961 seconds.

chan =

    19

Elapsed time is 279.542983 seconds.

chan =

    20

Elapsed time is 279.311923 seconds.

chan =

    21

Elapsed time is 274.156157 seconds.

chan =

    22

Elapsed time is 282.090470 seconds.

chan =

    23

Elapsed time is 274.596286 seconds.

chan =

    24

Elapsed time is 282.886486 seconds.

chan =

    25

Elapsed time is 274.698031 seconds.

chan =

    26

Elapsed time is 284.830717 seconds.

chan =

    27

Elapsed time is 273.069561 seconds.

chan =

    28

Elapsed time is 274.048878 seconds.

chan =

    29

Elapsed time is 275.826903 seconds.

chan =

    30

Elapsed time is 279.478608 seconds.

chan =

    31

Elapsed time is 279.495848 seconds.

chan =

    32

Elapsed time is 276.006907 seconds.

chan =

    33

Elapsed time is 274.554057 seconds.

chan =

    34

Elapsed time is 277.454063 seconds.

chan =

    35

Elapsed time is 276.386062 seconds.

chan =

    36

Elapsed time is 280.071556 seconds.

chan =

    37

Elapsed time is 275.152109 seconds.

chan =

    38

Elapsed time is 278.003400 seconds.

chan =

    39

Elapsed time is 271.911154 seconds.

chan =

    40

Elapsed time is 273.522995 seconds.

chan =

    41

Elapsed time is 269.145853 seconds.

chan =

    42

Elapsed time is 270.303441 seconds.

chan =

    43

Elapsed time is 268.249721 seconds.

chan =

    44

Elapsed time is 271.805623 seconds.

chan =

    45

Elapsed time is 269.911203 seconds.

chan =

    46

Elapsed time is 277.775446 seconds.

chan =

    47

Elapsed time is 274.197680 seconds.

chan =

    48

Elapsed time is 274.451865 seconds.

chan =

    49

Elapsed time is 269.333967 seconds.

chan =

    50

Elapsed time is 280.987934 seconds.

chan =

    51

Elapsed time is 306.897835 seconds.

chan =

    52

Elapsed time is 418.106937 seconds.

chan =

    53

Elapsed time is 416.863497 seconds.

chan =

    54

Elapsed time is 415.389019 seconds.

chan =

    55

Elapsed time is 414.569801 seconds.

chan =

    56

Elapsed time is 415.253193 seconds.

chan =

    57

Elapsed time is 415.151744 seconds.

chan =

    58

Elapsed time is 414.668041 seconds.

chan =

    59

Elapsed time is 419.580356 seconds.

chan =

    60

Elapsed time is 416.566956 seconds.

chan =

    61

Elapsed time is 417.741770 seconds.

chan =

    62

Elapsed time is 413.416401 seconds.

chan =

    63

Elapsed time is 416.029225 seconds.

chan =

    64

Elapsed time is 415.888098 seconds.

chan =

    65

Elapsed time is 418.315523 seconds.

chan =

    66

Elapsed time is 416.432686 seconds.

chan =

    67

Elapsed time is 414.948820 seconds.

chan =

    68

Elapsed time is 417.533372 seconds.

chan =

    69

Elapsed time is 417.212108 seconds.

chan =

    70

Elapsed time is 418.782083 seconds.

chan =

    71

Elapsed time is 417.350606 seconds.

chan =

    72

Elapsed time is 418.389462 seconds.

chan =

    73

Elapsed time is 415.013612 seconds.

chan =

    74

Elapsed time is 412.971186 seconds.

chan =

    75

Elapsed time is 415.157751 seconds.

chan =

    76

Elapsed time is 413.210469 seconds.

chan =

    77

Elapsed time is 412.906617 seconds.

chan =

    78

Elapsed time is 410.779003 seconds.

chan =

    79

Elapsed time is 414.891150 seconds.

chan =

    80

Elapsed time is 415.194130 seconds.

chan =

    81

Elapsed time is 406.965324 seconds.

chan =

    82

Elapsed time is 411.092730 seconds.

chan =

    83

Elapsed time is 413.795582 seconds.

chan =

    84

Elapsed time is 416.307706 seconds.

chan =

    85

Elapsed time is 417.019725 seconds.

chan =

    86

Elapsed time is 413.596876 seconds.

chan =

    87

Elapsed time is 416.395399 seconds.

chan =

    88

Elapsed time is 413.393157 seconds.

chan =

    89

Elapsed time is 412.181272 seconds.

chan =

    90

Elapsed time is 417.778353 seconds.

chan =

    91

Elapsed time is 414.001726 seconds.

chan =

    92

Elapsed time is 415.830487 seconds.

chan =

    93

Elapsed time is 414.211543 seconds.

chan =

    94

Elapsed time is 414.760461 seconds.

chan =

    95

Elapsed time is 417.726209 seconds.

chan =

    96

Elapsed time is 414.916445 seconds.

chan =

    97

Elapsed time is 415.479077 seconds.

chan =

    98

Elapsed time is 415.553707 seconds.

chan =

    99

Elapsed time is 419.220543 seconds.

chan =

   100

Elapsed time is 418.034493 seconds.

chan =

   101

Elapsed time is 418.247397 seconds.

chan =

   102

Elapsed time is 412.647790 seconds.

chan =

   103

Elapsed time is 418.104793 seconds.

chan =

   104

Elapsed time is 415.191721 seconds.

chan =

   105

Elapsed time is 415.474192 seconds.

chan =

   106

Elapsed time is 407.630273 seconds.

chan =

   107

Elapsed time is 413.475724 seconds.

chan =

   108

Elapsed time is 413.229202 seconds.

chan =

   109

Elapsed time is 410.559385 seconds.

