getting started: 3262
attempting file: 3262
going for SD5 11
data loaded: SD5 11
HFB already done

chan =

     1

Elapsed time is 219.325234 seconds.

chan =

     2

Elapsed time is 217.621311 seconds.

chan =

     3

Elapsed time is 216.260655 seconds.

chan =

     4

Elapsed time is 215.328229 seconds.

chan =

     5

Elapsed time is 218.870979 seconds.

chan =

     6

Elapsed time is 230.033729 seconds.

chan =

     7

Elapsed time is 217.968164 seconds.

chan =

     8

Elapsed time is 219.228803 seconds.

chan =

     9

Elapsed time is 218.874029 seconds.

chan =

    10

Elapsed time is 220.552336 seconds.

chan =

    11

Elapsed time is 212.151686 seconds.

chan =

    12

Elapsed time is 208.306892 seconds.

chan =

    13

Elapsed time is 205.917230 seconds.

chan =

    14

Elapsed time is 205.456299 seconds.

chan =

    15

Elapsed time is 205.158915 seconds.

chan =

    16

Elapsed time is 207.300893 seconds.

chan =

    17

Elapsed time is 206.336000 seconds.

chan =

    18

Elapsed time is 206.829474 seconds.

chan =

    19

Elapsed time is 207.305870 seconds.

chan =

    20

Elapsed time is 205.879219 seconds.

chan =

    21

Elapsed time is 204.397187 seconds.

chan =

    22

Elapsed time is 206.061134 seconds.

chan =

    23

Elapsed time is 215.237144 seconds.

chan =

    24

Elapsed time is 232.088268 seconds.

chan =

    25

Elapsed time is 232.133868 seconds.

chan =

    26

Elapsed time is 232.907791 seconds.

chan =

    27

Elapsed time is 231.481240 seconds.

chan =

    28

Elapsed time is 234.039279 seconds.

chan =

    29

Elapsed time is 229.976883 seconds.

chan =

    30

Elapsed time is 234.732039 seconds.

chan =

    31

Elapsed time is 231.763974 seconds.

chan =

    32

Elapsed time is 232.074566 seconds.

chan =

    33

Elapsed time is 231.927472 seconds.

chan =

    34

Elapsed time is 233.416985 seconds.

chan =

    35

Elapsed time is 234.811969 seconds.

chan =

    36

Elapsed time is 233.846676 seconds.

chan =

    37

Elapsed time is 231.371517 seconds.

chan =

    38

Elapsed time is 231.798084 seconds.

chan =

    39

Elapsed time is 232.335785 seconds.

chan =

    40

Elapsed time is 233.378982 seconds.

chan =

    41

Elapsed time is 232.107343 seconds.

chan =

    42

Elapsed time is 233.267738 seconds.

chan =

    43

Elapsed time is 232.676033 seconds.

chan =

    44

Elapsed time is 233.132995 seconds.

chan =

    45

Elapsed time is 235.107860 seconds.

chan =

    46

Elapsed time is 236.050234 seconds.

chan =

    47

Elapsed time is 261.944801 seconds.

chan =

    48

Elapsed time is 255.558607 seconds.

chan =

    49

Elapsed time is 245.520049 seconds.

chan =

    50

Elapsed time is 245.567442 seconds.

chan =

    51

Elapsed time is 253.818163 seconds.

chan =

    52

Elapsed time is 230.661256 seconds.

chan =

    53

Elapsed time is 238.761461 seconds.

chan =

    54

Elapsed time is 230.540937 seconds.

chan =

    55

Elapsed time is 233.222538 seconds.

chan =

    56

Elapsed time is 240.282880 seconds.

chan =

    57

Elapsed time is 237.525296 seconds.

chan =

    58

Elapsed time is 244.204530 seconds.

chan =

    59

Elapsed time is 252.644814 seconds.

chan =

    60

Elapsed time is 243.109184 seconds.

chan =

    61

Elapsed time is 237.076825 seconds.

chan =

    62

Elapsed time is 227.294143 seconds.

chan =

    63

Elapsed time is 227.313853 seconds.

chan =

    64

Elapsed time is 227.042728 seconds.

chan =

    65

Elapsed time is 228.795642 seconds.

chan =

    66

Elapsed time is 227.561973 seconds.

chan =

    67

Elapsed time is 227.656313 seconds.

chan =

    68

Elapsed time is 229.213347 seconds.

chan =

    69

Elapsed time is 228.824912 seconds.

chan =

    70

Elapsed time is 228.827640 seconds.

chan =

    71

Elapsed time is 228.404693 seconds.

chan =

    72

Elapsed time is 227.801110 seconds.

chan =

    73

Elapsed time is 226.658158 seconds.

chan =

    74

Elapsed time is 227.046839 seconds.

chan =

    75

Elapsed time is 226.921872 seconds.

chan =

    76

Elapsed time is 225.618587 seconds.

chan =

    77

Elapsed time is 226.102607 seconds.

chan =

    78

Elapsed time is 226.154762 seconds.

chan =

    79

Elapsed time is 225.743703 seconds.

chan =

    80

Elapsed time is 226.674945 seconds.

chan =

    81

Elapsed time is 226.243244 seconds.

chan =

    82

Elapsed time is 225.337098 seconds.

chan =

    83

Elapsed time is 226.783609 seconds.

chan =

    84

Elapsed time is 227.246714 seconds.

chan =

    85

Elapsed time is 226.130568 seconds.

chan =

    86

Elapsed time is 225.565953 seconds.

chan =

    87

Elapsed time is 226.665981 seconds.

chan =

    88

Elapsed time is 225.197958 seconds.

chan =

    89

Elapsed time is 227.114019 seconds.

chan =

    90

Elapsed time is 226.970156 seconds.

chan =

    91

Elapsed time is 228.392488 seconds.

chan =

    92

Elapsed time is 226.363552 seconds.

chan =

    93

Elapsed time is 227.262999 seconds.

chan =

    94

Elapsed time is 225.973877 seconds.

chan =

    95

Elapsed time is 227.810614 seconds.

chan =

    96

Elapsed time is 226.032859 seconds.

chan =

    97

Elapsed time is 227.901366 seconds.

chan =

    98

Elapsed time is 227.217374 seconds.

chan =

    99

Elapsed time is 227.159251 seconds.

chan =

   100

Elapsed time is 227.455297 seconds.

chan =

   101

Elapsed time is 228.354316 seconds.

chan =

   102

Elapsed time is 228.021621 seconds.

chan =

   103

Elapsed time is 226.116359 seconds.

chan =

   104

Elapsed time is 226.423939 seconds.

chan =

   105

Elapsed time is 226.963811 seconds.

chan =

   106

Elapsed time is 227.624152 seconds.

chan =

   107

Elapsed time is 227.804004 seconds.

chan =

   108

Elapsed time is 226.819273 seconds.

chan =

   109

Elapsed time is 225.904544 seconds.

