getting started: 3031
attempting file: 3031
going for OH30 130
data loaded: OH30 130
HFB already done

chan =

     1

Elapsed time is 553.809882 seconds.

chan =

     2

Elapsed time is 540.421695 seconds.

chan =

     3

Elapsed time is 565.850854 seconds.

chan =

     4

Elapsed time is 570.376471 seconds.

chan =

     5

Elapsed time is 565.085278 seconds.

chan =

     6

Elapsed time is 548.206645 seconds.

chan =

     7

Elapsed time is 598.891950 seconds.

chan =

     8

Elapsed time is 647.067667 seconds.

chan =

     9

Elapsed time is 646.752264 seconds.

chan =

    10

Elapsed time is 643.570119 seconds.

chan =

    11

Elapsed time is 644.410518 seconds.

chan =

    12

Elapsed time is 642.639141 seconds.

chan =

    13

Elapsed time is 642.502401 seconds.

chan =

    14

Elapsed time is 645.597109 seconds.

chan =

    15

Elapsed time is 644.347661 seconds.

chan =

    16

Elapsed time is 648.247073 seconds.

chan =

    17

Elapsed time is 640.784336 seconds.

chan =

    18

Elapsed time is 645.306663 seconds.

chan =

    19

Elapsed time is 645.736219 seconds.

chan =

    20

Elapsed time is 647.025300 seconds.

chan =

    21

Elapsed time is 638.269007 seconds.

chan =

    22

Elapsed time is 639.113935 seconds.

chan =

    23

Elapsed time is 647.040222 seconds.

chan =

    24

Elapsed time is 642.647715 seconds.

chan =

    25

Elapsed time is 652.246510 seconds.

chan =

    26

Elapsed time is 645.467922 seconds.

chan =

    27

Elapsed time is 641.019577 seconds.

chan =

    28

Elapsed time is 641.088851 seconds.

chan =

    29

Elapsed time is 635.196672 seconds.

chan =

    30

Elapsed time is 628.036483 seconds.

chan =

    31

Elapsed time is 623.753953 seconds.

chan =

    32

Elapsed time is 627.922704 seconds.

chan =

    33

Elapsed time is 621.430841 seconds.

chan =

    34

Elapsed time is 622.497067 seconds.

chan =

    35

Elapsed time is 625.629695 seconds.

chan =

    36

Elapsed time is 624.735612 seconds.

chan =

    37

Elapsed time is 620.173436 seconds.

chan =

    38

Elapsed time is 614.699285 seconds.

chan =

    39

Elapsed time is 620.020637 seconds.

chan =

    40

Elapsed time is 618.395386 seconds.

chan =

    41

Elapsed time is 619.027101 seconds.

chan =

    42

Elapsed time is 616.328888 seconds.

chan =

    43

Elapsed time is 617.803876 seconds.

chan =

    44

Elapsed time is 618.776781 seconds.

chan =

    45

Elapsed time is 615.865873 seconds.

chan =

    46

Elapsed time is 616.501715 seconds.

chan =

    47

Elapsed time is 619.168997 seconds.

chan =

    48

Elapsed time is 620.464465 seconds.

chan =

    49

Elapsed time is 625.000559 seconds.

chan =

    50

Elapsed time is 618.897833 seconds.

chan =

    51

Elapsed time is 568.524025 seconds.

chan =

    52

Elapsed time is 513.000430 seconds.

chan =

    53

Elapsed time is 521.089585 seconds.

chan =

    54

Elapsed time is 524.807168 seconds.

chan =

    55

Elapsed time is 528.736798 seconds.

chan =

    56

Elapsed time is 530.267339 seconds.

chan =

    57

Elapsed time is 531.118528 seconds.

chan =

    58

Elapsed time is 531.388873 seconds.

chan =

    59

Elapsed time is 512.796616 seconds.

chan =

    60

Elapsed time is 511.941072 seconds.

chan =

    61

Elapsed time is 512.159476 seconds.

chan =

    62

Elapsed time is 512.884492 seconds.

chan =

    63

Elapsed time is 510.581219 seconds.

chan =

    64

Elapsed time is 511.773490 seconds.

chan =

    65

Elapsed time is 510.691703 seconds.

chan =

    66

Elapsed time is 508.409519 seconds.

chan =

    67

Elapsed time is 507.226599 seconds.

chan =

    68

Elapsed time is 509.774093 seconds.

chan =

    69

Elapsed time is 512.466471 seconds.

chan =

    70

Elapsed time is 512.978225 seconds.

chan =

    71

Elapsed time is 511.678627 seconds.

chan =

    72

Elapsed time is 511.159532 seconds.

chan =

    73

Elapsed time is 514.743497 seconds.

chan =

    74

Elapsed time is 519.750847 seconds.

chan =

    75

Elapsed time is 514.183204 seconds.

chan =

    76

Elapsed time is 508.652110 seconds.

chan =

    77

Elapsed time is 507.702962 seconds.

chan =

    78

Elapsed time is 498.610363 seconds.

chan =

    79

Elapsed time is 473.735121 seconds.

chan =

    80

Elapsed time is 471.014190 seconds.

chan =

    81

Elapsed time is 471.256338 seconds.

chan =

    82

Elapsed time is 473.802354 seconds.

chan =

    83

Elapsed time is 474.962883 seconds.

chan =

    84

Elapsed time is 473.101475 seconds.

chan =

    85

Elapsed time is 469.284671 seconds.

chan =

    86

Elapsed time is 471.178349 seconds.

chan =

    87

Elapsed time is 472.186878 seconds.

chan =

    88

Elapsed time is 473.641260 seconds.

chan =

    89

Elapsed time is 474.783647 seconds.

chan =

    90

Elapsed time is 475.751262 seconds.

chan =

    91

Elapsed time is 474.703285 seconds.

chan =

    92

Elapsed time is 475.456072 seconds.

chan =

    93

Elapsed time is 473.456770 seconds.

chan =

    94

Elapsed time is 475.630378 seconds.

chan =

    95

Elapsed time is 476.648897 seconds.

chan =

    96

Elapsed time is 474.239360 seconds.

chan =

    97

Elapsed time is 474.782234 seconds.

chan =

    98

Elapsed time is 475.986040 seconds.

chan =

    99

Elapsed time is 475.837356 seconds.

chan =

   100

Elapsed time is 474.467731 seconds.

chan =

   101

Elapsed time is 473.928206 seconds.

chan =

   102

Elapsed time is 475.450970 seconds.

chan =

   103

Elapsed time is 476.147650 seconds.

chan =

   104

Elapsed time is 475.472462 seconds.

chan =

   105

Elapsed time is 475.962604 seconds.

chan =

   106

Elapsed time is 475.199356 seconds.

chan =

   107

Elapsed time is 476.191448 seconds.

chan =

   108

Elapsed time is 471.605162 seconds.

chan =

   109

Elapsed time is 472.664252 seconds.

chan =

   110

Elapsed time is 472.553816 seconds.

chan =

   111

Elapsed time is 472.300959 seconds.

chan =

   112

Elapsed time is 474.612534 seconds.

chan =

   113

Elapsed time is 477.758443 seconds.

chan =

   114

Elapsed time is 474.848225 seconds.

chan =

   115

Elapsed time is 475.236687 seconds.

chan =

   116

Elapsed time is 472.159036 seconds.

chan =

   117

Elapsed time is 469.220067 seconds.

chan =

   118

Elapsed time is 463.393381 seconds.

chan =

   119

Elapsed time is 466.320651 seconds.

chan =

   120

Elapsed time is 468.175537 seconds.

chan =

   121

Elapsed time is 471.295451 seconds.

chan =

   122

Elapsed time is 468.696222 seconds.

chan =

   123

Elapsed time is 466.959089 seconds.

chan =

   124

Elapsed time is 468.063777 seconds.

chan =

   125

