getting started: 3295
attempting file: 3295
going for SD5 44
data loaded: SD5 44
HFB already done

chan =

     1

Elapsed time is 308.923749 seconds.

chan =

     2

Elapsed time is 308.288768 seconds.

chan =

     3

Elapsed time is 310.486034 seconds.

chan =

     4

Elapsed time is 313.251382 seconds.

chan =

     5

Elapsed time is 308.871685 seconds.

chan =

     6

Elapsed time is 304.126686 seconds.

chan =

     7

Elapsed time is 305.733992 seconds.

chan =

     8

Elapsed time is 303.815970 seconds.

chan =

     9

Elapsed time is 305.114188 seconds.

chan =

    10

Elapsed time is 305.002170 seconds.

chan =

    11

Elapsed time is 305.693841 seconds.

chan =

    12

Elapsed time is 303.604801 seconds.

chan =

    13

Elapsed time is 303.019687 seconds.

chan =

    14

Elapsed time is 301.712194 seconds.

chan =

    15

Elapsed time is 303.146952 seconds.

chan =

    16

Elapsed time is 300.082596 seconds.

chan =

    17

Elapsed time is 302.146610 seconds.

chan =

    18

Elapsed time is 301.117623 seconds.

chan =

    19

Elapsed time is 302.019806 seconds.

chan =

    20

Elapsed time is 298.637362 seconds.

chan =

    21

Elapsed time is 300.219749 seconds.

chan =

    22

Elapsed time is 309.684825 seconds.

chan =

    23

Elapsed time is 311.492307 seconds.

chan =

    24

Elapsed time is 309.492692 seconds.

chan =

    25

Elapsed time is 310.257773 seconds.

chan =

    26

Elapsed time is 310.427394 seconds.

chan =

    27

Elapsed time is 307.196973 seconds.

chan =

    28

Elapsed time is 303.892064 seconds.

chan =

    29

Elapsed time is 305.750970 seconds.

chan =

    30

Elapsed time is 307.300453 seconds.

chan =

    31

Elapsed time is 302.987908 seconds.

chan =

    32

Elapsed time is 299.066634 seconds.

chan =

    33

Elapsed time is 302.997704 seconds.

chan =

    34

Elapsed time is 297.484127 seconds.

chan =

    35

Elapsed time is 299.686319 seconds.

chan =

    36

Elapsed time is 284.259388 seconds.

chan =

    37

Elapsed time is 297.333894 seconds.

chan =

    38

Elapsed time is 274.554400 seconds.

chan =

    39

Elapsed time is 277.443323 seconds.

chan =

    40

Elapsed time is 275.554865 seconds.

chan =

    41

Elapsed time is 271.390461 seconds.

chan =

    42

Elapsed time is 284.119577 seconds.

chan =

    43

Elapsed time is 272.113483 seconds.

chan =

    44

Elapsed time is 266.973292 seconds.

chan =

    45

Elapsed time is 284.655495 seconds.

chan =

    46

Elapsed time is 270.911958 seconds.

chan =

    47

Elapsed time is 254.165232 seconds.

chan =

    48

Elapsed time is 239.803241 seconds.

chan =

    49

Elapsed time is 240.221365 seconds.

chan =

    50

Elapsed time is 239.088696 seconds.

chan =

    51

Elapsed time is 240.033643 seconds.

chan =

    52

Elapsed time is 241.013201 seconds.

chan =

    53

Elapsed time is 250.404867 seconds.

chan =

    54

Elapsed time is 238.317930 seconds.

chan =

    55

Elapsed time is 239.705591 seconds.

chan =

    56

Elapsed time is 252.871601 seconds.

chan =

    57

Elapsed time is 254.128446 seconds.

chan =

    58

Elapsed time is 252.084656 seconds.

chan =

    59

Elapsed time is 255.205544 seconds.

chan =

    60

Elapsed time is 252.929993 seconds.

chan =

    61

Elapsed time is 253.785637 seconds.

chan =

    62

Elapsed time is 252.538299 seconds.

chan =

    63

Elapsed time is 254.549346 seconds.

chan =

    64

Elapsed time is 253.802447 seconds.

chan =

    65

Elapsed time is 255.177083 seconds.

chan =

    66

Elapsed time is 252.484292 seconds.

chan =

    67

Elapsed time is 253.199390 seconds.

chan =

    68

Elapsed time is 252.675654 seconds.

chan =

    69

Elapsed time is 254.977174 seconds.

chan =

    70

Elapsed time is 255.338868 seconds.

chan =

    71

Elapsed time is 245.527283 seconds.

chan =

    72

Elapsed time is 240.868696 seconds.

chan =

    73

Elapsed time is 244.642392 seconds.

chan =

    74

Elapsed time is 247.227506 seconds.

chan =

    75

Elapsed time is 246.390840 seconds.

chan =

    76

Elapsed time is 241.103926 seconds.

chan =

    77

Elapsed time is 295.626253 seconds.

chan =

    78

Elapsed time is 356.449517 seconds.

chan =

    79

Elapsed time is 355.649790 seconds.

chan =

    80

Elapsed time is 356.362918 seconds.

chan =

    81

Elapsed time is 348.424806 seconds.

chan =

    82

Elapsed time is 355.011351 seconds.

chan =

    83

Elapsed time is 347.322999 seconds.

chan =

    84

Elapsed time is 354.251072 seconds.

chan =

    85

Elapsed time is 346.086708 seconds.

chan =

    86

Elapsed time is 350.070218 seconds.

chan =

    87

Elapsed time is 342.137936 seconds.

chan =

    88

Elapsed time is 355.145844 seconds.

chan =

    89

Elapsed time is 340.696705 seconds.

chan =

    90

Elapsed time is 346.543967 seconds.

chan =

    91

Elapsed time is 346.640620 seconds.

chan =

    92

Elapsed time is 339.493466 seconds.

chan =

    93

Elapsed time is 346.574157 seconds.

chan =

    94

Elapsed time is 345.503011 seconds.

chan =

    95

Elapsed time is 352.361061 seconds.

chan =

    96

Elapsed time is 342.750242 seconds.

chan =

    97

Elapsed time is 351.816020 seconds.

chan =

    98

Elapsed time is 260.559783 seconds.

chan =

    99

Elapsed time is 254.291988 seconds.

chan =

   100

Elapsed time is 269.848523 seconds.

chan =

   101

Elapsed time is 259.709905 seconds.

chan =

   102

Elapsed time is 246.099129 seconds.

chan =

   103

Elapsed time is 280.041919 seconds.

chan =

   104

Elapsed time is 269.941589 seconds.

chan =

   105

Elapsed time is 252.890895 seconds.

chan =

   106

Elapsed time is 236.011317 seconds.

chan =

   107

Elapsed time is 230.970275 seconds.

chan =

   108

Elapsed time is 211.815318 seconds.

chan =

   109

Elapsed time is 208.681504 seconds.

