getting started: 3670
attempting file: 3670
going for SLCH010 76
data loaded: SLCH010 76
HFB already done

chan =

     1

Elapsed time is 658.939862 seconds.

chan =

     2

Elapsed time is 629.180742 seconds.

chan =

     3

Elapsed time is 615.041936 seconds.

chan =

     4

Elapsed time is 614.993993 seconds.

chan =

     5

Elapsed time is 611.204586 seconds.

chan =

     6

Elapsed time is 607.722330 seconds.

chan =

     7

Elapsed time is 608.207393 seconds.

chan =

     8

Elapsed time is 609.982670 seconds.

chan =

     9

Elapsed time is 618.317820 seconds.

chan =

    10

Elapsed time is 644.820666 seconds.

chan =

    11

Elapsed time is 638.030860 seconds.

chan =

    12

Elapsed time is 633.545057 seconds.

chan =

    13

Elapsed time is 636.395391 seconds.

chan =

    14

Elapsed time is 634.578096 seconds.

chan =

    15

Elapsed time is 624.448573 seconds.

chan =

    16

Elapsed time is 632.046831 seconds.

chan =

    17

Elapsed time is 631.447800 seconds.

chan =

    18

Elapsed time is 630.073763 seconds.

chan =

    19

Elapsed time is 627.956272 seconds.

chan =

    20

Elapsed time is 634.227395 seconds.

chan =

    21

Elapsed time is 615.400170 seconds.

chan =

    22

Elapsed time is 604.297918 seconds.

chan =

    23

Elapsed time is 605.434106 seconds.

chan =

    24

Elapsed time is 606.266245 seconds.

chan =

    25

Elapsed time is 606.243705 seconds.

chan =

    26

Elapsed time is 603.407066 seconds.

chan =

    27

Elapsed time is 603.454059 seconds.

chan =

    28

Elapsed time is 600.018468 seconds.

chan =

    29

Elapsed time is 599.932320 seconds.

chan =

    30

Elapsed time is 600.294294 seconds.

chan =

    31

Elapsed time is 597.587805 seconds.

chan =

    32

Elapsed time is 599.271620 seconds.

chan =

    33

Elapsed time is 599.820251 seconds.

chan =

    34

Elapsed time is 557.926640 seconds.

chan =

    35

Elapsed time is 709.578898 seconds.

chan =

    36

Elapsed time is 709.249723 seconds.

chan =

    37

Elapsed time is 687.317261 seconds.

chan =

    38

Elapsed time is 545.413000 seconds.

chan =

    39

Elapsed time is 515.094971 seconds.

chan =

    40

Elapsed time is 582.778844 seconds.

chan =

    41

Elapsed time is 577.615652 seconds.

chan =

    42

Elapsed time is 548.826765 seconds.

chan =

    43

Elapsed time is 565.350558 seconds.

chan =

    44

Elapsed time is 569.584711 seconds.

chan =

    45

Elapsed time is 542.387345 seconds.

chan =

    46

Elapsed time is 469.380740 seconds.

chan =

    47

Elapsed time is 472.941015 seconds.

chan =

    48

Elapsed time is 477.509709 seconds.

chan =

    49

Elapsed time is 484.418389 seconds.

chan =

    50

Elapsed time is 509.408533 seconds.

chan =

    51

Elapsed time is 530.220555 seconds.

chan =

    52

Elapsed time is 531.973801 seconds.

chan =

    53

Elapsed time is 528.465837 seconds.

chan =

    54

Elapsed time is 526.222306 seconds.

chan =

    55

Elapsed time is 499.892499 seconds.

chan =

    56

Elapsed time is 554.455042 seconds.

chan =

    57

Elapsed time is 559.258635 seconds.

chan =

    58

Elapsed time is 561.722356 seconds.

chan =

    59

Elapsed time is 572.395512 seconds.

chan =

    60

Elapsed time is 570.904680 seconds.

chan =

    61

Elapsed time is 574.661995 seconds.

chan =

    62

Elapsed time is 573.289539 seconds.

chan =

    63

Elapsed time is 518.669033 seconds.

chan =

    64

Elapsed time is 470.563758 seconds.

chan =

    65

Elapsed time is 537.812979 seconds.

chan =

    66

Elapsed time is 498.741800 seconds.

chan =

    67

Elapsed time is 474.445443 seconds.

chan =

    68

Elapsed time is 475.529630 seconds.

chan =

    69

Elapsed time is 475.213923 seconds.

chan =

    70

Elapsed time is 474.191538 seconds.

chan =

    71

Elapsed time is 474.780217 seconds.

chan =

    72

Elapsed time is 474.826676 seconds.

chan =

    73

Elapsed time is 472.899108 seconds.

chan =

    74

Elapsed time is 472.529223 seconds.

chan =

    75

Elapsed time is 472.579642 seconds.

chan =

    76

Elapsed time is 473.686524 seconds.

chan =

    77

Elapsed time is 472.094070 seconds.

chan =

    78

Elapsed time is 470.582879 seconds.

chan =

    79

Elapsed time is 466.298935 seconds.

chan =

    80

Elapsed time is 467.833698 seconds.

chan =

    81

Elapsed time is 466.742234 seconds.

chan =

    82

Elapsed time is 467.287640 seconds.

chan =

    83

Elapsed time is 467.330763 seconds.

chan =

    84

Elapsed time is 469.546918 seconds.

chan =

    85

Elapsed time is 468.360045 seconds.

chan =

    86

Elapsed time is 467.006888 seconds.

chan =

    87

Elapsed time is 467.610799 seconds.

chan =

    88

Elapsed time is 467.611441 seconds.

chan =

    89

Elapsed time is 467.406844 seconds.

chan =

    90

Elapsed time is 467.219823 seconds.

chan =

    91

Elapsed time is 465.650915 seconds.

chan =

    92

Elapsed time is 469.395068 seconds.

chan =

    93

Elapsed time is 468.319208 seconds.

chan =

    94

Elapsed time is 467.882560 seconds.

chan =

    95

Elapsed time is 465.485111 seconds.

chan =

    96

Elapsed time is 463.327376 seconds.

chan =

    97

Elapsed time is 461.681656 seconds.

chan =

    98

Elapsed time is 465.019117 seconds.

chan =

    99

Elapsed time is 465.993473 seconds.

chan =

   100

Elapsed time is 469.918683 seconds.

chan =

   101

Elapsed time is 467.845354 seconds.

chan =

   102

Elapsed time is 470.065000 seconds.

chan =

   103

Elapsed time is 470.462788 seconds.

chan =

   104

Elapsed time is 469.255897 seconds.

chan =

   105

Elapsed time is 467.665627 seconds.

chan =

   106

Elapsed time is 469.201241 seconds.

chan =

   107

Elapsed time is 468.479502 seconds.

chan =

   108

Elapsed time is 468.312453 seconds.

chan =

   109

Elapsed time is 468.804371 seconds.

chan =

   110

Elapsed time is 468.244865 seconds.

chan =

   111

Elapsed time is 470.027723 seconds.

chan =

   112

Elapsed time is 467.107834 seconds.

chan =

   113

Elapsed time is 456.138575 seconds.

chan =

   114

Elapsed time is 383.065281 seconds.
attempting saving
save success: /projects/p31578/dtf8829/QuestConnect/CHANDAT/chanDat_SLCH010_076.mat
working on TF
encoding done
encoding RT done
