getting started: 3605
attempting file: 3605
going for SLCH010 11
data loaded: SLCH010 11
HFB already done

chan =

     1

Elapsed time is 475.759629 seconds.

chan =

     2

Elapsed time is 482.278960 seconds.

chan =

     3

Elapsed time is 434.242148 seconds.

chan =

     4

Elapsed time is 423.047922 seconds.

chan =

     5

Elapsed time is 418.014831 seconds.

chan =

     6

Elapsed time is 636.677987 seconds.

chan =

     7

Elapsed time is 787.933645 seconds.

chan =

     8

Elapsed time is 789.500931 seconds.

chan =

     9

Elapsed time is 784.748927 seconds.

chan =

    10

Elapsed time is 787.854967 seconds.

chan =

    11

Elapsed time is 780.588605 seconds.

chan =

    12

Elapsed time is 784.646972 seconds.

chan =

    13

Elapsed time is 786.818237 seconds.

chan =

    14

Elapsed time is 783.424645 seconds.

chan =

    15

Elapsed time is 786.010269 seconds.

chan =

    16

Elapsed time is 787.098157 seconds.

chan =

    17

Elapsed time is 778.009864 seconds.

chan =

    18

Elapsed time is 779.177699 seconds.

chan =

    19

Elapsed time is 776.896715 seconds.

chan =

    20

Elapsed time is 773.620647 seconds.

chan =

    21

Elapsed time is 778.941196 seconds.

chan =

    22

Elapsed time is 770.505137 seconds.

chan =

    23

Elapsed time is 767.409402 seconds.

chan =

    24

Elapsed time is 756.483367 seconds.

chan =

    25

Elapsed time is 753.632097 seconds.

chan =

    26

Elapsed time is 746.090041 seconds.

chan =

    27

Elapsed time is 744.059924 seconds.

chan =

    28

Elapsed time is 747.429732 seconds.

chan =

    29

Elapsed time is 750.983246 seconds.

chan =

    30

Elapsed time is 744.439606 seconds.

chan =

    31

Elapsed time is 751.132547 seconds.

chan =

    32

Elapsed time is 751.525672 seconds.

chan =

    33

Elapsed time is 750.717102 seconds.

chan =

    34

Elapsed time is 755.740827 seconds.

chan =

    35

Elapsed time is 744.626444 seconds.

chan =

    36

Elapsed time is 748.810990 seconds.

chan =

    37

Elapsed time is 750.780916 seconds.

chan =

    38

Elapsed time is 752.222320 seconds.

chan =

    39

Elapsed time is 747.108045 seconds.

chan =

    40

Elapsed time is 755.144278 seconds.

chan =

    41

Elapsed time is 751.648619 seconds.

chan =

    42

Elapsed time is 695.599910 seconds.

chan =

    43

Elapsed time is 405.070121 seconds.

chan =

    44

Elapsed time is 404.725736 seconds.

chan =

    45

Elapsed time is 403.007202 seconds.

chan =

    46

Elapsed time is 404.559750 seconds.

chan =

    47

Elapsed time is 409.494829 seconds.

chan =

    48

Elapsed time is 410.543822 seconds.

chan =

    49

Elapsed time is 412.680211 seconds.

chan =

    50

Elapsed time is 418.200120 seconds.

chan =

    51

Elapsed time is 413.077508 seconds.

chan =

    52

Elapsed time is 413.310795 seconds.

chan =

    53

Elapsed time is 403.316931 seconds.

chan =

    54

Elapsed time is 407.094838 seconds.

chan =

    55

Elapsed time is 406.526404 seconds.

chan =

    56

Elapsed time is 406.661468 seconds.

chan =

    57

Elapsed time is 410.512532 seconds.

chan =

    58

Elapsed time is 402.834528 seconds.

chan =

    59

Elapsed time is 406.349179 seconds.

chan =

    60

Elapsed time is 406.784579 seconds.

chan =

    61

Elapsed time is 410.153100 seconds.

chan =

    62

Elapsed time is 408.647924 seconds.

chan =

    63

Elapsed time is 410.240359 seconds.

chan =

    64

Elapsed time is 410.508523 seconds.

chan =

    65

Elapsed time is 410.363894 seconds.

chan =

    66

Elapsed time is 407.470157 seconds.

chan =

    67

Elapsed time is 409.822746 seconds.

chan =

    68

Elapsed time is 410.055285 seconds.

chan =

    69

Elapsed time is 409.289888 seconds.

chan =

    70

Elapsed time is 409.141850 seconds.

chan =

    71

Elapsed time is 411.833916 seconds.

chan =

    72

Elapsed time is 410.570216 seconds.

chan =

    73

Elapsed time is 402.254969 seconds.

chan =

    74

Elapsed time is 365.029774 seconds.

chan =

    75

Elapsed time is 368.291517 seconds.

chan =

    76

Elapsed time is 366.235130 seconds.

chan =

    77

Elapsed time is 355.250599 seconds.

chan =

    78

Elapsed time is 343.651177 seconds.

chan =

    79

Elapsed time is 343.251546 seconds.

chan =

    80

Elapsed time is 344.646879 seconds.

chan =

    81

Elapsed time is 346.789468 seconds.

chan =

    82

Elapsed time is 345.499675 seconds.

chan =

    83

Elapsed time is 343.633829 seconds.

chan =

    84

Elapsed time is 343.873662 seconds.

chan =

    85

Elapsed time is 342.819752 seconds.

chan =

    86

Elapsed time is 343.691492 seconds.

chan =

    87

Elapsed time is 343.208042 seconds.

chan =

    88

Elapsed time is 343.020382 seconds.

chan =

    89

Elapsed time is 344.852899 seconds.

chan =

    90

Elapsed time is 342.952439 seconds.

chan =

    91

Elapsed time is 342.285657 seconds.

chan =

    92

Elapsed time is 344.746577 seconds.

chan =

    93

Elapsed time is 343.658412 seconds.

chan =

    94

Elapsed time is 344.497388 seconds.

chan =

    95

Elapsed time is 343.595131 seconds.

chan =

    96

Elapsed time is 341.555699 seconds.

chan =

    97

Elapsed time is 343.799139 seconds.

chan =

    98

Elapsed time is 345.392014 seconds.

chan =

    99

Elapsed time is 343.127926 seconds.

chan =

   100

Elapsed time is 342.475844 seconds.

chan =

   101

Elapsed time is 344.233727 seconds.

chan =

   102

Elapsed time is 345.474926 seconds.

chan =

   103

Elapsed time is 344.117246 seconds.

chan =

   104

Elapsed time is 343.391975 seconds.

chan =

   105

Elapsed time is 344.381601 seconds.

chan =

   106

Elapsed time is 343.585067 seconds.

chan =

   107

Elapsed time is 343.214768 seconds.

chan =

   108

Elapsed time is 343.196710 seconds.

chan =

   109

Elapsed time is 344.279378 seconds.

chan =

   110

Elapsed time is 346.081377 seconds.

chan =

   111

Elapsed time is 344.572206 seconds.

chan =

   112

Elapsed time is 343.121166 seconds.

chan =

   113

Elapsed time is 343.938319 seconds.

chan =

   114

Elapsed time is 345.236687 seconds.
attempting saving
save success: /projects/p31578/dtf8829/QuestConnect/CHANDAT/chanDat_SLCH010_011.mat
working on TF
encoding done
encoding RT done
