getting started: 3318
attempting file: 3318
going for SD5 67
data loaded: SD5 67
HFB already done

chan =

     1

Elapsed time is 273.716715 seconds.

chan =

     2

Elapsed time is 269.621628 seconds.

chan =

     3

Elapsed time is 272.172935 seconds.

chan =

     4

Elapsed time is 271.990017 seconds.

chan =

     5

Elapsed time is 271.633327 seconds.

chan =

     6

Elapsed time is 269.425680 seconds.

chan =

     7

Elapsed time is 269.738535 seconds.

chan =

     8

Elapsed time is 267.733078 seconds.

chan =

     9

Elapsed time is 268.103554 seconds.

chan =

    10

Elapsed time is 268.707699 seconds.

chan =

    11

Elapsed time is 268.767493 seconds.

chan =

    12

Elapsed time is 267.219217 seconds.

chan =

    13

Elapsed time is 262.622338 seconds.

chan =

    14

Elapsed time is 258.654852 seconds.

chan =

    15

Elapsed time is 253.523811 seconds.

chan =

    16

Elapsed time is 253.875418 seconds.

chan =

    17

Elapsed time is 256.116514 seconds.

chan =

    18

Elapsed time is 256.807132 seconds.

chan =

    19

Elapsed time is 251.582126 seconds.

chan =

    20

Elapsed time is 246.944427 seconds.

chan =

    21

Elapsed time is 244.708884 seconds.

chan =

    22

Elapsed time is 246.544626 seconds.

chan =

    23

Elapsed time is 246.323883 seconds.

chan =

    24

Elapsed time is 248.146082 seconds.

chan =

    25

Elapsed time is 261.702033 seconds.

chan =

    26

Elapsed time is 269.857308 seconds.

chan =

    27

Elapsed time is 265.720154 seconds.

chan =

    28

Elapsed time is 269.500449 seconds.

chan =

    29

Elapsed time is 263.878253 seconds.

chan =

    30

Elapsed time is 270.562333 seconds.

chan =

    31

Elapsed time is 267.128964 seconds.

chan =

    32

Elapsed time is 273.106381 seconds.

chan =

    33

Elapsed time is 271.575081 seconds.

chan =

    34

Elapsed time is 251.521378 seconds.

chan =

    35

Elapsed time is 275.404855 seconds.

chan =

    36

Elapsed time is 270.974504 seconds.

chan =

    37

Elapsed time is 263.707644 seconds.

chan =

    38

Elapsed time is 267.550168 seconds.

chan =

    39

Elapsed time is 274.445098 seconds.

chan =

    40

Elapsed time is 254.841522 seconds.

chan =

    41

Elapsed time is 260.295125 seconds.

chan =

    42

Elapsed time is 274.622453 seconds.

chan =

    43

Elapsed time is 268.305739 seconds.

chan =

    44

Elapsed time is 263.603973 seconds.

chan =

    45

Elapsed time is 253.395857 seconds.

chan =

    46

Elapsed time is 273.873730 seconds.

chan =

    47

Elapsed time is 274.973068 seconds.

chan =

    48

Elapsed time is 250.888276 seconds.

chan =

    49

Elapsed time is 246.874074 seconds.

chan =

    50

Elapsed time is 247.394244 seconds.

chan =

    51

Elapsed time is 247.248949 seconds.

chan =

    52

Elapsed time is 255.288764 seconds.

chan =

    53

Elapsed time is 248.928396 seconds.

chan =

    54

Elapsed time is 239.303570 seconds.

chan =

    55

Elapsed time is 239.016511 seconds.

chan =

    56

Elapsed time is 239.070338 seconds.

chan =

    57

Elapsed time is 238.043917 seconds.

chan =

    58

Elapsed time is 237.351381 seconds.

chan =

    59

Elapsed time is 251.027394 seconds.

chan =

    60

Elapsed time is 239.968028 seconds.

chan =

    61

Elapsed time is 237.871047 seconds.

chan =

    62

Elapsed time is 246.964536 seconds.

chan =

    63

Elapsed time is 253.004506 seconds.

chan =

    64

Elapsed time is 253.056318 seconds.

chan =

    65

Elapsed time is 252.581036 seconds.

chan =

    66

Elapsed time is 252.621565 seconds.

chan =

    67

Elapsed time is 250.991374 seconds.

chan =

    68

Elapsed time is 253.002977 seconds.

chan =

    69

Elapsed time is 252.535872 seconds.

chan =

    70

Elapsed time is 253.125911 seconds.

chan =

    71

Elapsed time is 251.237408 seconds.

chan =

    72

Elapsed time is 251.640615 seconds.

chan =

    73

Elapsed time is 251.236863 seconds.

chan =

    74

Elapsed time is 252.779235 seconds.

chan =

    75

Elapsed time is 252.618694 seconds.

chan =

    76

Elapsed time is 251.063647 seconds.

chan =

    77

Elapsed time is 245.116858 seconds.

chan =

    78

Elapsed time is 234.993075 seconds.

chan =

    79

Elapsed time is 236.082484 seconds.

chan =

    80

Elapsed time is 240.416386 seconds.

chan =

    81

Elapsed time is 240.547565 seconds.

chan =

    82

Elapsed time is 240.967547 seconds.

chan =

    83

Elapsed time is 241.062412 seconds.

chan =

    84

Elapsed time is 241.448076 seconds.

chan =

    85

Elapsed time is 239.545625 seconds.

chan =

    86

Elapsed time is 237.247524 seconds.

chan =

    87

Elapsed time is 235.505960 seconds.

chan =

    88

Elapsed time is 233.414553 seconds.

chan =

    89

Elapsed time is 233.896607 seconds.

chan =

    90

Elapsed time is 234.152640 seconds.

chan =

    91

Elapsed time is 234.274595 seconds.

chan =

    92

Elapsed time is 233.683107 seconds.

chan =

    93

Elapsed time is 234.904291 seconds.

chan =

    94

Elapsed time is 233.984752 seconds.

chan =

    95

Elapsed time is 234.095796 seconds.

chan =

    96

Elapsed time is 232.838623 seconds.

chan =

    97

Elapsed time is 259.471035 seconds.

chan =

    98

Elapsed time is 264.632654 seconds.

chan =

    99

Elapsed time is 263.995104 seconds.

chan =

   100

Elapsed time is 263.262867 seconds.

chan =

   101

Elapsed time is 259.214061 seconds.

chan =

   102

Elapsed time is 255.940195 seconds.

chan =

   103

Elapsed time is 265.668689 seconds.

chan =

   104

Elapsed time is 264.879145 seconds.

chan =

   105

Elapsed time is 265.240009 seconds.

chan =

   106

Elapsed time is 259.077939 seconds.

chan =

   107

Elapsed time is 254.037868 seconds.

chan =

   108

Elapsed time is 264.475414 seconds.

chan =

   109

Elapsed time is 260.485262 seconds.

