getting started: 3622
attempting file: 3622
going for SLCH010 28
data loaded: SLCH010 28
HFB already done

chan =

     1

Elapsed time is 585.911153 seconds.

chan =

     2

Elapsed time is 573.329817 seconds.

chan =

     3

Elapsed time is 574.036112 seconds.

chan =

     4

Elapsed time is 555.644316 seconds.

chan =

     5

Elapsed time is 536.466569 seconds.

chan =

     6

Elapsed time is 515.092210 seconds.

chan =

     7

Elapsed time is 501.905332 seconds.

chan =

     8

Elapsed time is 472.257094 seconds.

chan =

     9

Elapsed time is 434.227796 seconds.

chan =

    10

Elapsed time is 427.528190 seconds.

chan =

    11

Elapsed time is 453.846700 seconds.

chan =

    12

Elapsed time is 462.433623 seconds.

chan =

    13

Elapsed time is 483.992680 seconds.

chan =

    14

Elapsed time is 477.022904 seconds.

chan =

    15

Elapsed time is 473.461907 seconds.

chan =

    16

Elapsed time is 483.890603 seconds.

chan =

    17

Elapsed time is 479.343176 seconds.

chan =

    18

Elapsed time is 484.610776 seconds.

chan =

    19

Elapsed time is 503.709421 seconds.

chan =

    20

Elapsed time is 507.939199 seconds.

chan =

    21

Elapsed time is 476.199678 seconds.

chan =

    22

Elapsed time is 444.449593 seconds.

chan =

    23

Elapsed time is 489.887726 seconds.

chan =

    24

Elapsed time is 445.998909 seconds.

chan =

    25

Elapsed time is 434.586204 seconds.

chan =

    26

Elapsed time is 426.238086 seconds.

chan =

    27

Elapsed time is 423.180782 seconds.

chan =

    28

Elapsed time is 422.963386 seconds.

chan =

    29

Elapsed time is 422.883894 seconds.

chan =

    30

Elapsed time is 430.992621 seconds.

chan =

    31

Elapsed time is 422.322214 seconds.

chan =

    32

Elapsed time is 428.038052 seconds.

chan =

    33

Elapsed time is 432.807801 seconds.

chan =

    34

Elapsed time is 431.675851 seconds.

chan =

    35

Elapsed time is 430.801407 seconds.

chan =

    36

Elapsed time is 431.834407 seconds.

chan =

    37

Elapsed time is 430.759346 seconds.

chan =

    38

Elapsed time is 431.332059 seconds.

chan =

    39

Elapsed time is 430.978827 seconds.

chan =

    40

Elapsed time is 426.894597 seconds.

chan =

    41

Elapsed time is 422.496485 seconds.

chan =

    42

Elapsed time is 423.581498 seconds.

chan =

    43

Elapsed time is 423.072998 seconds.

chan =

    44

Elapsed time is 425.810739 seconds.

chan =

    45

Elapsed time is 424.040171 seconds.

chan =

    46

Elapsed time is 583.673553 seconds.

chan =

    47

Elapsed time is 657.578361 seconds.

chan =

    48

Elapsed time is 426.237048 seconds.

chan =

    49

Elapsed time is 421.871937 seconds.

chan =

    50

Elapsed time is 422.304188 seconds.

chan =

    51

Elapsed time is 421.951436 seconds.

chan =

    52

Elapsed time is 422.862687 seconds.

chan =

    53

Elapsed time is 420.938444 seconds.

chan =

    54

Elapsed time is 423.659939 seconds.

chan =

    55

Elapsed time is 420.382422 seconds.

chan =

    56

Elapsed time is 430.263972 seconds.

chan =

    57

Elapsed time is 415.846252 seconds.

chan =

    58

Elapsed time is 413.823925 seconds.

chan =

    59

Elapsed time is 418.215643 seconds.

chan =

    60

Elapsed time is 417.049604 seconds.

chan =

    61

Elapsed time is 416.615781 seconds.

chan =

    62

Elapsed time is 416.061797 seconds.

chan =

    63

Elapsed time is 416.906136 seconds.

chan =

    64

Elapsed time is 431.311623 seconds.

chan =

    65

Elapsed time is 431.860865 seconds.

chan =

    66

Elapsed time is 479.180717 seconds.

chan =

    67

Elapsed time is 480.475414 seconds.

chan =

    68

Elapsed time is 479.633651 seconds.

chan =

    69

Elapsed time is 477.966111 seconds.

chan =

    70

Elapsed time is 476.495609 seconds.

chan =

    71

Elapsed time is 420.332076 seconds.

chan =

    72

Elapsed time is 419.697670 seconds.

chan =

    73

Elapsed time is 417.678065 seconds.

chan =

    74

Elapsed time is 417.864774 seconds.

chan =

    75

Elapsed time is 417.071751 seconds.

chan =

    76

Elapsed time is 418.087706 seconds.

chan =

    77

Elapsed time is 417.070921 seconds.

chan =

    78

Elapsed time is 418.975967 seconds.

chan =

    79

Elapsed time is 417.476081 seconds.

chan =

    80

Elapsed time is 418.897010 seconds.

chan =

    81

Elapsed time is 417.907372 seconds.

chan =

    82

Elapsed time is 418.229633 seconds.

chan =

    83

Elapsed time is 448.596428 seconds.

chan =

    84

Elapsed time is 658.366780 seconds.

chan =

    85

Elapsed time is 578.869251 seconds.

chan =

    86

Elapsed time is 671.732394 seconds.

chan =

    87

Elapsed time is 681.391732 seconds.

chan =

    88

Elapsed time is 665.597233 seconds.

chan =

    89

Elapsed time is 666.165734 seconds.

chan =

    90

Elapsed time is 666.406165 seconds.

chan =

    91

Elapsed time is 673.729501 seconds.

chan =

    92

Elapsed time is 678.749991 seconds.

chan =

    93

Elapsed time is 665.846494 seconds.

chan =

    94

Elapsed time is 651.132718 seconds.

chan =

    95

Elapsed time is 636.769830 seconds.

chan =

    96

Elapsed time is 640.044054 seconds.

chan =

    97

Elapsed time is 636.982191 seconds.

chan =

    98

Elapsed time is 641.572769 seconds.

chan =

    99

Elapsed time is 641.046793 seconds.

chan =

   100

Elapsed time is 639.694887 seconds.

chan =

   101

Elapsed time is 627.076989 seconds.

chan =

   102

Elapsed time is 614.839967 seconds.

chan =

   103

Elapsed time is 621.065660 seconds.

chan =

   104

Elapsed time is 616.797594 seconds.

chan =

   105

Elapsed time is 613.173522 seconds.

chan =

   106

Elapsed time is 614.045128 seconds.

chan =

   107

Elapsed time is 610.933172 seconds.

chan =

   108

Elapsed time is 576.955201 seconds.

chan =

   109

Elapsed time is 409.679552 seconds.

chan =

   110

Elapsed time is 412.048973 seconds.

chan =

   111

Elapsed time is 411.009110 seconds.

chan =

   112

Elapsed time is 407.637125 seconds.

chan =

   113

Elapsed time is 409.890954 seconds.

chan =

   114

Elapsed time is 403.095417 seconds.
attempting saving
save success: /projects/p31578/dtf8829/QuestConnect/CHANDAT/chanDat_SLCH010_028.mat
working on TF
