getting started: 3337
attempting file: 3337
going for SD5 86
data loaded: SD5 86
HFB already done

chan =

     1

Elapsed time is 295.862237 seconds.

chan =

     2

Elapsed time is 300.084300 seconds.

chan =

     3

Elapsed time is 301.449725 seconds.

chan =

     4

Elapsed time is 291.453523 seconds.

chan =

     5

Elapsed time is 294.816664 seconds.

chan =

     6

Elapsed time is 295.246869 seconds.

chan =

     7

Elapsed time is 285.893281 seconds.

chan =

     8

Elapsed time is 289.214953 seconds.

chan =

     9

Elapsed time is 293.377148 seconds.

chan =

    10

Elapsed time is 293.455313 seconds.

chan =

    11

Elapsed time is 292.763614 seconds.

chan =

    12

Elapsed time is 289.857278 seconds.

chan =

    13

Elapsed time is 290.030251 seconds.

chan =

    14

Elapsed time is 284.353322 seconds.

chan =

    15

Elapsed time is 284.056445 seconds.

chan =

    16

Elapsed time is 288.965180 seconds.

chan =

    17

Elapsed time is 286.100415 seconds.

chan =

    18

Elapsed time is 282.169406 seconds.

chan =

    19

Elapsed time is 276.538766 seconds.

chan =

    20

Elapsed time is 275.542179 seconds.

chan =

    21

Elapsed time is 274.990230 seconds.

chan =

    22

Elapsed time is 281.202369 seconds.

chan =

    23

Elapsed time is 292.552778 seconds.

chan =

    24

Elapsed time is 287.823772 seconds.

chan =

    25

Elapsed time is 276.141758 seconds.

chan =

    26

Elapsed time is 283.924437 seconds.

chan =

    27

Elapsed time is 281.313118 seconds.

chan =

    28

Elapsed time is 272.452330 seconds.

chan =

    29

Elapsed time is 268.401798 seconds.

chan =

    30

Elapsed time is 268.302635 seconds.

chan =

    31

Elapsed time is 264.531264 seconds.

chan =

    32

Elapsed time is 278.694780 seconds.

chan =

    33

Elapsed time is 273.722613 seconds.

chan =

    34

Elapsed time is 278.728995 seconds.

chan =

    35

Elapsed time is 285.560812 seconds.

chan =

    36

Elapsed time is 279.668140 seconds.

chan =

    37

Elapsed time is 279.874181 seconds.

chan =

    38

Elapsed time is 278.055090 seconds.

chan =

    39

Elapsed time is 284.411825 seconds.

chan =

    40

Elapsed time is 274.844459 seconds.

chan =

    41

Elapsed time is 260.995672 seconds.

chan =

    42

Elapsed time is 270.117560 seconds.

chan =

    43

Elapsed time is 258.075520 seconds.

chan =

    44

Elapsed time is 260.454375 seconds.

chan =

    45

Elapsed time is 261.316280 seconds.

chan =

    46

Elapsed time is 256.517877 seconds.

chan =

    47

Elapsed time is 260.869445 seconds.

chan =

    48

Elapsed time is 269.719499 seconds.

chan =

    49

Elapsed time is 275.149447 seconds.

chan =

    50

Elapsed time is 276.361701 seconds.

chan =

    51

Elapsed time is 265.855081 seconds.

chan =

    52

Elapsed time is 259.353052 seconds.

chan =

    53

Elapsed time is 256.430258 seconds.

chan =

    54

Elapsed time is 253.538639 seconds.

chan =

    55

Elapsed time is 254.005361 seconds.

chan =

    56

Elapsed time is 255.752975 seconds.

chan =

    57

Elapsed time is 251.646141 seconds.

chan =

    58

Elapsed time is 256.854421 seconds.

chan =

    59

Elapsed time is 256.924366 seconds.

chan =

    60

Elapsed time is 256.405134 seconds.

chan =

    61

Elapsed time is 254.483640 seconds.

chan =

    62

Elapsed time is 259.534418 seconds.

chan =

    63

Elapsed time is 256.200811 seconds.

chan =

    64

Elapsed time is 258.538775 seconds.

chan =

    65

Elapsed time is 257.647446 seconds.

chan =

    66

Elapsed time is 254.444190 seconds.

chan =

    67

Elapsed time is 246.300157 seconds.

chan =

    68

Elapsed time is 239.760824 seconds.

chan =

    69

Elapsed time is 235.509394 seconds.

chan =

    70

Elapsed time is 245.004917 seconds.

chan =

    71

Elapsed time is 241.757705 seconds.

chan =

    72

Elapsed time is 244.466168 seconds.

chan =

    73

Elapsed time is 240.904115 seconds.

chan =

    74

Elapsed time is 237.880392 seconds.

chan =

    75

Elapsed time is 239.085443 seconds.

chan =

    76

Elapsed time is 235.869651 seconds.

chan =

    77

Elapsed time is 236.914254 seconds.

chan =

    78

Elapsed time is 240.603459 seconds.

chan =

    79

Elapsed time is 239.157606 seconds.

chan =

    80

Elapsed time is 238.037931 seconds.

chan =

    81

Elapsed time is 240.789140 seconds.

chan =

    82

Elapsed time is 236.874692 seconds.

chan =

    83

Elapsed time is 240.431398 seconds.

chan =

    84

Elapsed time is 240.090454 seconds.

chan =

    85

Elapsed time is 240.685722 seconds.

chan =

    86

Elapsed time is 235.228612 seconds.

chan =

    87

Elapsed time is 232.832915 seconds.

chan =

    88

Elapsed time is 231.841646 seconds.

chan =

    89

Elapsed time is 228.458271 seconds.

chan =

    90

Elapsed time is 235.210674 seconds.

chan =

    91

Elapsed time is 232.678102 seconds.

chan =

    92

Elapsed time is 230.035322 seconds.

chan =

    93

Elapsed time is 267.716071 seconds.

chan =

    94

Elapsed time is 263.820017 seconds.

chan =

    95

Elapsed time is 250.287549 seconds.

chan =

    96

Elapsed time is 264.893393 seconds.

chan =

    97

Elapsed time is 266.501311 seconds.

chan =

    98

Elapsed time is 269.984773 seconds.

chan =

    99

Elapsed time is 266.325911 seconds.

chan =

   100

Elapsed time is 266.928671 seconds.

chan =

   101

Elapsed time is 268.964823 seconds.

chan =

   102

Elapsed time is 266.979848 seconds.

chan =

   103

Elapsed time is 253.478100 seconds.

chan =

   104

Elapsed time is 266.538707 seconds.

chan =

   105

Elapsed time is 266.821505 seconds.

chan =

   106

Elapsed time is 266.926567 seconds.

chan =

   107

Elapsed time is 263.446601 seconds.

chan =

   108

Elapsed time is 262.883318 seconds.

chan =

   109

Elapsed time is 245.715631 seconds.

