getting started: 3599
attempting file: 3599
going for SLCH010 5
data loaded: SLCH010 5
HFB already done

chan =

     1

Elapsed time is 479.251364 seconds.

chan =

     2

Elapsed time is 523.052325 seconds.

chan =

     3

Elapsed time is 500.577280 seconds.

chan =

     4

Elapsed time is 498.828315 seconds.

chan =

     5

Elapsed time is 495.966224 seconds.

chan =

     6

Elapsed time is 493.993582 seconds.

chan =

     7

Elapsed time is 500.265464 seconds.

chan =

     8

Elapsed time is 499.547523 seconds.

chan =

     9

Elapsed time is 499.239401 seconds.

chan =

    10

Elapsed time is 498.347093 seconds.

chan =

    11

Elapsed time is 496.961234 seconds.

chan =

    12

Elapsed time is 530.075871 seconds.

chan =

    13

Elapsed time is 550.179069 seconds.

chan =

    14

Elapsed time is 550.299515 seconds.

chan =

    15

Elapsed time is 554.846945 seconds.

chan =

    16

Elapsed time is 554.416273 seconds.

chan =

    17

Elapsed time is 540.015731 seconds.

chan =

    18

Elapsed time is 560.592146 seconds.

chan =

    19

Elapsed time is 552.083241 seconds.

chan =

    20

Elapsed time is 548.698703 seconds.

chan =

    21

Elapsed time is 531.883740 seconds.

chan =

    22

Elapsed time is 529.216565 seconds.

chan =

    23

Elapsed time is 497.619219 seconds.

chan =

    24

Elapsed time is 497.315234 seconds.

chan =

    25

Elapsed time is 498.259895 seconds.

chan =

    26

Elapsed time is 495.846750 seconds.

chan =

    27

Elapsed time is 492.779239 seconds.

chan =

    28

Elapsed time is 497.218652 seconds.

chan =

    29

Elapsed time is 496.446949 seconds.

chan =

    30

Elapsed time is 496.388423 seconds.

chan =

    31

Elapsed time is 493.139683 seconds.

chan =

    32

Elapsed time is 503.020035 seconds.

chan =

    33

Elapsed time is 499.158300 seconds.

chan =

    34

Elapsed time is 500.479693 seconds.

chan =

    35

Elapsed time is 496.618683 seconds.

chan =

    36

Elapsed time is 499.969913 seconds.

chan =

    37

Elapsed time is 497.074636 seconds.

chan =

    38

Elapsed time is 502.826460 seconds.

chan =

    39

Elapsed time is 496.696855 seconds.

chan =

    40

Elapsed time is 500.849589 seconds.

chan =

    41

Elapsed time is 495.565106 seconds.

chan =

    42

Elapsed time is 496.355756 seconds.

chan =

    43

Elapsed time is 491.679361 seconds.

chan =

    44

Elapsed time is 498.045865 seconds.

chan =

    45

Elapsed time is 495.534841 seconds.

chan =

    46

Elapsed time is 498.176702 seconds.

chan =

    47

Elapsed time is 493.643808 seconds.

chan =

    48

Elapsed time is 501.911347 seconds.

chan =

    49

Elapsed time is 501.030794 seconds.

chan =

    50

Elapsed time is 498.731336 seconds.

chan =

    51

Elapsed time is 497.639460 seconds.

chan =

    52

Elapsed time is 498.914210 seconds.

chan =

    53

Elapsed time is 493.129114 seconds.

chan =

    54

Elapsed time is 497.398727 seconds.

chan =

    55

Elapsed time is 496.202510 seconds.

chan =

    56

Elapsed time is 502.545685 seconds.

chan =

    57

Elapsed time is 497.113628 seconds.

chan =

    58

Elapsed time is 495.862075 seconds.

chan =

    59

Elapsed time is 503.939261 seconds.

chan =

    60

Elapsed time is 509.735868 seconds.

chan =

    61

Elapsed time is 520.165509 seconds.

chan =

    62

Elapsed time is 524.089186 seconds.

chan =

    63

Elapsed time is 526.827393 seconds.

chan =

    64

Elapsed time is 531.274768 seconds.

chan =

    65

Elapsed time is 525.453696 seconds.

chan =

    66

Elapsed time is 505.471404 seconds.

chan =

    67

Elapsed time is 504.257652 seconds.

chan =

    68

Elapsed time is 502.422575 seconds.

chan =

    69

Elapsed time is 500.360722 seconds.

chan =

    70

Elapsed time is 509.726140 seconds.

chan =

    71

Elapsed time is 507.478839 seconds.

chan =

    72

Elapsed time is 502.280799 seconds.

chan =

    73

Elapsed time is 497.162763 seconds.

chan =

    74

Elapsed time is 497.923855 seconds.

chan =

    75

Elapsed time is 562.515019 seconds.

chan =

    76

Elapsed time is 600.305431 seconds.

chan =

    77

Elapsed time is 590.622573 seconds.

chan =

    78

Elapsed time is 610.021448 seconds.

chan =

    79

Elapsed time is 562.546708 seconds.

chan =

    80

Elapsed time is 610.649678 seconds.

chan =

    81

Elapsed time is 612.096999 seconds.

chan =

    82

Elapsed time is 615.666798 seconds.

chan =

    83

Elapsed time is 609.339081 seconds.

chan =

    84

Elapsed time is 610.363274 seconds.

chan =

    85

Elapsed time is 602.407065 seconds.

chan =

    86

Elapsed time is 598.173151 seconds.

chan =

    87

Elapsed time is 599.576227 seconds.

chan =

    88

Elapsed time is 610.412931 seconds.

chan =

    89

Elapsed time is 606.505152 seconds.

chan =

    90

Elapsed time is 605.044736 seconds.

chan =

    91

Elapsed time is 600.355950 seconds.

chan =

    92

Elapsed time is 596.434113 seconds.

chan =

    93

Elapsed time is 598.322984 seconds.

chan =

    94

Elapsed time is 603.027033 seconds.

chan =

    95

Elapsed time is 602.284222 seconds.

chan =

    96

Elapsed time is 607.045149 seconds.

chan =

    97

Elapsed time is 604.739128 seconds.

chan =

    98

Elapsed time is 607.226683 seconds.

chan =

    99

Elapsed time is 608.800239 seconds.

chan =

   100

Elapsed time is 606.135120 seconds.

chan =

   101

Elapsed time is 599.253345 seconds.

chan =

   102

Elapsed time is 603.883264 seconds.

chan =

   103

Elapsed time is 600.457162 seconds.

chan =

   104

Elapsed time is 530.210050 seconds.

chan =

   105

Elapsed time is 492.153733 seconds.

chan =

   106

Elapsed time is 489.839605 seconds.

chan =

   107

Elapsed time is 490.198224 seconds.

chan =

   108

Elapsed time is 488.699088 seconds.

chan =

   109

Elapsed time is 489.741575 seconds.

chan =

   110

Elapsed time is 494.206461 seconds.

chan =

   111

Elapsed time is 491.316152 seconds.

chan =

   112

Elapsed time is 491.929747 seconds.

chan =

   113

Elapsed time is 492.347404 seconds.

chan =

   114

Elapsed time is 483.283190 seconds.
attempting saving
save success: /projects/p31578/dtf8829/QuestConnect/CHANDAT/chanDat_SLCH010_005.mat
working on TF
encoding done
encoding RT done
