getting started: 3300
attempting file: 3300
going for SD5 49
data loaded: SD5 49
HFB already done

chan =

     1

Elapsed time is 259.523575 seconds.

chan =

     2

Elapsed time is 256.323763 seconds.

chan =

     3

Elapsed time is 254.530242 seconds.

chan =

     4

Elapsed time is 251.669450 seconds.

chan =

     5

Elapsed time is 253.980220 seconds.

chan =

     6

Elapsed time is 253.915123 seconds.

chan =

     7

Elapsed time is 247.525001 seconds.

chan =

     8

Elapsed time is 239.836907 seconds.

chan =

     9

Elapsed time is 247.255959 seconds.

chan =

    10

Elapsed time is 264.135914 seconds.

chan =

    11

Elapsed time is 265.288667 seconds.

chan =

    12

Elapsed time is 259.537392 seconds.

chan =

    13

Elapsed time is 256.326296 seconds.

chan =

    14

Elapsed time is 279.593470 seconds.

chan =

    15

Elapsed time is 286.815232 seconds.

chan =

    16

Elapsed time is 289.415486 seconds.

chan =

    17

Elapsed time is 286.739896 seconds.

chan =

    18

Elapsed time is 288.897226 seconds.

chan =

    19

Elapsed time is 281.836835 seconds.

chan =

    20

Elapsed time is 287.643186 seconds.

chan =

    21

Elapsed time is 285.498670 seconds.

chan =

    22

Elapsed time is 287.542684 seconds.

chan =

    23

Elapsed time is 285.733403 seconds.

chan =

    24

Elapsed time is 289.194170 seconds.

chan =

    25

Elapsed time is 288.915270 seconds.

chan =

    26

Elapsed time is 289.516620 seconds.

chan =

    27

Elapsed time is 288.401382 seconds.

chan =

    28

Elapsed time is 279.127634 seconds.

chan =

    29

Elapsed time is 285.161682 seconds.

chan =

    30

Elapsed time is 287.938720 seconds.

chan =

    31

Elapsed time is 286.229900 seconds.

chan =

    32

Elapsed time is 288.316693 seconds.

chan =

    33

Elapsed time is 282.771723 seconds.

chan =

    34

Elapsed time is 283.754652 seconds.

chan =

    35

Elapsed time is 290.643946 seconds.

chan =

    36

Elapsed time is 288.833069 seconds.

chan =

    37

Elapsed time is 290.085035 seconds.

chan =

    38

Elapsed time is 286.392137 seconds.

chan =

    39

Elapsed time is 284.606566 seconds.

chan =

    40

Elapsed time is 288.119448 seconds.

chan =

    41

Elapsed time is 289.312290 seconds.

chan =

    42

Elapsed time is 287.441308 seconds.

chan =

    43

Elapsed time is 281.421729 seconds.

chan =

    44

Elapsed time is 284.741282 seconds.

chan =

    45

Elapsed time is 290.081005 seconds.

chan =

    46

Elapsed time is 289.236652 seconds.

chan =

    47

Elapsed time is 289.111618 seconds.

chan =

    48

Elapsed time is 268.640999 seconds.

chan =

    49

Elapsed time is 259.244757 seconds.

chan =

    50

Elapsed time is 260.412916 seconds.

chan =

    51

Elapsed time is 287.889566 seconds.

chan =

    52

Elapsed time is 288.756255 seconds.

chan =

    53

Elapsed time is 288.527532 seconds.

chan =

    54

Elapsed time is 287.608713 seconds.

chan =

    55

Elapsed time is 281.162241 seconds.

chan =

    56

Elapsed time is 289.661203 seconds.

chan =

    57

Elapsed time is 288.803748 seconds.

chan =

    58

Elapsed time is 286.226545 seconds.

chan =

    59

Elapsed time is 289.103870 seconds.

chan =

    60

Elapsed time is 282.334012 seconds.

chan =

    61

Elapsed time is 288.684059 seconds.

chan =

    62

Elapsed time is 291.618424 seconds.

chan =

    63

Elapsed time is 290.807055 seconds.

chan =

    64

Elapsed time is 292.330697 seconds.

chan =

    65

Elapsed time is 288.124144 seconds.

chan =

    66

Elapsed time is 290.160983 seconds.

chan =

    67

Elapsed time is 284.511265 seconds.

chan =

    68

Elapsed time is 287.427498 seconds.

chan =

    69

Elapsed time is 287.348817 seconds.

chan =

    70

Elapsed time is 286.543995 seconds.

chan =

    71

Elapsed time is 280.706717 seconds.

chan =

    72

Elapsed time is 286.759269 seconds.

chan =

    73

Elapsed time is 286.812441 seconds.

chan =

    74

Elapsed time is 284.497745 seconds.

chan =

    75

Elapsed time is 282.592022 seconds.

chan =

    76

Elapsed time is 286.588999 seconds.

chan =

    77

Elapsed time is 289.505650 seconds.

chan =

    78

Elapsed time is 287.428200 seconds.

chan =

    79

Elapsed time is 288.996584 seconds.

chan =

    80

Elapsed time is 286.949997 seconds.

chan =

    81

Elapsed time is 289.731281 seconds.

chan =

    82

Elapsed time is 284.473794 seconds.

chan =

    83

Elapsed time is 289.380588 seconds.

chan =

    84

Elapsed time is 289.322251 seconds.

chan =

    85

Elapsed time is 288.396794 seconds.

chan =

    86

Elapsed time is 285.536629 seconds.

chan =

    87

Elapsed time is 287.040139 seconds.

chan =

    88

Elapsed time is 288.558758 seconds.

chan =

    89

Elapsed time is 284.491011 seconds.

chan =

    90

Elapsed time is 290.083817 seconds.

chan =

    91

Elapsed time is 284.765425 seconds.

chan =

    92

Elapsed time is 283.061763 seconds.

chan =

    93

Elapsed time is 288.317372 seconds.

chan =

    94

Elapsed time is 282.696567 seconds.

chan =

    95

Elapsed time is 288.701028 seconds.

chan =

    96

Elapsed time is 286.455801 seconds.

chan =

    97

Elapsed time is 289.080992 seconds.

chan =

    98

Elapsed time is 288.990845 seconds.

chan =

    99

Elapsed time is 284.754681 seconds.

chan =

   100

Elapsed time is 288.196239 seconds.

chan =

   101

Elapsed time is 289.911232 seconds.

chan =

   102

Elapsed time is 282.875020 seconds.

chan =

   103

Elapsed time is 285.705814 seconds.

chan =

   104

Elapsed time is 288.119518 seconds.

chan =

   105

Elapsed time is 284.139346 seconds.

chan =

   106

Elapsed time is 284.003742 seconds.

chan =

   107

Elapsed time is 283.473164 seconds.

chan =

   108

Elapsed time is 282.798327 seconds.

chan =

   109

Elapsed time is 278.771511 seconds.

