getting started: 3033
attempting file: 3033
going for OH30 132
data loaded: OH30 132
HFB already done

chan =

     1

Elapsed time is 517.005841 seconds.

chan =

     2

Elapsed time is 514.812872 seconds.

chan =

     3

Elapsed time is 526.191910 seconds.

chan =

     4

Elapsed time is 532.177391 seconds.

chan =

     5

Elapsed time is 539.334948 seconds.

chan =

     6

Elapsed time is 536.584286 seconds.

chan =

     7

Elapsed time is 534.447732 seconds.

chan =

     8

Elapsed time is 536.850886 seconds.

chan =

     9

Elapsed time is 527.086365 seconds.

chan =

    10

Elapsed time is 524.480986 seconds.

chan =

    11

Elapsed time is 526.966617 seconds.

chan =

    12

Elapsed time is 522.212291 seconds.

chan =

    13

Elapsed time is 524.613775 seconds.

chan =

    14

Elapsed time is 507.843337 seconds.

chan =

    15

Elapsed time is 513.404301 seconds.

chan =

    16

Elapsed time is 518.798699 seconds.

chan =

    17

Elapsed time is 516.826644 seconds.

chan =

    18

Elapsed time is 515.960047 seconds.

chan =

    19

Elapsed time is 517.377904 seconds.

chan =

    20

Elapsed time is 519.378007 seconds.

chan =

    21

Elapsed time is 518.927144 seconds.

chan =

    22

Elapsed time is 513.922487 seconds.

chan =

    23

Elapsed time is 513.977937 seconds.

chan =

    24

Elapsed time is 512.357514 seconds.

chan =

    25

Elapsed time is 518.002508 seconds.

chan =

    26

Elapsed time is 514.427553 seconds.

chan =

    27

Elapsed time is 517.462961 seconds.

chan =

    28

Elapsed time is 516.285490 seconds.

chan =

    29

Elapsed time is 514.488914 seconds.

chan =

    30

Elapsed time is 514.055046 seconds.

chan =

    31

Elapsed time is 512.331518 seconds.

chan =

    32

Elapsed time is 508.100288 seconds.

chan =

    33

Elapsed time is 503.993642 seconds.

chan =

    34

Elapsed time is 505.558271 seconds.

chan =

    35

Elapsed time is 483.577203 seconds.

chan =

    36

Elapsed time is 494.664901 seconds.

chan =

    37

Elapsed time is 495.550694 seconds.

chan =

    38

Elapsed time is 478.813986 seconds.

chan =

    39

Elapsed time is 496.315171 seconds.

chan =

    40

Elapsed time is 491.552630 seconds.

chan =

    41

Elapsed time is 494.212508 seconds.

chan =

    42

Elapsed time is 495.751927 seconds.

chan =

    43

Elapsed time is 485.134994 seconds.

chan =

    44

Elapsed time is 500.232527 seconds.

chan =

    45

Elapsed time is 497.989572 seconds.

chan =

    46

Elapsed time is 479.697049 seconds.

chan =

    47

Elapsed time is 496.913755 seconds.

chan =

    48

Elapsed time is 484.667838 seconds.

chan =

    49

Elapsed time is 491.617768 seconds.

chan =

    50

Elapsed time is 499.125173 seconds.

chan =

    51

Elapsed time is 474.752497 seconds.

chan =

    52

Elapsed time is 499.975310 seconds.

chan =

    53

Elapsed time is 497.222511 seconds.

chan =

    54

Elapsed time is 476.959705 seconds.

chan =

    55

Elapsed time is 498.217424 seconds.

chan =

    56

Elapsed time is 500.900279 seconds.

chan =

    57

Elapsed time is 476.390087 seconds.

chan =

    58

Elapsed time is 499.713808 seconds.

chan =

    59

Elapsed time is 489.763464 seconds.

chan =

    60

Elapsed time is 488.790431 seconds.

chan =

    61

Elapsed time is 470.554539 seconds.

chan =

    62

Elapsed time is 437.073444 seconds.

chan =

    63

Elapsed time is 465.371716 seconds.

chan =

    64

Elapsed time is 459.017652 seconds.

chan =

    65

Elapsed time is 428.452581 seconds.

chan =

    66

Elapsed time is 473.425021 seconds.

chan =

    67

Elapsed time is 451.468740 seconds.

chan =

    68

Elapsed time is 459.684594 seconds.

chan =

    69

Elapsed time is 472.745904 seconds.

chan =

    70

Elapsed time is 469.373108 seconds.

chan =

    71

Elapsed time is 443.871578 seconds.

chan =

    72

Elapsed time is 471.550546 seconds.

chan =

    73

Elapsed time is 475.609449 seconds.

chan =

    74

Elapsed time is 467.961504 seconds.

chan =

    75

Elapsed time is 460.730544 seconds.

chan =

    76

Elapsed time is 462.627889 seconds.

chan =

    77

Elapsed time is 448.788402 seconds.

chan =

    78

Elapsed time is 467.234872 seconds.

chan =

    79

Elapsed time is 451.559279 seconds.

chan =

    80

Elapsed time is 467.648605 seconds.

chan =

    81

Elapsed time is 468.371312 seconds.

chan =

    82

Elapsed time is 448.577149 seconds.

chan =

    83

Elapsed time is 466.510872 seconds.

chan =

    84

Elapsed time is 471.275845 seconds.

chan =

    85

Elapsed time is 463.387646 seconds.

chan =

    86

Elapsed time is 469.353118 seconds.

chan =

    87

Elapsed time is 473.429575 seconds.

chan =

    88

Elapsed time is 452.458130 seconds.

chan =

    89

Elapsed time is 467.013004 seconds.

chan =

    90

Elapsed time is 466.601524 seconds.

chan =

    91

Elapsed time is 461.349467 seconds.

chan =

    92

Elapsed time is 470.302674 seconds.

chan =

    93

Elapsed time is 447.533006 seconds.

chan =

    94

Elapsed time is 459.591507 seconds.

chan =

    95

Elapsed time is 476.122710 seconds.

chan =

    96

Elapsed time is 459.611467 seconds.

chan =

    97

Elapsed time is 460.499854 seconds.

chan =

    98

Elapsed time is 475.709808 seconds.

chan =

    99

Elapsed time is 458.682392 seconds.

chan =

   100

Elapsed time is 470.310140 seconds.

chan =

   101

Elapsed time is 467.965062 seconds.

chan =

   102

Elapsed time is 439.917423 seconds.

chan =

   103

Elapsed time is 482.618992 seconds.

chan =

   104

Elapsed time is 518.066075 seconds.

chan =

   105

Elapsed time is 515.180332 seconds.

chan =

   106

Elapsed time is 517.687450 seconds.

chan =

   107

Elapsed time is 514.917864 seconds.

chan =

   108

Elapsed time is 516.269738 seconds.

chan =

   109

Elapsed time is 510.363946 seconds.

chan =

   110

Elapsed time is 513.919869 seconds.

chan =

   111

Elapsed time is 515.178417 seconds.

chan =

   112

Elapsed time is 516.843380 seconds.

chan =

   113

Elapsed time is 513.813196 seconds.

chan =

   114

Elapsed time is 514.771532 seconds.

chan =

   115

Elapsed time is 514.516733 seconds.

chan =

   116

Elapsed time is 513.141177 seconds.

chan =

   117

Elapsed time is 512.246638 seconds.

chan =

   118

Elapsed time is 510.559424 seconds.

chan =

   119

Elapsed time is 516.846861 seconds.

chan =

   120

Elapsed time is 517.232755 seconds.

chan =

   121

Elapsed time is 516.220651 seconds.

chan =

   122

Elapsed time is 517.486083 seconds.

chan =

   123

Elapsed time is 514.385694 seconds.

chan =

   124

Elapsed time is 515.542638 seconds.

chan =

   125

Elapsed time is 514.947230 seconds.

chan =

   126

Elapsed time is 515.611111 seconds.

chan =

   127

Elapsed time is 515.411629 seconds.

chan =

   128

Elapsed time is 514.200942 seconds.

chan =

   129

Elapsed time is 511.610312 seconds.

chan =

   130

Elapsed time is 512.132651 seconds.

chan =

   131

Elapsed time is 508.962927 seconds.

chan =

   132

Elapsed time is 514.738961 seconds.

chan =

   133

Elapsed time is 513.794999 seconds.

chan =

   134

Elapsed time is 481.495040 seconds.

chan =

   135

Elapsed time is 448.936491 seconds.

chan =

   136

Elapsed time is 451.799455 seconds.

chan =

   137

Elapsed time is 448.217366 seconds.

chan =

   138

