getting started: 3302
attempting file: 3302
going for SD5 51
data loaded: SD5 51
HFB already done

chan =

     1

Elapsed time is 260.960460 seconds.

chan =

     2

Elapsed time is 257.431444 seconds.

chan =

     3

Elapsed time is 254.077698 seconds.

chan =

     4

Elapsed time is 253.220989 seconds.

chan =

     5

Elapsed time is 256.471721 seconds.

chan =

     6

Elapsed time is 253.901193 seconds.

chan =

     7

Elapsed time is 248.642952 seconds.

chan =

     8

Elapsed time is 239.528458 seconds.

chan =

     9

Elapsed time is 250.573691 seconds.

chan =

    10

Elapsed time is 266.171249 seconds.

chan =

    11

Elapsed time is 266.884429 seconds.

chan =

    12

Elapsed time is 258.258676 seconds.

chan =

    13

Elapsed time is 259.995894 seconds.

chan =

    14

Elapsed time is 280.081593 seconds.

chan =

    15

Elapsed time is 288.345526 seconds.

chan =

    16

Elapsed time is 290.442576 seconds.

chan =

    17

Elapsed time is 290.269962 seconds.

chan =

    18

Elapsed time is 289.993603 seconds.

chan =

    19

Elapsed time is 284.379418 seconds.

chan =

    20

Elapsed time is 288.887641 seconds.

chan =

    21

Elapsed time is 287.606356 seconds.

chan =

    22

Elapsed time is 288.878816 seconds.

chan =

    23

Elapsed time is 287.676459 seconds.

chan =

    24

Elapsed time is 290.796988 seconds.

chan =

    25

Elapsed time is 289.027287 seconds.

chan =

    26

Elapsed time is 289.972050 seconds.

chan =

    27

Elapsed time is 289.467224 seconds.

chan =

    28

Elapsed time is 278.501497 seconds.

chan =

    29

Elapsed time is 287.297332 seconds.

chan =

    30

Elapsed time is 292.121050 seconds.

chan =

    31

Elapsed time is 289.054314 seconds.

chan =

    32

Elapsed time is 290.869647 seconds.

chan =

    33

Elapsed time is 282.026398 seconds.

chan =

    34

Elapsed time is 286.300977 seconds.

chan =

    35

Elapsed time is 292.273642 seconds.

chan =

    36

Elapsed time is 290.439124 seconds.

chan =

    37

Elapsed time is 289.122248 seconds.

chan =

    38

Elapsed time is 284.403552 seconds.

chan =

    39

Elapsed time is 288.639084 seconds.

chan =

    40

Elapsed time is 289.375087 seconds.

chan =

    41

Elapsed time is 290.189607 seconds.

chan =

    42

Elapsed time is 289.777209 seconds.

chan =

    43

Elapsed time is 281.140873 seconds.

chan =

    44

Elapsed time is 286.915902 seconds.

chan =

    45

Elapsed time is 292.477684 seconds.

chan =

    46

Elapsed time is 292.232129 seconds.

chan =

    47

Elapsed time is 290.650278 seconds.

chan =

    48

Elapsed time is 262.949505 seconds.

chan =

    49

Elapsed time is 267.036376 seconds.

chan =

    50

Elapsed time is 266.861198 seconds.

chan =

    51

Elapsed time is 292.508040 seconds.

chan =

    52

Elapsed time is 289.275907 seconds.

chan =

    53

Elapsed time is 292.101140 seconds.

chan =

    54

Elapsed time is 289.778498 seconds.

chan =

    55

Elapsed time is 285.999181 seconds.

chan =

    56

Elapsed time is 291.470139 seconds.

chan =

    57

Elapsed time is 293.734103 seconds.

chan =

    58

Elapsed time is 291.266586 seconds.

chan =

    59

Elapsed time is 292.057237 seconds.

chan =

    60

Elapsed time is 284.939821 seconds.

chan =

    61

Elapsed time is 295.701051 seconds.

chan =

    62

Elapsed time is 295.210933 seconds.

chan =

    63

Elapsed time is 295.235005 seconds.

chan =

    64

Elapsed time is 295.558416 seconds.

chan =

    65

Elapsed time is 293.269602 seconds.

chan =

    66

Elapsed time is 293.729752 seconds.

chan =

    67

Elapsed time is 288.336599 seconds.

chan =

    68

Elapsed time is 288.907392 seconds.

chan =

    69

Elapsed time is 289.152364 seconds.

chan =

    70

Elapsed time is 286.143379 seconds.

chan =

    71

Elapsed time is 287.304948 seconds.

chan =

    72

Elapsed time is 290.752409 seconds.

chan =

    73

Elapsed time is 289.704313 seconds.

chan =

    74

Elapsed time is 287.643469 seconds.

chan =

    75

Elapsed time is 284.820384 seconds.

chan =

    76

Elapsed time is 290.435631 seconds.

chan =

    77

Elapsed time is 292.243272 seconds.

chan =

    78

Elapsed time is 290.669256 seconds.

chan =

    79

Elapsed time is 288.895858 seconds.

chan =

    80

Elapsed time is 288.371033 seconds.

chan =

    81

Elapsed time is 286.260876 seconds.

chan =

    82

Elapsed time is 288.280474 seconds.

chan =

    83

Elapsed time is 289.862717 seconds.

chan =

    84

Elapsed time is 288.768093 seconds.

chan =

    85

Elapsed time is 290.839546 seconds.

chan =

    86

Elapsed time is 290.295037 seconds.

chan =

    87

Elapsed time is 291.637814 seconds.

chan =

    88

Elapsed time is 291.381587 seconds.

chan =

    89

Elapsed time is 286.386477 seconds.

chan =

    90

Elapsed time is 292.131595 seconds.

chan =

    91

Elapsed time is 283.995798 seconds.

chan =

    92

Elapsed time is 287.557737 seconds.

chan =

    93

Elapsed time is 284.960509 seconds.

chan =

    94

Elapsed time is 287.958194 seconds.

chan =

    95

Elapsed time is 288.885048 seconds.

chan =

    96

Elapsed time is 290.345870 seconds.

chan =

    97

Elapsed time is 291.835133 seconds.

chan =

    98

Elapsed time is 289.959918 seconds.

chan =

    99

Elapsed time is 290.478085 seconds.

chan =

   100

Elapsed time is 289.029023 seconds.

chan =

   101

Elapsed time is 287.015061 seconds.

chan =

   102

Elapsed time is 285.403335 seconds.

chan =

   103

Elapsed time is 287.968574 seconds.

chan =

   104

Elapsed time is 286.979219 seconds.

chan =

   105

Elapsed time is 286.655429 seconds.

chan =

   106

Elapsed time is 284.504315 seconds.

chan =

   107

Elapsed time is 282.150084 seconds.

chan =

   108

Elapsed time is 283.103627 seconds.

chan =

   109

Elapsed time is 280.113473 seconds.

