getting started: 3608
attempting file: 3608
going for SLCH010 14
data loaded: SLCH010 14
HFB already done

chan =

     1

Elapsed time is 463.858461 seconds.

chan =

     2

Elapsed time is 473.289743 seconds.

chan =

     3

Elapsed time is 454.614136 seconds.

chan =

     4

Elapsed time is 458.606359 seconds.

chan =

     5

Elapsed time is 460.516211 seconds.

chan =

     6

Elapsed time is 451.633940 seconds.

chan =

     7

Elapsed time is 457.011427 seconds.

chan =

     8

Elapsed time is 455.920397 seconds.

chan =

     9

Elapsed time is 451.427734 seconds.

chan =

    10

Elapsed time is 457.440635 seconds.

chan =

    11

Elapsed time is 454.240519 seconds.

chan =

    12

Elapsed time is 455.262350 seconds.

chan =

    13

Elapsed time is 461.253982 seconds.

chan =

    14

Elapsed time is 467.599952 seconds.

chan =

    15

Elapsed time is 467.690529 seconds.

chan =

    16

Elapsed time is 462.150271 seconds.

chan =

    17

Elapsed time is 457.317734 seconds.

chan =

    18

Elapsed time is 469.250009 seconds.

chan =

    19

Elapsed time is 460.071202 seconds.

chan =

    20

Elapsed time is 469.263649 seconds.

chan =

    21

Elapsed time is 462.641171 seconds.

chan =

    22

Elapsed time is 461.178283 seconds.

chan =

    23

Elapsed time is 467.503657 seconds.

chan =

    24

Elapsed time is 458.508502 seconds.

chan =

    25

Elapsed time is 453.135799 seconds.

chan =

    26

Elapsed time is 453.276118 seconds.

chan =

    27

Elapsed time is 447.116687 seconds.

chan =

    28

Elapsed time is 462.243379 seconds.

chan =

    29

Elapsed time is 455.836169 seconds.

chan =

    30

Elapsed time is 449.400322 seconds.

chan =

    31

Elapsed time is 450.602046 seconds.

chan =

    32

Elapsed time is 444.539162 seconds.

chan =

    33

Elapsed time is 454.362813 seconds.

chan =

    34

Elapsed time is 456.601714 seconds.

chan =

    35

Elapsed time is 460.762468 seconds.

chan =

    36

Elapsed time is 456.070043 seconds.

chan =

    37

Elapsed time is 460.350155 seconds.

chan =

    38

Elapsed time is 454.381102 seconds.

chan =

    39

Elapsed time is 454.385999 seconds.

chan =

    40

Elapsed time is 457.519701 seconds.

chan =

    41

Elapsed time is 460.667875 seconds.

chan =

    42

Elapsed time is 460.575719 seconds.

chan =

    43

Elapsed time is 450.060472 seconds.

chan =

    44

Elapsed time is 453.023459 seconds.

chan =

    45

Elapsed time is 447.619686 seconds.

chan =

    46

Elapsed time is 450.000976 seconds.

chan =

    47

Elapsed time is 453.883273 seconds.

chan =

    48

Elapsed time is 449.790096 seconds.

chan =

    49

Elapsed time is 455.310649 seconds.

chan =

    50

Elapsed time is 449.179960 seconds.

chan =

    51

Elapsed time is 455.971264 seconds.

chan =

    52

Elapsed time is 458.262537 seconds.

chan =

    53

Elapsed time is 443.798356 seconds.

chan =

    54

Elapsed time is 451.889489 seconds.

chan =

    55

Elapsed time is 459.719149 seconds.

chan =

    56

Elapsed time is 457.317564 seconds.

chan =

    57

Elapsed time is 444.169998 seconds.

chan =

    58

Elapsed time is 451.426740 seconds.

chan =

    59

Elapsed time is 452.627245 seconds.

chan =

    60

Elapsed time is 458.162129 seconds.

chan =

    61

Elapsed time is 451.311490 seconds.

chan =

    62

Elapsed time is 464.648852 seconds.

chan =

    63

Elapsed time is 451.926107 seconds.

chan =

    64

Elapsed time is 454.278140 seconds.

chan =

    65

Elapsed time is 457.114702 seconds.

chan =

    66

Elapsed time is 457.693655 seconds.

chan =

    67

Elapsed time is 456.630296 seconds.

chan =

    68

Elapsed time is 465.092494 seconds.

chan =

    69

Elapsed time is 458.109297 seconds.

chan =

    70

Elapsed time is 452.164308 seconds.

chan =

    71

Elapsed time is 452.488056 seconds.

chan =

    72

Elapsed time is 449.428950 seconds.

chan =

    73

Elapsed time is 456.172481 seconds.

chan =

    74

Elapsed time is 453.448683 seconds.

chan =

    75

Elapsed time is 444.052046 seconds.

chan =

    76

Elapsed time is 440.910779 seconds.

chan =

    77

Elapsed time is 442.745957 seconds.

chan =

    78

Elapsed time is 448.244970 seconds.

chan =

    79

Elapsed time is 447.910521 seconds.

chan =

    80

Elapsed time is 442.748481 seconds.

chan =

    81

Elapsed time is 448.527500 seconds.

chan =

    82

Elapsed time is 449.094515 seconds.

chan =

    83

Elapsed time is 449.292389 seconds.

chan =

    84

Elapsed time is 456.722544 seconds.

chan =

    85

Elapsed time is 445.393111 seconds.

chan =

    86

Elapsed time is 434.149210 seconds.

chan =

    87

Elapsed time is 436.075546 seconds.

chan =

    88

Elapsed time is 434.082155 seconds.

chan =

    89

Elapsed time is 442.892406 seconds.

chan =

    90

Elapsed time is 442.278692 seconds.

chan =

    91

Elapsed time is 439.344766 seconds.

chan =

    92

Elapsed time is 443.342761 seconds.

chan =

    93

Elapsed time is 443.888097 seconds.

chan =

    94

Elapsed time is 441.951810 seconds.

chan =

    95

Elapsed time is 437.385688 seconds.

chan =

    96

Elapsed time is 433.002322 seconds.

chan =

    97

Elapsed time is 437.623277 seconds.

chan =

    98

Elapsed time is 441.227828 seconds.

chan =

    99

Elapsed time is 443.271892 seconds.

chan =

   100

Elapsed time is 436.588847 seconds.

chan =

   101

Elapsed time is 442.624722 seconds.

chan =

   102

Elapsed time is 441.098508 seconds.

chan =

   103

Elapsed time is 444.585678 seconds.

chan =

   104

Elapsed time is 441.138378 seconds.

chan =

   105

Elapsed time is 439.735708 seconds.

chan =

   106

Elapsed time is 444.216728 seconds.

chan =

   107

Elapsed time is 446.655653 seconds.

chan =

   108

Elapsed time is 444.566230 seconds.

chan =

   109

Elapsed time is 446.443760 seconds.

chan =

   110

Elapsed time is 447.341148 seconds.

chan =

   111

Elapsed time is 442.710063 seconds.

chan =

   112

Elapsed time is 446.927413 seconds.

chan =

   113

Elapsed time is 445.565001 seconds.

chan =

   114

Elapsed time is 446.998049 seconds.
attempting saving
save success: /projects/p31578/dtf8829/QuestConnect/CHANDAT/chanDat_SLCH010_014.mat
working on TF
