getting started: 3344
attempting file: 3344
going for SD5 93
data loaded: SD5 93
HFB already done

chan =

     1

Elapsed time is 303.316844 seconds.

chan =

     2

Elapsed time is 304.411353 seconds.

chan =

     3

Elapsed time is 303.654196 seconds.

chan =

     4

Elapsed time is 313.740399 seconds.

chan =

     5

Elapsed time is 302.189256 seconds.

chan =

     6

Elapsed time is 299.825799 seconds.

chan =

     7

Elapsed time is 294.888011 seconds.

chan =

     8

Elapsed time is 297.746242 seconds.

chan =

     9

Elapsed time is 301.126817 seconds.

chan =

    10

Elapsed time is 299.266414 seconds.

chan =

    11

Elapsed time is 299.268521 seconds.

chan =

    12

Elapsed time is 295.236749 seconds.

chan =

    13

Elapsed time is 292.052364 seconds.

chan =

    14

Elapsed time is 290.527672 seconds.

chan =

    15

Elapsed time is 294.639711 seconds.

chan =

    16

Elapsed time is 294.656516 seconds.

chan =

    17

Elapsed time is 289.661738 seconds.

chan =

    18

Elapsed time is 289.241667 seconds.

chan =

    19

Elapsed time is 284.153386 seconds.

chan =

    20

Elapsed time is 280.274831 seconds.

chan =

    21

Elapsed time is 285.473756 seconds.

chan =

    22

Elapsed time is 292.717827 seconds.

chan =

    23

Elapsed time is 299.141961 seconds.

chan =

    24

Elapsed time is 286.803873 seconds.

chan =

    25

Elapsed time is 289.194406 seconds.

chan =

    26

Elapsed time is 290.407320 seconds.

chan =

    27

Elapsed time is 285.812492 seconds.

chan =

    28

Elapsed time is 282.144386 seconds.

chan =

    29

Elapsed time is 275.756957 seconds.

chan =

    30

Elapsed time is 280.399627 seconds.

chan =

    31

Elapsed time is 285.010129 seconds.

chan =

    32

Elapsed time is 286.191438 seconds.

chan =

    33

Elapsed time is 285.385973 seconds.

chan =

    34

Elapsed time is 293.314738 seconds.

chan =

    35

Elapsed time is 289.625726 seconds.

chan =

    36

Elapsed time is 290.084219 seconds.

chan =

    37

Elapsed time is 286.188353 seconds.

chan =

    38

Elapsed time is 292.492671 seconds.

chan =

    39

Elapsed time is 282.774842 seconds.

chan =

    40

Elapsed time is 265.787924 seconds.

chan =

    41

Elapsed time is 275.764975 seconds.

chan =

    42

Elapsed time is 264.452932 seconds.

chan =

    43

Elapsed time is 267.473356 seconds.

chan =

    44

Elapsed time is 265.406458 seconds.

chan =

    45

Elapsed time is 263.404519 seconds.

chan =

    46

Elapsed time is 273.946122 seconds.

chan =

    47

Elapsed time is 278.670625 seconds.

chan =

    48

Elapsed time is 286.377832 seconds.

chan =

    49

Elapsed time is 280.771717 seconds.

chan =

    50

Elapsed time is 273.626768 seconds.

chan =

    51

Elapsed time is 264.435639 seconds.

chan =

    52

Elapsed time is 263.377418 seconds.

chan =

    53

Elapsed time is 258.645192 seconds.

chan =

    54

Elapsed time is 265.572881 seconds.

chan =

    55

Elapsed time is 261.520049 seconds.

chan =

    56

Elapsed time is 262.052718 seconds.

chan =

    57

Elapsed time is 265.074022 seconds.

chan =

    58

Elapsed time is 262.102105 seconds.

chan =

    59

Elapsed time is 266.893320 seconds.

chan =

    60

Elapsed time is 265.339302 seconds.

chan =

    61

Elapsed time is 266.255198 seconds.

chan =

    62

Elapsed time is 263.255163 seconds.

chan =

    63

Elapsed time is 267.773722 seconds.

chan =

    64

Elapsed time is 265.080628 seconds.

chan =

    65

Elapsed time is 258.294562 seconds.

chan =

    66

Elapsed time is 246.850836 seconds.

chan =

    67

Elapsed time is 244.097297 seconds.

chan =

    68

Elapsed time is 250.426473 seconds.

chan =

    69

Elapsed time is 250.522218 seconds.

chan =

    70

Elapsed time is 250.123991 seconds.

chan =

    71

Elapsed time is 251.256877 seconds.

chan =

    72

Elapsed time is 243.126648 seconds.

chan =

    73

Elapsed time is 248.549348 seconds.

chan =

    74

Elapsed time is 246.022260 seconds.

chan =

    75

Elapsed time is 248.860290 seconds.

chan =

    76

Elapsed time is 248.631818 seconds.

chan =

    77

Elapsed time is 248.495944 seconds.

chan =

    78

Elapsed time is 247.551490 seconds.

chan =

    79

Elapsed time is 247.216805 seconds.

chan =

    80

Elapsed time is 245.904741 seconds.

chan =

    81

Elapsed time is 248.733904 seconds.

chan =

    82

Elapsed time is 246.926023 seconds.

chan =

    83

Elapsed time is 247.152688 seconds.

chan =

    84

Elapsed time is 243.294511 seconds.

chan =

    85

Elapsed time is 240.820556 seconds.

chan =

    86

Elapsed time is 238.749312 seconds.

chan =

    87

Elapsed time is 237.854216 seconds.

chan =

    88

Elapsed time is 240.458981 seconds.

chan =

    89

Elapsed time is 240.332531 seconds.

chan =

    90

Elapsed time is 267.517531 seconds.

chan =

    91

Elapsed time is 273.288762 seconds.

chan =

    92

Elapsed time is 261.810499 seconds.

chan =

    93

Elapsed time is 275.242269 seconds.

chan =

    94

Elapsed time is 274.653929 seconds.

chan =

    95

Elapsed time is 277.102120 seconds.

chan =

    96

Elapsed time is 272.951048 seconds.

chan =

    97

Elapsed time is 275.641805 seconds.

chan =

    98

Elapsed time is 275.864401 seconds.

chan =

    99

Elapsed time is 270.346683 seconds.

chan =

   100

Elapsed time is 258.771979 seconds.

chan =

   101

Elapsed time is 274.525782 seconds.

chan =

   102

Elapsed time is 274.229343 seconds.

chan =

   103

Elapsed time is 272.202876 seconds.

chan =

   104

Elapsed time is 272.725517 seconds.

chan =

   105

Elapsed time is 270.479175 seconds.

chan =

   106

Elapsed time is 246.630341 seconds.

chan =

   107

Elapsed time is 232.438324 seconds.

chan =

   108

Elapsed time is 279.719081 seconds.

chan =

   109

Elapsed time is 296.964117 seconds.

