getting started: 3336
attempting file: 3336
going for SD5 85
data loaded: SD5 85
HFB already done

chan =

     1

Elapsed time is 300.402298 seconds.

chan =

     2

Elapsed time is 301.772689 seconds.

chan =

     3

Elapsed time is 302.501529 seconds.

chan =

     4

Elapsed time is 316.742471 seconds.

chan =

     5

Elapsed time is 299.623001 seconds.

chan =

     6

Elapsed time is 298.449515 seconds.

chan =

     7

Elapsed time is 292.624328 seconds.

chan =

     8

Elapsed time is 294.956007 seconds.

chan =

     9

Elapsed time is 298.658074 seconds.

chan =

    10

Elapsed time is 297.380426 seconds.

chan =

    11

Elapsed time is 297.985873 seconds.

chan =

    12

Elapsed time is 292.728108 seconds.

chan =

    13

Elapsed time is 290.573854 seconds.

chan =

    14

Elapsed time is 289.940445 seconds.

chan =

    15

Elapsed time is 290.173561 seconds.

chan =

    16

Elapsed time is 292.558233 seconds.

chan =

    17

Elapsed time is 289.360241 seconds.

chan =

    18

Elapsed time is 285.124994 seconds.

chan =

    19

Elapsed time is 281.958460 seconds.

chan =

    20

Elapsed time is 277.987891 seconds.

chan =

    21

Elapsed time is 282.731122 seconds.

chan =

    22

Elapsed time is 287.488943 seconds.

chan =

    23

Elapsed time is 294.952466 seconds.

chan =

    24

Elapsed time is 288.900283 seconds.

chan =

    25

Elapsed time is 281.455957 seconds.

chan =

    26

Elapsed time is 287.384041 seconds.

chan =

    27

Elapsed time is 285.040537 seconds.

chan =

    28

Elapsed time is 279.861077 seconds.

chan =

    29

Elapsed time is 275.383193 seconds.

chan =

    30

Elapsed time is 277.590086 seconds.

chan =

    31

Elapsed time is 275.415881 seconds.

chan =

    32

Elapsed time is 287.757643 seconds.

chan =

    33

Elapsed time is 278.148202 seconds.

chan =

    34

Elapsed time is 289.037479 seconds.

chan =

    35

Elapsed time is 286.438108 seconds.

chan =

    36

Elapsed time is 289.509894 seconds.

chan =

    37

Elapsed time is 278.033928 seconds.

chan =

    38

Elapsed time is 293.586521 seconds.

chan =

    39

Elapsed time is 281.357469 seconds.

chan =

    40

Elapsed time is 269.959337 seconds.

chan =

    41

Elapsed time is 276.937466 seconds.

chan =

    42

Elapsed time is 262.495917 seconds.

chan =

    43

Elapsed time is 263.635891 seconds.

chan =

    44

Elapsed time is 267.298423 seconds.

chan =

    45

Elapsed time is 260.492069 seconds.

chan =

    46

Elapsed time is 264.871620 seconds.

chan =

    47

Elapsed time is 273.251420 seconds.

chan =

    48

Elapsed time is 283.257683 seconds.

chan =

    49

Elapsed time is 282.541626 seconds.

chan =

    50

Elapsed time is 270.751800 seconds.

chan =

    51

Elapsed time is 265.014543 seconds.

chan =

    52

Elapsed time is 260.561343 seconds.

chan =

    53

Elapsed time is 257.828030 seconds.

chan =

    54

Elapsed time is 257.681015 seconds.

chan =

    55

Elapsed time is 258.793455 seconds.

chan =

    56

Elapsed time is 256.273304 seconds.

chan =

    57

Elapsed time is 260.356920 seconds.

chan =

    58

Elapsed time is 259.610436 seconds.

chan =

    59

Elapsed time is 259.701388 seconds.

chan =

    60

Elapsed time is 260.489874 seconds.

chan =

    61

Elapsed time is 261.311320 seconds.

chan =

    62

Elapsed time is 260.187395 seconds.

chan =

    63

Elapsed time is 260.950754 seconds.

chan =

    64

Elapsed time is 262.696394 seconds.

chan =

    65

Elapsed time is 258.399858 seconds.

chan =

    66

Elapsed time is 247.922666 seconds.

chan =

    67

Elapsed time is 241.159247 seconds.

chan =

    68

Elapsed time is 237.748997 seconds.

chan =

    69

Elapsed time is 246.659166 seconds.

chan =

    70

Elapsed time is 246.052629 seconds.

chan =

    71

Elapsed time is 246.760985 seconds.

chan =

    72

Elapsed time is 244.558250 seconds.

chan =

    73

Elapsed time is 239.719492 seconds.

chan =

    74

Elapsed time is 242.538910 seconds.

chan =

    75

Elapsed time is 243.540904 seconds.

chan =

    76

Elapsed time is 242.720562 seconds.

chan =

    77

Elapsed time is 246.247376 seconds.

chan =

    78

Elapsed time is 241.811535 seconds.

chan =

    79

Elapsed time is 246.390204 seconds.

chan =

    80

Elapsed time is 245.540405 seconds.

chan =

    81

Elapsed time is 245.247179 seconds.

chan =

    82

Elapsed time is 246.687682 seconds.

chan =

    83

Elapsed time is 246.943329 seconds.

chan =

    84

Elapsed time is 244.929228 seconds.

chan =

    85

Elapsed time is 240.784018 seconds.

chan =

    86

Elapsed time is 238.030825 seconds.

chan =

    87

Elapsed time is 237.549392 seconds.

chan =

    88

Elapsed time is 235.958805 seconds.

chan =

    89

Elapsed time is 239.065097 seconds.

chan =

    90

Elapsed time is 237.273054 seconds.

chan =

    91

Elapsed time is 264.567379 seconds.

chan =

    92

Elapsed time is 269.868517 seconds.

chan =

    93

Elapsed time is 261.480876 seconds.

chan =

    94

Elapsed time is 270.130104 seconds.

chan =

    95

Elapsed time is 272.049168 seconds.

chan =

    96

Elapsed time is 273.651894 seconds.

chan =

    97

Elapsed time is 272.854448 seconds.

chan =

    98

Elapsed time is 272.742473 seconds.

chan =

    99

Elapsed time is 273.464516 seconds.

chan =

   100

Elapsed time is 271.591506 seconds.

chan =

   101

Elapsed time is 254.688322 seconds.

chan =

   102

Elapsed time is 271.343402 seconds.

chan =

   103

Elapsed time is 272.436173 seconds.

chan =

   104

Elapsed time is 272.643652 seconds.

chan =

   105

Elapsed time is 269.844429 seconds.

chan =

   106

Elapsed time is 268.098635 seconds.

chan =

   107

Elapsed time is 251.331372 seconds.

chan =

   108

Elapsed time is 230.166569 seconds.

chan =

   109

Elapsed time is 262.172633 seconds.

