getting started: 3624
attempting file: 3624
going for SLCH010 30
data loaded: SLCH010 30
HFB already done

chan =

     1

Elapsed time is 554.746560 seconds.

chan =

     2

Elapsed time is 536.286103 seconds.

chan =

     3

Elapsed time is 533.007462 seconds.

chan =

     4

Elapsed time is 537.367019 seconds.

chan =

     5

Elapsed time is 529.756732 seconds.

chan =

     6

Elapsed time is 531.734773 seconds.

chan =

     7

Elapsed time is 535.888872 seconds.

chan =

     8

Elapsed time is 532.773886 seconds.

chan =

     9

Elapsed time is 533.289313 seconds.

chan =

    10

Elapsed time is 538.597220 seconds.

chan =

    11

Elapsed time is 529.390151 seconds.

chan =

    12

Elapsed time is 535.474464 seconds.

chan =

    13

Elapsed time is 532.293913 seconds.

chan =

    14

Elapsed time is 527.463700 seconds.

chan =

    15

Elapsed time is 534.758972 seconds.

chan =

    16

Elapsed time is 530.592443 seconds.

chan =

    17

Elapsed time is 532.942418 seconds.

chan =

    18

Elapsed time is 535.656650 seconds.

chan =

    19

Elapsed time is 528.589277 seconds.

chan =

    20

Elapsed time is 533.388453 seconds.

chan =

    21

Elapsed time is 526.800878 seconds.

chan =

    22

Elapsed time is 535.143652 seconds.

chan =

    23

Elapsed time is 527.431543 seconds.

chan =

    24

Elapsed time is 535.947308 seconds.

chan =

    25

Elapsed time is 531.695274 seconds.

chan =

    26

Elapsed time is 536.379466 seconds.

chan =

    27

Elapsed time is 529.254941 seconds.

chan =

    28

Elapsed time is 529.777094 seconds.

chan =

    29

Elapsed time is 534.073254 seconds.

chan =

    30

Elapsed time is 533.278983 seconds.

chan =

    31

Elapsed time is 530.582388 seconds.

chan =

    32

Elapsed time is 535.329002 seconds.

chan =

    33

Elapsed time is 537.761019 seconds.

chan =

    34

Elapsed time is 535.762004 seconds.

chan =

    35

Elapsed time is 532.647494 seconds.

chan =

    36

Elapsed time is 537.152992 seconds.

chan =

    37

Elapsed time is 537.210836 seconds.

chan =

    38

Elapsed time is 537.935825 seconds.

chan =

    39

Elapsed time is 536.496011 seconds.

chan =

    40

Elapsed time is 538.320699 seconds.

chan =

    41

Elapsed time is 537.139909 seconds.

chan =

    42

Elapsed time is 536.511455 seconds.

chan =

    43

Elapsed time is 536.263551 seconds.

chan =

    44

Elapsed time is 542.174586 seconds.

chan =

    45

Elapsed time is 542.989797 seconds.

chan =

    46

Elapsed time is 545.354305 seconds.

chan =

    47

Elapsed time is 546.544703 seconds.

chan =

    48

Elapsed time is 539.254171 seconds.

chan =

    49

Elapsed time is 536.550844 seconds.

chan =

    50

Elapsed time is 537.412539 seconds.

chan =

    51

Elapsed time is 538.886719 seconds.

chan =

    52

Elapsed time is 533.991349 seconds.

chan =

    53

Elapsed time is 528.001130 seconds.

chan =

    54

Elapsed time is 538.338538 seconds.

chan =

    55

Elapsed time is 539.419109 seconds.

chan =

    56

Elapsed time is 534.847387 seconds.

chan =

    57

Elapsed time is 532.796897 seconds.

chan =

    58

Elapsed time is 538.392249 seconds.

chan =

    59

Elapsed time is 541.004359 seconds.

chan =

    60

Elapsed time is 533.916765 seconds.

chan =

    61

Elapsed time is 534.875403 seconds.

chan =

    62

Elapsed time is 543.689615 seconds.

chan =

    63

Elapsed time is 541.994905 seconds.

chan =

    64

Elapsed time is 536.317430 seconds.

chan =

    65

Elapsed time is 537.516274 seconds.

chan =

    66

Elapsed time is 542.626757 seconds.

chan =

    67

Elapsed time is 536.312570 seconds.

chan =

    68

Elapsed time is 536.109462 seconds.

chan =

    69

Elapsed time is 543.772334 seconds.

chan =

    70

Elapsed time is 536.446970 seconds.

chan =

    71

Elapsed time is 532.565973 seconds.

chan =

    72

Elapsed time is 538.649436 seconds.

chan =

    73

Elapsed time is 530.315122 seconds.

chan =

    74

Elapsed time is 528.628951 seconds.

chan =

    75

Elapsed time is 534.879040 seconds.

chan =

    76

Elapsed time is 528.982205 seconds.

chan =

    77

Elapsed time is 529.327682 seconds.

chan =

    78

Elapsed time is 536.740347 seconds.

chan =

    79

Elapsed time is 528.576800 seconds.

chan =

    80

Elapsed time is 534.011868 seconds.

chan =

    81

Elapsed time is 532.940537 seconds.

chan =

    82

Elapsed time is 530.537252 seconds.

chan =

    83

Elapsed time is 535.372288 seconds.

chan =

    84

Elapsed time is 528.916855 seconds.

chan =

    85

Elapsed time is 537.069187 seconds.

chan =

    86

Elapsed time is 530.719800 seconds.

chan =

    87

Elapsed time is 534.067696 seconds.

chan =

    88

Elapsed time is 533.154671 seconds.

chan =

    89

Elapsed time is 532.931573 seconds.

chan =

    90

Elapsed time is 538.630273 seconds.

chan =

    91

Elapsed time is 533.205707 seconds.

chan =

    92

Elapsed time is 537.934208 seconds.

chan =

    93

Elapsed time is 538.435546 seconds.

chan =

    94

Elapsed time is 534.779954 seconds.

chan =

    95

Elapsed time is 535.225244 seconds.

chan =

    96

Elapsed time is 535.272801 seconds.

chan =

    97

Elapsed time is 536.545846 seconds.

chan =

    98

Elapsed time is 536.509202 seconds.

chan =

    99

Elapsed time is 539.326938 seconds.

chan =

   100

Elapsed time is 538.616538 seconds.

chan =

   101

Elapsed time is 540.109933 seconds.

chan =

   102

Elapsed time is 541.749180 seconds.

chan =

   103

Elapsed time is 542.322517 seconds.

chan =

   104

Elapsed time is 545.433228 seconds.

chan =

   105

Elapsed time is 546.576211 seconds.

chan =

   106

Elapsed time is 547.548710 seconds.

chan =

   107

Elapsed time is 548.627699 seconds.

chan =

   108

Elapsed time is 551.652824 seconds.

chan =

   109

Elapsed time is 532.928621 seconds.

chan =

   110

Elapsed time is 517.948345 seconds.

chan =

   111

Elapsed time is 533.488118 seconds.

chan =

   112

Elapsed time is 531.673903 seconds.

chan =

   113

Elapsed time is 530.947308 seconds.

chan =

   114

Elapsed time is 495.464194 seconds.
attempting saving
save success: /projects/p31578/dtf8829/QuestConnect/CHANDAT/chanDat_SLCH010_030.mat
working on TF
