getting started: 3032
attempting file: 3032
going for OH30 131
data loaded: OH30 131
HFB already done

chan =

     1

Elapsed time is 558.220581 seconds.

chan =

     2

Elapsed time is 546.076584 seconds.

chan =

     3

Elapsed time is 570.546623 seconds.

chan =

     4

Elapsed time is 576.645921 seconds.

chan =

     5

Elapsed time is 568.391607 seconds.

chan =

     6

Elapsed time is 554.623303 seconds.

chan =

     7

Elapsed time is 604.783449 seconds.

chan =

     8

Elapsed time is 651.954539 seconds.

chan =

     9

Elapsed time is 647.284213 seconds.

chan =

    10

Elapsed time is 649.408817 seconds.

chan =

    11

Elapsed time is 649.409984 seconds.

chan =

    12

Elapsed time is 648.137599 seconds.

chan =

    13

Elapsed time is 647.208758 seconds.

chan =

    14

Elapsed time is 651.781650 seconds.

chan =

    15

Elapsed time is 647.572450 seconds.

chan =

    16

Elapsed time is 650.659873 seconds.

chan =

    17

Elapsed time is 649.118660 seconds.

chan =

    18

Elapsed time is 654.587830 seconds.

chan =

    19

Elapsed time is 647.716438 seconds.

chan =

    20

Elapsed time is 650.334414 seconds.

chan =

    21

Elapsed time is 642.798180 seconds.

chan =

    22

Elapsed time is 649.006454 seconds.

chan =

    23

Elapsed time is 651.745912 seconds.

chan =

    24

Elapsed time is 649.002984 seconds.

chan =

    25

Elapsed time is 654.765612 seconds.

chan =

    26

Elapsed time is 647.939939 seconds.

chan =

    27

Elapsed time is 642.469824 seconds.

chan =

    28

Elapsed time is 646.411932 seconds.

chan =

    29

Elapsed time is 637.515398 seconds.

chan =

    30

Elapsed time is 630.025331 seconds.

chan =

    31

Elapsed time is 625.295181 seconds.

chan =

    32

Elapsed time is 631.292636 seconds.

chan =

    33

Elapsed time is 626.448312 seconds.

chan =

    34

Elapsed time is 627.834660 seconds.

chan =

    35

Elapsed time is 626.097693 seconds.

chan =

    36

Elapsed time is 630.181585 seconds.

chan =

    37

Elapsed time is 623.015573 seconds.

chan =

    38

Elapsed time is 620.624035 seconds.

chan =

    39

Elapsed time is 620.793151 seconds.

chan =

    40

Elapsed time is 623.364637 seconds.

chan =

    41

Elapsed time is 626.043587 seconds.

chan =

    42

Elapsed time is 625.373253 seconds.

chan =

    43

Elapsed time is 620.648763 seconds.

chan =

    44

Elapsed time is 629.065822 seconds.

chan =

    45

Elapsed time is 624.054283 seconds.

chan =

    46

Elapsed time is 625.155157 seconds.

chan =

    47

Elapsed time is 621.813595 seconds.

chan =

    48

Elapsed time is 626.403122 seconds.

chan =

    49

Elapsed time is 629.564250 seconds.

chan =

    50

Elapsed time is 626.158458 seconds.

chan =

    51

Elapsed time is 531.258503 seconds.

chan =

    52

Elapsed time is 515.804195 seconds.

chan =

    53

Elapsed time is 531.015270 seconds.

chan =

    54

Elapsed time is 531.269355 seconds.

chan =

    55

Elapsed time is 531.806582 seconds.

chan =

    56

Elapsed time is 531.951818 seconds.

chan =

    57

Elapsed time is 535.554554 seconds.

chan =

    58

Elapsed time is 529.577203 seconds.

chan =

    59

Elapsed time is 511.550846 seconds.

chan =

    60

Elapsed time is 514.821146 seconds.

chan =

    61

Elapsed time is 515.827427 seconds.

chan =

    62

Elapsed time is 517.781926 seconds.

chan =

    63

Elapsed time is 511.781046 seconds.

chan =

    64

Elapsed time is 514.478800 seconds.

chan =

    65

Elapsed time is 512.362783 seconds.

chan =

    66

Elapsed time is 514.172631 seconds.

chan =

    67

Elapsed time is 511.447759 seconds.

chan =

    68

Elapsed time is 515.978034 seconds.

chan =

    69

Elapsed time is 513.466088 seconds.

chan =

    70

Elapsed time is 517.372806 seconds.

chan =

    71

Elapsed time is 513.581363 seconds.

chan =

    72

Elapsed time is 516.448332 seconds.

chan =

    73

Elapsed time is 518.607471 seconds.

chan =

    74

Elapsed time is 521.115739 seconds.

chan =

    75

Elapsed time is 515.790755 seconds.

chan =

    76

Elapsed time is 514.262113 seconds.

chan =

    77

Elapsed time is 507.836436 seconds.

chan =

    78

Elapsed time is 485.453780 seconds.

chan =

    79

Elapsed time is 472.733461 seconds.

chan =

    80

Elapsed time is 476.039622 seconds.

chan =

    81

Elapsed time is 475.946217 seconds.

chan =

    82

Elapsed time is 475.647153 seconds.

chan =

    83

Elapsed time is 475.315626 seconds.

chan =

    84

Elapsed time is 474.064279 seconds.

chan =

    85

Elapsed time is 471.901762 seconds.

chan =

    86

Elapsed time is 474.928648 seconds.

chan =

    87

Elapsed time is 473.516454 seconds.

chan =

    88

Elapsed time is 476.156308 seconds.

chan =

    89

Elapsed time is 473.471674 seconds.

chan =

    90

Elapsed time is 475.857156 seconds.

chan =

    91

Elapsed time is 474.143547 seconds.

chan =

    92

Elapsed time is 474.521719 seconds.

chan =

    93

Elapsed time is 473.130552 seconds.

chan =

    94

Elapsed time is 473.495832 seconds.

chan =

    95

Elapsed time is 476.164514 seconds.

chan =

    96

Elapsed time is 477.066945 seconds.

chan =

    97

Elapsed time is 475.931981 seconds.

chan =

    98

Elapsed time is 476.596750 seconds.

chan =

    99

Elapsed time is 476.592591 seconds.

chan =

   100

Elapsed time is 476.545352 seconds.

chan =

   101

Elapsed time is 477.809633 seconds.

chan =

   102

Elapsed time is 473.186824 seconds.

chan =

   103

Elapsed time is 477.899195 seconds.

chan =

   104

Elapsed time is 473.569906 seconds.

chan =

   105

Elapsed time is 477.186201 seconds.

chan =

   106

Elapsed time is 475.082779 seconds.

chan =

   107

Elapsed time is 474.440169 seconds.

chan =

   108

Elapsed time is 473.704831 seconds.

chan =

   109

Elapsed time is 470.582708 seconds.

chan =

   110

Elapsed time is 473.396526 seconds.

chan =

   111

Elapsed time is 474.581965 seconds.

chan =

   112

Elapsed time is 478.219790 seconds.

chan =

   113

Elapsed time is 475.943983 seconds.

chan =

   114

Elapsed time is 475.499896 seconds.

chan =

   115

Elapsed time is 477.598210 seconds.

chan =

   116

Elapsed time is 475.972888 seconds.

chan =

   117

Elapsed time is 468.536261 seconds.

chan =

   118

Elapsed time is 468.682225 seconds.

chan =

   119

Elapsed time is 472.555916 seconds.

chan =

   120

Elapsed time is 474.866591 seconds.

chan =

   121

Elapsed time is 470.986731 seconds.

chan =

   122

Elapsed time is 470.284910 seconds.

chan =

   123

Elapsed time is 470.286525 seconds.

chan =

   124

