getting started: 3326
attempting file: 3326
going for SD5 75
data loaded: SD5 75
HFB already done

chan =

     1

Elapsed time is 287.028519 seconds.

chan =

     2

Elapsed time is 297.083013 seconds.

chan =

     3

Elapsed time is 293.978143 seconds.

chan =

     4

Elapsed time is 286.153450 seconds.

chan =

     5

Elapsed time is 284.106285 seconds.

chan =

     6

Elapsed time is 285.837111 seconds.

chan =

     7

Elapsed time is 281.086982 seconds.

chan =

     8

Elapsed time is 270.701872 seconds.

chan =

     9

Elapsed time is 280.976699 seconds.

chan =

    10

Elapsed time is 282.316446 seconds.

chan =

    11

Elapsed time is 283.337717 seconds.

chan =

    12

Elapsed time is 279.853159 seconds.

chan =

    13

Elapsed time is 285.556815 seconds.

chan =

    14

Elapsed time is 283.618916 seconds.

chan =

    15

Elapsed time is 283.215042 seconds.

chan =

    16

Elapsed time is 277.527560 seconds.

chan =

    17

Elapsed time is 236.829017 seconds.

chan =

    18

Elapsed time is 283.322956 seconds.

chan =

    19

Elapsed time is 285.548397 seconds.

chan =

    20

Elapsed time is 281.648106 seconds.

chan =

    21

Elapsed time is 283.340674 seconds.

chan =

    22

Elapsed time is 285.443737 seconds.

chan =

    23

Elapsed time is 282.527542 seconds.

chan =

    24

Elapsed time is 275.288715 seconds.

chan =

    25

Elapsed time is 279.423704 seconds.

chan =

    26

Elapsed time is 270.163437 seconds.

chan =

    27

Elapsed time is 271.612353 seconds.

chan =

    28

Elapsed time is 272.487944 seconds.

chan =

    29

Elapsed time is 267.117472 seconds.

chan =

    30

Elapsed time is 276.743636 seconds.

chan =

    31

Elapsed time is 277.098276 seconds.

chan =

    32

Elapsed time is 277.298176 seconds.

chan =

    33

Elapsed time is 271.694616 seconds.

chan =

    34

Elapsed time is 274.183344 seconds.

chan =

    35

Elapsed time is 270.503298 seconds.

chan =

    36

Elapsed time is 277.291370 seconds.

chan =

    37

Elapsed time is 273.751729 seconds.

chan =

    38

Elapsed time is 273.984482 seconds.

chan =

    39

Elapsed time is 263.853805 seconds.

chan =

    40

Elapsed time is 280.625770 seconds.

chan =

    41

Elapsed time is 275.001183 seconds.

chan =

    42

Elapsed time is 273.450817 seconds.

chan =

    43

Elapsed time is 271.751657 seconds.

chan =

    44

Elapsed time is 265.634769 seconds.

chan =

    45

Elapsed time is 275.732199 seconds.

chan =

    46

Elapsed time is 275.420729 seconds.

chan =

    47

Elapsed time is 273.154623 seconds.

chan =

    48

Elapsed time is 268.550349 seconds.

chan =

    49

Elapsed time is 274.107159 seconds.

chan =

    50

Elapsed time is 273.434978 seconds.

chan =

    51

Elapsed time is 271.904759 seconds.

chan =

    52

Elapsed time is 270.701182 seconds.

chan =

    53

Elapsed time is 259.513229 seconds.

chan =

    54

Elapsed time is 269.743901 seconds.

chan =

    55

Elapsed time is 264.439138 seconds.

chan =

    56

Elapsed time is 261.391075 seconds.

chan =

    57

Elapsed time is 263.779709 seconds.

chan =

    58

Elapsed time is 267.928520 seconds.

chan =

    59

Elapsed time is 265.979016 seconds.

chan =

    60

Elapsed time is 266.782601 seconds.

chan =

    61

Elapsed time is 260.252908 seconds.

chan =

    62

Elapsed time is 269.529254 seconds.

chan =

    63

Elapsed time is 263.872510 seconds.

chan =

    64

Elapsed time is 259.323027 seconds.

chan =

    65

Elapsed time is 265.580237 seconds.

chan =

    66

Elapsed time is 269.379357 seconds.

chan =

    67

Elapsed time is 265.284429 seconds.

chan =

    68

Elapsed time is 266.017401 seconds.

chan =

    69

Elapsed time is 255.061364 seconds.

chan =

    70

Elapsed time is 270.509271 seconds.

chan =

    71

Elapsed time is 266.141367 seconds.

chan =

    72

Elapsed time is 263.793219 seconds.

chan =

    73

Elapsed time is 265.232049 seconds.

chan =

    74

Elapsed time is 270.828996 seconds.

chan =

    75

Elapsed time is 270.735056 seconds.

chan =

    76

Elapsed time is 269.209405 seconds.

chan =

    77

Elapsed time is 258.882884 seconds.

chan =

    78

Elapsed time is 270.808489 seconds.

chan =

    79

Elapsed time is 266.080094 seconds.

chan =

    80

Elapsed time is 269.123906 seconds.

chan =

    81

Elapsed time is 260.097248 seconds.

chan =

    82

Elapsed time is 272.589896 seconds.

chan =

    83

Elapsed time is 271.182952 seconds.

chan =

    84

Elapsed time is 271.645138 seconds.

chan =

    85

Elapsed time is 256.262264 seconds.

chan =

    86

Elapsed time is 274.055646 seconds.

chan =

    87

Elapsed time is 266.179581 seconds.

chan =

    88

Elapsed time is 266.330765 seconds.

chan =

    89

Elapsed time is 261.013446 seconds.

chan =

    90

Elapsed time is 273.600976 seconds.

chan =

    91

Elapsed time is 268.683590 seconds.

chan =

    92

Elapsed time is 267.450732 seconds.

chan =

    93

Elapsed time is 265.774434 seconds.

chan =

    94

Elapsed time is 272.425834 seconds.

chan =

    95

Elapsed time is 271.608180 seconds.

chan =

    96

Elapsed time is 273.711499 seconds.

chan =

    97

Elapsed time is 263.355850 seconds.

chan =

    98

Elapsed time is 275.609920 seconds.

chan =

    99

Elapsed time is 272.503033 seconds.

chan =

   100

Elapsed time is 272.241751 seconds.

chan =

   101

Elapsed time is 263.384064 seconds.

chan =

   102

Elapsed time is 274.664490 seconds.

chan =

   103

Elapsed time is 271.560923 seconds.

chan =

   104

Elapsed time is 267.347538 seconds.

chan =

   105

Elapsed time is 269.368221 seconds.

chan =

   106

Elapsed time is 269.033791 seconds.

chan =

   107

Elapsed time is 266.256558 seconds.

chan =

   108

Elapsed time is 261.129955 seconds.

chan =

   109

Elapsed time is 270.535364 seconds.

