getting started: 3647
attempting file: 3647
going for SLCH010 53
data loaded: SLCH010 53
HFB already done

chan =

     1

Elapsed time is 612.185114 seconds.

chan =

     2

Elapsed time is 608.206451 seconds.

chan =

     3

Elapsed time is 608.165406 seconds.

chan =

     4

Elapsed time is 603.797278 seconds.

chan =

     5

Elapsed time is 595.395016 seconds.

chan =

     6

Elapsed time is 593.353576 seconds.

chan =

     7

Elapsed time is 596.268009 seconds.

chan =

     8

Elapsed time is 599.936728 seconds.

chan =

     9

Elapsed time is 596.375834 seconds.

chan =

    10

Elapsed time is 594.741699 seconds.

chan =

    11

Elapsed time is 592.030487 seconds.

chan =

    12

Elapsed time is 598.572614 seconds.

chan =

    13

Elapsed time is 595.369079 seconds.

chan =

    14

Elapsed time is 594.778598 seconds.

chan =

    15

Elapsed time is 600.678001 seconds.

chan =

    16

Elapsed time is 589.164631 seconds.

chan =

    17

Elapsed time is 599.883086 seconds.

chan =

    18

Elapsed time is 602.712252 seconds.

chan =

    19

Elapsed time is 582.809060 seconds.

chan =

    20

Elapsed time is 574.630050 seconds.

chan =

    21

Elapsed time is 568.271396 seconds.

chan =

    22

Elapsed time is 582.449644 seconds.

chan =

    23

Elapsed time is 568.215435 seconds.

chan =

    24

Elapsed time is 576.273025 seconds.

chan =

    25

Elapsed time is 571.296494 seconds.

chan =

    26

Elapsed time is 572.951361 seconds.

chan =

    27

Elapsed time is 572.989733 seconds.

chan =

    28

Elapsed time is 552.933485 seconds.

chan =

    29

Elapsed time is 578.137999 seconds.

chan =

    30

Elapsed time is 574.696599 seconds.

chan =

    31

Elapsed time is 562.036341 seconds.

chan =

    32

Elapsed time is 573.581059 seconds.

chan =

    33

Elapsed time is 571.991633 seconds.

chan =

    34

Elapsed time is 571.847262 seconds.

chan =

    35

Elapsed time is 574.465025 seconds.

chan =

    36

Elapsed time is 567.378110 seconds.

chan =

    37

Elapsed time is 570.322090 seconds.

chan =

    38

Elapsed time is 568.384093 seconds.

chan =

    39

Elapsed time is 566.228520 seconds.

chan =

    40

Elapsed time is 568.490523 seconds.

chan =

    41

Elapsed time is 570.693822 seconds.

chan =

    42

Elapsed time is 573.410785 seconds.

chan =

    43

Elapsed time is 572.554921 seconds.

chan =

    44

Elapsed time is 575.061461 seconds.

chan =

    45

Elapsed time is 566.948163 seconds.

chan =

    46

Elapsed time is 575.335172 seconds.

chan =

    47

Elapsed time is 573.167679 seconds.

chan =

    48

Elapsed time is 565.595263 seconds.

chan =

    49

Elapsed time is 575.231562 seconds.

chan =

    50

Elapsed time is 573.397892 seconds.

chan =

    51

Elapsed time is 573.425879 seconds.

chan =

    52

Elapsed time is 559.763667 seconds.

chan =

    53

Elapsed time is 565.200589 seconds.

chan =

    54

Elapsed time is 560.468017 seconds.

chan =

    55

Elapsed time is 553.524464 seconds.

chan =

    56

Elapsed time is 567.379163 seconds.

chan =

    57

Elapsed time is 556.981796 seconds.

chan =

    58

Elapsed time is 567.736194 seconds.

chan =

    59

Elapsed time is 563.818942 seconds.

chan =

    60

Elapsed time is 559.696141 seconds.

chan =

    61

Elapsed time is 568.926503 seconds.

chan =

    62

Elapsed time is 564.849099 seconds.

chan =

    63

Elapsed time is 568.882611 seconds.

chan =

    64

Elapsed time is 566.953693 seconds.

chan =

    65

Elapsed time is 559.774713 seconds.

chan =

    66

Elapsed time is 553.647925 seconds.

chan =

    67

Elapsed time is 552.558997 seconds.

chan =

    68

Elapsed time is 559.900097 seconds.

chan =

    69

Elapsed time is 552.617159 seconds.

chan =

    70

Elapsed time is 549.558599 seconds.

chan =

    71

Elapsed time is 545.592107 seconds.

chan =

    72

Elapsed time is 543.063135 seconds.

chan =

    73

Elapsed time is 546.086069 seconds.

chan =

    74

Elapsed time is 545.438402 seconds.

chan =

    75

Elapsed time is 544.919357 seconds.

chan =

    76

Elapsed time is 538.916055 seconds.

chan =

    77

Elapsed time is 544.865755 seconds.

chan =

    78

Elapsed time is 545.154756 seconds.

chan =

    79

Elapsed time is 539.711343 seconds.

chan =

    80

Elapsed time is 544.943662 seconds.

chan =

    81

Elapsed time is 539.324922 seconds.

chan =

    82

Elapsed time is 548.202159 seconds.

chan =

    83

Elapsed time is 545.956983 seconds.

chan =

    84

Elapsed time is 542.873222 seconds.

chan =

    85

Elapsed time is 529.228880 seconds.

chan =

    86

Elapsed time is 492.451963 seconds.

chan =

    87

Elapsed time is 481.816775 seconds.

chan =

    88

Elapsed time is 481.147893 seconds.

chan =

    89

Elapsed time is 484.777677 seconds.

chan =

    90

Elapsed time is 482.927829 seconds.

chan =

    91

Elapsed time is 482.755231 seconds.

chan =

    92

Elapsed time is 482.206273 seconds.

chan =

    93

Elapsed time is 482.837323 seconds.

chan =

    94

Elapsed time is 481.030522 seconds.

chan =

    95

Elapsed time is 482.880779 seconds.

chan =

    96

Elapsed time is 481.817044 seconds.

chan =

    97

Elapsed time is 488.497189 seconds.

chan =

    98

Elapsed time is 487.424089 seconds.

chan =

    99

Elapsed time is 489.986352 seconds.

chan =

   100

Elapsed time is 489.439902 seconds.

chan =

   101

Elapsed time is 490.357602 seconds.

chan =

   102

Elapsed time is 493.572039 seconds.

chan =

   103

Elapsed time is 489.438393 seconds.

chan =

   104

Elapsed time is 487.534853 seconds.

chan =

   105

Elapsed time is 488.236922 seconds.

chan =

   106

Elapsed time is 486.417239 seconds.

chan =

   107

Elapsed time is 486.541199 seconds.

chan =

   108

Elapsed time is 486.946808 seconds.

chan =

   109

Elapsed time is 488.495328 seconds.

chan =

   110

Elapsed time is 489.590754 seconds.

chan =

   111

Elapsed time is 487.231442 seconds.

chan =

   112

Elapsed time is 485.449335 seconds.

chan =

   113

Elapsed time is 490.568920 seconds.

chan =

   114

Elapsed time is 488.370159 seconds.
attempting saving
save success: /projects/p31578/dtf8829/QuestConnect/CHANDAT/chanDat_SLCH010_053.mat
working on TF
