getting started: 3028
attempting file: 3028
going for OH30 127
data loaded: OH30 127
HFB already done

chan =

     1

Elapsed time is 553.375455 seconds.

chan =

     2

Elapsed time is 539.112255 seconds.

chan =

     3

Elapsed time is 563.367550 seconds.

chan =

     4

Elapsed time is 566.664066 seconds.

chan =

     5

Elapsed time is 561.005643 seconds.

chan =

     6

Elapsed time is 545.893503 seconds.

chan =

     7

Elapsed time is 592.662580 seconds.

chan =

     8

Elapsed time is 643.221594 seconds.

chan =

     9

Elapsed time is 638.672667 seconds.

chan =

    10

Elapsed time is 636.536179 seconds.

chan =

    11

Elapsed time is 640.602643 seconds.

chan =

    12

Elapsed time is 636.627153 seconds.

chan =

    13

Elapsed time is 640.509658 seconds.

chan =

    14

Elapsed time is 644.545467 seconds.

chan =

    15

Elapsed time is 644.754046 seconds.

chan =

    16

Elapsed time is 641.565324 seconds.

chan =

    17

Elapsed time is 641.437927 seconds.

chan =

    18

Elapsed time is 644.062019 seconds.

chan =

    19

Elapsed time is 646.467685 seconds.

chan =

    20

Elapsed time is 642.207963 seconds.

chan =

    21

Elapsed time is 637.798276 seconds.

chan =

    22

Elapsed time is 638.422178 seconds.

chan =

    23

Elapsed time is 647.084298 seconds.

chan =

    24

Elapsed time is 641.860409 seconds.

chan =

    25

Elapsed time is 649.516790 seconds.

chan =

    26

Elapsed time is 645.572484 seconds.

chan =

    27

Elapsed time is 638.147953 seconds.

chan =

    28

Elapsed time is 638.962449 seconds.

chan =

    29

Elapsed time is 632.947382 seconds.

chan =

    30

Elapsed time is 628.706949 seconds.

chan =

    31

Elapsed time is 616.721060 seconds.

chan =

    32

Elapsed time is 623.481950 seconds.

chan =

    33

Elapsed time is 616.202448 seconds.

chan =

    34

Elapsed time is 621.187928 seconds.

chan =

    35

Elapsed time is 620.258536 seconds.

chan =

    36

Elapsed time is 621.249997 seconds.

chan =

    37

Elapsed time is 622.127137 seconds.

chan =

    38

Elapsed time is 616.361647 seconds.

chan =

    39

Elapsed time is 615.322629 seconds.

chan =

    40

Elapsed time is 618.604504 seconds.

chan =

    41

Elapsed time is 620.928934 seconds.

chan =

    42

Elapsed time is 620.022045 seconds.

chan =

    43

Elapsed time is 618.889081 seconds.

chan =

    44

Elapsed time is 617.008539 seconds.

chan =

    45

Elapsed time is 619.618113 seconds.

chan =

    46

Elapsed time is 617.734011 seconds.

chan =

    47

Elapsed time is 615.535522 seconds.

chan =

    48

Elapsed time is 618.354254 seconds.

chan =

    49

Elapsed time is 625.437190 seconds.

chan =

    50

Elapsed time is 619.606522 seconds.

chan =

    51

Elapsed time is 583.311610 seconds.

chan =

    52

Elapsed time is 509.970324 seconds.

chan =

    53

Elapsed time is 514.899937 seconds.

chan =

    54

Elapsed time is 524.198346 seconds.

chan =

    55

Elapsed time is 526.064105 seconds.

chan =

    56

Elapsed time is 527.586379 seconds.

chan =

    57

Elapsed time is 530.082321 seconds.

chan =

    58

Elapsed time is 531.679402 seconds.

chan =

    59

Elapsed time is 515.394231 seconds.

chan =

    60

Elapsed time is 508.705315 seconds.

chan =

    61

Elapsed time is 510.810905 seconds.

chan =

    62

Elapsed time is 510.701456 seconds.

chan =

    63

Elapsed time is 506.753021 seconds.

chan =

    64

Elapsed time is 507.645564 seconds.

chan =

    65

Elapsed time is 507.331027 seconds.

chan =

    66

Elapsed time is 505.996895 seconds.

chan =

    67

Elapsed time is 505.115702 seconds.

chan =

    68

Elapsed time is 509.955695 seconds.

chan =

    69

Elapsed time is 510.597748 seconds.

chan =

    70

Elapsed time is 509.632751 seconds.

chan =

    71

Elapsed time is 509.295536 seconds.

chan =

    72

Elapsed time is 510.832166 seconds.

chan =

    73

Elapsed time is 513.701588 seconds.

chan =

    74

Elapsed time is 515.979820 seconds.

chan =

    75

Elapsed time is 513.508111 seconds.

chan =

    76

Elapsed time is 508.590027 seconds.

chan =

    77

Elapsed time is 505.097148 seconds.

chan =

    78

Elapsed time is 505.446313 seconds.

chan =

    79

Elapsed time is 473.213432 seconds.

chan =

    80

Elapsed time is 469.347702 seconds.

chan =

    81

Elapsed time is 470.042659 seconds.

chan =

    82

Elapsed time is 473.738147 seconds.

chan =

    83

Elapsed time is 475.695720 seconds.

chan =

    84

Elapsed time is 475.411639 seconds.

chan =

    85

Elapsed time is 470.270172 seconds.

chan =

    86

Elapsed time is 470.343733 seconds.

chan =

    87

Elapsed time is 473.779646 seconds.

chan =

    88

Elapsed time is 473.930681 seconds.

chan =

    89

Elapsed time is 475.236406 seconds.

chan =

    90

Elapsed time is 474.697875 seconds.

chan =

    91

Elapsed time is 474.423934 seconds.

chan =

    92

Elapsed time is 473.736097 seconds.

chan =

    93

Elapsed time is 471.687901 seconds.

chan =

    94

Elapsed time is 472.477931 seconds.

chan =

    95

Elapsed time is 477.177144 seconds.

chan =

    96

Elapsed time is 472.446615 seconds.

chan =

    97

Elapsed time is 474.352778 seconds.

chan =

    98

Elapsed time is 476.094965 seconds.

chan =

    99

Elapsed time is 477.463573 seconds.

chan =

   100

Elapsed time is 474.934434 seconds.

chan =

   101

Elapsed time is 473.294564 seconds.

chan =

   102

Elapsed time is 475.566824 seconds.

chan =

   103

Elapsed time is 476.750905 seconds.

chan =

   104

Elapsed time is 474.994638 seconds.

chan =

   105

Elapsed time is 476.185999 seconds.

chan =

   106

Elapsed time is 475.054592 seconds.

chan =

   107

Elapsed time is 472.453826 seconds.

chan =

   108

Elapsed time is 469.420265 seconds.

chan =

   109

Elapsed time is 469.439868 seconds.

chan =

   110

Elapsed time is 469.167448 seconds.

chan =

   111

Elapsed time is 471.357911 seconds.

chan =

   112

Elapsed time is 473.270859 seconds.

chan =

   113

Elapsed time is 476.743752 seconds.

chan =

   114

Elapsed time is 470.724380 seconds.

chan =

   115

Elapsed time is 469.625459 seconds.

chan =

   116

Elapsed time is 471.123831 seconds.

chan =

   117

Elapsed time is 472.601084 seconds.

chan =

   118

Elapsed time is 463.353556 seconds.

chan =

   119

Elapsed time is 467.445856 seconds.

chan =

   120

Elapsed time is 469.713049 seconds.

chan =

   121

Elapsed time is 469.730993 seconds.

chan =

   122

Elapsed time is 467.480309 seconds.

chan =

   123

Elapsed time is 467.467021 seconds.

chan =

   124

Elapsed time is 466.911888 seconds.

chan =

   125

