getting started: 3684
attempting file: 3684
going for SLCH010 90
data loaded: SLCH010 90
HFB already done

chan =

     1

Elapsed time is 476.063285 seconds.

chan =

     2

Elapsed time is 477.093872 seconds.

chan =

     3

Elapsed time is 477.911822 seconds.

chan =

     4

Elapsed time is 477.422882 seconds.

chan =

     5

Elapsed time is 469.535981 seconds.

chan =

     6

Elapsed time is 473.620125 seconds.

chan =

     7

Elapsed time is 479.110685 seconds.

chan =

     8

Elapsed time is 451.053863 seconds.

chan =

     9

Elapsed time is 463.099747 seconds.

chan =

    10

Elapsed time is 460.173277 seconds.

chan =

    11

Elapsed time is 460.514995 seconds.

chan =

    12

Elapsed time is 460.896966 seconds.

chan =

    13

Elapsed time is 435.999564 seconds.

chan =

    14

Elapsed time is 472.255331 seconds.

chan =

    15

Elapsed time is 442.194058 seconds.

chan =

    16

Elapsed time is 451.697247 seconds.

chan =

    17

Elapsed time is 435.994657 seconds.

chan =

    18

Elapsed time is 429.492371 seconds.

chan =

    19

Elapsed time is 420.398669 seconds.

chan =

    20

Elapsed time is 423.096616 seconds.

chan =

    21

Elapsed time is 403.109762 seconds.

chan =

    22

Elapsed time is 405.639972 seconds.

chan =

    23

Elapsed time is 400.025339 seconds.

chan =

    24

Elapsed time is 383.452862 seconds.

chan =

    25

Elapsed time is 395.198718 seconds.

chan =

    26

Elapsed time is 382.556082 seconds.

chan =

    27

Elapsed time is 383.430839 seconds.

chan =

    28

Elapsed time is 378.114668 seconds.

chan =

    29

Elapsed time is 383.184008 seconds.

chan =

    30

Elapsed time is 378.806121 seconds.

chan =

    31

Elapsed time is 382.430265 seconds.

chan =

    32

Elapsed time is 379.151122 seconds.

chan =

    33

Elapsed time is 384.588558 seconds.

chan =

    34

Elapsed time is 380.686981 seconds.

chan =

    35

Elapsed time is 381.690054 seconds.

chan =

    36

Elapsed time is 378.005285 seconds.

chan =

    37

Elapsed time is 383.618227 seconds.

chan =

    38

Elapsed time is 379.125763 seconds.

chan =

    39

Elapsed time is 384.231469 seconds.

chan =

    40

Elapsed time is 378.829280 seconds.

chan =

    41

Elapsed time is 384.225816 seconds.

chan =

    42

Elapsed time is 379.025241 seconds.

chan =

    43

Elapsed time is 380.773108 seconds.

chan =

    44

Elapsed time is 377.468987 seconds.

chan =

    45

Elapsed time is 382.488127 seconds.

chan =

    46

Elapsed time is 376.743694 seconds.

chan =

    47

Elapsed time is 382.586914 seconds.

chan =

    48

Elapsed time is 375.120859 seconds.

chan =

    49

Elapsed time is 382.736645 seconds.

chan =

    50

Elapsed time is 376.897888 seconds.

chan =

    51

Elapsed time is 381.612893 seconds.

chan =

    52

Elapsed time is 375.723895 seconds.

chan =

    53

Elapsed time is 378.280082 seconds.

chan =

    54

Elapsed time is 374.376743 seconds.

chan =

    55

Elapsed time is 381.632475 seconds.

chan =

    56

Elapsed time is 376.047698 seconds.

chan =

    57

Elapsed time is 382.059668 seconds.

chan =

    58

Elapsed time is 375.661930 seconds.

chan =

    59

Elapsed time is 386.212492 seconds.

chan =

    60

Elapsed time is 377.313845 seconds.

chan =

    61

Elapsed time is 384.397910 seconds.

chan =

    62

Elapsed time is 379.967680 seconds.

chan =

    63

Elapsed time is 385.902995 seconds.

chan =

    64

Elapsed time is 379.656647 seconds.

chan =

    65

Elapsed time is 384.207686 seconds.

chan =

    66

Elapsed time is 379.265385 seconds.

chan =

    67

Elapsed time is 385.786868 seconds.

chan =

    68

Elapsed time is 377.031581 seconds.

chan =

    69

Elapsed time is 384.218712 seconds.

chan =

    70

Elapsed time is 378.652318 seconds.

chan =

    71

Elapsed time is 386.248607 seconds.

chan =

    72

Elapsed time is 378.869071 seconds.

chan =

    73

Elapsed time is 383.577113 seconds.

chan =

    74

Elapsed time is 376.940650 seconds.

chan =

    75

Elapsed time is 395.246210 seconds.

chan =

    76

Elapsed time is 391.160953 seconds.

chan =

    77

Elapsed time is 385.059616 seconds.

chan =

    78

Elapsed time is 380.148971 seconds.

chan =

    79

Elapsed time is 396.776628 seconds.

chan =

    80

Elapsed time is 390.769447 seconds.

chan =

    81

Elapsed time is 389.927950 seconds.

chan =

    82

Elapsed time is 393.145100 seconds.

chan =

    83

Elapsed time is 394.316225 seconds.

chan =

    84

Elapsed time is 390.475236 seconds.

chan =

    85

Elapsed time is 394.215233 seconds.

chan =

    86

Elapsed time is 393.996110 seconds.

chan =

    87

Elapsed time is 393.569528 seconds.

chan =

    88

Elapsed time is 393.108383 seconds.

chan =

    89

Elapsed time is 395.667865 seconds.

chan =

    90

Elapsed time is 393.138225 seconds.

chan =

    91

Elapsed time is 397.405288 seconds.

chan =

    92

Elapsed time is 396.341263 seconds.

chan =

    93

Elapsed time is 396.014331 seconds.

chan =

    94

Elapsed time is 392.275238 seconds.

chan =

    95

Elapsed time is 395.492033 seconds.

chan =

    96

Elapsed time is 391.966536 seconds.

chan =

    97

Elapsed time is 386.992315 seconds.

chan =

    98

Elapsed time is 396.170835 seconds.

chan =

    99

Elapsed time is 399.375083 seconds.

chan =

   100

Elapsed time is 396.492352 seconds.

chan =

   101

Elapsed time is 398.023213 seconds.

chan =

   102

Elapsed time is 396.246157 seconds.

chan =

   103

Elapsed time is 400.778577 seconds.

chan =

   104

Elapsed time is 398.230871 seconds.

chan =

   105

Elapsed time is 398.476228 seconds.

chan =

   106

Elapsed time is 396.848097 seconds.

chan =

   107

Elapsed time is 398.168909 seconds.

chan =

   108

Elapsed time is 393.396266 seconds.

chan =

   109

Elapsed time is 398.243049 seconds.

chan =

   110

Elapsed time is 396.860240 seconds.

chan =

   111

Elapsed time is 399.290037 seconds.

chan =

   112

Elapsed time is 395.705584 seconds.

chan =

   113

Elapsed time is 394.611252 seconds.

chan =

   114

Elapsed time is 379.779645 seconds.
attempting saving
save success: /projects/p31578/dtf8829/QuestConnect/CHANDAT/chanDat_SLCH010_090.mat
working on TF
