getting started: 3353
attempting file: 3353
going for SD5 102
data loaded: SD5 102
HFB already done

chan =

     1

Elapsed time is 298.278781 seconds.

chan =

     2

Elapsed time is 319.791838 seconds.

chan =

     3

Elapsed time is 312.976205 seconds.

chan =

     4

Elapsed time is 314.633852 seconds.

chan =

     5

Elapsed time is 310.423212 seconds.

chan =

     6

Elapsed time is 310.438772 seconds.

chan =

     7

Elapsed time is 302.283117 seconds.

chan =

     8

Elapsed time is 307.475684 seconds.

chan =

     9

Elapsed time is 310.711578 seconds.

chan =

    10

Elapsed time is 306.734295 seconds.

chan =

    11

Elapsed time is 311.116459 seconds.

chan =

    12

Elapsed time is 306.072777 seconds.

chan =

    13

Elapsed time is 310.914497 seconds.

chan =

    14

Elapsed time is 309.462438 seconds.

chan =

    15

Elapsed time is 311.400278 seconds.

chan =

    16

Elapsed time is 310.707853 seconds.

chan =

    17

Elapsed time is 306.611028 seconds.

chan =

    18

Elapsed time is 308.624209 seconds.

chan =

    19

Elapsed time is 310.135029 seconds.

chan =

    20

Elapsed time is 305.302305 seconds.

chan =

    21

Elapsed time is 307.815778 seconds.

chan =

    22

Elapsed time is 301.929812 seconds.

chan =

    23

Elapsed time is 304.017967 seconds.

chan =

    24

Elapsed time is 305.743034 seconds.

chan =

    25

Elapsed time is 305.690570 seconds.

chan =

    26

Elapsed time is 303.817687 seconds.

chan =

    27

Elapsed time is 304.674939 seconds.

chan =

    28

Elapsed time is 292.717480 seconds.

chan =

    29

Elapsed time is 301.313325 seconds.

chan =

    30

Elapsed time is 307.790260 seconds.

chan =

    31

Elapsed time is 306.092875 seconds.

chan =

    32

Elapsed time is 306.555479 seconds.

chan =

    33

Elapsed time is 306.042159 seconds.

chan =

    34

Elapsed time is 306.091605 seconds.

chan =

    35

Elapsed time is 308.740809 seconds.

chan =

    36

Elapsed time is 301.274126 seconds.

chan =

    37

Elapsed time is 307.623492 seconds.

chan =

    38

Elapsed time is 301.949590 seconds.

chan =

    39

Elapsed time is 306.361194 seconds.

chan =

    40

Elapsed time is 306.632649 seconds.

chan =

    41

Elapsed time is 301.852209 seconds.

chan =

    42

Elapsed time is 306.620778 seconds.

chan =

    43

Elapsed time is 299.914892 seconds.

chan =

    44

Elapsed time is 305.876760 seconds.

chan =

    45

Elapsed time is 308.528384 seconds.

chan =

    46

Elapsed time is 305.733298 seconds.

chan =

    47

Elapsed time is 307.129218 seconds.

chan =

    48

Elapsed time is 302.754043 seconds.

chan =

    49

Elapsed time is 307.568200 seconds.

chan =

    50

Elapsed time is 305.669464 seconds.

chan =

    51

Elapsed time is 301.738500 seconds.

chan =

    52

Elapsed time is 306.033476 seconds.

chan =

    53

Elapsed time is 297.327575 seconds.

chan =

    54

Elapsed time is 304.999713 seconds.

chan =

    55

Elapsed time is 306.552491 seconds.

chan =

    56

Elapsed time is 297.475401 seconds.

chan =

    57

Elapsed time is 305.848148 seconds.

chan =

    58

Elapsed time is 297.195252 seconds.

chan =

    59

Elapsed time is 304.163334 seconds.

chan =

    60

Elapsed time is 305.986959 seconds.

chan =

    61

Elapsed time is 304.155027 seconds.

chan =

    62

Elapsed time is 301.545695 seconds.

chan =

    63

Elapsed time is 303.836257 seconds.

chan =

    64

Elapsed time is 291.984701 seconds.

chan =

    65

Elapsed time is 303.648054 seconds.

chan =

    66

Elapsed time is 304.513216 seconds.

chan =

    67

Elapsed time is 302.378897 seconds.

chan =

    68

Elapsed time is 305.634303 seconds.

chan =

    69

Elapsed time is 300.902952 seconds.

chan =

    70

Elapsed time is 305.859338 seconds.

chan =

    71

Elapsed time is 305.582243 seconds.

chan =

    72

Elapsed time is 304.774966 seconds.

chan =

    73

Elapsed time is 306.223150 seconds.

chan =

    74

Elapsed time is 299.627945 seconds.

chan =

    75

Elapsed time is 307.867447 seconds.

chan =

    76

Elapsed time is 303.852590 seconds.

chan =

    77

Elapsed time is 304.129439 seconds.

chan =

    78

Elapsed time is 304.917449 seconds.

chan =

    79

Elapsed time is 301.351734 seconds.

chan =

    80

Elapsed time is 303.942432 seconds.

chan =

    81

Elapsed time is 305.108611 seconds.

chan =

    82

Elapsed time is 304.474604 seconds.

chan =

    83

Elapsed time is 307.713189 seconds.

chan =

    84

Elapsed time is 301.155265 seconds.

chan =

    85

Elapsed time is 305.616622 seconds.

chan =

    86

Elapsed time is 302.393845 seconds.

chan =

    87

Elapsed time is 306.937804 seconds.

chan =

    88

Elapsed time is 305.699348 seconds.

chan =

    89

Elapsed time is 304.214380 seconds.

chan =

    90

Elapsed time is 306.604608 seconds.

chan =

    91

Elapsed time is 305.188505 seconds.

chan =

    92

Elapsed time is 306.629800 seconds.

chan =

    93

Elapsed time is 307.282541 seconds.

chan =

    94

Elapsed time is 299.866218 seconds.

chan =

    95

Elapsed time is 305.096981 seconds.

chan =

    96

Elapsed time is 279.393071 seconds.

chan =

    97

Elapsed time is 253.821785 seconds.

chan =

    98

Elapsed time is 260.068988 seconds.

chan =

    99

Elapsed time is 250.780264 seconds.

chan =

   100

Elapsed time is 236.502835 seconds.

chan =

   101

Elapsed time is 248.826622 seconds.

chan =

   102

Elapsed time is 269.539471 seconds.

chan =

   103

Elapsed time is 272.636778 seconds.

chan =

   104

Elapsed time is 272.191039 seconds.

chan =

   105

Elapsed time is 273.342739 seconds.

chan =

   106

Elapsed time is 270.736959 seconds.

chan =

   107

Elapsed time is 272.296379 seconds.

chan =

   108

Elapsed time is 271.322131 seconds.

chan =

   109

Elapsed time is 270.789830 seconds.

