getting started: 3335
attempting file: 3335
going for SD5 84
data loaded: SD5 84
HFB already done

chan =

     1

Elapsed time is 299.860567 seconds.

chan =

     2

Elapsed time is 302.766098 seconds.

chan =

     3

Elapsed time is 303.637101 seconds.

chan =

     4

Elapsed time is 315.870047 seconds.

chan =

     5

Elapsed time is 301.104987 seconds.

chan =

     6

Elapsed time is 298.499480 seconds.

chan =

     7

Elapsed time is 293.875488 seconds.

chan =

     8

Elapsed time is 295.898462 seconds.

chan =

     9

Elapsed time is 299.838151 seconds.

chan =

    10

Elapsed time is 297.737402 seconds.

chan =

    11

Elapsed time is 298.557230 seconds.

chan =

    12

Elapsed time is 294.440317 seconds.

chan =

    13

Elapsed time is 291.836422 seconds.

chan =

    14

Elapsed time is 290.328375 seconds.

chan =

    15

Elapsed time is 292.586116 seconds.

chan =

    16

Elapsed time is 293.251951 seconds.

chan =

    17

Elapsed time is 289.249913 seconds.

chan =

    18

Elapsed time is 286.859259 seconds.

chan =

    19

Elapsed time is 282.952313 seconds.

chan =

    20

Elapsed time is 279.198497 seconds.

chan =

    21

Elapsed time is 282.007332 seconds.

chan =

    22

Elapsed time is 288.850728 seconds.

chan =

    23

Elapsed time is 296.177236 seconds.

chan =

    24

Elapsed time is 287.901523 seconds.

chan =

    25

Elapsed time is 284.055547 seconds.

chan =

    26

Elapsed time is 287.995084 seconds.

chan =

    27

Elapsed time is 286.133958 seconds.

chan =

    28

Elapsed time is 281.039361 seconds.

chan =

    29

Elapsed time is 275.686007 seconds.

chan =

    30

Elapsed time is 278.003169 seconds.

chan =

    31

Elapsed time is 278.277549 seconds.

chan =

    32

Elapsed time is 286.371617 seconds.

chan =

    33

Elapsed time is 281.158034 seconds.

chan =

    34

Elapsed time is 289.385232 seconds.

chan =

    35

Elapsed time is 288.416239 seconds.

chan =

    36

Elapsed time is 289.757367 seconds.

chan =

    37

Elapsed time is 280.670003 seconds.

chan =

    38

Elapsed time is 292.790735 seconds.

chan =

    39

Elapsed time is 282.057805 seconds.

chan =

    40

Elapsed time is 268.685332 seconds.

chan =

    41

Elapsed time is 277.050188 seconds.

chan =

    42

Elapsed time is 263.186790 seconds.

chan =

    43

Elapsed time is 266.141108 seconds.

chan =

    44

Elapsed time is 266.466754 seconds.

chan =

    45

Elapsed time is 262.594707 seconds.

chan =

    46

Elapsed time is 267.784961 seconds.

chan =

    47

Elapsed time is 275.622459 seconds.

chan =

    48

Elapsed time is 283.104086 seconds.

chan =

    49

Elapsed time is 281.684854 seconds.

chan =

    50

Elapsed time is 271.156366 seconds.

chan =

    51

Elapsed time is 264.874017 seconds.

chan =

    52

Elapsed time is 262.036698 seconds.

chan =

    53

Elapsed time is 258.561364 seconds.

chan =

    54

Elapsed time is 262.630058 seconds.

chan =

    55

Elapsed time is 262.571293 seconds.

chan =

    56

Elapsed time is 256.932954 seconds.

chan =

    57

Elapsed time is 265.108485 seconds.

chan =

    58

Elapsed time is 259.934508 seconds.

chan =

    59

Elapsed time is 264.460342 seconds.

chan =

    60

Elapsed time is 260.937603 seconds.

chan =

    61

Elapsed time is 262.430133 seconds.

chan =

    62

Elapsed time is 261.382432 seconds.

chan =

    63

Elapsed time is 262.378594 seconds.

chan =

    64

Elapsed time is 262.221570 seconds.

chan =

    65

Elapsed time is 258.179876 seconds.

chan =

    66

Elapsed time is 247.692969 seconds.

chan =

    67

Elapsed time is 241.068312 seconds.

chan =

    68

Elapsed time is 241.285946 seconds.

chan =

    69

Elapsed time is 249.716013 seconds.

chan =

    70

Elapsed time is 247.870258 seconds.

chan =

    71

Elapsed time is 249.786630 seconds.

chan =

    72

Elapsed time is 244.809157 seconds.

chan =

    73

Elapsed time is 241.468825 seconds.

chan =

    74

Elapsed time is 245.638831 seconds.

chan =

    75

Elapsed time is 245.517608 seconds.

chan =

    76

Elapsed time is 247.330495 seconds.

chan =

    77

Elapsed time is 245.002990 seconds.

chan =

    78

Elapsed time is 243.429364 seconds.

chan =

    79

Elapsed time is 248.911013 seconds.

chan =

    80

Elapsed time is 246.112352 seconds.

chan =

    81

Elapsed time is 247.174928 seconds.

chan =

    82

Elapsed time is 245.888051 seconds.

chan =

    83

Elapsed time is 249.458974 seconds.

chan =

    84

Elapsed time is 245.189066 seconds.

chan =

    85

Elapsed time is 239.262728 seconds.

chan =

    86

Elapsed time is 238.079836 seconds.

chan =

    87

Elapsed time is 234.642054 seconds.

chan =

    88

Elapsed time is 240.388893 seconds.

chan =

    89

Elapsed time is 239.128602 seconds.

chan =

    90

Elapsed time is 241.081693 seconds.

chan =

    91

Elapsed time is 273.000251 seconds.

chan =

    92

Elapsed time is 270.843650 seconds.

chan =

    93

Elapsed time is 257.707589 seconds.

chan =

    94

Elapsed time is 274.161676 seconds.

chan =

    95

Elapsed time is 273.128412 seconds.

chan =

    96

Elapsed time is 272.951566 seconds.

chan =

    97

Elapsed time is 272.189129 seconds.

chan =

    98

Elapsed time is 273.297455 seconds.

chan =

    99

Elapsed time is 272.941720 seconds.

chan =

   100

Elapsed time is 257.161492 seconds.

chan =

   101

Elapsed time is 266.998636 seconds.

chan =

   102

Elapsed time is 271.312866 seconds.

chan =

   103

Elapsed time is 274.838158 seconds.

chan =

   104

Elapsed time is 269.526019 seconds.

chan =

   105

Elapsed time is 267.299986 seconds.

chan =

   106

Elapsed time is 267.967107 seconds.

chan =

   107

Elapsed time is 238.498556 seconds.

chan =

   108

Elapsed time is 228.346269 seconds.

chan =

   109

Elapsed time is 292.697080 seconds.

