getting started: 3263
attempting file: 3263
going for SD5 12
data loaded: SD5 12
HFB already done

chan =

     1

Elapsed time is 224.608571 seconds.

chan =

     2

Elapsed time is 220.504320 seconds.

chan =

     3

Elapsed time is 220.771871 seconds.

chan =

     4

Elapsed time is 219.273689 seconds.

chan =

     5

Elapsed time is 221.377595 seconds.

chan =

     6

Elapsed time is 220.240268 seconds.

chan =

     7

Elapsed time is 220.123030 seconds.

chan =

     8

Elapsed time is 220.316645 seconds.

chan =

     9

Elapsed time is 219.445199 seconds.

chan =

    10

Elapsed time is 220.399557 seconds.

chan =

    11

Elapsed time is 219.529727 seconds.

chan =

    12

Elapsed time is 219.495010 seconds.

chan =

    13

Elapsed time is 220.887311 seconds.

chan =

    14

Elapsed time is 220.102947 seconds.

chan =

    15

Elapsed time is 220.547894 seconds.

chan =

    16

Elapsed time is 221.027446 seconds.

chan =

    17

Elapsed time is 221.383377 seconds.

chan =

    18

Elapsed time is 218.537345 seconds.

chan =

    19

Elapsed time is 218.651718 seconds.

chan =

    20

Elapsed time is 219.059803 seconds.

chan =

    21

Elapsed time is 217.716069 seconds.

chan =

    22

Elapsed time is 220.762219 seconds.

chan =

    23

Elapsed time is 217.977817 seconds.

chan =

    24

Elapsed time is 218.739406 seconds.

chan =

    25

Elapsed time is 219.071808 seconds.

chan =

    26

Elapsed time is 217.726792 seconds.

chan =

    27

Elapsed time is 219.964567 seconds.

chan =

    28

Elapsed time is 219.207765 seconds.

chan =

    29

Elapsed time is 217.984776 seconds.

chan =

    30

Elapsed time is 219.223480 seconds.

chan =

    31

Elapsed time is 217.186264 seconds.

chan =

    32

Elapsed time is 217.569938 seconds.

chan =

    33

Elapsed time is 217.675444 seconds.

chan =

    34

Elapsed time is 221.655687 seconds.

chan =

    35

Elapsed time is 222.025348 seconds.

chan =

    36

Elapsed time is 217.791973 seconds.

chan =

    37

Elapsed time is 218.429164 seconds.

chan =

    38

Elapsed time is 221.557105 seconds.

chan =

    39

Elapsed time is 218.279150 seconds.

chan =

    40

Elapsed time is 219.752192 seconds.

chan =

    41

Elapsed time is 220.451750 seconds.

chan =

    42

Elapsed time is 219.633794 seconds.

chan =

    43

Elapsed time is 217.740529 seconds.

chan =

    44

Elapsed time is 218.585372 seconds.

chan =

    45

Elapsed time is 222.539185 seconds.

chan =

    46

Elapsed time is 220.640900 seconds.

chan =

    47

Elapsed time is 221.606238 seconds.

chan =

    48

Elapsed time is 220.636201 seconds.

chan =

    49

Elapsed time is 220.771972 seconds.

chan =

    50

Elapsed time is 221.150059 seconds.

chan =

    51

Elapsed time is 220.277344 seconds.

chan =

    52

Elapsed time is 221.834572 seconds.

chan =

    53

Elapsed time is 220.553578 seconds.

chan =

    54

Elapsed time is 218.367265 seconds.

chan =

    55

Elapsed time is 218.229246 seconds.

chan =

    56

Elapsed time is 218.120788 seconds.

chan =

    57

Elapsed time is 215.703887 seconds.

chan =

    58

Elapsed time is 216.681682 seconds.

chan =

    59

Elapsed time is 218.051587 seconds.

chan =

    60

Elapsed time is 217.283554 seconds.

chan =

    61

Elapsed time is 215.604063 seconds.

chan =

    62

Elapsed time is 215.675954 seconds.

chan =

    63

Elapsed time is 217.331531 seconds.

chan =

    64

Elapsed time is 217.520181 seconds.

chan =

    65

Elapsed time is 216.816330 seconds.

chan =

    66

Elapsed time is 217.272412 seconds.

chan =

    67

Elapsed time is 212.712898 seconds.

chan =

    68

Elapsed time is 214.946407 seconds.

chan =

    69

Elapsed time is 212.480308 seconds.

chan =

    70

Elapsed time is 213.424810 seconds.

chan =

    71

Elapsed time is 212.251777 seconds.

chan =

    72

Elapsed time is 215.664319 seconds.

chan =

    73

Elapsed time is 213.633897 seconds.

chan =

    74

Elapsed time is 216.504603 seconds.

chan =

    75

Elapsed time is 213.041734 seconds.

chan =

    76

Elapsed time is 212.598727 seconds.

chan =

    77

Elapsed time is 212.890202 seconds.

chan =

    78

Elapsed time is 212.757565 seconds.

chan =

    79

Elapsed time is 211.720260 seconds.

chan =

    80

Elapsed time is 213.587932 seconds.

chan =

    81

Elapsed time is 214.606915 seconds.

chan =

    82

Elapsed time is 216.403036 seconds.

chan =

    83

Elapsed time is 216.029625 seconds.

chan =

    84

Elapsed time is 216.293462 seconds.

chan =

    85

Elapsed time is 213.175440 seconds.

chan =

    86

Elapsed time is 214.781017 seconds.

chan =

    87

Elapsed time is 212.941610 seconds.

chan =

    88

Elapsed time is 213.803092 seconds.

chan =

    89

Elapsed time is 214.197386 seconds.

chan =

    90

Elapsed time is 214.479084 seconds.

chan =

    91

Elapsed time is 212.948956 seconds.

chan =

    92

Elapsed time is 214.912092 seconds.

chan =

    93

Elapsed time is 212.280457 seconds.

chan =

    94

Elapsed time is 213.158985 seconds.

chan =

    95

Elapsed time is 213.087416 seconds.

chan =

    96

Elapsed time is 213.554345 seconds.

chan =

    97

Elapsed time is 215.155707 seconds.

chan =

    98

Elapsed time is 217.772103 seconds.

chan =

    99

Elapsed time is 214.815069 seconds.

chan =

   100

Elapsed time is 215.369184 seconds.

chan =

   101

Elapsed time is 214.681874 seconds.

chan =

   102

Elapsed time is 214.778817 seconds.

chan =

   103

Elapsed time is 213.956734 seconds.

chan =

   104

Elapsed time is 213.948708 seconds.

chan =

   105

Elapsed time is 211.701139 seconds.

chan =

   106

Elapsed time is 212.868577 seconds.

chan =

   107

Elapsed time is 213.393317 seconds.

chan =

   108

Elapsed time is 212.709986 seconds.

chan =

   109

Elapsed time is 210.050909 seconds.

