getting started: 3660
attempting file: 3660
going for SLCH010 66
data loaded: SLCH010 66
HFB already done

chan =

     1

Elapsed time is 567.384497 seconds.

chan =

     2

Elapsed time is 560.981481 seconds.

chan =

     3

Elapsed time is 573.041408 seconds.

chan =

     4

Elapsed time is 580.690241 seconds.

chan =

     5

Elapsed time is 561.389398 seconds.

chan =

     6

Elapsed time is 543.309533 seconds.

chan =

     7

Elapsed time is 571.460929 seconds.

chan =

     8

Elapsed time is 574.108232 seconds.

chan =

     9

Elapsed time is 567.630770 seconds.

chan =

    10

Elapsed time is 572.271904 seconds.

chan =

    11

Elapsed time is 558.614387 seconds.

chan =

    12

Elapsed time is 559.626633 seconds.

chan =

    13

Elapsed time is 565.103385 seconds.

chan =

    14

Elapsed time is 553.457074 seconds.

chan =

    15

Elapsed time is 562.934306 seconds.

chan =

    16

Elapsed time is 567.161670 seconds.

chan =

    17

Elapsed time is 559.982642 seconds.

chan =

    18

Elapsed time is 568.623791 seconds.

chan =

    19

Elapsed time is 563.085778 seconds.

chan =

    20

Elapsed time is 561.643240 seconds.

chan =

    21

Elapsed time is 570.880935 seconds.

chan =

    22

Elapsed time is 563.147403 seconds.

chan =

    23

Elapsed time is 566.637548 seconds.

chan =

    24

Elapsed time is 558.369618 seconds.

chan =

    25

Elapsed time is 565.548617 seconds.

chan =

    26

Elapsed time is 566.137612 seconds.

chan =

    27

Elapsed time is 557.579590 seconds.

chan =

    28

Elapsed time is 563.607906 seconds.

chan =

    29

Elapsed time is 557.171144 seconds.

chan =

    30

Elapsed time is 564.634840 seconds.

chan =

    31

Elapsed time is 565.363887 seconds.

chan =

    32

Elapsed time is 554.256703 seconds.

chan =

    33

Elapsed time is 563.928262 seconds.

chan =

    34

Elapsed time is 558.928571 seconds.

chan =

    35

Elapsed time is 561.491879 seconds.

chan =

    36

Elapsed time is 561.209098 seconds.

chan =

    37

Elapsed time is 555.215047 seconds.

chan =

    38

Elapsed time is 567.144234 seconds.

chan =

    39

Elapsed time is 555.010230 seconds.

chan =

    40

Elapsed time is 565.616491 seconds.

chan =

    41

Elapsed time is 564.278769 seconds.

chan =

    42

Elapsed time is 557.428761 seconds.

chan =

    43

Elapsed time is 560.244236 seconds.

chan =

    44

Elapsed time is 558.745391 seconds.

chan =

    45

Elapsed time is 562.621783 seconds.

chan =

    46

Elapsed time is 557.561457 seconds.

chan =

    47

Elapsed time is 558.326060 seconds.

chan =

    48

Elapsed time is 565.196407 seconds.

chan =

    49

Elapsed time is 562.263061 seconds.

chan =

    50

Elapsed time is 563.370929 seconds.

chan =

    51

Elapsed time is 553.750617 seconds.

chan =

    52

Elapsed time is 560.331998 seconds.

chan =

    53

Elapsed time is 553.340955 seconds.

chan =

    54

Elapsed time is 551.189763 seconds.

chan =

    55

Elapsed time is 549.891578 seconds.

chan =

    56

Elapsed time is 531.271915 seconds.

chan =

    57

Elapsed time is 549.767376 seconds.

chan =

    58

Elapsed time is 548.610100 seconds.

chan =

    59

Elapsed time is 525.117947 seconds.

chan =

    60

Elapsed time is 519.229962 seconds.

chan =

    61

Elapsed time is 517.089436 seconds.

chan =

    62

Elapsed time is 518.436965 seconds.

chan =

    63

Elapsed time is 508.420866 seconds.

chan =

    64

Elapsed time is 508.030624 seconds.

chan =

    65

Elapsed time is 508.056901 seconds.

chan =

    66

Elapsed time is 506.280055 seconds.

chan =

    67

Elapsed time is 507.482975 seconds.

chan =

    68

Elapsed time is 505.828870 seconds.

chan =

    69

Elapsed time is 508.361271 seconds.

chan =

    70

Elapsed time is 508.094764 seconds.

chan =

    71

Elapsed time is 508.673309 seconds.

chan =

    72

Elapsed time is 510.783601 seconds.

chan =

    73

Elapsed time is 508.808364 seconds.

chan =

    74

Elapsed time is 508.364093 seconds.

chan =

    75

Elapsed time is 508.915425 seconds.

chan =

    76

Elapsed time is 509.481216 seconds.

chan =

    77

Elapsed time is 488.542808 seconds.

chan =

    78

Elapsed time is 478.305270 seconds.

chan =

    79

Elapsed time is 477.819611 seconds.

chan =

    80

Elapsed time is 476.680340 seconds.

chan =

    81

Elapsed time is 479.394036 seconds.

chan =

    82

Elapsed time is 474.680905 seconds.

chan =

    83

Elapsed time is 470.107462 seconds.

chan =

    84

Elapsed time is 469.645680 seconds.

chan =

    85

Elapsed time is 474.937477 seconds.

chan =

    86

Elapsed time is 471.300044 seconds.

chan =

    87

Elapsed time is 471.169648 seconds.

chan =

    88

Elapsed time is 469.978570 seconds.

chan =

    89

Elapsed time is 475.731573 seconds.

chan =

    90

Elapsed time is 469.379836 seconds.

chan =

    91

Elapsed time is 469.228710 seconds.

chan =

    92

Elapsed time is 469.773434 seconds.

chan =

    93

Elapsed time is 471.130853 seconds.

chan =

    94

Elapsed time is 475.782628 seconds.

chan =

    95

Elapsed time is 472.700938 seconds.

chan =

    96

Elapsed time is 470.525111 seconds.

chan =

    97

Elapsed time is 473.875939 seconds.

chan =

    98

Elapsed time is 478.253662 seconds.

chan =

    99

Elapsed time is 474.380419 seconds.

chan =

   100

Elapsed time is 470.005869 seconds.

chan =

   101

Elapsed time is 477.026519 seconds.

chan =

   102

Elapsed time is 477.097022 seconds.

chan =

   103

Elapsed time is 476.246568 seconds.

chan =

   104

Elapsed time is 477.482746 seconds.

chan =

   105

Elapsed time is 473.843255 seconds.

chan =

   106

Elapsed time is 475.190905 seconds.

chan =

   107

Elapsed time is 475.893105 seconds.

chan =

   108

Elapsed time is 474.720947 seconds.

chan =

   109

Elapsed time is 475.049528 seconds.

chan =

   110

Elapsed time is 477.913229 seconds.

chan =

   111

Elapsed time is 475.237040 seconds.

chan =

   112

Elapsed time is 477.260571 seconds.

chan =

   113

Elapsed time is 474.860176 seconds.

chan =

   114

Elapsed time is 455.002670 seconds.
attempting saving
save success: /projects/p31578/dtf8829/QuestConnect/CHANDAT/chanDat_SLCH010_066.mat
working on TF
