getting started: 3671
attempting file: 3671
going for SLCH010 77
data loaded: SLCH010 77
HFB already done

chan =

     1

Elapsed time is 658.555789 seconds.

chan =

     2

Elapsed time is 630.220649 seconds.

chan =

     3

Elapsed time is 613.517852 seconds.

chan =

     4

Elapsed time is 613.944587 seconds.

chan =

     5

Elapsed time is 609.862062 seconds.

chan =

     6

Elapsed time is 607.675476 seconds.

chan =

     7

Elapsed time is 607.277945 seconds.

chan =

     8

Elapsed time is 610.096830 seconds.

chan =

     9

Elapsed time is 618.310029 seconds.

chan =

    10

Elapsed time is 644.771167 seconds.

chan =

    11

Elapsed time is 638.368293 seconds.

chan =

    12

Elapsed time is 632.930510 seconds.

chan =

    13

Elapsed time is 636.554619 seconds.

chan =

    14

Elapsed time is 634.806063 seconds.

chan =

    15

Elapsed time is 622.981306 seconds.

chan =

    16

Elapsed time is 632.373287 seconds.

chan =

    17

Elapsed time is 631.681964 seconds.

chan =

    18

Elapsed time is 629.608665 seconds.

chan =

    19

Elapsed time is 627.931643 seconds.

chan =

    20

Elapsed time is 632.713240 seconds.

chan =

    21

Elapsed time is 615.697565 seconds.

chan =

    22

Elapsed time is 603.635841 seconds.

chan =

    23

Elapsed time is 603.676235 seconds.

chan =

    24

Elapsed time is 604.511688 seconds.

chan =

    25

Elapsed time is 606.121646 seconds.

chan =

    26

Elapsed time is 602.215471 seconds.

chan =

    27

Elapsed time is 602.335773 seconds.

chan =

    28

Elapsed time is 600.256638 seconds.

chan =

    29

Elapsed time is 599.676839 seconds.

chan =

    30

Elapsed time is 600.233301 seconds.

chan =

    31

Elapsed time is 597.462370 seconds.

chan =

    32

Elapsed time is 598.253184 seconds.

chan =

    33

Elapsed time is 599.913095 seconds.

chan =

    34

Elapsed time is 558.686847 seconds.

chan =

    35

Elapsed time is 703.636337 seconds.

chan =

    36

Elapsed time is 707.715003 seconds.

chan =

    37

Elapsed time is 687.040087 seconds.

chan =

    38

Elapsed time is 549.100160 seconds.

chan =

    39

Elapsed time is 510.165164 seconds.

chan =

    40

Elapsed time is 579.973407 seconds.

chan =

    41

Elapsed time is 575.930530 seconds.

chan =

    42

Elapsed time is 550.311541 seconds.

chan =

    43

Elapsed time is 559.400239 seconds.

chan =

    44

Elapsed time is 566.223278 seconds.

chan =

    45

Elapsed time is 546.188862 seconds.

chan =

    46

Elapsed time is 467.062539 seconds.

chan =

    47

Elapsed time is 468.177115 seconds.

chan =

    48

Elapsed time is 472.697864 seconds.

chan =

    49

Elapsed time is 482.979599 seconds.

chan =

    50

Elapsed time is 499.988808 seconds.

chan =

    51

Elapsed time is 526.145225 seconds.

chan =

    52

Elapsed time is 525.803159 seconds.

chan =

    53

Elapsed time is 525.519712 seconds.

chan =

    54

Elapsed time is 527.173808 seconds.

chan =

    55

Elapsed time is 501.257936 seconds.

chan =

    56

Elapsed time is 537.065667 seconds.

chan =

    57

Elapsed time is 570.681139 seconds.

chan =

    58

Elapsed time is 542.855662 seconds.

chan =

    59

Elapsed time is 566.201442 seconds.

chan =

    60

Elapsed time is 560.162206 seconds.

chan =

    61

Elapsed time is 564.664750 seconds.

chan =

    62

Elapsed time is 562.404839 seconds.

chan =

    63

Elapsed time is 531.558828 seconds.

chan =

    64

Elapsed time is 459.877254 seconds.

chan =

    65

Elapsed time is 501.259491 seconds.

chan =

    66

Elapsed time is 517.290915 seconds.

chan =

    67

Elapsed time is 464.749116 seconds.

chan =

    68

Elapsed time is 463.436258 seconds.

chan =

    69

Elapsed time is 462.955142 seconds.

chan =

    70

Elapsed time is 463.498131 seconds.

chan =

    71

Elapsed time is 465.164132 seconds.

chan =

    72

Elapsed time is 463.344866 seconds.

chan =

    73

Elapsed time is 463.652995 seconds.

chan =

    74

Elapsed time is 462.265966 seconds.

chan =

    75

Elapsed time is 463.764204 seconds.

chan =

    76

Elapsed time is 462.432712 seconds.

chan =

    77

Elapsed time is 463.616079 seconds.

chan =

    78

Elapsed time is 463.824744 seconds.

chan =

    79

Elapsed time is 460.679826 seconds.

chan =

    80

Elapsed time is 456.051448 seconds.

chan =

    81

Elapsed time is 457.279038 seconds.

chan =

    82

Elapsed time is 458.581731 seconds.

chan =

    83

Elapsed time is 458.148364 seconds.

chan =

    84

Elapsed time is 457.573204 seconds.

chan =

    85

Elapsed time is 459.046716 seconds.

chan =

    86

Elapsed time is 459.301598 seconds.

chan =

    87

Elapsed time is 457.784044 seconds.

chan =

    88

Elapsed time is 455.917509 seconds.

chan =

    89

Elapsed time is 460.088294 seconds.

chan =

    90

Elapsed time is 459.852265 seconds.

chan =

    91

Elapsed time is 458.418216 seconds.

chan =

    92

Elapsed time is 458.473819 seconds.

chan =

    93

Elapsed time is 459.401124 seconds.

chan =

    94

Elapsed time is 459.069601 seconds.

chan =

    95

Elapsed time is 458.967850 seconds.

chan =

    96

Elapsed time is 454.927391 seconds.

chan =

    97

Elapsed time is 456.102307 seconds.

chan =

    98

Elapsed time is 458.070401 seconds.

chan =

    99

Elapsed time is 458.608251 seconds.

chan =

   100

Elapsed time is 457.820187 seconds.

chan =

   101

Elapsed time is 460.303857 seconds.

chan =

   102

Elapsed time is 460.720631 seconds.

chan =

   103

Elapsed time is 460.573007 seconds.

chan =

   104

Elapsed time is 455.440693 seconds.

chan =

   105

Elapsed time is 459.485737 seconds.

chan =

   106

Elapsed time is 458.523331 seconds.

chan =

   107

Elapsed time is 457.291092 seconds.

chan =

   108

Elapsed time is 455.553464 seconds.

chan =

   109

Elapsed time is 458.187812 seconds.

chan =

   110

Elapsed time is 458.328650 seconds.

chan =

   111

Elapsed time is 459.152919 seconds.

chan =

   112

Elapsed time is 457.007772 seconds.

chan =

   113

Elapsed time is 460.179419 seconds.

chan =

   114

Elapsed time is 455.478945 seconds.
attempting saving
save success: /projects/p31578/dtf8829/QuestConnect/CHANDAT/chanDat_SLCH010_077.mat
working on TF
