getting started: 3293
attempting file: 3293
going for SD5 42
data loaded: SD5 42
HFB already done

chan =

     1

Elapsed time is 300.408866 seconds.

chan =

     2

Elapsed time is 307.106447 seconds.

chan =

     3

Elapsed time is 302.709783 seconds.

chan =

     4

Elapsed time is 300.432829 seconds.

chan =

     5

Elapsed time is 299.104463 seconds.

chan =

     6

Elapsed time is 295.784958 seconds.

chan =

     7

Elapsed time is 296.881766 seconds.

chan =

     8

Elapsed time is 295.695125 seconds.

chan =

     9

Elapsed time is 295.060725 seconds.

chan =

    10

Elapsed time is 296.598736 seconds.

chan =

    11

Elapsed time is 295.083244 seconds.

chan =

    12

Elapsed time is 295.662546 seconds.

chan =

    13

Elapsed time is 293.791512 seconds.

chan =

    14

Elapsed time is 293.231336 seconds.

chan =

    15

Elapsed time is 293.438282 seconds.

chan =

    16

Elapsed time is 292.544777 seconds.

chan =

    17

Elapsed time is 291.960012 seconds.

chan =

    18

Elapsed time is 292.451504 seconds.

chan =

    19

Elapsed time is 291.307102 seconds.

chan =

    20

Elapsed time is 291.032732 seconds.

chan =

    21

Elapsed time is 289.281734 seconds.

chan =

    22

Elapsed time is 294.859358 seconds.

chan =

    23

Elapsed time is 299.694045 seconds.

chan =

    24

Elapsed time is 301.432522 seconds.

chan =

    25

Elapsed time is 299.142280 seconds.

chan =

    26

Elapsed time is 301.818713 seconds.

chan =

    27

Elapsed time is 300.433684 seconds.

chan =

    28

Elapsed time is 296.257488 seconds.

chan =

    29

Elapsed time is 294.652954 seconds.

chan =

    30

Elapsed time is 298.409529 seconds.

chan =

    31

Elapsed time is 295.602113 seconds.

chan =

    32

Elapsed time is 293.776952 seconds.

chan =

    33

Elapsed time is 290.226208 seconds.

chan =

    34

Elapsed time is 294.473274 seconds.

chan =

    35

Elapsed time is 288.621299 seconds.

chan =

    36

Elapsed time is 289.995381 seconds.

chan =

    37

Elapsed time is 276.511006 seconds.

chan =

    38

Elapsed time is 285.310268 seconds.

chan =

    39

Elapsed time is 269.173197 seconds.

chan =

    40

Elapsed time is 262.323953 seconds.

chan =

    41

Elapsed time is 271.431304 seconds.

chan =

    42

Elapsed time is 261.786195 seconds.

chan =

    43

Elapsed time is 270.495539 seconds.

chan =

    44

Elapsed time is 272.885493 seconds.

chan =

    45

Elapsed time is 259.387727 seconds.

chan =

    46

Elapsed time is 263.905874 seconds.

chan =

    47

Elapsed time is 276.163917 seconds.

chan =

    48

Elapsed time is 245.621672 seconds.

chan =

    49

Elapsed time is 237.866150 seconds.

chan =

    50

Elapsed time is 231.375629 seconds.

chan =

    51

Elapsed time is 230.013592 seconds.

chan =

    52

Elapsed time is 231.179315 seconds.

chan =

    53

Elapsed time is 229.832937 seconds.

chan =

    54

Elapsed time is 237.858841 seconds.

chan =

    55

Elapsed time is 237.596282 seconds.

chan =

    56

Elapsed time is 230.832932 seconds.

chan =

    57

Elapsed time is 232.512609 seconds.

chan =

    58

Elapsed time is 245.046887 seconds.

chan =

    59

Elapsed time is 246.290468 seconds.

chan =

    60

Elapsed time is 247.504080 seconds.

chan =

    61

Elapsed time is 244.988521 seconds.

chan =

    62

Elapsed time is 244.740788 seconds.

chan =

    63

Elapsed time is 245.699719 seconds.

chan =

    64

Elapsed time is 246.929213 seconds.

chan =

    65

Elapsed time is 245.223260 seconds.

chan =

    66

Elapsed time is 245.163568 seconds.

chan =

    67

Elapsed time is 244.896488 seconds.

chan =

    68

Elapsed time is 247.010135 seconds.

chan =

    69

Elapsed time is 245.843175 seconds.

chan =

    70

Elapsed time is 246.884963 seconds.

chan =

    71

Elapsed time is 245.931297 seconds.

chan =

    72

Elapsed time is 249.441618 seconds.

chan =

    73

Elapsed time is 237.595815 seconds.

chan =

    74

Elapsed time is 234.926308 seconds.

chan =

    75

Elapsed time is 235.011386 seconds.

chan =

    76

Elapsed time is 240.634575 seconds.

chan =

    77

Elapsed time is 237.726808 seconds.

chan =

    78

Elapsed time is 234.657042 seconds.

chan =

    79

Elapsed time is 236.390711 seconds.

chan =

    80

Elapsed time is 348.353941 seconds.

chan =

    81

Elapsed time is 346.028085 seconds.

chan =

    82

Elapsed time is 348.140912 seconds.

chan =

    83

Elapsed time is 348.242812 seconds.

chan =

    84

Elapsed time is 340.283982 seconds.

chan =

    85

Elapsed time is 346.335459 seconds.

chan =

    86

Elapsed time is 336.347888 seconds.

chan =

    87

Elapsed time is 338.598836 seconds.

chan =

    88

Elapsed time is 346.196158 seconds.

chan =

    89

Elapsed time is 336.873663 seconds.

chan =

    90

Elapsed time is 339.449763 seconds.

chan =

    91

Elapsed time is 340.999461 seconds.

chan =

    92

Elapsed time is 335.899892 seconds.

chan =

    93

Elapsed time is 337.093302 seconds.

chan =

    94

Elapsed time is 333.248773 seconds.

chan =

    95

Elapsed time is 333.943290 seconds.

chan =

    96

Elapsed time is 340.593252 seconds.

chan =

    97

Elapsed time is 335.604871 seconds.

chan =

    98

Elapsed time is 344.734842 seconds.

chan =

    99

Elapsed time is 333.728069 seconds.

chan =

   100

Elapsed time is 338.666499 seconds.

chan =

   101

Elapsed time is 247.977889 seconds.

chan =

   102

Elapsed time is 245.932162 seconds.

chan =

   103

Elapsed time is 253.645582 seconds.

chan =

   104

Elapsed time is 254.917634 seconds.

chan =

   105

Elapsed time is 227.518794 seconds.

chan =

   106

Elapsed time is 265.045574 seconds.

chan =

   107

Elapsed time is 270.262258 seconds.

chan =

   108

Elapsed time is 242.214899 seconds.

chan =

   109

Elapsed time is 225.783814 seconds.

