getting started: 3013
attempting file: 3013
going for OH30 112
data loaded: OH30 112
HFB already done

chan =

     1

Elapsed time is 513.172285 seconds.

chan =

     2

Elapsed time is 388.927698 seconds.

chan =

     3

Elapsed time is 541.991913 seconds.

chan =

     4

Elapsed time is 561.114294 seconds.

chan =

     5

Elapsed time is 562.489964 seconds.

chan =

     6

Elapsed time is 560.864837 seconds.

chan =

     7

Elapsed time is 559.964210 seconds.

chan =

     8

Elapsed time is 561.159536 seconds.

chan =

     9

Elapsed time is 560.564541 seconds.

chan =

    10

Elapsed time is 555.667132 seconds.

chan =

    11

Elapsed time is 559.071706 seconds.

chan =

    12

Elapsed time is 558.074553 seconds.

chan =

    13

Elapsed time is 556.952421 seconds.

chan =

    14

Elapsed time is 554.014055 seconds.

chan =

    15

Elapsed time is 540.632826 seconds.

chan =

    16

Elapsed time is 528.694278 seconds.

chan =

    17

Elapsed time is 515.105833 seconds.

chan =

    18

Elapsed time is 525.038487 seconds.

chan =

    19

Elapsed time is 482.500780 seconds.

chan =

    20

Elapsed time is 492.255040 seconds.

chan =

    21

Elapsed time is 466.208549 seconds.

chan =

    22

Elapsed time is 458.420005 seconds.

chan =

    23

Elapsed time is 482.759094 seconds.

chan =

    24

Elapsed time is 467.138706 seconds.

chan =

    25

Elapsed time is 434.860626 seconds.

chan =

    26

Elapsed time is 468.154927 seconds.

chan =

    27

Elapsed time is 408.426361 seconds.

chan =

    28

Elapsed time is 432.078336 seconds.

chan =

    29

Elapsed time is 395.445416 seconds.

chan =

    30

Elapsed time is 384.568560 seconds.

chan =

    31

Elapsed time is 383.929505 seconds.

chan =

    32

Elapsed time is 383.534074 seconds.

chan =

    33

Elapsed time is 379.470112 seconds.

chan =

    34

Elapsed time is 381.083656 seconds.

chan =

    35

Elapsed time is 374.587409 seconds.

chan =

    36

Elapsed time is 376.742192 seconds.

chan =

    37

Elapsed time is 377.330373 seconds.

chan =

    38

Elapsed time is 376.451231 seconds.

chan =

    39

Elapsed time is 377.918009 seconds.

chan =

    40

Elapsed time is 375.387913 seconds.

chan =

    41

Elapsed time is 375.578717 seconds.

chan =

    42

Elapsed time is 377.732089 seconds.

chan =

    43

Elapsed time is 379.082681 seconds.

chan =

    44

Elapsed time is 374.488962 seconds.

chan =

    45

Elapsed time is 373.185122 seconds.

chan =

    46

Elapsed time is 375.315127 seconds.

chan =

    47

Elapsed time is 378.888745 seconds.

chan =

    48

Elapsed time is 370.124612 seconds.

chan =

    49

Elapsed time is 376.439298 seconds.

chan =

    50

Elapsed time is 375.161465 seconds.

chan =

    51

Elapsed time is 376.060772 seconds.

chan =

    52

Elapsed time is 375.875910 seconds.

chan =

    53

Elapsed time is 372.902543 seconds.

chan =

    54

Elapsed time is 375.274230 seconds.

chan =

    55

Elapsed time is 376.837721 seconds.

chan =

    56

Elapsed time is 374.188354 seconds.

chan =

    57

Elapsed time is 360.322952 seconds.

chan =

    58

Elapsed time is 361.258645 seconds.

chan =

    59

Elapsed time is 361.227040 seconds.

chan =

    60

Elapsed time is 363.656512 seconds.

chan =

    61

Elapsed time is 359.648127 seconds.

chan =

    62

Elapsed time is 363.969313 seconds.

chan =

    63

Elapsed time is 373.823521 seconds.

chan =

    64

Elapsed time is 443.969841 seconds.

chan =

    65

Elapsed time is 442.279025 seconds.

chan =

    66

Elapsed time is 391.263023 seconds.

chan =

    67

Elapsed time is 362.186949 seconds.

chan =

    68

Elapsed time is 369.223278 seconds.

chan =

    69

Elapsed time is 383.120354 seconds.

chan =

    70

Elapsed time is 371.674173 seconds.

chan =

    71

Elapsed time is 360.063490 seconds.

chan =

    72

Elapsed time is 395.966325 seconds.

chan =

    73

Elapsed time is 398.424950 seconds.

chan =

    74

Elapsed time is 393.447260 seconds.

chan =

    75

Elapsed time is 388.489063 seconds.

chan =

    76

Elapsed time is 384.890145 seconds.

chan =

    77

Elapsed time is 392.892648 seconds.

chan =

    78

Elapsed time is 400.864984 seconds.

chan =

    79

Elapsed time is 400.965227 seconds.

chan =

    80

Elapsed time is 441.707620 seconds.

chan =

    81

Elapsed time is 439.078689 seconds.

chan =

    82

Elapsed time is 438.584011 seconds.

chan =

    83

Elapsed time is 411.437660 seconds.

chan =

    84

Elapsed time is 419.614131 seconds.

chan =

    85

Elapsed time is 419.014879 seconds.

chan =

    86

Elapsed time is 385.168328 seconds.

chan =

    87

Elapsed time is 341.806737 seconds.

chan =

    88

Elapsed time is 378.967755 seconds.

chan =

    89

Elapsed time is 378.865388 seconds.

chan =

    90

Elapsed time is 379.832711 seconds.

chan =

    91

Elapsed time is 378.681146 seconds.

chan =

    92

Elapsed time is 378.474957 seconds.

chan =

    93

Elapsed time is 378.011396 seconds.

chan =

    94

Elapsed time is 377.934357 seconds.

chan =

    95

Elapsed time is 380.370116 seconds.

chan =

    96

Elapsed time is 379.833329 seconds.

chan =

    97

Elapsed time is 378.157184 seconds.

chan =

    98

Elapsed time is 379.189754 seconds.

chan =

    99

Elapsed time is 379.287598 seconds.

chan =

   100

Elapsed time is 378.876106 seconds.

chan =

   101

Elapsed time is 377.185232 seconds.

chan =

   102

Elapsed time is 377.693668 seconds.

chan =

   103

Elapsed time is 379.602706 seconds.

chan =

   104

Elapsed time is 379.257867 seconds.

chan =

   105

Elapsed time is 379.979756 seconds.

chan =

   106

Elapsed time is 380.402273 seconds.

chan =

   107

Elapsed time is 380.011247 seconds.

chan =

   108

Elapsed time is 378.454587 seconds.

chan =

   109

Elapsed time is 377.286848 seconds.

chan =

   110

Elapsed time is 377.583301 seconds.

chan =

   111

Elapsed time is 378.652688 seconds.

chan =

   112

Elapsed time is 379.480156 seconds.

chan =

   113

Elapsed time is 380.602943 seconds.

chan =

   114

Elapsed time is 379.791747 seconds.

chan =

   115

Elapsed time is 393.734515 seconds.

chan =

   116

Elapsed time is 354.135246 seconds.

chan =

   117

Elapsed time is 354.032302 seconds.

chan =

   118

Elapsed time is 351.040477 seconds.

chan =

   119

Elapsed time is 355.894053 seconds.

chan =

   120

Elapsed time is 369.502118 seconds.

chan =

   121

Elapsed time is 382.214046 seconds.

chan =

   122

Elapsed time is 381.390876 seconds.

chan =

   123

Elapsed time is 381.435106 seconds.

chan =

   124

Elapsed time is 380.118561 seconds.

chan =

   125

Elapsed time is 389.207568 seconds.

chan =

   126

Elapsed time is 355.420949 seconds.

chan =

   127

Elapsed time is 338.923270 seconds.

chan =

   128

Elapsed time is 337.701355 seconds.

chan =

   129

Elapsed time is 337.520813 seconds.

chan =

   130

Elapsed time is 337.149819 seconds.

chan =

   131

Elapsed time is 336.081891 seconds.

chan =

   132

Elapsed time is 336.936283 seconds.

chan =

   133

Elapsed time is 338.849527 seconds.

chan =

   134

Elapsed time is 338.123325 seconds.

chan =

   135

Elapsed time is 338.376206 seconds.

chan =

   136

Elapsed time is 337.037121 seconds.

chan =

   137

Elapsed time is 337.915031 seconds.

chan =

   138

Elapsed time is 338.255632 seconds.

chan =

   139

Elapsed time is 324.659206 seconds.
attempting saving
save success: /projects/p31578/dtf8829/QuestConnect/CHANDAT/chanDat_OH30_112.mat
working on TF
encoding done
encoding RT done
