getting started: 3267
attempting file: 3267
going for SD5 16
data loaded: SD5 16
HFB already done

chan =

     1

Elapsed time is 229.301427 seconds.

chan =

     2

Elapsed time is 229.250146 seconds.

chan =

     3

Elapsed time is 229.799686 seconds.

chan =

     4

Elapsed time is 234.196213 seconds.

chan =

     5

Elapsed time is 239.675774 seconds.

chan =

     6

Elapsed time is 240.275101 seconds.

chan =

     7

Elapsed time is 239.883340 seconds.

chan =

     8

Elapsed time is 237.810300 seconds.

chan =

     9

Elapsed time is 235.592783 seconds.

chan =

    10

Elapsed time is 238.073606 seconds.

chan =

    11

Elapsed time is 237.392472 seconds.

chan =

    12

Elapsed time is 236.628788 seconds.

chan =

    13

Elapsed time is 235.378009 seconds.

chan =

    14

Elapsed time is 232.973801 seconds.

chan =

    15

Elapsed time is 229.502838 seconds.

chan =

    16

Elapsed time is 228.146451 seconds.

chan =

    17

Elapsed time is 228.301531 seconds.

chan =

    18

Elapsed time is 228.400527 seconds.

chan =

    19

Elapsed time is 227.571749 seconds.

chan =

    20

Elapsed time is 354.750774 seconds.

chan =

    21

Elapsed time is 430.377047 seconds.

chan =

    22

Elapsed time is 432.691841 seconds.

chan =

    23

Elapsed time is 426.804755 seconds.

chan =

    24

Elapsed time is 426.788149 seconds.

chan =

    25

Elapsed time is 267.125840 seconds.

chan =

    26

Elapsed time is 224.148418 seconds.

chan =

    27

Elapsed time is 308.744540 seconds.

chan =

    28

Elapsed time is 313.508020 seconds.

chan =

    29

Elapsed time is 246.094371 seconds.

chan =

    30

Elapsed time is 288.761870 seconds.

chan =

    31

Elapsed time is 287.946524 seconds.

chan =

    32

Elapsed time is 288.366547 seconds.

chan =

    33

Elapsed time is 287.312699 seconds.

chan =

    34

Elapsed time is 286.581958 seconds.

chan =

    35

Elapsed time is 288.429087 seconds.

chan =

    36

Elapsed time is 286.480070 seconds.

chan =

    37

Elapsed time is 287.647216 seconds.

chan =

    38

Elapsed time is 286.845936 seconds.

chan =

    39

Elapsed time is 247.171690 seconds.

chan =

    40

Elapsed time is 288.063921 seconds.

chan =

    41

Elapsed time is 285.768736 seconds.

chan =

    42

Elapsed time is 288.436901 seconds.

chan =

    43

Elapsed time is 283.020550 seconds.

chan =

    44

Elapsed time is 281.061490 seconds.

chan =

    45

Elapsed time is 282.572880 seconds.

chan =

    46

Elapsed time is 282.355078 seconds.

chan =

    47

Elapsed time is 281.107821 seconds.

chan =

    48

Elapsed time is 281.447055 seconds.

chan =

    49

Elapsed time is 281.108695 seconds.

chan =

    50

Elapsed time is 281.655016 seconds.

chan =

    51

Elapsed time is 280.356771 seconds.

chan =

    52

Elapsed time is 279.150156 seconds.

chan =

    53

Elapsed time is 281.103626 seconds.

chan =

    54

Elapsed time is 280.598831 seconds.

chan =

    55

Elapsed time is 280.636356 seconds.

chan =

    56

Elapsed time is 278.819253 seconds.

chan =

    57

Elapsed time is 280.998780 seconds.

chan =

    58

Elapsed time is 278.437480 seconds.

chan =

    59

Elapsed time is 279.276871 seconds.

chan =

    60

Elapsed time is 282.605178 seconds.

chan =

    61

Elapsed time is 278.238164 seconds.

chan =

    62

Elapsed time is 280.737171 seconds.

chan =

    63

Elapsed time is 278.451232 seconds.

chan =

    64

Elapsed time is 281.354076 seconds.

chan =

    65

Elapsed time is 279.372282 seconds.

chan =

    66

Elapsed time is 280.648068 seconds.

chan =

    67

Elapsed time is 278.003654 seconds.

chan =

    68

Elapsed time is 279.190708 seconds.

chan =

    69

Elapsed time is 277.368089 seconds.

chan =

    70

Elapsed time is 280.986773 seconds.

chan =

    71

Elapsed time is 279.940322 seconds.

chan =

    72

Elapsed time is 306.466298 seconds.

chan =

    73

Elapsed time is 314.170977 seconds.

chan =

    74

Elapsed time is 295.244590 seconds.

chan =

    75

Elapsed time is 310.829726 seconds.

chan =

    76

Elapsed time is 231.842398 seconds.

chan =

    77

Elapsed time is 285.953867 seconds.

chan =

    78

Elapsed time is 314.092048 seconds.

chan =

    79

Elapsed time is 313.799051 seconds.

chan =

    80

Elapsed time is 314.558779 seconds.

chan =

    81

Elapsed time is 309.930898 seconds.

chan =

    82

Elapsed time is 314.858881 seconds.

chan =

    83

Elapsed time is 317.068231 seconds.

chan =

    84

Elapsed time is 316.204615 seconds.

chan =

    85

Elapsed time is 312.916633 seconds.

chan =

    86

Elapsed time is 308.424292 seconds.

chan =

    87

Elapsed time is 313.830407 seconds.

chan =

    88

Elapsed time is 315.885209 seconds.

chan =

    89

Elapsed time is 317.819791 seconds.

chan =

    90

Elapsed time is 310.043884 seconds.

chan =

    91

Elapsed time is 316.240325 seconds.

chan =

    92

Elapsed time is 318.770204 seconds.

chan =

    93

Elapsed time is 315.668204 seconds.

chan =

    94

Elapsed time is 315.292353 seconds.

chan =

    95

Elapsed time is 305.567472 seconds.

chan =

    96

Elapsed time is 315.034085 seconds.

chan =

    97

Elapsed time is 315.308878 seconds.

chan =

    98

Elapsed time is 318.982006 seconds.

chan =

    99

Elapsed time is 306.798423 seconds.

chan =

   100

Elapsed time is 314.987972 seconds.

chan =

   101

Elapsed time is 318.409185 seconds.

chan =

   102

Elapsed time is 320.550795 seconds.

chan =

   103

Elapsed time is 316.377297 seconds.

chan =

   104

Elapsed time is 312.968933 seconds.

chan =

   105

Elapsed time is 318.293703 seconds.

chan =

   106

Elapsed time is 312.289026 seconds.

chan =

   107

Elapsed time is 316.299990 seconds.

chan =

   108

Elapsed time is 302.693043 seconds.

chan =

   109

Elapsed time is 309.209336 seconds.

