getting started: 3602
attempting file: 3602
going for SLCH010 8
data loaded: SLCH010 8
HFB already done

chan =

     1

Elapsed time is 609.063690 seconds.

chan =

     2

Elapsed time is 607.888542 seconds.

chan =

     3

Elapsed time is 600.924008 seconds.

chan =

     4

Elapsed time is 583.855305 seconds.

chan =

     5

Elapsed time is 684.103882 seconds.

chan =

     6

Elapsed time is 687.195487 seconds.

chan =

     7

Elapsed time is 687.012161 seconds.

chan =

     8

Elapsed time is 692.188381 seconds.

chan =

     9

Elapsed time is 685.252706 seconds.

chan =

    10

Elapsed time is 690.735830 seconds.

chan =

    11

Elapsed time is 687.748962 seconds.

chan =

    12

Elapsed time is 688.299559 seconds.

chan =

    13

Elapsed time is 685.762957 seconds.

chan =

    14

Elapsed time is 687.501250 seconds.

chan =

    15

Elapsed time is 687.190041 seconds.

chan =

    16

Elapsed time is 688.066421 seconds.

chan =

    17

Elapsed time is 686.666941 seconds.

chan =

    18

Elapsed time is 683.268433 seconds.

chan =

    19

Elapsed time is 689.479754 seconds.

chan =

    20

Elapsed time is 688.839274 seconds.

chan =

    21

Elapsed time is 689.180628 seconds.

chan =

    22

Elapsed time is 693.982321 seconds.

chan =

    23

Elapsed time is 683.050599 seconds.

chan =

    24

Elapsed time is 684.461950 seconds.

chan =

    25

Elapsed time is 677.036238 seconds.

chan =

    26

Elapsed time is 668.456356 seconds.

chan =

    27

Elapsed time is 664.570687 seconds.

chan =

    28

Elapsed time is 669.170079 seconds.

chan =

    29

Elapsed time is 662.492468 seconds.

chan =

    30

Elapsed time is 666.201884 seconds.

chan =

    31

Elapsed time is 665.555409 seconds.

chan =

    32

Elapsed time is 667.283031 seconds.

chan =

    33

Elapsed time is 659.874198 seconds.

chan =

    34

Elapsed time is 662.309278 seconds.

chan =

    35

Elapsed time is 658.821008 seconds.

chan =

    36

Elapsed time is 661.074421 seconds.

chan =

    37

Elapsed time is 661.525063 seconds.

chan =

    38

Elapsed time is 664.265639 seconds.

chan =

    39

Elapsed time is 661.672965 seconds.

chan =

    40

Elapsed time is 663.365526 seconds.

chan =

    41

Elapsed time is 663.887222 seconds.

chan =

    42

Elapsed time is 660.777119 seconds.

chan =

    43

Elapsed time is 663.572544 seconds.

chan =

    44

Elapsed time is 667.288911 seconds.

chan =

    45

Elapsed time is 659.154531 seconds.

chan =

    46

Elapsed time is 581.419485 seconds.

chan =

    47

Elapsed time is 546.278576 seconds.

chan =

    48

Elapsed time is 563.514698 seconds.

chan =

    49

Elapsed time is 561.798434 seconds.

chan =

    50

Elapsed time is 566.421175 seconds.

chan =

    51

Elapsed time is 567.073020 seconds.

chan =

    52

Elapsed time is 569.363141 seconds.

chan =

    53

Elapsed time is 550.102488 seconds.

chan =

    54

Elapsed time is 545.830016 seconds.

chan =

    55

Elapsed time is 548.316199 seconds.

chan =

    56

Elapsed time is 547.604761 seconds.

chan =

    57

Elapsed time is 545.956828 seconds.

chan =

    58

Elapsed time is 544.027184 seconds.

chan =

    59

Elapsed time is 550.303860 seconds.

chan =

    60

Elapsed time is 544.836031 seconds.

chan =

    61

Elapsed time is 547.260629 seconds.

chan =

    62

Elapsed time is 549.750382 seconds.

chan =

    63

Elapsed time is 550.905282 seconds.

chan =

    64

Elapsed time is 551.159842 seconds.

chan =

    65

Elapsed time is 546.510634 seconds.

chan =

    66

Elapsed time is 548.401950 seconds.

chan =

    67

Elapsed time is 552.251515 seconds.

chan =

    68

Elapsed time is 552.559363 seconds.

chan =

    69

Elapsed time is 546.948212 seconds.

chan =

    70

Elapsed time is 548.218817 seconds.

chan =

    71

Elapsed time is 534.332250 seconds.

chan =

    72

Elapsed time is 510.150515 seconds.

chan =

    73

Elapsed time is 507.107926 seconds.

chan =

    74

Elapsed time is 509.342064 seconds.

chan =

    75

Elapsed time is 510.739390 seconds.

chan =

    76

Elapsed time is 509.990343 seconds.

chan =

    77

Elapsed time is 505.619959 seconds.

chan =

    78

Elapsed time is 506.036188 seconds.

chan =

    79

Elapsed time is 508.818355 seconds.

chan =

    80

Elapsed time is 506.737264 seconds.

chan =

    81

Elapsed time is 509.017433 seconds.

chan =

    82

Elapsed time is 508.260988 seconds.

chan =

    83

Elapsed time is 509.154807 seconds.

chan =

    84

Elapsed time is 508.098158 seconds.

chan =

    85

Elapsed time is 508.010673 seconds.

chan =

    86

Elapsed time is 509.145167 seconds.

chan =

    87

Elapsed time is 509.292806 seconds.

chan =

    88

Elapsed time is 506.506775 seconds.

chan =

    89

Elapsed time is 510.803966 seconds.

chan =

    90

Elapsed time is 510.522453 seconds.

chan =

    91

Elapsed time is 510.795130 seconds.

chan =

    92

Elapsed time is 510.004410 seconds.

chan =

    93

Elapsed time is 513.259073 seconds.

chan =

    94

Elapsed time is 509.976090 seconds.

chan =

    95

Elapsed time is 509.291010 seconds.

chan =

    96

Elapsed time is 507.628047 seconds.

chan =

    97

Elapsed time is 505.635812 seconds.

chan =

    98

Elapsed time is 510.186954 seconds.

chan =

    99

Elapsed time is 508.307817 seconds.

chan =

   100

Elapsed time is 508.792045 seconds.

chan =

   101

Elapsed time is 507.503908 seconds.

chan =

   102

Elapsed time is 509.947623 seconds.

chan =

   103

Elapsed time is 511.919593 seconds.

chan =

   104

Elapsed time is 508.617075 seconds.

chan =

   105

Elapsed time is 509.381216 seconds.

chan =

   106

Elapsed time is 509.683823 seconds.

chan =

   107

Elapsed time is 508.182553 seconds.

chan =

   108

Elapsed time is 499.616143 seconds.

chan =

   109

Elapsed time is 502.421021 seconds.

chan =

   110

Elapsed time is 503.510326 seconds.

chan =

   111

Elapsed time is 504.163196 seconds.

chan =

   112

Elapsed time is 503.303063 seconds.

chan =

   113

Elapsed time is 502.790426 seconds.

chan =

   114

Elapsed time is 501.355755 seconds.
attempting saving
save success: /projects/p31578/dtf8829/QuestConnect/CHANDAT/chanDat_SLCH010_008.mat
working on TF
encoding done
encoding RT done
