getting started: 3011
attempting file: 3011
going for OH30 110
data loaded: OH30 110
HFB already done

chan =

     1

Elapsed time is 551.130171 seconds.

chan =

     2

Elapsed time is 499.866957 seconds.

chan =

     3

Elapsed time is 605.891747 seconds.

chan =

     4

Elapsed time is 615.525569 seconds.

chan =

     5

Elapsed time is 589.450358 seconds.

chan =

     6

Elapsed time is 568.475460 seconds.

chan =

     7

Elapsed time is 553.422176 seconds.

chan =

     8

Elapsed time is 551.607064 seconds.

chan =

     9

Elapsed time is 554.966658 seconds.

chan =

    10

Elapsed time is 555.640822 seconds.

chan =

    11

Elapsed time is 558.752640 seconds.

chan =

    12

Elapsed time is 558.539144 seconds.

chan =

    13

Elapsed time is 556.254002 seconds.

chan =

    14

Elapsed time is 558.942807 seconds.

chan =

    15

Elapsed time is 559.546288 seconds.

chan =

    16

Elapsed time is 558.465510 seconds.

chan =

    17

Elapsed time is 587.283651 seconds.

chan =

    18

Elapsed time is 559.719584 seconds.

chan =

    19

Elapsed time is 570.702741 seconds.

chan =

    20

Elapsed time is 573.533159 seconds.

chan =

    21

Elapsed time is 578.618697 seconds.

chan =

    22

Elapsed time is 566.578076 seconds.

chan =

    23

Elapsed time is 575.559480 seconds.

chan =

    24

Elapsed time is 568.234277 seconds.

chan =

    25

Elapsed time is 554.014198 seconds.

chan =

    26

Elapsed time is 525.309265 seconds.

chan =

    27

Elapsed time is 502.495272 seconds.

chan =

    28

Elapsed time is 497.707586 seconds.

chan =

    29

Elapsed time is 513.607885 seconds.

chan =

    30

Elapsed time is 507.714358 seconds.

chan =

    31

Elapsed time is 525.255476 seconds.

chan =

    32

Elapsed time is 524.917115 seconds.

chan =

    33

Elapsed time is 522.244342 seconds.

chan =

    34

Elapsed time is 523.119031 seconds.

chan =

    35

Elapsed time is 524.897757 seconds.

chan =

    36

Elapsed time is 527.020318 seconds.

chan =

    37

Elapsed time is 530.227663 seconds.

chan =

    38

Elapsed time is 504.186902 seconds.

chan =

    39

Elapsed time is 460.635798 seconds.

chan =

    40

Elapsed time is 464.375275 seconds.

chan =

    41

Elapsed time is 464.445137 seconds.

chan =

    42

Elapsed time is 461.415604 seconds.

chan =

    43

Elapsed time is 453.030011 seconds.

chan =

    44

Elapsed time is 433.744968 seconds.

chan =

    45

Elapsed time is 420.771315 seconds.

chan =

    46

Elapsed time is 419.102796 seconds.

chan =

    47

Elapsed time is 419.907245 seconds.

chan =

    48

Elapsed time is 418.993683 seconds.

chan =

    49

Elapsed time is 421.948327 seconds.

chan =

    50

Elapsed time is 424.526282 seconds.

chan =

    51

Elapsed time is 423.558926 seconds.

chan =

    52

Elapsed time is 423.569508 seconds.

chan =

    53

Elapsed time is 508.270362 seconds.

chan =

    54

Elapsed time is 538.159909 seconds.

chan =

    55

Elapsed time is 506.503468 seconds.

chan =

    56

Elapsed time is 442.891322 seconds.

chan =

    57

Elapsed time is 425.677198 seconds.

chan =

    58

Elapsed time is 441.757901 seconds.

chan =

    59

Elapsed time is 403.624994 seconds.

chan =

    60

Elapsed time is 393.691975 seconds.

chan =

    61

Elapsed time is 420.240208 seconds.

chan =

    62

Elapsed time is 376.247746 seconds.

chan =

    63

Elapsed time is 353.741752 seconds.

chan =

    64

Elapsed time is 354.051695 seconds.

chan =

    65

Elapsed time is 354.654205 seconds.

chan =

    66

Elapsed time is 392.166013 seconds.

chan =

    67

Elapsed time is 409.901017 seconds.

chan =

    68

Elapsed time is 402.395069 seconds.

chan =

    69

Elapsed time is 444.009034 seconds.

chan =

    70

Elapsed time is 440.474210 seconds.

chan =

    71

Elapsed time is 441.614823 seconds.

chan =

    72

Elapsed time is 424.284903 seconds.

chan =

    73

Elapsed time is 443.090039 seconds.

chan =

    74

Elapsed time is 442.906734 seconds.

chan =

    75

Elapsed time is 390.440328 seconds.

chan =

    76

Elapsed time is 581.275810 seconds.

chan =

    77

Elapsed time is 948.961443 seconds.

chan =

    78

Elapsed time is 950.529336 seconds.

chan =

    79

Elapsed time is 947.108302 seconds.

chan =

    80

Elapsed time is 949.300807 seconds.

chan =

    81

Elapsed time is 948.944899 seconds.

chan =

    82

Elapsed time is 948.299404 seconds.

chan =

    83

Elapsed time is 951.784165 seconds.

chan =

    84

Elapsed time is 952.775133 seconds.

chan =

    85

Elapsed time is 951.038419 seconds.

chan =

    86

Elapsed time is 940.995964 seconds.

chan =

    87

Elapsed time is 890.333955 seconds.

chan =

    88

Elapsed time is 541.902236 seconds.

chan =

    89

Elapsed time is 479.813925 seconds.

chan =

    90

Elapsed time is 480.848210 seconds.

chan =

    91

Elapsed time is 920.581326 seconds.

chan =

    92

Elapsed time is 920.668726 seconds.

chan =

    93

Elapsed time is 649.159287 seconds.

chan =

    94

Elapsed time is 345.174367 seconds.

chan =

    95

Elapsed time is 346.594765 seconds.

chan =

    96

Elapsed time is 346.786495 seconds.

chan =

    97

Elapsed time is 345.432896 seconds.

chan =

    98

Elapsed time is 347.028966 seconds.

chan =

    99

Elapsed time is 346.419894 seconds.

chan =

   100

Elapsed time is 346.693531 seconds.

chan =

   101

Elapsed time is 345.200065 seconds.

chan =

   102

Elapsed time is 345.634999 seconds.

chan =

   103

Elapsed time is 348.223782 seconds.

chan =

   104

Elapsed time is 346.724002 seconds.

chan =

   105

Elapsed time is 348.220469 seconds.

chan =

   106

Elapsed time is 345.832639 seconds.

chan =

   107

Elapsed time is 346.448461 seconds.

chan =

   108

Elapsed time is 343.889666 seconds.

chan =

   109

Elapsed time is 343.349112 seconds.

chan =

   110

Elapsed time is 343.481509 seconds.

chan =

   111

Elapsed time is 345.032515 seconds.

chan =

   112

Elapsed time is 343.705890 seconds.

chan =

   113

Elapsed time is 345.925469 seconds.

chan =

   114

Elapsed time is 343.504371 seconds.

chan =

   115

Elapsed time is 344.965440 seconds.

chan =

   116

Elapsed time is 342.968102 seconds.

chan =

   117

Elapsed time is 344.434009 seconds.

chan =

   118

Elapsed time is 341.708742 seconds.

chan =

   119

Elapsed time is 346.838622 seconds.

chan =

   120

Elapsed time is 346.044818 seconds.

chan =

   121

Elapsed time is 346.798584 seconds.

chan =

   122

Elapsed time is 346.980103 seconds.

chan =

   123

Elapsed time is 346.453884 seconds.

chan =

   124

Elapsed time is 324.004955 seconds.

chan =

   125

Elapsed time is 323.733276 seconds.

chan =

   126

Elapsed time is 323.168711 seconds.

chan =

   127

Elapsed time is 323.551423 seconds.

chan =

   128

Elapsed time is 322.548100 seconds.

chan =

   129

Elapsed time is 322.492811 seconds.

chan =

   130

Elapsed time is 322.307540 seconds.

chan =

   131

Elapsed time is 320.508951 seconds.

chan =

   132

Elapsed time is 322.546722 seconds.

chan =

   133

Elapsed time is 323.446405 seconds.

chan =

   134

Elapsed time is 323.705655 seconds.

chan =

   135

Elapsed time is 323.924258 seconds.

chan =

   136

Elapsed time is 323.060283 seconds.

chan =

   137

Elapsed time is 323.312545 seconds.

chan =

   138

Elapsed time is 323.058697 seconds.

chan =

   139

Elapsed time is 321.247029 seconds.
attempting saving
save success: /projects/p31578/dtf8829/QuestConnect/CHANDAT/chanDat_OH30_110.mat
working on TF
encoding done
encoding RT done
