getting started: 3304
attempting file: 3304
going for SD5 53
data loaded: SD5 53
HFB already done

chan =

     1

Elapsed time is 259.968137 seconds.

chan =

     2

Elapsed time is 255.794534 seconds.

chan =

     3

Elapsed time is 253.800302 seconds.

chan =

     4

Elapsed time is 250.484587 seconds.

chan =

     5

Elapsed time is 253.958438 seconds.

chan =

     6

Elapsed time is 251.975117 seconds.

chan =

     7

Elapsed time is 247.320655 seconds.

chan =

     8

Elapsed time is 239.582793 seconds.

chan =

     9

Elapsed time is 246.843266 seconds.

chan =

    10

Elapsed time is 264.223386 seconds.

chan =

    11

Elapsed time is 264.124998 seconds.

chan =

    12

Elapsed time is 260.103333 seconds.

chan =

    13

Elapsed time is 254.903773 seconds.

chan =

    14

Elapsed time is 279.062879 seconds.

chan =

    15

Elapsed time is 286.709802 seconds.

chan =

    16

Elapsed time is 287.273909 seconds.

chan =

    17

Elapsed time is 286.827613 seconds.

chan =

    18

Elapsed time is 287.169624 seconds.

chan =

    19

Elapsed time is 281.068330 seconds.

chan =

    20

Elapsed time is 286.886068 seconds.

chan =

    21

Elapsed time is 285.847391 seconds.

chan =

    22

Elapsed time is 288.530396 seconds.

chan =

    23

Elapsed time is 285.861167 seconds.

chan =

    24

Elapsed time is 287.599833 seconds.

chan =

    25

Elapsed time is 286.641993 seconds.

chan =

    26

Elapsed time is 287.821304 seconds.

chan =

    27

Elapsed time is 287.210443 seconds.

chan =

    28

Elapsed time is 279.580902 seconds.

chan =

    29

Elapsed time is 284.045093 seconds.

chan =

    30

Elapsed time is 288.973329 seconds.

chan =

    31

Elapsed time is 285.955558 seconds.

chan =

    32

Elapsed time is 287.515646 seconds.

chan =

    33

Elapsed time is 281.411910 seconds.

chan =

    34

Elapsed time is 282.159592 seconds.

chan =

    35

Elapsed time is 288.503317 seconds.

chan =

    36

Elapsed time is 288.890646 seconds.

chan =

    37

Elapsed time is 287.777520 seconds.

chan =

    38

Elapsed time is 286.745601 seconds.

chan =

    39

Elapsed time is 284.400638 seconds.

chan =

    40

Elapsed time is 287.796423 seconds.

chan =

    41

Elapsed time is 287.660170 seconds.

chan =

    42

Elapsed time is 288.515726 seconds.

chan =

    43

Elapsed time is 282.254858 seconds.

chan =

    44

Elapsed time is 283.138922 seconds.

chan =

    45

Elapsed time is 289.254289 seconds.

chan =

    46

Elapsed time is 288.986096 seconds.

chan =

    47

Elapsed time is 288.850061 seconds.

chan =

    48

Elapsed time is 272.611187 seconds.

chan =

    49

Elapsed time is 256.082417 seconds.

chan =

    50

Elapsed time is 263.165898 seconds.

chan =

    51

Elapsed time is 285.355896 seconds.

chan =

    52

Elapsed time is 289.459240 seconds.

chan =

    53

Elapsed time is 288.335667 seconds.

chan =

    54

Elapsed time is 288.838488 seconds.

chan =

    55

Elapsed time is 282.079447 seconds.

chan =

    56

Elapsed time is 289.836535 seconds.

chan =

    57

Elapsed time is 290.120280 seconds.

chan =

    58

Elapsed time is 288.894185 seconds.

chan =

    59

Elapsed time is 290.583341 seconds.

chan =

    60

Elapsed time is 282.059691 seconds.

chan =

    61

Elapsed time is 287.790705 seconds.

chan =

    62

Elapsed time is 290.830435 seconds.

chan =

    63

Elapsed time is 291.360845 seconds.

chan =

    64

Elapsed time is 292.069805 seconds.

chan =

    65

Elapsed time is 289.172245 seconds.

chan =

    66

Elapsed time is 290.927822 seconds.

chan =

    67

Elapsed time is 285.693206 seconds.

chan =

    68

Elapsed time is 287.572982 seconds.

chan =

    69

Elapsed time is 288.081555 seconds.

chan =

    70

Elapsed time is 287.357468 seconds.

chan =

    71

Elapsed time is 283.206758 seconds.

chan =

    72

Elapsed time is 287.844157 seconds.

chan =

    73

Elapsed time is 288.703673 seconds.

chan =

    74

Elapsed time is 286.961900 seconds.

chan =

    75

Elapsed time is 284.236428 seconds.

chan =

    76

Elapsed time is 286.338313 seconds.

chan =

    77

Elapsed time is 289.185127 seconds.

chan =

    78

Elapsed time is 289.223998 seconds.

chan =

    79

Elapsed time is 289.182879 seconds.

chan =

    80

Elapsed time is 286.457048 seconds.

chan =

    81

Elapsed time is 290.432724 seconds.

chan =

    82

Elapsed time is 283.161728 seconds.

chan =

    83

Elapsed time is 289.479450 seconds.

chan =

    84

Elapsed time is 288.660272 seconds.

chan =

    85

Elapsed time is 285.535718 seconds.

chan =

    86

Elapsed time is 287.428751 seconds.

chan =

    87

Elapsed time is 286.749983 seconds.

chan =

    88

Elapsed time is 286.959413 seconds.

chan =

    89

Elapsed time is 283.748710 seconds.

chan =

    90

Elapsed time is 288.585131 seconds.

chan =

    91

Elapsed time is 287.078106 seconds.

chan =

    92

Elapsed time is 283.615322 seconds.

chan =

    93

Elapsed time is 287.876403 seconds.

chan =

    94

Elapsed time is 283.218754 seconds.

chan =

    95

Elapsed time is 288.834257 seconds.

chan =

    96

Elapsed time is 286.372419 seconds.

chan =

    97

Elapsed time is 288.360290 seconds.

chan =

    98

Elapsed time is 289.699058 seconds.

chan =

    99

Elapsed time is 286.537742 seconds.

chan =

   100

Elapsed time is 288.623899 seconds.

chan =

   101

Elapsed time is 288.827370 seconds.

chan =

   102

Elapsed time is 285.676365 seconds.

chan =

   103

Elapsed time is 286.557815 seconds.

chan =

   104

Elapsed time is 287.729367 seconds.

chan =

   105

Elapsed time is 284.615202 seconds.

chan =

   106

Elapsed time is 283.581533 seconds.

chan =

   107

Elapsed time is 284.016935 seconds.

chan =

   108

Elapsed time is 282.040637 seconds.

chan =

   109

Elapsed time is 280.841899 seconds.

