getting started: 3281
attempting file: 3281
going for SD5 30
data loaded: SD5 30
HFB already done

chan =

     1

Elapsed time is 287.420661 seconds.

chan =

     2

Elapsed time is 294.091176 seconds.

chan =

     3

Elapsed time is 302.820349 seconds.

chan =

     4

Elapsed time is 294.458457 seconds.

chan =

     5

Elapsed time is 290.324033 seconds.

chan =

     6

Elapsed time is 289.365110 seconds.

chan =

     7

Elapsed time is 287.804687 seconds.

chan =

     8

Elapsed time is 266.270679 seconds.

chan =

     9

Elapsed time is 256.253891 seconds.

chan =

    10

Elapsed time is 260.971160 seconds.

chan =

    11

Elapsed time is 294.880325 seconds.

chan =

    12

Elapsed time is 295.547557 seconds.

chan =

    13

Elapsed time is 297.318284 seconds.

chan =

    14

Elapsed time is 296.178503 seconds.

chan =

    15

Elapsed time is 297.218098 seconds.

chan =

    16

Elapsed time is 297.392817 seconds.

chan =

    17

Elapsed time is 297.431454 seconds.

chan =

    18

Elapsed time is 294.167568 seconds.

chan =

    19

Elapsed time is 294.319427 seconds.

chan =

    20

Elapsed time is 294.983843 seconds.

chan =

    21

Elapsed time is 296.459101 seconds.

chan =

    22

Elapsed time is 297.876813 seconds.

chan =

    23

Elapsed time is 299.349686 seconds.

chan =

    24

Elapsed time is 299.875973 seconds.

chan =

    25

Elapsed time is 298.584128 seconds.

chan =

    26

Elapsed time is 296.596449 seconds.

chan =

    27

Elapsed time is 293.032127 seconds.

chan =

    28

Elapsed time is 289.355551 seconds.

chan =

    29

Elapsed time is 285.938218 seconds.

chan =

    30

Elapsed time is 292.271851 seconds.

chan =

    31

Elapsed time is 286.549192 seconds.

chan =

    32

Elapsed time is 289.762499 seconds.

chan =

    33

Elapsed time is 290.045078 seconds.

chan =

    34

Elapsed time is 291.273404 seconds.

chan =

    35

Elapsed time is 293.565266 seconds.

chan =

    36

Elapsed time is 293.688274 seconds.

chan =

    37

Elapsed time is 290.566742 seconds.

chan =

    38

Elapsed time is 292.923633 seconds.

chan =

    39

Elapsed time is 292.780489 seconds.

chan =

    40

Elapsed time is 290.874077 seconds.

chan =

    41

Elapsed time is 290.410989 seconds.

chan =

    42

Elapsed time is 289.775866 seconds.

chan =

    43

Elapsed time is 287.506278 seconds.

chan =

    44

Elapsed time is 287.499267 seconds.

chan =

    45

Elapsed time is 290.643847 seconds.

chan =

    46

Elapsed time is 290.747183 seconds.

chan =

    47

Elapsed time is 289.337418 seconds.

chan =

    48

Elapsed time is 288.192564 seconds.

chan =

    49

Elapsed time is 286.227972 seconds.

chan =

    50

Elapsed time is 284.706196 seconds.

chan =

    51

Elapsed time is 286.928342 seconds.

chan =

    52

Elapsed time is 285.955191 seconds.

chan =

    53

Elapsed time is 286.858674 seconds.

chan =

    54

Elapsed time is 286.459868 seconds.

chan =

    55

Elapsed time is 283.550909 seconds.

chan =

    56

Elapsed time is 284.823204 seconds.

chan =

    57

Elapsed time is 285.877601 seconds.

chan =

    58

Elapsed time is 286.886718 seconds.

chan =

    59

Elapsed time is 286.238720 seconds.

chan =

    60

Elapsed time is 288.287086 seconds.

chan =

    61

Elapsed time is 287.027017 seconds.

chan =

    62

Elapsed time is 284.594204 seconds.

chan =

    63

Elapsed time is 287.080831 seconds.

chan =

    64

Elapsed time is 287.679934 seconds.

chan =

    65

Elapsed time is 284.074466 seconds.

chan =

    66

Elapsed time is 285.889250 seconds.

chan =

    67

Elapsed time is 283.138477 seconds.

chan =

    68

Elapsed time is 284.391194 seconds.

chan =

    69

Elapsed time is 284.606492 seconds.

chan =

    70

Elapsed time is 284.085007 seconds.

chan =

    71

Elapsed time is 281.748022 seconds.

chan =

    72

Elapsed time is 283.016146 seconds.

chan =

    73

Elapsed time is 283.815671 seconds.

chan =

    74

Elapsed time is 283.965870 seconds.

chan =

    75

Elapsed time is 285.696008 seconds.

chan =

    76

Elapsed time is 286.484197 seconds.

chan =

    77

Elapsed time is 287.839898 seconds.

chan =

    78

Elapsed time is 288.028359 seconds.

chan =

    79

Elapsed time is 287.100422 seconds.

chan =

    80

Elapsed time is 286.707331 seconds.

chan =

    81

Elapsed time is 289.408955 seconds.

chan =

    82

Elapsed time is 287.976504 seconds.

chan =

    83

Elapsed time is 288.488241 seconds.

chan =

    84

Elapsed time is 289.202338 seconds.

chan =

    85

Elapsed time is 288.391980 seconds.

chan =

    86

Elapsed time is 286.456672 seconds.

chan =

    87

Elapsed time is 288.967927 seconds.

chan =

    88

Elapsed time is 288.430559 seconds.

chan =

    89

Elapsed time is 286.639191 seconds.

chan =

    90

Elapsed time is 290.082443 seconds.

chan =

    91

Elapsed time is 288.641319 seconds.

chan =

    92

Elapsed time is 288.793834 seconds.

chan =

    93

Elapsed time is 289.446931 seconds.

chan =

    94

Elapsed time is 289.201455 seconds.

chan =

    95

Elapsed time is 287.409415 seconds.

chan =

    96

Elapsed time is 287.792172 seconds.

chan =

    97

Elapsed time is 288.584451 seconds.

chan =

    98

Elapsed time is 287.403906 seconds.

chan =

    99

Elapsed time is 287.552719 seconds.

chan =

   100

Elapsed time is 286.555123 seconds.

chan =

   101

Elapsed time is 285.537093 seconds.

chan =

   102

Elapsed time is 287.467545 seconds.

chan =

   103

Elapsed time is 286.454850 seconds.

chan =

   104

Elapsed time is 284.658221 seconds.

chan =

   105

Elapsed time is 286.620801 seconds.

chan =

   106

Elapsed time is 283.814640 seconds.

chan =

   107

Elapsed time is 284.577942 seconds.

chan =

   108

Elapsed time is 285.004562 seconds.

chan =

   109

Elapsed time is 282.495402 seconds.

