getting started: 3651
attempting file: 3651
going for SLCH010 57
data loaded: SLCH010 57
HFB already done

chan =

     1

Elapsed time is 403.336329 seconds.

chan =

     2

Elapsed time is 408.546496 seconds.

chan =

     3

Elapsed time is 401.806484 seconds.

chan =

     4

Elapsed time is 404.182921 seconds.

chan =

     5

Elapsed time is 403.821013 seconds.

chan =

     6

Elapsed time is 399.666883 seconds.

chan =

     7

Elapsed time is 399.053681 seconds.

chan =

     8

Elapsed time is 403.467376 seconds.

chan =

     9

Elapsed time is 400.032117 seconds.

chan =

    10

Elapsed time is 402.760218 seconds.

chan =

    11

Elapsed time is 396.868530 seconds.

chan =

    12

Elapsed time is 398.524230 seconds.

chan =

    13

Elapsed time is 397.080344 seconds.

chan =

    14

Elapsed time is 395.419719 seconds.

chan =

    15

Elapsed time is 398.277070 seconds.

chan =

    16

Elapsed time is 397.859586 seconds.

chan =

    17

Elapsed time is 396.685373 seconds.

chan =

    18

Elapsed time is 400.724298 seconds.

chan =

    19

Elapsed time is 396.386152 seconds.

chan =

    20

Elapsed time is 397.061371 seconds.

chan =

    21

Elapsed time is 397.270290 seconds.

chan =

    22

Elapsed time is 397.829944 seconds.

chan =

    23

Elapsed time is 398.112461 seconds.

chan =

    24

Elapsed time is 397.084313 seconds.

chan =

    25

Elapsed time is 396.026993 seconds.

chan =

    26

Elapsed time is 395.357708 seconds.

chan =

    27

Elapsed time is 395.621673 seconds.

chan =

    28

Elapsed time is 395.299545 seconds.

chan =

    29

Elapsed time is 392.451576 seconds.

chan =

    30

Elapsed time is 395.957464 seconds.

chan =

    31

Elapsed time is 393.738988 seconds.

chan =

    32

Elapsed time is 395.667363 seconds.

chan =

    33

Elapsed time is 396.850856 seconds.

chan =

    34

Elapsed time is 395.959129 seconds.

chan =

    35

Elapsed time is 399.135402 seconds.

chan =

    36

Elapsed time is 395.843516 seconds.

chan =

    37

Elapsed time is 394.808699 seconds.

chan =

    38

Elapsed time is 397.275370 seconds.

chan =

    39

Elapsed time is 394.630554 seconds.

chan =

    40

Elapsed time is 394.915290 seconds.

chan =

    41

Elapsed time is 391.727867 seconds.

chan =

    42

Elapsed time is 396.488495 seconds.

chan =

    43

Elapsed time is 393.782509 seconds.

chan =

    44

Elapsed time is 396.237172 seconds.

chan =

    45

Elapsed time is 393.322673 seconds.

chan =

    46

Elapsed time is 394.309594 seconds.

chan =

    47

Elapsed time is 393.849079 seconds.

chan =

    48

Elapsed time is 396.162235 seconds.

chan =

    49

Elapsed time is 396.208529 seconds.

chan =

    50

Elapsed time is 397.419174 seconds.

chan =

    51

Elapsed time is 396.808883 seconds.

chan =

    52

Elapsed time is 395.479287 seconds.

chan =

    53

Elapsed time is 393.136342 seconds.

chan =

    54

Elapsed time is 396.552593 seconds.

chan =

    55

Elapsed time is 391.303613 seconds.

chan =

    56

Elapsed time is 394.956545 seconds.

chan =

    57

Elapsed time is 395.634490 seconds.

chan =

    58

Elapsed time is 394.362163 seconds.

chan =

    59

Elapsed time is 393.530956 seconds.

chan =

    60

Elapsed time is 396.418586 seconds.

chan =

    61

Elapsed time is 392.009970 seconds.

chan =

    62

Elapsed time is 385.576237 seconds.

chan =

    63

Elapsed time is 437.054712 seconds.

chan =

    64

Elapsed time is 496.540395 seconds.

chan =

    65

Elapsed time is 497.817137 seconds.

chan =

    66

Elapsed time is 496.327477 seconds.

chan =

    67

Elapsed time is 496.797716 seconds.

chan =

    68

Elapsed time is 496.348610 seconds.

chan =

    69

Elapsed time is 495.453010 seconds.

chan =

    70

Elapsed time is 496.043651 seconds.

chan =

    71

Elapsed time is 497.093668 seconds.

chan =

    72

Elapsed time is 458.563196 seconds.

chan =

    73

Elapsed time is 393.724810 seconds.

chan =

    74

Elapsed time is 398.861318 seconds.

chan =

    75

Elapsed time is 387.152007 seconds.

chan =

    76

Elapsed time is 385.960156 seconds.

chan =

    77

Elapsed time is 392.663409 seconds.

chan =

    78

Elapsed time is 393.055020 seconds.

chan =

    79

Elapsed time is 387.270414 seconds.

chan =

    80

Elapsed time is 390.512707 seconds.

chan =

    81

Elapsed time is 390.706623 seconds.

chan =

    82

Elapsed time is 394.905154 seconds.

chan =

    83

Elapsed time is 390.096904 seconds.

chan =

    84

Elapsed time is 394.943728 seconds.

chan =

    85

Elapsed time is 389.316979 seconds.

chan =

    86

Elapsed time is 392.854101 seconds.

chan =

    87

Elapsed time is 389.798720 seconds.

chan =

    88

Elapsed time is 389.175999 seconds.

chan =

    89

Elapsed time is 394.192508 seconds.

chan =

    90

Elapsed time is 391.404437 seconds.

chan =

    91

Elapsed time is 390.697932 seconds.

chan =

    92

Elapsed time is 393.665678 seconds.

chan =

    93

Elapsed time is 404.060599 seconds.

chan =

    94

Elapsed time is 409.300341 seconds.

chan =

    95

Elapsed time is 408.789389 seconds.

chan =

    96

Elapsed time is 400.849183 seconds.

chan =

    97

Elapsed time is 406.571467 seconds.

chan =

    98

Elapsed time is 411.143769 seconds.

chan =

    99

Elapsed time is 410.654828 seconds.

chan =

   100

Elapsed time is 407.531773 seconds.

chan =

   101

Elapsed time is 407.916769 seconds.

chan =

   102

Elapsed time is 409.540738 seconds.

chan =

   103

Elapsed time is 409.923309 seconds.

chan =

   104

Elapsed time is 409.396233 seconds.

chan =

   105

Elapsed time is 411.511356 seconds.

chan =

   106

Elapsed time is 409.665422 seconds.

chan =

   107

Elapsed time is 409.956216 seconds.

chan =

   108

Elapsed time is 410.010450 seconds.

chan =

   109

Elapsed time is 393.318124 seconds.

chan =

   110

Elapsed time is 390.488573 seconds.

chan =

   111

Elapsed time is 384.727400 seconds.

chan =

   112

Elapsed time is 385.696176 seconds.

chan =

   113

Elapsed time is 384.233663 seconds.

chan =

   114

Elapsed time is 387.676269 seconds.
attempting saving
save success: /projects/p31578/dtf8829/QuestConnect/CHANDAT/chanDat_SLCH010_057.mat
working on TF
