getting started: 3637
attempting file: 3637
going for SLCH010 43
data loaded: SLCH010 43
HFB already done

chan =

     1

Elapsed time is 696.187844 seconds.

chan =

     2

Elapsed time is 686.602907 seconds.

chan =

     3

Elapsed time is 684.629848 seconds.

chan =

     4

Elapsed time is 683.481431 seconds.

chan =

     5

Elapsed time is 681.098555 seconds.

chan =

     6

Elapsed time is 682.923412 seconds.

chan =

     7

Elapsed time is 679.670199 seconds.

chan =

     8

Elapsed time is 681.433156 seconds.

chan =

     9

Elapsed time is 679.619456 seconds.

chan =

    10

Elapsed time is 681.680713 seconds.

chan =

    11

Elapsed time is 668.415587 seconds.

chan =

    12

Elapsed time is 669.016612 seconds.

chan =

    13

Elapsed time is 659.772262 seconds.

chan =

    14

Elapsed time is 659.438621 seconds.

chan =

    15

Elapsed time is 650.539578 seconds.

chan =

    16

Elapsed time is 650.451711 seconds.

chan =

    17

Elapsed time is 650.289058 seconds.

chan =

    18

Elapsed time is 650.416833 seconds.

chan =

    19

Elapsed time is 649.710091 seconds.

chan =

    20

Elapsed time is 647.617605 seconds.

chan =

    21

Elapsed time is 648.547588 seconds.

chan =

    22

Elapsed time is 648.246508 seconds.

chan =

    23

Elapsed time is 649.764258 seconds.

chan =

    24

Elapsed time is 649.891788 seconds.

chan =

    25

Elapsed time is 651.739589 seconds.

chan =

    26

Elapsed time is 649.742372 seconds.

chan =

    27

Elapsed time is 651.841838 seconds.

chan =

    28

Elapsed time is 652.821701 seconds.

chan =

    29

Elapsed time is 651.269259 seconds.

chan =

    30

Elapsed time is 649.908824 seconds.

chan =

    31

Elapsed time is 667.843686 seconds.

chan =

    32

Elapsed time is 677.619281 seconds.

chan =

    33

Elapsed time is 664.811658 seconds.

chan =

    34

Elapsed time is 667.344845 seconds.

chan =

    35

Elapsed time is 665.384062 seconds.

chan =

    36

Elapsed time is 666.635304 seconds.

chan =

    37

Elapsed time is 668.892179 seconds.

chan =

    38

Elapsed time is 665.988492 seconds.

chan =

    39

Elapsed time is 669.428613 seconds.

chan =

    40

Elapsed time is 662.482815 seconds.

chan =

    41

Elapsed time is 668.584445 seconds.

chan =

    42

Elapsed time is 666.446954 seconds.

chan =

    43

Elapsed time is 665.745537 seconds.

chan =

    44

Elapsed time is 670.468680 seconds.

chan =

    45

Elapsed time is 667.557687 seconds.

chan =

    46

Elapsed time is 667.969034 seconds.

chan =

    47

Elapsed time is 658.215466 seconds.

chan =

    48

Elapsed time is 668.393054 seconds.

chan =

    49

Elapsed time is 666.843068 seconds.

chan =

    50

Elapsed time is 643.415746 seconds.

chan =

    51

Elapsed time is 641.471725 seconds.

chan =

    52

Elapsed time is 644.090776 seconds.

chan =

    53

Elapsed time is 640.106878 seconds.

chan =

    54

Elapsed time is 616.234770 seconds.

chan =

    55

Elapsed time is 560.491940 seconds.

chan =

    56

Elapsed time is 536.293765 seconds.

chan =

    57

Elapsed time is 518.468773 seconds.

chan =

    58

Elapsed time is 501.064656 seconds.

chan =

    59

Elapsed time is 500.553821 seconds.

chan =

    60

Elapsed time is 500.207163 seconds.

chan =

    61

Elapsed time is 500.312251 seconds.

chan =

    62

Elapsed time is 499.709615 seconds.

chan =

    63

Elapsed time is 502.409681 seconds.

chan =

    64

Elapsed time is 501.633993 seconds.

chan =

    65

Elapsed time is 500.223859 seconds.

chan =

    66

Elapsed time is 501.314113 seconds.

chan =

    67

Elapsed time is 500.671261 seconds.

chan =

    68

Elapsed time is 500.058215 seconds.

chan =

    69

Elapsed time is 500.054407 seconds.

chan =

    70

Elapsed time is 500.226672 seconds.

chan =

    71

Elapsed time is 502.176554 seconds.

chan =

    72

Elapsed time is 501.548239 seconds.

chan =

    73

Elapsed time is 501.059825 seconds.

chan =

    74

Elapsed time is 499.030883 seconds.

chan =

    75

Elapsed time is 501.388753 seconds.

chan =

    76

Elapsed time is 499.741608 seconds.

chan =

    77

Elapsed time is 499.805415 seconds.

chan =

    78

Elapsed time is 499.628515 seconds.

chan =

    79

Elapsed time is 500.681862 seconds.

chan =

    80

Elapsed time is 500.159513 seconds.

chan =

    81

Elapsed time is 499.422186 seconds.

chan =

    82

Elapsed time is 499.793337 seconds.

chan =

    83

Elapsed time is 499.937278 seconds.

chan =

    84

Elapsed time is 500.699767 seconds.

chan =

    85

Elapsed time is 499.990245 seconds.

chan =

    86

Elapsed time is 499.159244 seconds.

chan =

    87

Elapsed time is 499.584816 seconds.

chan =

    88

Elapsed time is 499.822556 seconds.

chan =

    89

Elapsed time is 501.442979 seconds.

chan =

    90

Elapsed time is 500.565095 seconds.

chan =

    91

Elapsed time is 502.251287 seconds.

chan =

    92

Elapsed time is 504.000618 seconds.

chan =

    93

Elapsed time is 503.639705 seconds.

chan =

    94

Elapsed time is 503.127233 seconds.

chan =

    95

Elapsed time is 502.400576 seconds.

chan =

    96

Elapsed time is 501.853170 seconds.

chan =

    97

Elapsed time is 501.876904 seconds.

chan =

    98

Elapsed time is 504.082364 seconds.

chan =

    99

Elapsed time is 499.622323 seconds.

chan =

   100

Elapsed time is 495.394816 seconds.

chan =

   101

Elapsed time is 500.757903 seconds.

chan =

   102

Elapsed time is 502.686523 seconds.

chan =

   103

Elapsed time is 502.309380 seconds.

chan =

   104

Elapsed time is 501.903390 seconds.

chan =

   105

Elapsed time is 500.047484 seconds.

chan =

   106

Elapsed time is 500.208073 seconds.

chan =

   107

Elapsed time is 498.932336 seconds.

chan =

   108

Elapsed time is 498.482025 seconds.

chan =

   109

Elapsed time is 498.440556 seconds.

chan =

   110

Elapsed time is 499.265995 seconds.

chan =

   111

Elapsed time is 499.147276 seconds.

chan =

   112

Elapsed time is 499.064960 seconds.

chan =

   113

Elapsed time is 499.525751 seconds.

chan =

   114

Elapsed time is 469.257972 seconds.
attempting saving
save success: /projects/p31578/dtf8829/QuestConnect/CHANDAT/chanDat_SLCH010_043.mat
working on TF
encoding done
encoding RT done
