getting started: 3699
attempting file: 3699
going for SLCH010 105
data loaded: SLCH010 105
HFB already done

chan =

     1

Elapsed time is 544.579283 seconds.

chan =

     2

Elapsed time is 541.280122 seconds.

chan =

     3

Elapsed time is 542.784924 seconds.

chan =

     4

Elapsed time is 542.498704 seconds.

chan =

     5

Elapsed time is 539.756843 seconds.

chan =

     6

Elapsed time is 537.385786 seconds.

chan =

     7

Elapsed time is 542.123591 seconds.

chan =

     8

Elapsed time is 539.277968 seconds.

chan =

     9

Elapsed time is 540.609857 seconds.

chan =

    10

Elapsed time is 538.987042 seconds.

chan =

    11

Elapsed time is 540.128680 seconds.

chan =

    12

Elapsed time is 498.039536 seconds.

chan =

    13

Elapsed time is 505.021935 seconds.

chan =

    14

Elapsed time is 549.441258 seconds.

chan =

    15

Elapsed time is 551.100153 seconds.

chan =

    16

Elapsed time is 537.406474 seconds.

chan =

    17

Elapsed time is 554.997072 seconds.

chan =

    18

Elapsed time is 533.904278 seconds.

chan =

    19

Elapsed time is 530.988623 seconds.

chan =

    20

Elapsed time is 512.157872 seconds.

chan =

    21

Elapsed time is 512.610634 seconds.

chan =

    22

Elapsed time is 500.132219 seconds.

chan =

    23

Elapsed time is 510.970980 seconds.

chan =

    24

Elapsed time is 517.605638 seconds.

chan =

    25

Elapsed time is 528.094795 seconds.

chan =

    26

Elapsed time is 549.427107 seconds.

chan =

    27

Elapsed time is 528.714966 seconds.

chan =

    28

Elapsed time is 510.857056 seconds.

chan =

    29

Elapsed time is 549.328736 seconds.

chan =

    30

Elapsed time is 535.472347 seconds.

chan =

    31

Elapsed time is 538.894659 seconds.

chan =

    32

Elapsed time is 552.013871 seconds.

chan =

    33

Elapsed time is 504.962314 seconds.

chan =

    34

Elapsed time is 544.721642 seconds.

chan =

    35

Elapsed time is 549.905102 seconds.

chan =

    36

Elapsed time is 534.100930 seconds.

chan =

    37

Elapsed time is 551.843833 seconds.

chan =

    38

Elapsed time is 535.615769 seconds.

chan =

    39

Elapsed time is 476.410551 seconds.

chan =

    40

Elapsed time is 482.698442 seconds.

chan =

    41

Elapsed time is 478.947369 seconds.

chan =

    42

Elapsed time is 477.249839 seconds.

chan =

    43

Elapsed time is 469.847813 seconds.

chan =

    44

Elapsed time is 463.638800 seconds.

chan =

    45

Elapsed time is 466.792621 seconds.

chan =

    46

Elapsed time is 464.211284 seconds.

chan =

    47

Elapsed time is 464.515092 seconds.

chan =

    48

Elapsed time is 464.175093 seconds.

chan =

    49

Elapsed time is 469.134674 seconds.

chan =

    50

Elapsed time is 462.822684 seconds.

chan =

    51

Elapsed time is 463.814482 seconds.

chan =

    52

Elapsed time is 462.813715 seconds.

chan =

    53

Elapsed time is 458.142065 seconds.

chan =

    54

Elapsed time is 455.577243 seconds.

chan =

    55

Elapsed time is 444.576772 seconds.

chan =

    56

Elapsed time is 451.537846 seconds.

chan =

    57

Elapsed time is 455.385147 seconds.

chan =

    58

Elapsed time is 457.080476 seconds.

chan =

    59

Elapsed time is 468.496945 seconds.

chan =

    60

Elapsed time is 468.564785 seconds.

chan =

    61

Elapsed time is 466.614437 seconds.

chan =

    62

Elapsed time is 464.626475 seconds.

chan =

    63

Elapsed time is 465.569371 seconds.

chan =

    64

Elapsed time is 456.297659 seconds.

chan =

    65

Elapsed time is 442.697944 seconds.

chan =

    66

Elapsed time is 441.368392 seconds.

chan =

    67

Elapsed time is 440.926694 seconds.

chan =

    68

Elapsed time is 440.011532 seconds.

chan =

    69

Elapsed time is 442.149440 seconds.

chan =

    70

Elapsed time is 442.149682 seconds.

chan =

    71

Elapsed time is 440.614959 seconds.

chan =

    72

Elapsed time is 440.301761 seconds.

chan =

    73

Elapsed time is 439.377847 seconds.

chan =

    74

Elapsed time is 437.701251 seconds.

chan =

    75

Elapsed time is 437.694839 seconds.

chan =

    76

Elapsed time is 443.818965 seconds.

chan =

    77

Elapsed time is 446.600370 seconds.

chan =

    78

Elapsed time is 444.382871 seconds.

chan =

    79

Elapsed time is 446.570738 seconds.

chan =

    80

Elapsed time is 449.820943 seconds.

chan =

    81

Elapsed time is 451.701202 seconds.

chan =

    82

Elapsed time is 444.084971 seconds.

chan =

    83

Elapsed time is 445.104748 seconds.

chan =

    84

Elapsed time is 447.337904 seconds.

chan =

    85

Elapsed time is 448.315491 seconds.

chan =

    86

Elapsed time is 447.739321 seconds.

chan =

    87

Elapsed time is 441.212722 seconds.

chan =

    88

Elapsed time is 443.955496 seconds.

chan =

    89

Elapsed time is 445.639141 seconds.

chan =

    90

Elapsed time is 447.430679 seconds.

chan =

    91

Elapsed time is 420.257156 seconds.

chan =

    92

Elapsed time is 412.231048 seconds.

chan =

    93

Elapsed time is 411.598522 seconds.

chan =

    94

Elapsed time is 409.851389 seconds.

chan =

    95

Elapsed time is 411.253303 seconds.

chan =

    96

Elapsed time is 406.909938 seconds.

chan =

    97

Elapsed time is 408.368935 seconds.

chan =

    98

Elapsed time is 412.257499 seconds.

chan =

    99

Elapsed time is 411.285162 seconds.

chan =

   100

Elapsed time is 411.609821 seconds.

chan =

   101

Elapsed time is 411.185482 seconds.

chan =

   102

Elapsed time is 412.493358 seconds.

chan =

   103

Elapsed time is 410.754492 seconds.

chan =

   104

Elapsed time is 410.096637 seconds.

chan =

   105

Elapsed time is 407.758573 seconds.

chan =

   106

Elapsed time is 408.348384 seconds.

chan =

   107

Elapsed time is 409.377927 seconds.

chan =

   108

Elapsed time is 407.222031 seconds.

chan =

   109

Elapsed time is 409.045596 seconds.

chan =

   110

Elapsed time is 411.829738 seconds.

chan =

   111

Elapsed time is 409.410989 seconds.

chan =

   112

Elapsed time is 407.031150 seconds.

chan =

   113

Elapsed time is 409.581468 seconds.

chan =

   114

Elapsed time is 409.182166 seconds.
attempting saving
save success: /projects/p31578/dtf8829/QuestConnect/CHANDAT/chanDat_SLCH010_105.mat
working on TF
