getting started: 3631
attempting file: 3631
going for SLCH010 37
data loaded: SLCH010 37
HFB already done

chan =

     1

Elapsed time is 697.000380 seconds.

chan =

     2

Elapsed time is 688.465940 seconds.

chan =

     3

Elapsed time is 685.926302 seconds.

chan =

     4

Elapsed time is 683.655739 seconds.

chan =

     5

Elapsed time is 681.595097 seconds.

chan =

     6

Elapsed time is 682.241168 seconds.

chan =

     7

Elapsed time is 678.533133 seconds.

chan =

     8

Elapsed time is 683.324624 seconds.

chan =

     9

Elapsed time is 678.838170 seconds.

chan =

    10

Elapsed time is 682.494397 seconds.

chan =

    11

Elapsed time is 667.665084 seconds.

chan =

    12

Elapsed time is 670.643484 seconds.

chan =

    13

Elapsed time is 659.247179 seconds.

chan =

    14

Elapsed time is 660.074940 seconds.

chan =

    15

Elapsed time is 649.859769 seconds.

chan =

    16

Elapsed time is 650.712724 seconds.

chan =

    17

Elapsed time is 651.087601 seconds.

chan =

    18

Elapsed time is 650.828924 seconds.

chan =

    19

Elapsed time is 649.062236 seconds.

chan =

    20

Elapsed time is 648.475885 seconds.

chan =

    21

Elapsed time is 649.276411 seconds.

chan =

    22

Elapsed time is 648.847879 seconds.

chan =

    23

Elapsed time is 649.355826 seconds.

chan =

    24

Elapsed time is 649.659850 seconds.

chan =

    25

Elapsed time is 652.415291 seconds.

chan =

    26

Elapsed time is 650.948538 seconds.

chan =

    27

Elapsed time is 651.334200 seconds.

chan =

    28

Elapsed time is 652.186069 seconds.

chan =

    29

Elapsed time is 651.182753 seconds.

chan =

    30

Elapsed time is 651.001404 seconds.

chan =

    31

Elapsed time is 667.328079 seconds.

chan =

    32

Elapsed time is 676.194424 seconds.

chan =

    33

Elapsed time is 664.349909 seconds.

chan =

    34

Elapsed time is 667.092282 seconds.

chan =

    35

Elapsed time is 663.483013 seconds.

chan =

    36

Elapsed time is 665.802319 seconds.

chan =

    37

Elapsed time is 668.884368 seconds.

chan =

    38

Elapsed time is 667.890981 seconds.

chan =

    39

Elapsed time is 669.320190 seconds.

chan =

    40

Elapsed time is 663.693725 seconds.

chan =

    41

Elapsed time is 669.832040 seconds.

chan =

    42

Elapsed time is 667.556604 seconds.

chan =

    43

Elapsed time is 667.022946 seconds.

chan =

    44

Elapsed time is 671.182712 seconds.

chan =

    45

Elapsed time is 669.065207 seconds.

chan =

    46

Elapsed time is 670.294741 seconds.

chan =

    47

Elapsed time is 660.006907 seconds.

chan =

    48

Elapsed time is 671.072705 seconds.

chan =

    49

Elapsed time is 669.277169 seconds.

chan =

    50

Elapsed time is 646.993140 seconds.

chan =

    51

Elapsed time is 645.005245 seconds.

chan =

    52

Elapsed time is 647.052669 seconds.

chan =

    53

Elapsed time is 643.136470 seconds.

chan =

    54

Elapsed time is 613.747911 seconds.

chan =

    55

Elapsed time is 560.858189 seconds.

chan =

    56

Elapsed time is 535.768677 seconds.

chan =

    57

Elapsed time is 517.514599 seconds.

chan =

    58

Elapsed time is 501.272364 seconds.

chan =

    59

Elapsed time is 500.524486 seconds.

chan =

    60

Elapsed time is 500.415931 seconds.

chan =

    61

Elapsed time is 500.438797 seconds.

chan =

    62

Elapsed time is 500.834633 seconds.

chan =

    63

Elapsed time is 501.420637 seconds.

chan =

    64

Elapsed time is 502.126050 seconds.

chan =

    65

Elapsed time is 500.287806 seconds.

chan =

    66

Elapsed time is 501.634346 seconds.

chan =

    67

Elapsed time is 500.079387 seconds.

chan =

    68

Elapsed time is 500.982160 seconds.

chan =

    69

Elapsed time is 500.523481 seconds.

chan =

    70

Elapsed time is 501.641381 seconds.

chan =

    71

Elapsed time is 501.914251 seconds.

chan =

    72

Elapsed time is 502.188727 seconds.

chan =

    73

Elapsed time is 501.747314 seconds.

chan =

    74

Elapsed time is 501.575883 seconds.

chan =

    75

Elapsed time is 501.753722 seconds.

chan =

    76

Elapsed time is 501.013278 seconds.

chan =

    77

Elapsed time is 500.820996 seconds.

chan =

    78

Elapsed time is 501.569259 seconds.

chan =

    79

Elapsed time is 500.551862 seconds.

chan =

    80

Elapsed time is 501.597148 seconds.

chan =

    81

Elapsed time is 500.662763 seconds.

chan =

    82

Elapsed time is 502.136243 seconds.

chan =

    83

Elapsed time is 501.163118 seconds.

chan =

    84

Elapsed time is 502.344639 seconds.

chan =

    85

Elapsed time is 502.191929 seconds.

chan =

    86

Elapsed time is 502.325598 seconds.

chan =

    87

Elapsed time is 500.233162 seconds.

chan =

    88

Elapsed time is 501.818790 seconds.

chan =

    89

Elapsed time is 503.063517 seconds.

chan =

    90

Elapsed time is 502.939816 seconds.

chan =

    91

Elapsed time is 501.303483 seconds.

chan =

    92

Elapsed time is 503.884673 seconds.

chan =

    93

Elapsed time is 502.943089 seconds.

chan =

    94

Elapsed time is 502.432166 seconds.

chan =

    95

Elapsed time is 501.021705 seconds.

chan =

    96

Elapsed time is 501.611790 seconds.

chan =

    97

Elapsed time is 500.455036 seconds.

chan =

    98

Elapsed time is 503.358046 seconds.

chan =

    99

Elapsed time is 494.426101 seconds.

chan =

   100

Elapsed time is 497.453165 seconds.

chan =

   101

Elapsed time is 498.901959 seconds.

chan =

   102

Elapsed time is 501.316270 seconds.

chan =

   103

Elapsed time is 499.821565 seconds.

chan =

   104

Elapsed time is 499.749899 seconds.

chan =

   105

Elapsed time is 497.664856 seconds.

chan =

   106

Elapsed time is 499.307195 seconds.

chan =

   107

Elapsed time is 496.963955 seconds.

chan =

   108

Elapsed time is 497.953555 seconds.

chan =

   109

Elapsed time is 497.415386 seconds.

chan =

   110

Elapsed time is 499.208776 seconds.

chan =

   111

Elapsed time is 498.675877 seconds.

chan =

   112

Elapsed time is 498.646725 seconds.

chan =

   113

Elapsed time is 498.890792 seconds.

chan =

   114

Elapsed time is 462.749197 seconds.
attempting saving
save success: /projects/p31578/dtf8829/QuestConnect/CHANDAT/chanDat_SLCH010_037.mat
working on TF
encoding done
encoding RT done
