getting started: 3298
attempting file: 3298
going for SD5 47
data loaded: SD5 47
HFB already done

chan =

     1

Elapsed time is 304.253998 seconds.

chan =

     2

Elapsed time is 307.532088 seconds.

chan =

     3

Elapsed time is 306.507207 seconds.

chan =

     4

Elapsed time is 318.155682 seconds.

chan =

     5

Elapsed time is 303.354345 seconds.

chan =

     6

Elapsed time is 299.400252 seconds.

chan =

     7

Elapsed time is 300.106205 seconds.

chan =

     8

Elapsed time is 299.321601 seconds.

chan =

     9

Elapsed time is 299.886148 seconds.

chan =

    10

Elapsed time is 300.122439 seconds.

chan =

    11

Elapsed time is 300.114445 seconds.

chan =

    12

Elapsed time is 299.031822 seconds.

chan =

    13

Elapsed time is 298.108901 seconds.

chan =

    14

Elapsed time is 296.001422 seconds.

chan =

    15

Elapsed time is 297.853216 seconds.

chan =

    16

Elapsed time is 295.554381 seconds.

chan =

    17

Elapsed time is 297.162657 seconds.

chan =

    18

Elapsed time is 295.997698 seconds.

chan =

    19

Elapsed time is 296.702423 seconds.

chan =

    20

Elapsed time is 294.846805 seconds.

chan =

    21

Elapsed time is 294.151092 seconds.

chan =

    22

Elapsed time is 302.398919 seconds.

chan =

    23

Elapsed time is 306.221831 seconds.

chan =

    24

Elapsed time is 305.675499 seconds.

chan =

    25

Elapsed time is 305.072550 seconds.

chan =

    26

Elapsed time is 305.648389 seconds.

chan =

    27

Elapsed time is 306.333374 seconds.

chan =

    28

Elapsed time is 298.124595 seconds.

chan =

    29

Elapsed time is 300.686730 seconds.

chan =

    30

Elapsed time is 301.743308 seconds.

chan =

    31

Elapsed time is 297.534297 seconds.

chan =

    32

Elapsed time is 298.957838 seconds.

chan =

    33

Elapsed time is 295.791182 seconds.

chan =

    34

Elapsed time is 292.377530 seconds.

chan =

    35

Elapsed time is 294.998691 seconds.

chan =

    36

Elapsed time is 287.296485 seconds.

chan =

    37

Elapsed time is 282.965581 seconds.

chan =

    38

Elapsed time is 282.252967 seconds.

chan =

    39

Elapsed time is 263.758311 seconds.

chan =

    40

Elapsed time is 276.234305 seconds.

chan =

    41

Elapsed time is 269.015824 seconds.

chan =

    42

Elapsed time is 268.421631 seconds.

chan =

    43

Elapsed time is 281.473504 seconds.

chan =

    44

Elapsed time is 263.698516 seconds.

chan =

    45

Elapsed time is 269.107662 seconds.

chan =

    46

Elapsed time is 279.341873 seconds.

chan =

    47

Elapsed time is 257.730025 seconds.

chan =

    48

Elapsed time is 244.494080 seconds.

chan =

    49

Elapsed time is 236.132090 seconds.

chan =

    50

Elapsed time is 233.322280 seconds.

chan =

    51

Elapsed time is 234.835896 seconds.

chan =

    52

Elapsed time is 232.688815 seconds.

chan =

    53

Elapsed time is 237.706563 seconds.

chan =

    54

Elapsed time is 240.964760 seconds.

chan =

    55

Elapsed time is 231.908132 seconds.

chan =

    56

Elapsed time is 230.973567 seconds.

chan =

    57

Elapsed time is 245.685616 seconds.

chan =

    58

Elapsed time is 244.867141 seconds.

chan =

    59

Elapsed time is 245.943163 seconds.

chan =

    60

Elapsed time is 246.200440 seconds.

chan =

    61

Elapsed time is 244.390750 seconds.

chan =

    62

Elapsed time is 244.353874 seconds.

chan =

    63

Elapsed time is 245.442670 seconds.

chan =

    64

Elapsed time is 245.801119 seconds.

chan =

    65

Elapsed time is 245.043440 seconds.

chan =

    66

Elapsed time is 244.933034 seconds.

chan =

    67

Elapsed time is 244.869747 seconds.

chan =

    68

Elapsed time is 245.232593 seconds.

chan =

    69

Elapsed time is 244.322929 seconds.

chan =

    70

Elapsed time is 244.731971 seconds.

chan =

    71

Elapsed time is 248.285181 seconds.

chan =

    72

Elapsed time is 240.619728 seconds.

chan =

    73

Elapsed time is 232.771332 seconds.

chan =

    74

Elapsed time is 234.278690 seconds.

chan =

    75

Elapsed time is 239.715869 seconds.

chan =

    76

Elapsed time is 239.559154 seconds.

chan =

    77

Elapsed time is 232.573508 seconds.

chan =

    78

Elapsed time is 232.585592 seconds.

chan =

    79

Elapsed time is 321.670566 seconds.

chan =

    80

Elapsed time is 348.270215 seconds.

chan =

    81

Elapsed time is 346.754138 seconds.

chan =

    82

Elapsed time is 347.400716 seconds.

chan =

    83

Elapsed time is 338.321334 seconds.

chan =

    84

Elapsed time is 348.905095 seconds.

chan =

    85

Elapsed time is 335.116981 seconds.

chan =

    86

Elapsed time is 344.392930 seconds.

chan =

    87

Elapsed time is 338.097454 seconds.

chan =

    88

Elapsed time is 341.904278 seconds.

chan =

    89

Elapsed time is 334.817495 seconds.

chan =

    90

Elapsed time is 349.104695 seconds.

chan =

    91

Elapsed time is 332.501725 seconds.

chan =

    92

Elapsed time is 338.432173 seconds.

chan =

    93

Elapsed time is 336.045878 seconds.

chan =

    94

Elapsed time is 333.542112 seconds.

chan =

    95

Elapsed time is 336.624237 seconds.

chan =

    96

Elapsed time is 342.705546 seconds.

chan =

    97

Elapsed time is 339.460268 seconds.

chan =

    98

Elapsed time is 337.773954 seconds.

chan =

    99

Elapsed time is 347.938981 seconds.

chan =

   100

Elapsed time is 266.179006 seconds.

chan =

   101

Elapsed time is 250.536555 seconds.

chan =

   102

Elapsed time is 256.167356 seconds.

chan =

   103

Elapsed time is 258.350777 seconds.

chan =

   104

Elapsed time is 229.966726 seconds.

chan =

   105

Elapsed time is 267.150075 seconds.

chan =

   106

Elapsed time is 271.656548 seconds.

chan =

   107

Elapsed time is 244.331927 seconds.

chan =

   108

Elapsed time is 229.423680 seconds.

chan =

   109

Elapsed time is 225.701829 seconds.

