getting started: 3595
attempting file: 3595
going for SLCH010 1
data loaded: SLCH010 1
HFB already done

chan =

     1

Elapsed time is 541.715601 seconds.

chan =

     2

Elapsed time is 540.131168 seconds.

chan =

     3

Elapsed time is 544.952160 seconds.

chan =

     4

Elapsed time is 542.306643 seconds.

chan =

     5

Elapsed time is 535.794592 seconds.

chan =

     6

Elapsed time is 541.741632 seconds.

chan =

     7

Elapsed time is 538.042491 seconds.

chan =

     8

Elapsed time is 541.052797 seconds.

chan =

     9

Elapsed time is 539.582699 seconds.

chan =

    10

Elapsed time is 541.789698 seconds.

chan =

    11

Elapsed time is 538.763829 seconds.

chan =

    12

Elapsed time is 542.092018 seconds.

chan =

    13

Elapsed time is 540.804654 seconds.

chan =

    14

Elapsed time is 541.055977 seconds.

chan =

    15

Elapsed time is 536.969580 seconds.

chan =

    16

Elapsed time is 542.848576 seconds.

chan =

    17

Elapsed time is 543.240622 seconds.

chan =

    18

Elapsed time is 544.874527 seconds.

chan =

    19

Elapsed time is 542.446772 seconds.

chan =

    20

Elapsed time is 541.495440 seconds.

chan =

    21

Elapsed time is 541.711572 seconds.

chan =

    22

Elapsed time is 539.750903 seconds.

chan =

    23

Elapsed time is 539.956661 seconds.

chan =

    24

Elapsed time is 542.313532 seconds.

chan =

    25

Elapsed time is 543.033200 seconds.

chan =

    26

Elapsed time is 541.073406 seconds.

chan =

    27

Elapsed time is 541.316386 seconds.

chan =

    28

Elapsed time is 539.740341 seconds.

chan =

    29

Elapsed time is 523.723149 seconds.

chan =

    30

Elapsed time is 534.993006 seconds.

chan =

    31

Elapsed time is 536.138471 seconds.

chan =

    32

Elapsed time is 503.026956 seconds.

chan =

    33

Elapsed time is 530.380258 seconds.

chan =

    34

Elapsed time is 517.876724 seconds.

chan =

    35

Elapsed time is 528.944682 seconds.

chan =

    36

Elapsed time is 529.302239 seconds.

chan =

    37

Elapsed time is 513.739079 seconds.

chan =

    38

Elapsed time is 529.419350 seconds.

chan =

    39

Elapsed time is 516.188932 seconds.

chan =

    40

Elapsed time is 508.828549 seconds.

chan =

    41

Elapsed time is 530.062915 seconds.

chan =

    42

Elapsed time is 503.199185 seconds.

chan =

    43

Elapsed time is 510.731773 seconds.

chan =

    44

Elapsed time is 522.712537 seconds.

chan =

    45

Elapsed time is 494.685224 seconds.

chan =

    46

Elapsed time is 520.069286 seconds.

chan =

    47

Elapsed time is 521.585467 seconds.

chan =

    48

Elapsed time is 475.987515 seconds.

chan =

    49

Elapsed time is 480.731193 seconds.

chan =

    50

Elapsed time is 474.912121 seconds.

chan =

    51

Elapsed time is 484.509726 seconds.

chan =

    52

Elapsed time is 510.715090 seconds.

chan =

    53

Elapsed time is 495.100087 seconds.

chan =

    54

Elapsed time is 509.435872 seconds.

chan =

    55

Elapsed time is 502.688057 seconds.

chan =

    56

Elapsed time is 459.946475 seconds.

chan =

    57

Elapsed time is 445.895725 seconds.

chan =

    58

Elapsed time is 439.250971 seconds.

chan =

    59

Elapsed time is 419.374466 seconds.

chan =

    60

Elapsed time is 442.020770 seconds.

chan =

    61

Elapsed time is 445.069332 seconds.

chan =

    62

Elapsed time is 404.955927 seconds.

chan =

    63

Elapsed time is 450.107801 seconds.

chan =

    64

Elapsed time is 452.361670 seconds.

chan =

    65

Elapsed time is 441.606726 seconds.

chan =

    66

Elapsed time is 453.283504 seconds.

chan =

    67

Elapsed time is 452.851497 seconds.

chan =

    68

Elapsed time is 427.006138 seconds.

chan =

    69

Elapsed time is 447.468365 seconds.

chan =

    70

Elapsed time is 446.998951 seconds.

chan =

    71

Elapsed time is 431.469422 seconds.

chan =

    72

Elapsed time is 444.509209 seconds.

chan =

    73

Elapsed time is 442.915510 seconds.

chan =

    74

Elapsed time is 430.630515 seconds.

chan =

    75

Elapsed time is 444.980065 seconds.

chan =

    76

Elapsed time is 429.456242 seconds.

chan =

    77

Elapsed time is 433.319807 seconds.

chan =

    78

Elapsed time is 442.124726 seconds.

chan =

    79

Elapsed time is 431.522355 seconds.

chan =

    80

Elapsed time is 438.579012 seconds.

chan =

    81

Elapsed time is 440.636520 seconds.

chan =

    82

Elapsed time is 423.206111 seconds.

chan =

    83

Elapsed time is 439.704951 seconds.

chan =

    84

Elapsed time is 438.308007 seconds.

chan =

    85

Elapsed time is 435.809246 seconds.

chan =

    86

Elapsed time is 439.570846 seconds.

chan =

    87

Elapsed time is 438.467169 seconds.

chan =

    88

Elapsed time is 427.748856 seconds.

chan =

    89

Elapsed time is 440.598222 seconds.

chan =

    90

Elapsed time is 428.579509 seconds.

chan =

    91

Elapsed time is 417.037258 seconds.

chan =

    92

Elapsed time is 446.749892 seconds.

chan =

    93

Elapsed time is 430.882812 seconds.

chan =

    94

Elapsed time is 439.703533 seconds.

chan =

    95

Elapsed time is 445.679378 seconds.

chan =

    96

Elapsed time is 425.179631 seconds.

chan =

    97

Elapsed time is 433.466714 seconds.

chan =

    98

Elapsed time is 445.606021 seconds.

chan =

    99

Elapsed time is 427.698407 seconds.

chan =

   100

Elapsed time is 373.431559 seconds.

chan =

   101

Elapsed time is 457.046704 seconds.

chan =

   102

Elapsed time is 491.257075 seconds.

chan =

   103

Elapsed time is 491.292898 seconds.

chan =

   104

Elapsed time is 491.556476 seconds.

chan =

   105

Elapsed time is 491.282501 seconds.

chan =

   106

Elapsed time is 490.864531 seconds.

chan =

   107

Elapsed time is 488.853252 seconds.

chan =

   108

Elapsed time is 476.223370 seconds.

chan =

   109

Elapsed time is 467.660185 seconds.

chan =

   110

Elapsed time is 453.292746 seconds.

chan =

   111

Elapsed time is 443.587784 seconds.

chan =

   112

Elapsed time is 430.258945 seconds.

chan =

   113

Elapsed time is 430.964193 seconds.

chan =

   114

Elapsed time is 432.616875 seconds.
attempting saving
save success: /projects/p31578/dtf8829/QuestConnect/CHANDAT/chanDat_SLCH010_001.mat
working on TF
