getting started: 3633
attempting file: 3633
going for SLCH010 39
data loaded: SLCH010 39
HFB already done

chan =

     1

Elapsed time is 692.888976 seconds.

chan =

     2

Elapsed time is 687.056827 seconds.

chan =

     3

Elapsed time is 685.493423 seconds.

chan =

     4

Elapsed time is 683.305811 seconds.

chan =

     5

Elapsed time is 681.995471 seconds.

chan =

     6

Elapsed time is 681.125168 seconds.

chan =

     7

Elapsed time is 678.774754 seconds.

chan =

     8

Elapsed time is 681.236040 seconds.

chan =

     9

Elapsed time is 679.835352 seconds.

chan =

    10

Elapsed time is 681.589190 seconds.

chan =

    11

Elapsed time is 667.485463 seconds.

chan =

    12

Elapsed time is 668.807550 seconds.

chan =

    13

Elapsed time is 658.882973 seconds.

chan =

    14

Elapsed time is 660.308315 seconds.

chan =

    15

Elapsed time is 648.047600 seconds.

chan =

    16

Elapsed time is 648.960667 seconds.

chan =

    17

Elapsed time is 649.681573 seconds.

chan =

    18

Elapsed time is 651.382027 seconds.

chan =

    19

Elapsed time is 647.964720 seconds.

chan =

    20

Elapsed time is 645.946027 seconds.

chan =

    21

Elapsed time is 648.557597 seconds.

chan =

    22

Elapsed time is 649.573271 seconds.

chan =

    23

Elapsed time is 647.702591 seconds.

chan =

    24

Elapsed time is 648.470726 seconds.

chan =

    25

Elapsed time is 652.539947 seconds.

chan =

    26

Elapsed time is 651.436421 seconds.

chan =

    27

Elapsed time is 651.177425 seconds.

chan =

    28

Elapsed time is 651.296459 seconds.

chan =

    29

Elapsed time is 650.572130 seconds.

chan =

    30

Elapsed time is 650.355280 seconds.

chan =

    31

Elapsed time is 664.804199 seconds.

chan =

    32

Elapsed time is 674.274736 seconds.

chan =

    33

Elapsed time is 662.837213 seconds.

chan =

    34

Elapsed time is 667.114829 seconds.

chan =

    35

Elapsed time is 662.849718 seconds.

chan =

    36

Elapsed time is 661.425659 seconds.

chan =

    37

Elapsed time is 667.183900 seconds.

chan =

    38

Elapsed time is 666.386924 seconds.

chan =

    39

Elapsed time is 668.003605 seconds.

chan =

    40

Elapsed time is 660.545675 seconds.

chan =

    41

Elapsed time is 667.653877 seconds.

chan =

    42

Elapsed time is 665.825649 seconds.

chan =

    43

Elapsed time is 660.876229 seconds.

chan =

    44

Elapsed time is 665.889050 seconds.

chan =

    45

Elapsed time is 666.909547 seconds.

chan =

    46

Elapsed time is 667.858401 seconds.

chan =

    47

Elapsed time is 656.438621 seconds.

chan =

    48

Elapsed time is 666.207199 seconds.

chan =

    49

Elapsed time is 666.595952 seconds.

chan =

    50

Elapsed time is 645.605748 seconds.

chan =

    51

Elapsed time is 641.035275 seconds.

chan =

    52

Elapsed time is 641.798563 seconds.

chan =

    53

Elapsed time is 639.103859 seconds.

chan =

    54

Elapsed time is 620.895678 seconds.

chan =

    55

Elapsed time is 560.904407 seconds.

chan =

    56

Elapsed time is 535.640422 seconds.

chan =

    57

Elapsed time is 519.208772 seconds.

chan =

    58

Elapsed time is 502.409220 seconds.

chan =

    59

Elapsed time is 497.481566 seconds.

chan =

    60

Elapsed time is 497.741733 seconds.

chan =

    61

Elapsed time is 498.399704 seconds.

chan =

    62

Elapsed time is 499.300295 seconds.

chan =

    63

Elapsed time is 499.284401 seconds.

chan =

    64

Elapsed time is 499.286367 seconds.

chan =

    65

Elapsed time is 498.109611 seconds.

chan =

    66

Elapsed time is 501.463617 seconds.

chan =

    67

Elapsed time is 498.789302 seconds.

chan =

    68

Elapsed time is 498.390882 seconds.

chan =

    69

Elapsed time is 499.265506 seconds.

chan =

    70

Elapsed time is 500.959740 seconds.

chan =

    71

Elapsed time is 500.184996 seconds.

chan =

    72

Elapsed time is 499.194863 seconds.

chan =

    73

Elapsed time is 500.000726 seconds.

chan =

    74

Elapsed time is 500.451043 seconds.

chan =

    75

Elapsed time is 499.648528 seconds.

chan =

    76

Elapsed time is 498.664519 seconds.

chan =

    77

Elapsed time is 500.011432 seconds.

chan =

    78

Elapsed time is 501.486961 seconds.

chan =

    79

Elapsed time is 499.442311 seconds.

chan =

    80

Elapsed time is 499.462993 seconds.

chan =

    81

Elapsed time is 499.359669 seconds.

chan =

    82

Elapsed time is 501.413194 seconds.

chan =

    83

Elapsed time is 499.625679 seconds.

chan =

    84

Elapsed time is 500.758225 seconds.

chan =

    85

Elapsed time is 500.593624 seconds.

chan =

    86

Elapsed time is 501.600616 seconds.

chan =

    87

Elapsed time is 498.994705 seconds.

chan =

    88

Elapsed time is 499.477580 seconds.

chan =

    89

Elapsed time is 501.748683 seconds.

chan =

    90

Elapsed time is 502.904524 seconds.

chan =

    91

Elapsed time is 501.229918 seconds.

chan =

    92

Elapsed time is 502.841369 seconds.

chan =

    93

Elapsed time is 502.611493 seconds.

chan =

    94

Elapsed time is 502.386229 seconds.

chan =

    95

Elapsed time is 500.822538 seconds.

chan =

    96

Elapsed time is 500.604513 seconds.

chan =

    97

Elapsed time is 501.044487 seconds.

chan =

    98

Elapsed time is 502.819031 seconds.

chan =

    99

Elapsed time is 501.406047 seconds.

chan =

   100

Elapsed time is 489.986922 seconds.

chan =

   101

Elapsed time is 499.124963 seconds.

chan =

   102

Elapsed time is 500.569261 seconds.

chan =

   103

Elapsed time is 499.464900 seconds.

chan =

   104

Elapsed time is 499.001909 seconds.

chan =

   105

Elapsed time is 498.100254 seconds.

chan =

   106

Elapsed time is 498.617986 seconds.

chan =

   107

Elapsed time is 496.706723 seconds.

chan =

   108

Elapsed time is 497.021005 seconds.

chan =

   109

Elapsed time is 497.840328 seconds.

chan =

   110

Elapsed time is 498.484495 seconds.

chan =

   111

Elapsed time is 498.098225 seconds.

chan =

   112

Elapsed time is 498.138524 seconds.

chan =

   113

Elapsed time is 499.279075 seconds.

chan =

   114

Elapsed time is 479.853785 seconds.
attempting saving
save success: /projects/p31578/dtf8829/QuestConnect/CHANDAT/chanDat_SLCH010_039.mat
working on TF
encoding done
encoding RT done
