getting started: 3607
attempting file: 3607
going for SLCH010 13
data loaded: SLCH010 13
HFB already done

chan =

     1

Elapsed time is 467.444299 seconds.

chan =

     2

Elapsed time is 471.564968 seconds.

chan =

     3

Elapsed time is 460.340974 seconds.

chan =

     4

Elapsed time is 474.279719 seconds.

chan =

     5

Elapsed time is 468.571105 seconds.

chan =

     6

Elapsed time is 457.216844 seconds.

chan =

     7

Elapsed time is 471.000131 seconds.

chan =

     8

Elapsed time is 465.165113 seconds.

chan =

     9

Elapsed time is 467.766970 seconds.

chan =

    10

Elapsed time is 455.856376 seconds.

chan =

    11

Elapsed time is 469.118250 seconds.

chan =

    12

Elapsed time is 466.581034 seconds.

chan =

    13

Elapsed time is 463.661621 seconds.

chan =

    14

Elapsed time is 473.569978 seconds.

chan =

    15

Elapsed time is 482.227141 seconds.

chan =

    16

Elapsed time is 477.292040 seconds.

chan =

    17

Elapsed time is 476.053599 seconds.

chan =

    18

Elapsed time is 486.330849 seconds.

chan =

    19

Elapsed time is 486.391107 seconds.

chan =

    20

Elapsed time is 486.181794 seconds.

chan =

    21

Elapsed time is 481.867307 seconds.

chan =

    22

Elapsed time is 470.359717 seconds.

chan =

    23

Elapsed time is 471.127623 seconds.

chan =

    24

Elapsed time is 468.457697 seconds.

chan =

    25

Elapsed time is 464.156878 seconds.

chan =

    26

Elapsed time is 465.344568 seconds.

chan =

    27

Elapsed time is 464.689973 seconds.

chan =

    28

Elapsed time is 457.022059 seconds.

chan =

    29

Elapsed time is 456.928063 seconds.

chan =

    30

Elapsed time is 475.854803 seconds.

chan =

    31

Elapsed time is 461.136235 seconds.

chan =

    32

Elapsed time is 473.140207 seconds.

chan =

    33

Elapsed time is 463.712565 seconds.

chan =

    34

Elapsed time is 473.947181 seconds.

chan =

    35

Elapsed time is 461.746711 seconds.

chan =

    36

Elapsed time is 472.053304 seconds.

chan =

    37

Elapsed time is 464.102875 seconds.

chan =

    38

Elapsed time is 461.740361 seconds.

chan =

    39

Elapsed time is 462.640884 seconds.

chan =

    40

Elapsed time is 466.869518 seconds.

chan =

    41

Elapsed time is 459.285303 seconds.

chan =

    42

Elapsed time is 455.150993 seconds.

chan =

    43

Elapsed time is 471.926345 seconds.

chan =

    44

Elapsed time is 462.676372 seconds.

chan =

    45

Elapsed time is 453.269359 seconds.

chan =

    46

Elapsed time is 454.457262 seconds.

chan =

    47

Elapsed time is 453.470907 seconds.

chan =

    48

Elapsed time is 462.085040 seconds.

chan =

    49

Elapsed time is 459.582962 seconds.

chan =

    50

Elapsed time is 450.858236 seconds.

chan =

    51

Elapsed time is 463.126552 seconds.

chan =

    52

Elapsed time is 454.920828 seconds.

chan =

    53

Elapsed time is 448.835914 seconds.

chan =

    54

Elapsed time is 457.934946 seconds.

chan =

    55

Elapsed time is 459.935027 seconds.

chan =

    56

Elapsed time is 461.907460 seconds.

chan =

    57

Elapsed time is 456.338844 seconds.

chan =

    58

Elapsed time is 459.357990 seconds.

chan =

    59

Elapsed time is 465.154426 seconds.

chan =

    60

Elapsed time is 459.965155 seconds.

chan =

    61

Elapsed time is 468.659599 seconds.

chan =

    62

Elapsed time is 460.100164 seconds.

chan =

    63

Elapsed time is 456.705446 seconds.

chan =

    64

Elapsed time is 461.989183 seconds.

chan =

    65

Elapsed time is 452.637494 seconds.

chan =

    66

Elapsed time is 467.297416 seconds.

chan =

    67

Elapsed time is 479.769184 seconds.

chan =

    68

Elapsed time is 449.387528 seconds.

chan =

    69

Elapsed time is 447.663834 seconds.

chan =

    70

Elapsed time is 447.577349 seconds.

chan =

    71

Elapsed time is 450.994905 seconds.

chan =

    72

Elapsed time is 455.388383 seconds.

chan =

    73

Elapsed time is 450.633121 seconds.

chan =

    74

Elapsed time is 462.267742 seconds.

chan =

    75

Elapsed time is 448.880538 seconds.

chan =

    76

Elapsed time is 450.453705 seconds.

chan =

    77

Elapsed time is 442.164364 seconds.

chan =

    78

Elapsed time is 444.902515 seconds.

chan =

    79

Elapsed time is 437.271262 seconds.

chan =

    80

Elapsed time is 443.606384 seconds.

chan =

    81

Elapsed time is 449.603078 seconds.

chan =

    82

Elapsed time is 448.667924 seconds.

chan =

    83

Elapsed time is 445.097731 seconds.

chan =

    84

Elapsed time is 446.849062 seconds.

chan =

    85

Elapsed time is 444.281074 seconds.

chan =

    86

Elapsed time is 453.007933 seconds.

chan =

    87

Elapsed time is 452.524279 seconds.

chan =

    88

Elapsed time is 458.521330 seconds.

chan =

    89

Elapsed time is 447.838721 seconds.

chan =

    90

Elapsed time is 451.665404 seconds.

chan =

    91

Elapsed time is 452.363272 seconds.

chan =

    92

Elapsed time is 453.091368 seconds.

chan =

    93

Elapsed time is 449.865269 seconds.

chan =

    94

Elapsed time is 448.833981 seconds.

chan =

    95

Elapsed time is 449.700150 seconds.

chan =

    96

Elapsed time is 433.075327 seconds.

chan =

    97

Elapsed time is 426.394315 seconds.

chan =

    98

Elapsed time is 423.259055 seconds.

chan =

    99

Elapsed time is 431.874004 seconds.

chan =

   100

Elapsed time is 427.652744 seconds.

chan =

   101

Elapsed time is 426.072913 seconds.

chan =

   102

Elapsed time is 421.938458 seconds.

chan =

   103

Elapsed time is 427.498130 seconds.

chan =

   104

Elapsed time is 428.181431 seconds.

chan =

   105

Elapsed time is 424.137518 seconds.

chan =

   106

Elapsed time is 442.530776 seconds.

chan =

   107

Elapsed time is 480.539322 seconds.

chan =

   108

Elapsed time is 478.341740 seconds.

chan =

   109

Elapsed time is 478.543857 seconds.

chan =

   110

Elapsed time is 478.562114 seconds.

chan =

   111

Elapsed time is 478.990919 seconds.

chan =

   112

Elapsed time is 481.842448 seconds.

chan =

   113

Elapsed time is 447.384945 seconds.

chan =

   114

Elapsed time is 427.722350 seconds.
attempting saving
save success: /projects/p31578/dtf8829/QuestConnect/CHANDAT/chanDat_SLCH010_013.mat
working on TF
encoding done
encoding RT done
