getting started: 3646
attempting file: 3646
going for SLCH010 52
data loaded: SLCH010 52
HFB already done

chan =

     1

Elapsed time is 598.834467 seconds.

chan =

     2

Elapsed time is 581.974841 seconds.

chan =

     3

Elapsed time is 593.266787 seconds.

chan =

     4

Elapsed time is 599.335606 seconds.

chan =

     5

Elapsed time is 585.623316 seconds.

chan =

     6

Elapsed time is 587.159593 seconds.

chan =

     7

Elapsed time is 576.138531 seconds.

chan =

     8

Elapsed time is 591.399830 seconds.

chan =

     9

Elapsed time is 594.091196 seconds.

chan =

    10

Elapsed time is 557.697876 seconds.

chan =

    11

Elapsed time is 555.329404 seconds.

chan =

    12

Elapsed time is 560.968419 seconds.

chan =

    13

Elapsed time is 539.480130 seconds.

chan =

    14

Elapsed time is 548.348119 seconds.

chan =

    15

Elapsed time is 556.488028 seconds.

chan =

    16

Elapsed time is 529.493911 seconds.

chan =

    17

Elapsed time is 554.251746 seconds.

chan =

    18

Elapsed time is 548.255719 seconds.

chan =

    19

Elapsed time is 553.296720 seconds.

chan =

    20

Elapsed time is 559.612282 seconds.

chan =

    21

Elapsed time is 547.203565 seconds.

chan =

    22

Elapsed time is 558.600116 seconds.

chan =

    23

Elapsed time is 549.765072 seconds.

chan =

    24

Elapsed time is 541.093177 seconds.

chan =

    25

Elapsed time is 550.042573 seconds.

chan =

    26

Elapsed time is 535.205296 seconds.

chan =

    27

Elapsed time is 533.980859 seconds.

chan =

    28

Elapsed time is 536.250280 seconds.

chan =

    29

Elapsed time is 506.687453 seconds.

chan =

    30

Elapsed time is 543.877643 seconds.

chan =

    31

Elapsed time is 530.938887 seconds.

chan =

    32

Elapsed time is 529.976707 seconds.

chan =

    33

Elapsed time is 547.295534 seconds.

chan =

    34

Elapsed time is 520.027005 seconds.

chan =

    35

Elapsed time is 542.461929 seconds.

chan =

    36

Elapsed time is 539.967907 seconds.

chan =

    37

Elapsed time is 525.789507 seconds.

chan =

    38

Elapsed time is 547.385063 seconds.

chan =

    39

Elapsed time is 543.108812 seconds.

chan =

    40

Elapsed time is 538.377198 seconds.

chan =

    41

Elapsed time is 539.559928 seconds.

chan =

    42

Elapsed time is 541.205230 seconds.

chan =

    43

Elapsed time is 544.267424 seconds.

chan =

    44

Elapsed time is 535.602553 seconds.

chan =

    45

Elapsed time is 534.835013 seconds.

chan =

    46

Elapsed time is 535.903952 seconds.

chan =

    47

Elapsed time is 526.071134 seconds.

chan =

    48

Elapsed time is 545.652211 seconds.

chan =

    49

Elapsed time is 541.220555 seconds.

chan =

    50

Elapsed time is 537.821021 seconds.

chan =

    51

Elapsed time is 540.743409 seconds.

chan =

    52

Elapsed time is 527.389819 seconds.

chan =

    53

Elapsed time is 540.809720 seconds.

chan =

    54

Elapsed time is 530.826734 seconds.

chan =

    55

Elapsed time is 510.902687 seconds.

chan =

    56

Elapsed time is 543.067946 seconds.

chan =

    57

Elapsed time is 523.483693 seconds.

chan =

    58

Elapsed time is 516.070591 seconds.

chan =

    59

Elapsed time is 537.111314 seconds.

chan =

    60

Elapsed time is 537.915998 seconds.

chan =

    61

Elapsed time is 546.473261 seconds.

chan =

    62

Elapsed time is 542.519486 seconds.

chan =

    63

Elapsed time is 524.054047 seconds.

chan =

    64

Elapsed time is 543.667802 seconds.

chan =

    65

Elapsed time is 530.104422 seconds.

chan =

    66

Elapsed time is 544.063732 seconds.

chan =

    67

Elapsed time is 543.234324 seconds.

chan =

    68

Elapsed time is 528.537964 seconds.

chan =

    69

Elapsed time is 541.595747 seconds.

chan =

    70

Elapsed time is 536.655708 seconds.

chan =

    71

Elapsed time is 545.002209 seconds.

chan =

    72

Elapsed time is 549.577645 seconds.

chan =

    73

Elapsed time is 541.617295 seconds.

chan =

    74

Elapsed time is 537.044814 seconds.

chan =

    75

Elapsed time is 534.423091 seconds.

chan =

    76

Elapsed time is 544.201281 seconds.

chan =

    77

Elapsed time is 545.171954 seconds.

chan =

    78

Elapsed time is 534.708002 seconds.

chan =

    79

Elapsed time is 544.075588 seconds.

chan =

    80

Elapsed time is 541.967392 seconds.

chan =

    81

Elapsed time is 544.324672 seconds.

chan =

    82

Elapsed time is 546.683079 seconds.

chan =

    83

Elapsed time is 527.872076 seconds.

chan =

    84

Elapsed time is 539.592176 seconds.

chan =

    85

Elapsed time is 540.662255 seconds.

chan =

    86

Elapsed time is 540.272646 seconds.

chan =

    87

Elapsed time is 543.550024 seconds.

chan =

    88

Elapsed time is 543.761836 seconds.

chan =

    89

Elapsed time is 548.092074 seconds.

chan =

    90

Elapsed time is 541.146370 seconds.

chan =

    91

Elapsed time is 567.369304 seconds.

chan =

    92

Elapsed time is 569.422840 seconds.

chan =

    93

Elapsed time is 569.832089 seconds.

chan =

    94

Elapsed time is 569.933662 seconds.

chan =

    95

Elapsed time is 568.552941 seconds.

chan =

    96

Elapsed time is 567.962410 seconds.

chan =

    97

Elapsed time is 569.126207 seconds.

chan =

    98

Elapsed time is 571.352419 seconds.

chan =

    99

Elapsed time is 570.106358 seconds.

chan =

   100

Elapsed time is 568.577113 seconds.

chan =

   101

Elapsed time is 568.662015 seconds.

chan =

   102

Elapsed time is 570.240742 seconds.

chan =

   103

Elapsed time is 569.740947 seconds.

chan =

   104

Elapsed time is 569.367356 seconds.

chan =

   105

Elapsed time is 568.729094 seconds.

chan =

   106

Elapsed time is 568.968024 seconds.

chan =

   107

Elapsed time is 567.433217 seconds.

chan =

   108

Elapsed time is 566.704081 seconds.

chan =

   109

Elapsed time is 567.589067 seconds.

chan =

   110

Elapsed time is 568.594339 seconds.

chan =

   111

Elapsed time is 568.434406 seconds.

chan =

   112

Elapsed time is 567.164769 seconds.

chan =

   113

Elapsed time is 566.909020 seconds.

chan =

   114

Elapsed time is 527.191960 seconds.
attempting saving
save success: /projects/p31578/dtf8829/QuestConnect/CHANDAT/chanDat_SLCH010_052.mat
working on TF
