getting started: 3003
attempting file: 3003
going for OH30 102
data loaded: OH30 102
HFB already done

chan =

     1

Elapsed time is 524.444652 seconds.

chan =

     2

Elapsed time is 550.258203 seconds.

chan =

     3

Elapsed time is 551.672644 seconds.

chan =

     4

Elapsed time is 546.292264 seconds.

chan =

     5

Elapsed time is 502.571711 seconds.

chan =

     6

Elapsed time is 535.080934 seconds.

chan =

     7

Elapsed time is 542.060322 seconds.

chan =

     8

Elapsed time is 540.713690 seconds.

chan =

     9

Elapsed time is 540.753078 seconds.

chan =

    10

Elapsed time is 536.874769 seconds.

chan =

    11

Elapsed time is 539.900713 seconds.

chan =

    12

Elapsed time is 537.881656 seconds.

chan =

    13

Elapsed time is 537.923751 seconds.

chan =

    14

Elapsed time is 540.135977 seconds.

chan =

    15

Elapsed time is 542.162271 seconds.

chan =

    16

Elapsed time is 500.367910 seconds.

chan =

    17

Elapsed time is 489.480854 seconds.

chan =

    18

Elapsed time is 494.252245 seconds.

chan =

    19

Elapsed time is 491.551697 seconds.

chan =

    20

Elapsed time is 474.572600 seconds.

chan =

    21

Elapsed time is 494.467576 seconds.

chan =

    22

Elapsed time is 473.231291 seconds.

chan =

    23

Elapsed time is 499.749990 seconds.

chan =

    24

Elapsed time is 494.287629 seconds.

chan =

    25

Elapsed time is 505.717966 seconds.

chan =

    26

Elapsed time is 490.550119 seconds.

chan =

    27

Elapsed time is 450.170910 seconds.

chan =

    28

Elapsed time is 721.467653 seconds.

chan =

    29

Elapsed time is 874.246881 seconds.

chan =

    30

Elapsed time is 876.803541 seconds.

chan =

    31

Elapsed time is 874.484931 seconds.

chan =

    32

Elapsed time is 877.260343 seconds.

chan =

    33

Elapsed time is 870.465934 seconds.

chan =

    34

Elapsed time is 877.989942 seconds.

chan =

    35

Elapsed time is 871.963261 seconds.

chan =

    36

Elapsed time is 877.937935 seconds.

chan =

    37

Elapsed time is 872.251382 seconds.

chan =

    38

Elapsed time is 875.097019 seconds.

chan =

    39

Elapsed time is 870.114118 seconds.

chan =

    40

Elapsed time is 876.366229 seconds.

chan =

    41

Elapsed time is 874.363413 seconds.

chan =

    42

Elapsed time is 877.452981 seconds.

chan =

    43

Elapsed time is 872.926310 seconds.

chan =

    44

Elapsed time is 879.744713 seconds.

chan =

    45

Elapsed time is 873.571865 seconds.

chan =

    46

Elapsed time is 879.794921 seconds.

chan =

    47

Elapsed time is 871.623038 seconds.

chan =

    48

Elapsed time is 876.396037 seconds.

chan =

    49

Elapsed time is 867.060295 seconds.

chan =

    50

Elapsed time is 867.004260 seconds.

chan =

    51

Elapsed time is 856.641433 seconds.

chan =

    52

Elapsed time is 868.405948 seconds.

chan =

    53

Elapsed time is 860.937518 seconds.

chan =

    54

Elapsed time is 868.279583 seconds.

chan =

    55

Elapsed time is 860.181195 seconds.

chan =

    56

Elapsed time is 866.701889 seconds.

chan =

    57

Elapsed time is 847.560167 seconds.

chan =

    58

Elapsed time is 829.557549 seconds.

chan =

    59

Elapsed time is 825.200036 seconds.

chan =

    60

Elapsed time is 826.309881 seconds.

chan =

    61

Elapsed time is 789.140513 seconds.

chan =

    62

Elapsed time is 786.208196 seconds.

chan =

    63

Elapsed time is 783.416053 seconds.

chan =

    64

Elapsed time is 787.941281 seconds.

chan =

    65

Elapsed time is 780.927546 seconds.

chan =

    66

Elapsed time is 786.893814 seconds.

chan =

    67

Elapsed time is 777.961919 seconds.

chan =

    68

Elapsed time is 783.175206 seconds.

chan =

    69

Elapsed time is 773.173449 seconds.

chan =

    70

Elapsed time is 783.169417 seconds.

chan =

    71

Elapsed time is 776.119973 seconds.

chan =

    72

Elapsed time is 783.903912 seconds.

chan =

    73

Elapsed time is 779.309154 seconds.

chan =

    74

Elapsed time is 778.863690 seconds.

chan =

    75

Elapsed time is 764.682694 seconds.

chan =

    76

Elapsed time is 764.386752 seconds.

chan =

    77

Elapsed time is 751.270543 seconds.

chan =

    78

Elapsed time is 764.296295 seconds.

chan =

    79

Elapsed time is 755.272082 seconds.

chan =

    80

Elapsed time is 766.833981 seconds.

chan =

    81

Elapsed time is 768.785877 seconds.

chan =

    82

Elapsed time is 761.638302 seconds.

chan =

    83

Elapsed time is 764.796271 seconds.

chan =

    84

Elapsed time is 764.153263 seconds.

chan =

    85

Elapsed time is 761.154877 seconds.

chan =

    86

Elapsed time is 758.669229 seconds.

chan =

    87

Elapsed time is 761.130063 seconds.

chan =

    88

Elapsed time is 758.575918 seconds.

chan =

    89

Elapsed time is 758.977908 seconds.

chan =

    90

Elapsed time is 769.077320 seconds.

chan =

    91

Elapsed time is 756.084801 seconds.

chan =

    92

Elapsed time is 765.717609 seconds.

chan =

    93

