getting started: 3632
attempting file: 3632
going for SLCH010 38
data loaded: SLCH010 38
HFB already done

chan =

     1

Elapsed time is 697.493950 seconds.

chan =

     2

Elapsed time is 688.025985 seconds.

chan =

     3

Elapsed time is 686.879357 seconds.

chan =

     4

Elapsed time is 685.257880 seconds.

chan =

     5

Elapsed time is 682.315372 seconds.

chan =

     6

Elapsed time is 684.412000 seconds.

chan =

     7

Elapsed time is 679.807343 seconds.

chan =

     8

Elapsed time is 684.956951 seconds.

chan =

     9

Elapsed time is 678.213197 seconds.

chan =

    10

Elapsed time is 684.210365 seconds.

chan =

    11

Elapsed time is 667.601657 seconds.

chan =

    12

Elapsed time is 671.487447 seconds.

chan =

    13

Elapsed time is 659.561759 seconds.

chan =

    14

Elapsed time is 659.623155 seconds.

chan =

    15

Elapsed time is 649.857817 seconds.

chan =

    16

Elapsed time is 649.105682 seconds.

chan =

    17

Elapsed time is 652.549880 seconds.

chan =

    18

Elapsed time is 650.404822 seconds.

chan =

    19

Elapsed time is 650.952764 seconds.

chan =

    20

Elapsed time is 648.617447 seconds.

chan =

    21

Elapsed time is 652.343002 seconds.

chan =

    22

Elapsed time is 651.787928 seconds.

chan =

    23

Elapsed time is 651.786321 seconds.

chan =

    24

Elapsed time is 652.438685 seconds.

chan =

    25

Elapsed time is 654.421345 seconds.

chan =

    26

Elapsed time is 652.091170 seconds.

chan =

    27

Elapsed time is 654.120495 seconds.

chan =

    28

Elapsed time is 653.412860 seconds.

chan =

    29

Elapsed time is 655.296863 seconds.

chan =

    30

Elapsed time is 652.503243 seconds.

chan =

    31

Elapsed time is 671.159579 seconds.

chan =

    32

Elapsed time is 677.670327 seconds.

chan =

    33

Elapsed time is 667.915852 seconds.

chan =

    34

Elapsed time is 669.982949 seconds.

chan =

    35

Elapsed time is 665.034760 seconds.

chan =

    36

Elapsed time is 670.397884 seconds.

chan =

    37

Elapsed time is 673.871453 seconds.

chan =

    38

Elapsed time is 670.711536 seconds.

chan =

    39

Elapsed time is 671.900183 seconds.

chan =

    40

Elapsed time is 664.497659 seconds.

chan =

    41

Elapsed time is 674.454241 seconds.

chan =

    42

Elapsed time is 666.653717 seconds.

chan =

    43

Elapsed time is 670.310109 seconds.

chan =

    44

Elapsed time is 672.020585 seconds.

chan =

    45

Elapsed time is 672.136366 seconds.

chan =

    46

Elapsed time is 670.169635 seconds.

chan =

    47

Elapsed time is 660.697172 seconds.

chan =

    48

Elapsed time is 670.531977 seconds.

chan =

    49

Elapsed time is 668.656545 seconds.

chan =

    50

Elapsed time is 646.469030 seconds.

chan =

    51

Elapsed time is 645.733631 seconds.

chan =

    52

Elapsed time is 646.144539 seconds.

chan =

    53

Elapsed time is 646.334111 seconds.

chan =

    54

Elapsed time is 604.791514 seconds.

chan =

    55

Elapsed time is 559.425269 seconds.

chan =

    56

Elapsed time is 533.217867 seconds.

chan =

    57

Elapsed time is 519.864834 seconds.

chan =

    58

Elapsed time is 501.926196 seconds.

chan =

    59

Elapsed time is 503.457586 seconds.

chan =

    60

Elapsed time is 502.337752 seconds.

chan =

    61

Elapsed time is 504.624901 seconds.

chan =

    62

Elapsed time is 504.001038 seconds.

chan =

    63

Elapsed time is 504.111683 seconds.

chan =

    64

Elapsed time is 504.035997 seconds.

chan =

    65

Elapsed time is 506.469914 seconds.

chan =

    66

Elapsed time is 503.739677 seconds.

chan =

    67

Elapsed time is 502.768355 seconds.

chan =

    68

Elapsed time is 503.136383 seconds.

chan =

    69

Elapsed time is 504.267413 seconds.

chan =

    70

Elapsed time is 504.393569 seconds.

chan =

    71

Elapsed time is 504.009060 seconds.

chan =

    72

Elapsed time is 504.402386 seconds.

chan =

    73

Elapsed time is 505.228860 seconds.

chan =

    74

Elapsed time is 502.988923 seconds.

chan =

    75

Elapsed time is 503.092168 seconds.

chan =

    76

Elapsed time is 503.037419 seconds.

chan =

    77

Elapsed time is 504.810726 seconds.

chan =

    78

Elapsed time is 504.290758 seconds.

chan =

    79

Elapsed time is 502.584245 seconds.

chan =

    80

Elapsed time is 503.038868 seconds.

chan =

    81

Elapsed time is 505.201027 seconds.

chan =

    82

Elapsed time is 503.911454 seconds.

chan =

    83

Elapsed time is 503.790776 seconds.

chan =

    84

Elapsed time is 503.556480 seconds.

chan =

    85

Elapsed time is 505.989706 seconds.

chan =

    86

Elapsed time is 503.933236 seconds.

chan =

    87

Elapsed time is 502.665639 seconds.

chan =

    88

Elapsed time is 502.879371 seconds.

chan =

    89

Elapsed time is 507.643156 seconds.

chan =

    90

Elapsed time is 505.753302 seconds.

chan =

    91

Elapsed time is 504.127478 seconds.

chan =

    92

Elapsed time is 506.674152 seconds.

chan =

    93

Elapsed time is 507.674160 seconds.

chan =

    94

Elapsed time is 505.503916 seconds.

chan =

    95

Elapsed time is 504.535017 seconds.

chan =

    96

Elapsed time is 503.857383 seconds.

chan =

    97

Elapsed time is 505.728271 seconds.

chan =

    98

Elapsed time is 506.010899 seconds.

chan =

    99

Elapsed time is 494.799036 seconds.

chan =

   100

Elapsed time is 503.191516 seconds.

chan =

   101

Elapsed time is 504.661125 seconds.

chan =

   102

Elapsed time is 504.839336 seconds.

chan =

   103

Elapsed time is 503.196775 seconds.

chan =

   104

Elapsed time is 502.093548 seconds.

chan =

   105

Elapsed time is 502.882553 seconds.

chan =

   106

Elapsed time is 501.380508 seconds.

chan =

   107

Elapsed time is 499.569549 seconds.

chan =

   108

Elapsed time is 498.606887 seconds.

chan =

   109

Elapsed time is 498.084821 seconds.

chan =

   110

Elapsed time is 497.484584 seconds.

chan =

   111

Elapsed time is 496.869072 seconds.

chan =

   112

Elapsed time is 498.007979 seconds.

chan =

   113

Elapsed time is 492.634538 seconds.

chan =

   114

