getting started: 3252
attempting file: 3252
going for SD5 1
data loaded: SD5 1
HFB already done

chan =

     1

Elapsed time is 287.810733 seconds.

chan =

     2

Elapsed time is 295.422188 seconds.

chan =

     3

Elapsed time is 282.051753 seconds.

chan =

     4

Elapsed time is 286.501382 seconds.

chan =

     5

Elapsed time is 285.357049 seconds.

chan =

     6

Elapsed time is 281.293310 seconds.

chan =

     7

Elapsed time is 278.545120 seconds.

chan =

     8

Elapsed time is 279.899279 seconds.

chan =

     9

Elapsed time is 277.353513 seconds.

chan =

    10

Elapsed time is 280.757915 seconds.

chan =

    11

Elapsed time is 281.530503 seconds.

chan =

    12

Elapsed time is 280.558436 seconds.

chan =

    13

Elapsed time is 282.005474 seconds.

chan =

    14

Elapsed time is 281.211363 seconds.

chan =

    15

Elapsed time is 277.779815 seconds.

chan =

    16

Elapsed time is 281.055298 seconds.

chan =

    17

Elapsed time is 281.085230 seconds.

chan =

    18

Elapsed time is 281.003824 seconds.

chan =

    19

Elapsed time is 281.146362 seconds.

chan =

    20

Elapsed time is 278.655580 seconds.

chan =

    21

Elapsed time is 277.426686 seconds.

chan =

    22

Elapsed time is 279.154282 seconds.

chan =

    23

Elapsed time is 280.415408 seconds.

chan =

    24

Elapsed time is 281.479859 seconds.

chan =

    25

Elapsed time is 276.736439 seconds.

chan =

    26

Elapsed time is 281.226428 seconds.

chan =

    27

Elapsed time is 274.782501 seconds.

chan =

    28

Elapsed time is 278.663249 seconds.

chan =

    29

Elapsed time is 279.373954 seconds.

chan =

    30

Elapsed time is 281.074239 seconds.

chan =

    31

Elapsed time is 279.849646 seconds.

chan =

    32

Elapsed time is 278.847789 seconds.

chan =

    33

Elapsed time is 277.943945 seconds.

chan =

    34

Elapsed time is 280.366334 seconds.

chan =

    35

Elapsed time is 281.426176 seconds.

chan =

    36

Elapsed time is 281.728742 seconds.

chan =

    37

Elapsed time is 279.655970 seconds.

chan =

    38

Elapsed time is 280.177528 seconds.

chan =

    39

Elapsed time is 278.887034 seconds.

chan =

    40

Elapsed time is 274.073749 seconds.

chan =

    41

Elapsed time is 280.061751 seconds.

chan =

    42

Elapsed time is 280.230816 seconds.

chan =

    43

Elapsed time is 279.942810 seconds.

chan =

    44

Elapsed time is 278.026711 seconds.

chan =

    45

Elapsed time is 276.998980 seconds.

chan =

    46

Elapsed time is 281.971827 seconds.

chan =

    47

Elapsed time is 280.010277 seconds.

chan =

    48

Elapsed time is 280.015060 seconds.

chan =

    49

Elapsed time is 278.142836 seconds.

chan =

    50

Elapsed time is 277.091970 seconds.

chan =

    51

Elapsed time is 276.339472 seconds.

chan =

    52

Elapsed time is 276.716154 seconds.

chan =

    53

Elapsed time is 276.278299 seconds.

chan =

    54

Elapsed time is 276.076082 seconds.

chan =

    55

Elapsed time is 279.251469 seconds.

chan =

    56

Elapsed time is 277.663493 seconds.

chan =

    57

Elapsed time is 275.299928 seconds.

chan =

    58

Elapsed time is 274.835429 seconds.

chan =

    59

Elapsed time is 278.974059 seconds.

chan =

    60

Elapsed time is 281.480886 seconds.

chan =

    61

Elapsed time is 277.319421 seconds.

chan =

    62

Elapsed time is 276.597186 seconds.

chan =

    63

Elapsed time is 269.072178 seconds.

chan =

    64

Elapsed time is 279.637010 seconds.

chan =

    65

Elapsed time is 278.907608 seconds.

chan =

    66

Elapsed time is 275.345477 seconds.

chan =

    67

Elapsed time is 274.902151 seconds.

chan =

    68

Elapsed time is 274.734104 seconds.

chan =

    69

Elapsed time is 278.121313 seconds.

chan =

    70

Elapsed time is 273.241357 seconds.

chan =

    71

Elapsed time is 277.620002 seconds.

chan =

    72

Elapsed time is 274.140069 seconds.

chan =

    73

Elapsed time is 272.062539 seconds.

chan =

    74

Elapsed time is 276.803747 seconds.

chan =

    75

Elapsed time is 278.239323 seconds.

chan =

    76

Elapsed time is 268.593927 seconds.

chan =

    77

Elapsed time is 271.671989 seconds.

chan =

    78

Elapsed time is 271.974576 seconds.

chan =

    79

Elapsed time is 278.087651 seconds.

chan =

    80

Elapsed time is 275.835510 seconds.

chan =

    81

Elapsed time is 275.185924 seconds.

chan =

    82

Elapsed time is 271.745854 seconds.

chan =

    83

Elapsed time is 277.051466 seconds.

chan =

    84

Elapsed time is 277.091870 seconds.

chan =

    85

Elapsed time is 275.325304 seconds.

chan =

    86

Elapsed time is 276.017400 seconds.

chan =

    87

Elapsed time is 274.210196 seconds.

chan =

    88

Elapsed time is 276.232713 seconds.

chan =

    89

Elapsed time is 272.748057 seconds.

chan =

    90

Elapsed time is 275.578418 seconds.

chan =

    91

Elapsed time is 276.890954 seconds.

chan =

    92

Elapsed time is 272.139217 seconds.

chan =

    93

Elapsed time is 276.838900 seconds.

chan =

    94

Elapsed time is 276.028214 seconds.

chan =

    95

Elapsed time is 271.284867 seconds.

chan =

    96

Elapsed time is 274.086641 seconds.

chan =

    97

Elapsed time is 271.701194 seconds.

chan =

    98

Elapsed time is 277.317900 seconds.

chan =

    99

Elapsed time is 277.537852 seconds.

chan =

   100

Elapsed time is 275.954989 seconds.

chan =

   101

Elapsed time is 278.259374 seconds.

chan =

   102

Elapsed time is 270.751407 seconds.

chan =

   103

Elapsed time is 277.515601 seconds.

chan =

   104

Elapsed time is 278.033721 seconds.

chan =

   105

Elapsed time is 280.010394 seconds.

chan =

   106

Elapsed time is 278.167621 seconds.

chan =

   107

Elapsed time is 277.977082 seconds.

chan =

   108

Elapsed time is 273.003315 seconds.

chan =

   109

Elapsed time is 275.538733 seconds.

