getting started: 3668
attempting file: 3668
going for SLCH010 74
data loaded: SLCH010 74
HFB already done

chan =

     1

Elapsed time is 660.701457 seconds.

chan =

     2

Elapsed time is 631.792391 seconds.

chan =

     3

Elapsed time is 614.558704 seconds.

chan =

     4

Elapsed time is 615.459524 seconds.

chan =

     5

Elapsed time is 609.137461 seconds.

chan =

     6

Elapsed time is 609.636566 seconds.

chan =

     7

Elapsed time is 607.334859 seconds.

chan =

     8

Elapsed time is 612.241804 seconds.

chan =

     9

Elapsed time is 618.609126 seconds.

chan =

    10

Elapsed time is 645.502663 seconds.

chan =

    11

Elapsed time is 637.046089 seconds.

chan =

    12

Elapsed time is 633.867269 seconds.

chan =

    13

Elapsed time is 636.026986 seconds.

chan =

    14

Elapsed time is 635.410599 seconds.

chan =

    15

Elapsed time is 623.136250 seconds.

chan =

    16

Elapsed time is 633.460690 seconds.

chan =

    17

Elapsed time is 630.858255 seconds.

chan =

    18

Elapsed time is 631.152584 seconds.

chan =

    19

Elapsed time is 626.580169 seconds.

chan =

    20

Elapsed time is 633.931909 seconds.

chan =

    21

Elapsed time is 614.843313 seconds.

chan =

    22

Elapsed time is 604.950891 seconds.

chan =

    23

Elapsed time is 603.768599 seconds.

chan =

    24

Elapsed time is 608.056505 seconds.

chan =

    25

Elapsed time is 606.767849 seconds.

chan =

    26

Elapsed time is 604.984244 seconds.

chan =

    27

Elapsed time is 603.384758 seconds.

chan =

    28

Elapsed time is 601.197394 seconds.

chan =

    29

Elapsed time is 600.172704 seconds.

chan =

    30

Elapsed time is 601.696104 seconds.

chan =

    31

Elapsed time is 597.345029 seconds.

chan =

    32

Elapsed time is 600.519970 seconds.

chan =

    33

Elapsed time is 600.018953 seconds.

chan =

    34

Elapsed time is 557.598757 seconds.

chan =

    35

Elapsed time is 712.958871 seconds.

chan =

    36

Elapsed time is 710.786774 seconds.

chan =

    37

Elapsed time is 685.897474 seconds.

chan =

    38

Elapsed time is 542.639707 seconds.

chan =

    39

Elapsed time is 513.374595 seconds.

chan =

    40

Elapsed time is 583.266323 seconds.

chan =

    41

Elapsed time is 576.144399 seconds.

chan =

    42

Elapsed time is 550.127907 seconds.

chan =

    43

Elapsed time is 563.197328 seconds.

chan =

    44

Elapsed time is 569.810974 seconds.

chan =

    45

Elapsed time is 538.299461 seconds.

chan =

    46

Elapsed time is 469.727008 seconds.

chan =

    47

Elapsed time is 470.108154 seconds.

chan =

    48

Elapsed time is 477.004591 seconds.

chan =

    49

Elapsed time is 481.880623 seconds.

chan =

    50

Elapsed time is 510.509992 seconds.

chan =

    51

Elapsed time is 526.609583 seconds.

chan =

    52

Elapsed time is 531.787445 seconds.

chan =

    53

Elapsed time is 524.089329 seconds.

chan =

    54

Elapsed time is 528.402868 seconds.

chan =

    55

Elapsed time is 496.966933 seconds.

chan =

    56

Elapsed time is 549.695089 seconds.

chan =

    57

Elapsed time is 558.096331 seconds.

chan =

    58

Elapsed time is 561.178059 seconds.

chan =

    59

Elapsed time is 567.739505 seconds.

chan =

    60

Elapsed time is 569.318258 seconds.

chan =

    61

Elapsed time is 570.626494 seconds.

chan =

    62

Elapsed time is 572.636527 seconds.

chan =

    63

Elapsed time is 518.840714 seconds.

chan =

    64

Elapsed time is 469.333424 seconds.

chan =

    65

Elapsed time is 528.374987 seconds.

chan =

    66

Elapsed time is 502.792081 seconds.

chan =

    67

Elapsed time is 470.644263 seconds.

chan =

    68

Elapsed time is 474.114223 seconds.

chan =

    69

Elapsed time is 469.320165 seconds.

chan =

    70

Elapsed time is 473.246495 seconds.

chan =

    71

Elapsed time is 470.913491 seconds.

chan =

    72

Elapsed time is 473.308781 seconds.

chan =

    73

Elapsed time is 468.838376 seconds.

chan =

    74

Elapsed time is 473.100721 seconds.

chan =

    75

Elapsed time is 468.938048 seconds.

chan =

    76

Elapsed time is 472.761974 seconds.

chan =

    77

Elapsed time is 469.460035 seconds.

chan =

    78

Elapsed time is 471.930008 seconds.

chan =

    79

Elapsed time is 464.843112 seconds.

chan =

    80

Elapsed time is 468.698683 seconds.

chan =

    81

Elapsed time is 464.862712 seconds.

chan =

    82

Elapsed time is 467.633099 seconds.

chan =

    83

Elapsed time is 462.645003 seconds.

chan =

    84

Elapsed time is 467.625685 seconds.

chan =

    85

Elapsed time is 462.925071 seconds.

chan =

    86

Elapsed time is 468.462132 seconds.

chan =

    87

Elapsed time is 462.587313 seconds.

chan =

    88

Elapsed time is 467.130130 seconds.

chan =

    89

Elapsed time is 464.770158 seconds.

chan =

    90

Elapsed time is 469.059780 seconds.

chan =

    91

Elapsed time is 462.032473 seconds.

chan =

    92

Elapsed time is 468.339891 seconds.

chan =

    93

Elapsed time is 465.973161 seconds.

chan =

    94

Elapsed time is 468.603089 seconds.

chan =

    95

Elapsed time is 460.846407 seconds.

chan =

    96

Elapsed time is 465.069733 seconds.

chan =

    97

Elapsed time is 462.102101 seconds.

chan =

    98

Elapsed time is 468.104597 seconds.

chan =

    99

Elapsed time is 463.048664 seconds.

chan =

   100

Elapsed time is 466.265644 seconds.

chan =

   101

Elapsed time is 462.740656 seconds.

chan =

   102

Elapsed time is 469.421873 seconds.

chan =

   103

Elapsed time is 464.825928 seconds.

chan =

   104

Elapsed time is 469.164156 seconds.

chan =

   105

Elapsed time is 464.298013 seconds.

chan =

   106

Elapsed time is 470.162979 seconds.

chan =

   107

Elapsed time is 462.874175 seconds.

chan =

   108

Elapsed time is 467.507877 seconds.

chan =

   109

Elapsed time is 463.762862 seconds.

chan =

   110

Elapsed time is 467.991306 seconds.

chan =

   111

Elapsed time is 463.867960 seconds.

chan =

   112

Elapsed time is 467.388493 seconds.

chan =

   113

Elapsed time is 459.479468 seconds.

chan =

   114

Elapsed time is 401.169619 seconds.
attempting saving
save success: /projects/p31578/dtf8829/QuestConnect/CHANDAT/chanDat_SLCH010_074.mat
working on TF
encoding done
encoding RT done
