getting started: 3332
attempting file: 3332
going for SD5 81
data loaded: SD5 81
HFB already done

chan =

     1

Elapsed time is 200.761873 seconds.

chan =

     2

Elapsed time is 201.750303 seconds.

chan =

     3

Elapsed time is 197.784249 seconds.

chan =

     4

Elapsed time is 203.951081 seconds.

chan =

     5

Elapsed time is 200.676381 seconds.

chan =

     6

Elapsed time is 198.756165 seconds.

chan =

     7

Elapsed time is 199.314585 seconds.

chan =

     8

Elapsed time is 202.953852 seconds.

chan =

     9

Elapsed time is 201.811215 seconds.

chan =

    10

Elapsed time is 204.573778 seconds.

chan =

    11

Elapsed time is 203.695367 seconds.

chan =

    12

Elapsed time is 200.155781 seconds.

chan =

    13

Elapsed time is 204.588312 seconds.

chan =

    14

Elapsed time is 200.341707 seconds.

chan =

    15

Elapsed time is 202.912317 seconds.

chan =

    16

Elapsed time is 196.229125 seconds.

chan =

    17

Elapsed time is 203.599573 seconds.

chan =

    18

Elapsed time is 199.454867 seconds.

chan =

    19

Elapsed time is 202.185892 seconds.

chan =

    20

Elapsed time is 200.059663 seconds.

chan =

    21

Elapsed time is 204.136249 seconds.

chan =

    22

Elapsed time is 199.057243 seconds.

chan =

    23

Elapsed time is 202.302362 seconds.

chan =

    24

Elapsed time is 199.352454 seconds.

chan =

    25

Elapsed time is 202.764596 seconds.

chan =

    26

Elapsed time is 203.567721 seconds.

chan =

    27

Elapsed time is 198.672955 seconds.

chan =

    28

Elapsed time is 202.163650 seconds.

chan =

    29

Elapsed time is 197.872846 seconds.

chan =

    30

Elapsed time is 200.784247 seconds.

chan =

    31

Elapsed time is 200.772914 seconds.

chan =

    32

Elapsed time is 199.549409 seconds.

chan =

    33

Elapsed time is 201.143919 seconds.

chan =

    34

Elapsed time is 199.551653 seconds.

chan =

    35

Elapsed time is 206.214253 seconds.

chan =

    36

Elapsed time is 199.310589 seconds.

chan =

    37

Elapsed time is 203.504156 seconds.

chan =

    38

Elapsed time is 199.878810 seconds.

chan =

    39

Elapsed time is 201.674094 seconds.

chan =

    40

Elapsed time is 202.766584 seconds.

chan =

    41

Elapsed time is 201.118154 seconds.

chan =

    42

Elapsed time is 204.677296 seconds.

chan =

    43

Elapsed time is 198.412244 seconds.

chan =

    44

Elapsed time is 197.305270 seconds.

chan =

    45

Elapsed time is 200.218801 seconds.

chan =

    46

Elapsed time is 201.149384 seconds.

chan =

    47

Elapsed time is 202.511183 seconds.

chan =

    48

Elapsed time is 199.231752 seconds.

chan =

    49

Elapsed time is 200.464608 seconds.

chan =

    50

Elapsed time is 196.280792 seconds.

chan =

    51

Elapsed time is 196.755361 seconds.

chan =

    52

Elapsed time is 194.443991 seconds.

chan =

    53

Elapsed time is 198.637258 seconds.

chan =

    54

Elapsed time is 193.369201 seconds.

chan =

    55

Elapsed time is 198.133158 seconds.

chan =

    56

Elapsed time is 198.936753 seconds.

chan =

    57

Elapsed time is 197.858195 seconds.

chan =

    58

Elapsed time is 198.162307 seconds.

chan =

    59

Elapsed time is 196.036081 seconds.

chan =

    60

Elapsed time is 195.403379 seconds.

chan =

    61

Elapsed time is 193.835572 seconds.

chan =

    62

Elapsed time is 194.267073 seconds.

chan =

    63

Elapsed time is 194.051959 seconds.

chan =

    64

Elapsed time is 195.473118 seconds.

chan =

    65

Elapsed time is 195.485931 seconds.

chan =

    66

Elapsed time is 199.375562 seconds.

chan =

    67

Elapsed time is 198.257729 seconds.

chan =

    68

Elapsed time is 197.259130 seconds.

chan =

    69

Elapsed time is 203.414688 seconds.

chan =

    70

Elapsed time is 201.866368 seconds.

chan =

    71

Elapsed time is 197.070314 seconds.

chan =

    72

Elapsed time is 199.631446 seconds.

chan =

    73

Elapsed time is 202.509693 seconds.

chan =

    74

Elapsed time is 198.620500 seconds.

chan =

    75

Elapsed time is 196.837109 seconds.

chan =

    76

Elapsed time is 194.661675 seconds.

chan =

    77

Elapsed time is 199.905684 seconds.

chan =

    78

Elapsed time is 200.008018 seconds.

chan =

    79

Elapsed time is 197.136358 seconds.

chan =

    80

Elapsed time is 201.759798 seconds.

chan =

    81

Elapsed time is 198.923553 seconds.

chan =

    82

Elapsed time is 199.187456 seconds.

chan =

    83

Elapsed time is 202.692714 seconds.

chan =

    84

Elapsed time is 204.413863 seconds.

chan =

    85

Elapsed time is 199.212315 seconds.

chan =

    86

Elapsed time is 199.329920 seconds.

chan =

    87

Elapsed time is 196.567311 seconds.

chan =

    88

Elapsed time is 200.760368 seconds.

chan =

    89

Elapsed time is 203.447359 seconds.

chan =

    90

Elapsed time is 201.086740 seconds.

chan =

    91

Elapsed time is 198.940162 seconds.

chan =

    92

Elapsed time is 202.190823 seconds.

chan =

    93

Elapsed time is 205.092366 seconds.

chan =

    94

Elapsed time is 200.504646 seconds.

chan =

    95

Elapsed time is 200.012220 seconds.

chan =

    96

Elapsed time is 202.877738 seconds.

chan =

    97

Elapsed time is 202.154479 seconds.

chan =

    98

Elapsed time is 200.471785 seconds.

chan =

    99

Elapsed time is 198.992165 seconds.

chan =

   100

Elapsed time is 198.732784 seconds.

chan =

   101

Elapsed time is 197.884374 seconds.

chan =

   102

Elapsed time is 197.390901 seconds.

chan =

   103

Elapsed time is 195.029954 seconds.

chan =

   104

Elapsed time is 197.914373 seconds.

chan =

   105

Elapsed time is 196.424314 seconds.

chan =

   106

Elapsed time is 194.795640 seconds.

chan =

   107

Elapsed time is 193.994961 seconds.

chan =

   108

Elapsed time is 197.199656 seconds.

chan =

   109

Elapsed time is 195.270120 seconds.

