getting started: 3290
attempting file: 3290
going for SD5 39
data loaded: SD5 39
HFB already done

chan =

     1

Elapsed time is 302.136986 seconds.

chan =

     2

Elapsed time is 308.038194 seconds.

chan =

     3

Elapsed time is 303.434501 seconds.

chan =

     4

Elapsed time is 303.362185 seconds.

chan =

     5

Elapsed time is 301.006503 seconds.

chan =

     6

Elapsed time is 297.891384 seconds.

chan =

     7

Elapsed time is 297.269284 seconds.

chan =

     8

Elapsed time is 298.474930 seconds.

chan =

     9

Elapsed time is 296.823795 seconds.

chan =

    10

Elapsed time is 298.694635 seconds.

chan =

    11

Elapsed time is 297.888710 seconds.

chan =

    12

Elapsed time is 297.145601 seconds.

chan =

    13

Elapsed time is 296.143515 seconds.

chan =

    14

Elapsed time is 295.555270 seconds.

chan =

    15

Elapsed time is 295.330379 seconds.

chan =

    16

Elapsed time is 294.670816 seconds.

chan =

    17

Elapsed time is 294.103753 seconds.

chan =

    18

Elapsed time is 294.883431 seconds.

chan =

    19

Elapsed time is 293.612505 seconds.

chan =

    20

Elapsed time is 291.945312 seconds.

chan =

    21

Elapsed time is 292.001496 seconds.

chan =

    22

Elapsed time is 298.046808 seconds.

chan =

    23

Elapsed time is 303.078377 seconds.

chan =

    24

Elapsed time is 303.166701 seconds.

chan =

    25

Elapsed time is 302.046526 seconds.

chan =

    26

Elapsed time is 304.045097 seconds.

chan =

    27

Elapsed time is 302.269095 seconds.

chan =

    28

Elapsed time is 296.198448 seconds.

chan =

    29

Elapsed time is 297.452024 seconds.

chan =

    30

Elapsed time is 300.414151 seconds.

chan =

    31

Elapsed time is 296.631060 seconds.

chan =

    32

Elapsed time is 296.499024 seconds.

chan =

    33

Elapsed time is 290.730752 seconds.

chan =

    34

Elapsed time is 294.820370 seconds.

chan =

    35

Elapsed time is 291.548833 seconds.

chan =

    36

Elapsed time is 290.708209 seconds.

chan =

    37

Elapsed time is 277.785051 seconds.

chan =

    38

Elapsed time is 287.894501 seconds.

chan =

    39

Elapsed time is 265.656476 seconds.

chan =

    40

Elapsed time is 269.862243 seconds.

chan =

    41

Elapsed time is 269.253745 seconds.

chan =

    42

Elapsed time is 263.106198 seconds.

chan =

    43

Elapsed time is 277.265070 seconds.

chan =

    44

Elapsed time is 267.199473 seconds.

chan =

    45

Elapsed time is 260.744431 seconds.

chan =

    46

Elapsed time is 274.230874 seconds.

chan =

    47

Elapsed time is 266.866667 seconds.

chan =

    48

Elapsed time is 245.869967 seconds.

chan =

    49

Elapsed time is 233.961690 seconds.

chan =

    50

Elapsed time is 231.711496 seconds.

chan =

    51

Elapsed time is 230.364704 seconds.

chan =

    52

Elapsed time is 229.587258 seconds.

chan =

    53

Elapsed time is 229.128768 seconds.

chan =

    54

Elapsed time is 242.726411 seconds.

chan =

    55

Elapsed time is 232.721033 seconds.

chan =

    56

Elapsed time is 231.009518 seconds.

chan =

    57

Elapsed time is 236.496744 seconds.

chan =

    58

Elapsed time is 243.805612 seconds.

chan =

    59

Elapsed time is 245.195546 seconds.

chan =

    60

Elapsed time is 246.397195 seconds.

chan =

    61

Elapsed time is 244.244313 seconds.

chan =

    62

Elapsed time is 243.693400 seconds.

chan =

    63

Elapsed time is 244.733336 seconds.

chan =

    64

Elapsed time is 245.341878 seconds.

chan =

    65

Elapsed time is 244.592304 seconds.

chan =

    66

Elapsed time is 244.631437 seconds.

chan =

    67

Elapsed time is 244.543773 seconds.

chan =

    68

Elapsed time is 246.136125 seconds.

chan =

    69

Elapsed time is 244.985350 seconds.

chan =

    70

Elapsed time is 245.594163 seconds.

chan =

    71

Elapsed time is 247.152827 seconds.

chan =

    72

Elapsed time is 247.367164 seconds.

chan =

    73

Elapsed time is 235.728695 seconds.

chan =

    74

Elapsed time is 234.639315 seconds.

chan =

    75

Elapsed time is 236.800190 seconds.

chan =

    76

Elapsed time is 240.669532 seconds.

chan =

    77

Elapsed time is 236.647851 seconds.

chan =

    78

Elapsed time is 233.381931 seconds.

chan =

    79

Elapsed time is 261.554634 seconds.

chan =

    80

Elapsed time is 352.592060 seconds.

chan =

    81

Elapsed time is 346.253364 seconds.

chan =

    82

Elapsed time is 347.118420 seconds.

chan =

    83

Elapsed time is 347.754024 seconds.

chan =

    84

Elapsed time is 337.236463 seconds.

chan =

    85

Elapsed time is 344.694168 seconds.

chan =

    86

Elapsed time is 332.504511 seconds.

chan =

    87

Elapsed time is 334.453974 seconds.

chan =

    88

Elapsed time is 345.709256 seconds.

chan =

    89

Elapsed time is 335.359554 seconds.

chan =

    90

Elapsed time is 336.411941 seconds.

chan =

    91

Elapsed time is 335.443818 seconds.

chan =

    92

Elapsed time is 336.891284 seconds.

chan =

    93

Elapsed time is 336.651380 seconds.

chan =

    94

Elapsed time is 329.190804 seconds.

chan =

    95

Elapsed time is 327.388591 seconds.

chan =

    96

Elapsed time is 343.551970 seconds.

chan =

    97

Elapsed time is 335.293105 seconds.

chan =

    98

Elapsed time is 345.002267 seconds.

chan =

    99

Elapsed time is 335.968135 seconds.

chan =

   100

Elapsed time is 334.970306 seconds.

chan =

   101

Elapsed time is 241.827482 seconds.

chan =

   102

Elapsed time is 247.250599 seconds.

chan =

   103

Elapsed time is 260.955221 seconds.

chan =

   104

Elapsed time is 245.904042 seconds.

chan =

   105

Elapsed time is 237.290002 seconds.

chan =

   106

Elapsed time is 266.585840 seconds.

chan =

   107

Elapsed time is 264.070030 seconds.

chan =

   108

Elapsed time is 244.245287 seconds.

chan =

   109

Elapsed time is 226.519390 seconds.

