getting started: 3026
attempting file: 3026
going for OH30 125
data loaded: OH30 125
HFB already done

chan =

     1

Elapsed time is 557.719916 seconds.

chan =

     2

Elapsed time is 545.352200 seconds.

chan =

     3

Elapsed time is 570.661505 seconds.

chan =

     4

Elapsed time is 573.782840 seconds.

chan =

     5

Elapsed time is 568.537647 seconds.

chan =

     6

Elapsed time is 551.522438 seconds.

chan =

     7

Elapsed time is 602.349962 seconds.

chan =

     8

Elapsed time is 647.229991 seconds.

chan =

     9

Elapsed time is 643.823578 seconds.

chan =

    10

Elapsed time is 642.585965 seconds.

chan =

    11

Elapsed time is 643.317631 seconds.

chan =

    12

Elapsed time is 643.442524 seconds.

chan =

    13

Elapsed time is 642.866245 seconds.

chan =

    14

Elapsed time is 645.399612 seconds.

chan =

    15

Elapsed time is 643.879001 seconds.

chan =

    16

Elapsed time is 648.114126 seconds.

chan =

    17

Elapsed time is 644.937263 seconds.

chan =

    18

Elapsed time is 646.102127 seconds.

chan =

    19

Elapsed time is 646.178008 seconds.

chan =

    20

Elapsed time is 647.605704 seconds.

chan =

    21

Elapsed time is 641.375864 seconds.

chan =

    22

Elapsed time is 640.995958 seconds.

chan =

    23

Elapsed time is 648.406659 seconds.

chan =

    24

Elapsed time is 643.639890 seconds.

chan =

    25

Elapsed time is 651.960388 seconds.

chan =

    26

Elapsed time is 646.822138 seconds.

chan =

    27

Elapsed time is 641.331319 seconds.

chan =

    28

Elapsed time is 641.211654 seconds.

chan =

    29

Elapsed time is 635.513372 seconds.

chan =

    30

Elapsed time is 626.029703 seconds.

chan =

    31

Elapsed time is 621.956583 seconds.

chan =

    32

Elapsed time is 628.844770 seconds.

chan =

    33

Elapsed time is 622.463532 seconds.

chan =

    34

Elapsed time is 620.351427 seconds.

chan =

    35

Elapsed time is 623.607844 seconds.

chan =

    36

Elapsed time is 625.725534 seconds.

chan =

    37

Elapsed time is 624.600191 seconds.

chan =

    38

Elapsed time is 616.172454 seconds.

chan =

    39

Elapsed time is 617.460934 seconds.

chan =

    40

Elapsed time is 618.119504 seconds.

chan =

    41

Elapsed time is 621.938783 seconds.

chan =

    42

Elapsed time is 620.209714 seconds.

chan =

    43

Elapsed time is 619.264959 seconds.

chan =

    44

Elapsed time is 624.251712 seconds.

chan =

    45

Elapsed time is 619.963715 seconds.

chan =

    46

Elapsed time is 618.843030 seconds.

chan =

    47

Elapsed time is 618.407120 seconds.

chan =

    48

Elapsed time is 621.447516 seconds.

chan =

    49

Elapsed time is 626.629328 seconds.

chan =

    50

Elapsed time is 620.229405 seconds.

chan =

    51

Elapsed time is 559.165739 seconds.

chan =

    52

Elapsed time is 512.479942 seconds.

chan =

    53

Elapsed time is 523.709934 seconds.

chan =

    54

Elapsed time is 528.132122 seconds.

chan =

    55

Elapsed time is 529.772907 seconds.

chan =

    56

Elapsed time is 530.123307 seconds.

chan =

    57

Elapsed time is 534.059631 seconds.

chan =

    58

Elapsed time is 533.133958 seconds.

chan =

    59

Elapsed time is 511.349058 seconds.

chan =

    60

Elapsed time is 511.412567 seconds.

chan =

    61

Elapsed time is 512.698973 seconds.

chan =

    62

Elapsed time is 511.834750 seconds.

chan =

    63

Elapsed time is 509.247258 seconds.

chan =

    64

Elapsed time is 510.679422 seconds.

chan =

    65

Elapsed time is 513.133878 seconds.

chan =

    66

Elapsed time is 510.584126 seconds.

chan =

    67

Elapsed time is 511.085656 seconds.

chan =

    68

Elapsed time is 512.255596 seconds.

chan =

    69

Elapsed time is 513.818020 seconds.

chan =

    70

Elapsed time is 511.989829 seconds.

chan =

    71

Elapsed time is 512.240271 seconds.

chan =

    72

Elapsed time is 512.167679 seconds.

chan =

    73

Elapsed time is 516.813124 seconds.

chan =

    74

Elapsed time is 520.380422 seconds.

chan =

    75

Elapsed time is 516.578013 seconds.

chan =

    76

Elapsed time is 510.540113 seconds.

chan =

    77

Elapsed time is 509.764618 seconds.

chan =

    78

Elapsed time is 494.938072 seconds.

chan =

    79

Elapsed time is 474.067559 seconds.

chan =

    80

Elapsed time is 475.831481 seconds.

chan =

    81

Elapsed time is 475.754232 seconds.

chan =

    82

Elapsed time is 476.736549 seconds.

chan =

    83

Elapsed time is 477.228203 seconds.

chan =

    84

Elapsed time is 477.544071 seconds.

chan =

    85

Elapsed time is 471.793571 seconds.

chan =

    86

Elapsed time is 473.487846 seconds.

chan =

    87

Elapsed time is 473.227491 seconds.

chan =

    88

Elapsed time is 477.069726 seconds.

chan =

    89

Elapsed time is 475.624892 seconds.

chan =

    90

Elapsed time is 478.360530 seconds.

chan =

    91

Elapsed time is 476.730538 seconds.

chan =

    92

Elapsed time is 477.262162 seconds.

chan =

    93

Elapsed time is 475.648746 seconds.

chan =

    94

Elapsed time is 475.431225 seconds.

chan =

    95

Elapsed time is 478.915083 seconds.

chan =

    96

Elapsed time is 476.818427 seconds.

chan =

    97

Elapsed time is 477.590951 seconds.

chan =

    98

Elapsed time is 479.557207 seconds.

chan =

    99

Elapsed time is 478.285127 seconds.

chan =

   100

Elapsed time is 476.539495 seconds.

chan =

   101

Elapsed time is 476.412517 seconds.

chan =

   102

Elapsed time is 477.397335 seconds.

chan =

   103

Elapsed time is 477.998490 seconds.

chan =

   104

Elapsed time is 477.238262 seconds.

chan =

   105

Elapsed time is 476.452916 seconds.

chan =

   106

Elapsed time is 476.830412 seconds.

chan =

   107

Elapsed time is 476.080341 seconds.

chan =

   108

Elapsed time is 474.086485 seconds.

chan =

   109

Elapsed time is 472.296259 seconds.

chan =

   110

Elapsed time is 473.203179 seconds.

chan =

   111

Elapsed time is 475.382686 seconds.

chan =

   112

Elapsed time is 478.140562 seconds.

chan =

   113

Elapsed time is 477.118635 seconds.

chan =

   114

Elapsed time is 475.592658 seconds.

chan =

   115

Elapsed time is 473.592023 seconds.

chan =

   116

Elapsed time is 474.461304 seconds.

chan =

   117

Elapsed time is 471.522816 seconds.

chan =

   118

Elapsed time is 465.797070 seconds.

chan =

   119

Elapsed time is 471.542846 seconds.

chan =

   120

Elapsed time is 473.323298 seconds.

chan =

   121

Elapsed time is 471.995168 seconds.

chan =

   122

Elapsed time is 473.092967 seconds.

chan =

   123

Elapsed time is 472.098824 seconds.

chan =

   124

Elapsed time is 463.315042 seconds.

chan =

   125

