getting started: 3023
attempting file: 3023
going for OH30 122
data loaded: OH30 122
HFB already done

chan =

     1

Elapsed time is 563.789573 seconds.

chan =

     2

Elapsed time is 550.132826 seconds.

chan =

     3

Elapsed time is 575.866064 seconds.

chan =

     4

Elapsed time is 577.948838 seconds.

chan =

     5

Elapsed time is 574.132582 seconds.

chan =

     6

Elapsed time is 558.220287 seconds.

chan =

     7

Elapsed time is 617.628476 seconds.

chan =

     8

Elapsed time is 656.985586 seconds.

chan =

     9

Elapsed time is 653.049286 seconds.

chan =

    10

Elapsed time is 650.989539 seconds.

chan =

    11

Elapsed time is 652.808052 seconds.

chan =

    12

Elapsed time is 650.728251 seconds.

chan =

    13

Elapsed time is 651.660007 seconds.

chan =

    14

Elapsed time is 655.016396 seconds.

chan =

    15

Elapsed time is 653.494822 seconds.

chan =

    16

Elapsed time is 654.915578 seconds.

chan =

    17

Elapsed time is 651.400542 seconds.

chan =

    18

Elapsed time is 655.614568 seconds.

chan =

    19

Elapsed time is 655.897638 seconds.

chan =

    20

Elapsed time is 656.999550 seconds.

chan =

    21

Elapsed time is 650.394994 seconds.

chan =

    22

Elapsed time is 652.984186 seconds.

chan =

    23

Elapsed time is 656.144161 seconds.

chan =

    24

Elapsed time is 653.873691 seconds.

chan =

    25

Elapsed time is 660.648873 seconds.

chan =

    26

Elapsed time is 652.892498 seconds.

chan =

    27

Elapsed time is 648.758299 seconds.

chan =

    28

Elapsed time is 647.183929 seconds.

chan =

    29

Elapsed time is 637.772872 seconds.

chan =

    30

Elapsed time is 632.268161 seconds.

chan =

    31

Elapsed time is 632.356088 seconds.

chan =

    32

Elapsed time is 632.276780 seconds.

chan =

    33

Elapsed time is 630.668248 seconds.

chan =

    34

Elapsed time is 630.490147 seconds.

chan =

    35

Elapsed time is 633.005610 seconds.

chan =

    36

Elapsed time is 633.570251 seconds.

chan =

    37

Elapsed time is 626.242169 seconds.

chan =

    38

Elapsed time is 628.306760 seconds.

chan =

    39

Elapsed time is 623.572528 seconds.

chan =

    40

Elapsed time is 630.601170 seconds.

chan =

    41

Elapsed time is 629.021021 seconds.

chan =

    42

Elapsed time is 629.004188 seconds.

chan =

    43

Elapsed time is 627.655751 seconds.

chan =

    44

Elapsed time is 631.360356 seconds.

chan =

    45

Elapsed time is 627.260603 seconds.

chan =

    46

Elapsed time is 624.956828 seconds.

chan =

    47

Elapsed time is 629.312352 seconds.

chan =

    48

Elapsed time is 625.028042 seconds.

chan =

    49

Elapsed time is 630.112631 seconds.

chan =

    50

Elapsed time is 608.315870 seconds.

chan =

    51

Elapsed time is 520.338243 seconds.

chan =

    52

Elapsed time is 525.100219 seconds.

chan =

    53

Elapsed time is 533.752332 seconds.

chan =

    54

Elapsed time is 534.940992 seconds.

chan =

    55

Elapsed time is 537.256798 seconds.

chan =

    56

Elapsed time is 538.198181 seconds.

chan =

    57

Elapsed time is 541.094270 seconds.

chan =

    58

Elapsed time is 525.838018 seconds.

chan =

    59

Elapsed time is 519.597006 seconds.

chan =

    60

Elapsed time is 521.270371 seconds.

chan =

    61

Elapsed time is 518.517068 seconds.

chan =

    62

Elapsed time is 519.391854 seconds.

chan =

    63

Elapsed time is 514.964395 seconds.

chan =

    64

Elapsed time is 517.263398 seconds.

chan =

    65

Elapsed time is 518.061465 seconds.

chan =

    66

Elapsed time is 518.618495 seconds.

chan =

    67

Elapsed time is 514.862249 seconds.

chan =

    68

Elapsed time is 520.599222 seconds.

chan =

    69

Elapsed time is 520.175962 seconds.

chan =

    70

Elapsed time is 518.904876 seconds.

chan =

    71

Elapsed time is 518.462987 seconds.

chan =

    72

Elapsed time is 523.626733 seconds.

chan =

    73

Elapsed time is 525.372369 seconds.

chan =

    74

Elapsed time is 523.673933 seconds.

chan =

    75

Elapsed time is 514.510586 seconds.

chan =

    76

Elapsed time is 516.815084 seconds.

chan =

    77

Elapsed time is 500.770334 seconds.

chan =

    78

Elapsed time is 483.961372 seconds.

chan =

    79

Elapsed time is 478.235039 seconds.

chan =

    80

Elapsed time is 481.109918 seconds.

chan =

    81

Elapsed time is 480.303097 seconds.

chan =

    82

Elapsed time is 479.361393 seconds.

chan =

    83

Elapsed time is 481.438163 seconds.

chan =

    84

Elapsed time is 477.556605 seconds.

chan =

    85

Elapsed time is 479.721043 seconds.

chan =

    86

Elapsed time is 476.061940 seconds.

chan =

    87

Elapsed time is 480.095518 seconds.

chan =

    88

Elapsed time is 477.377949 seconds.

chan =

    89

Elapsed time is 482.776124 seconds.

chan =

    90

Elapsed time is 481.205035 seconds.

chan =

    91

Elapsed time is 481.390749 seconds.

chan =

    92

Elapsed time is 483.217086 seconds.

chan =

    93

Elapsed time is 479.879541 seconds.

chan =

    94

Elapsed time is 480.055396 seconds.

chan =

    95

Elapsed time is 480.075459 seconds.

chan =

    96

Elapsed time is 483.306878 seconds.

chan =

    97

Elapsed time is 480.037315 seconds.

chan =

    98

Elapsed time is 483.261867 seconds.

chan =

    99

Elapsed time is 480.053876 seconds.

chan =

   100

Elapsed time is 484.529261 seconds.

chan =

   101

Elapsed time is 481.098955 seconds.

chan =

   102

Elapsed time is 480.830917 seconds.

chan =

   103

Elapsed time is 480.287231 seconds.

chan =

   104

Elapsed time is 482.209996 seconds.

chan =

   105

Elapsed time is 478.896621 seconds.

chan =

   106

Elapsed time is 480.274087 seconds.

chan =

   107

Elapsed time is 480.119677 seconds.

chan =

   108

Elapsed time is 480.422204 seconds.

chan =

   109

Elapsed time is 477.316173 seconds.

chan =

   110

Elapsed time is 479.634765 seconds.

chan =

   111

Elapsed time is 479.553507 seconds.

chan =

   112

Elapsed time is 482.239703 seconds.

chan =

   113

Elapsed time is 482.104977 seconds.

chan =

   114

Elapsed time is 482.966354 seconds.

chan =

   115

Elapsed time is 477.929411 seconds.

chan =

   116

Elapsed time is 473.606902 seconds.

chan =

   117

Elapsed time is 475.738658 seconds.

chan =

   118

Elapsed time is 472.768036 seconds.

chan =

   119

Elapsed time is 480.477624 seconds.

chan =

   120

Elapsed time is 477.727492 seconds.

chan =

   121

Elapsed time is 475.974721 seconds.

chan =

   122

Elapsed time is 476.345011 seconds.

chan =

   123

