getting started: 3343
attempting file: 3343
going for SD5 92
data loaded: SD5 92
HFB already done

chan =

     1

Elapsed time is 301.715552 seconds.

chan =

     2

Elapsed time is 303.227826 seconds.

chan =

     3

Elapsed time is 303.160529 seconds.

chan =

     4

Elapsed time is 314.771967 seconds.

chan =

     5

Elapsed time is 301.095720 seconds.

chan =

     6

Elapsed time is 299.859527 seconds.

chan =

     7

Elapsed time is 293.660562 seconds.

chan =

     8

Elapsed time is 297.566755 seconds.

chan =

     9

Elapsed time is 299.784112 seconds.

chan =

    10

Elapsed time is 299.273480 seconds.

chan =

    11

Elapsed time is 298.434993 seconds.

chan =

    12

Elapsed time is 295.809239 seconds.

chan =

    13

Elapsed time is 291.428957 seconds.

chan =

    14

Elapsed time is 291.756186 seconds.

chan =

    15

Elapsed time is 293.224439 seconds.

chan =

    16

Elapsed time is 295.101236 seconds.

chan =

    17

Elapsed time is 289.230367 seconds.

chan =

    18

Elapsed time is 289.487357 seconds.

chan =

    19

Elapsed time is 282.684601 seconds.

chan =

    20

Elapsed time is 280.767990 seconds.

chan =

    21

Elapsed time is 283.645229 seconds.

chan =

    22

Elapsed time is 292.501813 seconds.

chan =

    23

Elapsed time is 296.143796 seconds.

chan =

    24

Elapsed time is 287.907298 seconds.

chan =

    25

Elapsed time is 284.961600 seconds.

chan =

    26

Elapsed time is 289.870964 seconds.

chan =

    27

Elapsed time is 284.239515 seconds.

chan =

    28

Elapsed time is 282.179080 seconds.

chan =

    29

Elapsed time is 273.315540 seconds.

chan =

    30

Elapsed time is 279.897262 seconds.

chan =

    31

Elapsed time is 279.771123 seconds.

chan =

    32

Elapsed time is 287.225597 seconds.

chan =

    33

Elapsed time is 281.754518 seconds.

chan =

    34

Elapsed time is 290.699139 seconds.

chan =

    35

Elapsed time is 286.193038 seconds.

chan =

    36

Elapsed time is 291.225698 seconds.

chan =

    37

Elapsed time is 281.836524 seconds.

chan =

    38

Elapsed time is 293.372832 seconds.

chan =

    39

Elapsed time is 282.430561 seconds.

chan =

    40

Elapsed time is 267.719904 seconds.

chan =

    41

Elapsed time is 276.075559 seconds.

chan =

    42

Elapsed time is 265.057504 seconds.

chan =

    43

Elapsed time is 264.918681 seconds.

chan =

    44

Elapsed time is 265.704430 seconds.

chan =

    45

Elapsed time is 261.677536 seconds.

chan =

    46

Elapsed time is 270.183557 seconds.

chan =

    47

Elapsed time is 276.048699 seconds.

chan =

    48

Elapsed time is 285.279080 seconds.

chan =

    49

Elapsed time is 279.572686 seconds.

chan =

    50

Elapsed time is 274.307218 seconds.

chan =

    51

Elapsed time is 263.534288 seconds.

chan =

    52

Elapsed time is 263.527201 seconds.

chan =

    53

Elapsed time is 257.308101 seconds.

chan =

    54

Elapsed time is 265.197851 seconds.

chan =

    55

Elapsed time is 260.092824 seconds.

chan =

    56

Elapsed time is 258.659549 seconds.

chan =

    57

Elapsed time is 263.235655 seconds.

chan =

    58

Elapsed time is 261.085842 seconds.

chan =

    59

Elapsed time is 264.207784 seconds.

chan =

    60

Elapsed time is 263.212588 seconds.

chan =

    61

Elapsed time is 264.196904 seconds.

chan =

    62

Elapsed time is 262.742222 seconds.

chan =

    63

Elapsed time is 264.171172 seconds.

chan =

    64

Elapsed time is 264.345281 seconds.

chan =

    65

Elapsed time is 259.250039 seconds.

chan =

    66

Elapsed time is 249.968558 seconds.

chan =

    67

Elapsed time is 240.831273 seconds.

chan =

    68

Elapsed time is 247.076528 seconds.

chan =

    69

Elapsed time is 249.896814 seconds.

chan =

    70

Elapsed time is 249.973284 seconds.

chan =

    71

Elapsed time is 248.369195 seconds.

chan =

    72

Elapsed time is 244.600767 seconds.

chan =

    73

Elapsed time is 242.819970 seconds.

chan =

    74

Elapsed time is 244.488935 seconds.

chan =

    75

Elapsed time is 246.700250 seconds.

chan =

    76

Elapsed time is 246.402623 seconds.

chan =

    77

Elapsed time is 245.979407 seconds.

chan =

    78

Elapsed time is 244.173401 seconds.

chan =

    79

Elapsed time is 247.757907 seconds.

chan =

    80

Elapsed time is 244.124356 seconds.

chan =

    81

Elapsed time is 247.685496 seconds.

chan =

    82

Elapsed time is 245.586973 seconds.

chan =

    83

Elapsed time is 249.381785 seconds.

chan =

    84

Elapsed time is 243.778120 seconds.

chan =

    85

Elapsed time is 239.751404 seconds.

chan =

    86

Elapsed time is 239.022188 seconds.

chan =

    87

Elapsed time is 235.592548 seconds.

chan =

    88

Elapsed time is 240.063064 seconds.

chan =

    89

Elapsed time is 237.807130 seconds.

chan =

    90

Elapsed time is 251.843931 seconds.

chan =

    91

Elapsed time is 270.687275 seconds.

chan =

    92

Elapsed time is 274.335731 seconds.

chan =

    93

Elapsed time is 259.002695 seconds.

chan =

    94

Elapsed time is 275.093380 seconds.

chan =

    95

Elapsed time is 274.877991 seconds.

chan =

    96

Elapsed time is 274.650361 seconds.

chan =

    97

Elapsed time is 272.625477 seconds.

chan =

    98

Elapsed time is 276.100416 seconds.

chan =

    99

Elapsed time is 275.841217 seconds.

chan =

   100

Elapsed time is 252.380348 seconds.

chan =

   101

Elapsed time is 272.973849 seconds.

chan =

   102

Elapsed time is 273.226355 seconds.

chan =

   103

Elapsed time is 275.691035 seconds.

chan =

   104

Elapsed time is 270.838881 seconds.

chan =

   105

Elapsed time is 267.165449 seconds.

chan =

   106

Elapsed time is 260.928816 seconds.

chan =

   107

Elapsed time is 234.117024 seconds.

chan =

   108

Elapsed time is 241.350377 seconds.

chan =

   109

Elapsed time is 299.730439 seconds.

