getting started: 3623
attempting file: 3623
going for SLCH010 29
data loaded: SLCH010 29
HFB already done

chan =

     1

Elapsed time is 586.558584 seconds.

chan =

     2

Elapsed time is 574.073858 seconds.

chan =

     3

Elapsed time is 573.869561 seconds.

chan =

     4

Elapsed time is 558.354735 seconds.

chan =

     5

Elapsed time is 536.495217 seconds.

chan =

     6

Elapsed time is 515.163934 seconds.

chan =

     7

Elapsed time is 501.729812 seconds.

chan =

     8

Elapsed time is 474.328772 seconds.

chan =

     9

Elapsed time is 434.862117 seconds.

chan =

    10

Elapsed time is 428.767220 seconds.

chan =

    11

Elapsed time is 457.718426 seconds.

chan =

    12

Elapsed time is 465.074125 seconds.

chan =

    13

Elapsed time is 483.020817 seconds.

chan =

    14

Elapsed time is 480.725597 seconds.

chan =

    15

Elapsed time is 472.731170 seconds.

chan =

    16

Elapsed time is 486.617624 seconds.

chan =

    17

Elapsed time is 478.341817 seconds.

chan =

    18

Elapsed time is 491.123179 seconds.

chan =

    19

Elapsed time is 505.042541 seconds.

chan =

    20

Elapsed time is 511.357194 seconds.

chan =

    21

Elapsed time is 472.591123 seconds.

chan =

    22

Elapsed time is 451.268638 seconds.

chan =

    23

Elapsed time is 487.867754 seconds.

chan =

    24

Elapsed time is 450.048801 seconds.

chan =

    25

Elapsed time is 434.384791 seconds.

chan =

    26

Elapsed time is 427.280965 seconds.

chan =

    27

Elapsed time is 420.679066 seconds.

chan =

    28

Elapsed time is 421.623912 seconds.

chan =

    29

Elapsed time is 421.694730 seconds.

chan =

    30

Elapsed time is 427.646129 seconds.

chan =

    31

Elapsed time is 420.565392 seconds.

chan =

    32

Elapsed time is 429.868941 seconds.

chan =

    33

Elapsed time is 432.904107 seconds.

chan =

    34

Elapsed time is 431.980543 seconds.

chan =

    35

Elapsed time is 431.316556 seconds.

chan =

    36

Elapsed time is 432.707986 seconds.

chan =

    37

Elapsed time is 430.866553 seconds.

chan =

    38

Elapsed time is 431.066997 seconds.

chan =

    39

Elapsed time is 430.540985 seconds.

chan =

    40

Elapsed time is 425.244064 seconds.

chan =

    41

Elapsed time is 421.696265 seconds.

chan =

    42

Elapsed time is 422.424309 seconds.

chan =

    43

Elapsed time is 423.124963 seconds.

chan =

    44

Elapsed time is 424.212959 seconds.

chan =

    45

Elapsed time is 422.892576 seconds.

chan =

    46

Elapsed time is 596.362959 seconds.

chan =

    47

Elapsed time is 649.778939 seconds.

chan =

    48

Elapsed time is 420.184527 seconds.

chan =

    49

Elapsed time is 420.658745 seconds.

chan =

    50

Elapsed time is 419.558244 seconds.

chan =

    51

Elapsed time is 420.307910 seconds.

chan =

    52

Elapsed time is 421.200115 seconds.

chan =

    53

Elapsed time is 418.850003 seconds.

chan =

    54

Elapsed time is 420.668072 seconds.

chan =

    55

Elapsed time is 419.404218 seconds.

chan =

    56

Elapsed time is 428.330357 seconds.

chan =

    57

Elapsed time is 414.197367 seconds.

chan =

    58

Elapsed time is 412.015753 seconds.

chan =

    59

Elapsed time is 416.731126 seconds.

chan =

    60

Elapsed time is 415.339610 seconds.

chan =

    61

Elapsed time is 415.108589 seconds.

chan =

    62

Elapsed time is 414.754520 seconds.

chan =

    63

Elapsed time is 415.264844 seconds.

chan =

    64

Elapsed time is 429.023582 seconds.

chan =

    65

Elapsed time is 428.755319 seconds.

chan =

    66

Elapsed time is 478.167367 seconds.

chan =

    67

Elapsed time is 479.297288 seconds.

chan =

    68

Elapsed time is 478.335975 seconds.

chan =

    69

Elapsed time is 476.956876 seconds.

chan =

    70

Elapsed time is 475.844800 seconds.

chan =

    71

Elapsed time is 420.017506 seconds.

chan =

    72

Elapsed time is 417.154329 seconds.

chan =

    73

Elapsed time is 415.645304 seconds.

chan =

    74

Elapsed time is 415.899845 seconds.

chan =

    75

Elapsed time is 415.318446 seconds.

chan =

    76

Elapsed time is 415.579084 seconds.

chan =

    77

Elapsed time is 415.033597 seconds.

chan =

    78

Elapsed time is 416.385821 seconds.

chan =

    79

Elapsed time is 415.758569 seconds.

chan =

    80

Elapsed time is 416.150329 seconds.

chan =

    81

Elapsed time is 416.367065 seconds.

chan =

    82

Elapsed time is 416.057456 seconds.

chan =

    83

Elapsed time is 426.134195 seconds.

chan =

    84

Elapsed time is 656.138952 seconds.

chan =

    85

Elapsed time is 596.188034 seconds.

chan =

    86

Elapsed time is 646.790365 seconds.

chan =

    87

Elapsed time is 680.830997 seconds.

chan =

    88

Elapsed time is 663.827555 seconds.

chan =

    89

Elapsed time is 669.597819 seconds.

chan =

    90

Elapsed time is 663.068796 seconds.

chan =

    91

Elapsed time is 673.369824 seconds.

chan =

    92

Elapsed time is 668.323126 seconds.

chan =

    93

Elapsed time is 669.743003 seconds.

chan =

    94

Elapsed time is 650.780116 seconds.

chan =

    95

Elapsed time is 636.739695 seconds.

chan =

    96

Elapsed time is 638.063166 seconds.

chan =

    97

Elapsed time is 635.440146 seconds.

chan =

    98

Elapsed time is 639.921156 seconds.

chan =

    99

Elapsed time is 639.220175 seconds.

chan =

   100

Elapsed time is 636.018310 seconds.

chan =

   101

Elapsed time is 630.992627 seconds.

chan =

   102

Elapsed time is 611.145921 seconds.

chan =

   103

Elapsed time is 617.554372 seconds.

chan =

   104

Elapsed time is 613.591341 seconds.

chan =

   105

Elapsed time is 610.561390 seconds.

chan =

   106

Elapsed time is 613.277609 seconds.

chan =

   107

Elapsed time is 612.379667 seconds.

chan =

   108

Elapsed time is 608.133660 seconds.

chan =

   109

Elapsed time is 409.103127 seconds.

chan =

   110

Elapsed time is 409.396839 seconds.

chan =

   111

Elapsed time is 408.549949 seconds.

chan =

   112

Elapsed time is 409.307081 seconds.

chan =

   113

Elapsed time is 408.361289 seconds.

chan =

   114

Elapsed time is 407.075853 seconds.
attempting saving
save success: /projects/p31578/dtf8829/QuestConnect/CHANDAT/chanDat_SLCH010_029.mat
working on TF
