getting started: 3324
attempting file: 3324
going for SD5 73
data loaded: SD5 73
HFB already done

chan =

     1

Elapsed time is 284.477264 seconds.

chan =

     2

Elapsed time is 298.133929 seconds.

chan =

     3

Elapsed time is 294.528284 seconds.

chan =

     4

Elapsed time is 284.338564 seconds.

chan =

     5

Elapsed time is 283.694553 seconds.

chan =

     6

Elapsed time is 283.764045 seconds.

chan =

     7

Elapsed time is 281.013314 seconds.

chan =

     8

Elapsed time is 269.214202 seconds.

chan =

     9

Elapsed time is 278.223608 seconds.

chan =

    10

Elapsed time is 279.659410 seconds.

chan =

    11

Elapsed time is 280.193003 seconds.

chan =

    12

Elapsed time is 276.158564 seconds.

chan =

    13

Elapsed time is 281.547151 seconds.

chan =

    14

Elapsed time is 278.159567 seconds.

chan =

    15

Elapsed time is 279.443085 seconds.

chan =

    16

Elapsed time is 272.678829 seconds.

chan =

    17

Elapsed time is 236.730311 seconds.

chan =

    18

Elapsed time is 275.115792 seconds.

chan =

    19

Elapsed time is 278.770728 seconds.

chan =

    20

Elapsed time is 276.490764 seconds.

chan =

    21

Elapsed time is 276.588709 seconds.

chan =

    22

Elapsed time is 281.519004 seconds.

chan =

    23

Elapsed time is 279.817636 seconds.

chan =

    24

Elapsed time is 273.454906 seconds.

chan =

    25

Elapsed time is 274.029804 seconds.

chan =

    26

Elapsed time is 268.640117 seconds.

chan =

    27

Elapsed time is 270.247602 seconds.

chan =

    28

Elapsed time is 269.887936 seconds.

chan =

    29

Elapsed time is 262.231395 seconds.

chan =

    30

Elapsed time is 271.210390 seconds.

chan =

    31

Elapsed time is 274.247129 seconds.

chan =

    32

Elapsed time is 274.226505 seconds.

chan =

    33

Elapsed time is 270.791660 seconds.

chan =

    34

Elapsed time is 273.037079 seconds.

chan =

    35

Elapsed time is 264.579537 seconds.

chan =

    36

Elapsed time is 272.731938 seconds.

chan =

    37

Elapsed time is 274.025154 seconds.

chan =

    38

Elapsed time is 267.707304 seconds.

chan =

    39

Elapsed time is 269.590136 seconds.

chan =

    40

Elapsed time is 269.514544 seconds.

chan =

    41

Elapsed time is 275.822148 seconds.

chan =

    42

Elapsed time is 268.101312 seconds.

chan =

    43

Elapsed time is 271.002997 seconds.

chan =

    44

Elapsed time is 267.188994 seconds.

chan =

    45

Elapsed time is 265.532925 seconds.

chan =

    46

Elapsed time is 273.945070 seconds.

chan =

    47

Elapsed time is 267.006061 seconds.

chan =

    48

Elapsed time is 266.910742 seconds.

chan =

    49

Elapsed time is 267.181329 seconds.

chan =

    50

Elapsed time is 268.391916 seconds.

chan =

    51

Elapsed time is 267.608009 seconds.

chan =

    52

Elapsed time is 267.185347 seconds.

chan =

    53

Elapsed time is 260.466325 seconds.

chan =

    54

Elapsed time is 259.715477 seconds.

chan =

    55

Elapsed time is 262.584657 seconds.

chan =

    56

Elapsed time is 263.293564 seconds.

chan =

    57

Elapsed time is 258.073108 seconds.

chan =

    58

Elapsed time is 261.114598 seconds.

chan =

    59

Elapsed time is 266.437245 seconds.

chan =

    60

Elapsed time is 265.098080 seconds.

chan =

    61

Elapsed time is 258.551681 seconds.

chan =

    62

Elapsed time is 261.226769 seconds.

chan =

    63

Elapsed time is 266.422870 seconds.

chan =

    64

Elapsed time is 261.763742 seconds.

chan =

    65

Elapsed time is 256.060661 seconds.

chan =

    66

Elapsed time is 266.508339 seconds.

chan =

    67

Elapsed time is 265.311441 seconds.

chan =

    68

Elapsed time is 267.479008 seconds.

chan =

    69

Elapsed time is 261.055361 seconds.

chan =

    70

Elapsed time is 258.404989 seconds.

chan =

    71

Elapsed time is 267.553665 seconds.

chan =

    72

Elapsed time is 265.993362 seconds.

chan =

    73

Elapsed time is 260.000193 seconds.

chan =

    74

Elapsed time is 267.789003 seconds.

chan =

    75

Elapsed time is 270.452898 seconds.

chan =

    76

Elapsed time is 268.647678 seconds.

chan =

    77

Elapsed time is 266.097811 seconds.

chan =

    78

Elapsed time is 261.723416 seconds.

chan =

    79

Elapsed time is 268.351686 seconds.

chan =

    80

Elapsed time is 269.151436 seconds.

chan =

    81

Elapsed time is 266.406335 seconds.

chan =

    82

Elapsed time is 262.554749 seconds.

chan =

    83

Elapsed time is 270.560111 seconds.

chan =

    84

Elapsed time is 273.657329 seconds.

chan =

    85

Elapsed time is 267.001178 seconds.

chan =

    86

Elapsed time is 257.315553 seconds.

chan =

    87

Elapsed time is 270.039057 seconds.

chan =

    88

Elapsed time is 266.001761 seconds.

chan =

    89

Elapsed time is 260.765512 seconds.

chan =

    90

Elapsed time is 262.575863 seconds.

chan =

    91

Elapsed time is 269.288227 seconds.

chan =

    92

Elapsed time is 264.664256 seconds.

chan =

    93

Elapsed time is 263.280136 seconds.

chan =

    94

Elapsed time is 265.206169 seconds.

chan =

    95

Elapsed time is 270.344993 seconds.

chan =

    96

Elapsed time is 269.732649 seconds.

chan =

    97

Elapsed time is 272.482805 seconds.

chan =

    98

Elapsed time is 260.219184 seconds.

chan =

    99

Elapsed time is 272.085017 seconds.

chan =

   100

Elapsed time is 270.448122 seconds.

chan =

   101

Elapsed time is 271.779290 seconds.

chan =

   102

Elapsed time is 263.300193 seconds.

chan =

   103

Elapsed time is 273.148153 seconds.

chan =

   104

Elapsed time is 269.066650 seconds.

chan =

   105

Elapsed time is 266.567343 seconds.

chan =

   106

Elapsed time is 267.805136 seconds.

chan =

   107

Elapsed time is 269.300917 seconds.

chan =

   108

Elapsed time is 264.974457 seconds.

chan =

   109

Elapsed time is 259.220277 seconds.

