getting started: 3675
attempting file: 3675
going for SLCH010 81
data loaded: SLCH010 81
HFB already done

chan =

     1

Elapsed time is 479.628803 seconds.

chan =

     2

Elapsed time is 477.075009 seconds.

chan =

     3

Elapsed time is 475.333511 seconds.

chan =

     4

Elapsed time is 468.741803 seconds.

chan =

     5

Elapsed time is 466.129212 seconds.

chan =

     6

Elapsed time is 461.902818 seconds.

chan =

     7

Elapsed time is 467.116583 seconds.

chan =

     8

Elapsed time is 464.779032 seconds.

chan =

     9

Elapsed time is 460.290680 seconds.

chan =

    10

Elapsed time is 468.860757 seconds.

chan =

    11

Elapsed time is 461.306876 seconds.

chan =

    12

Elapsed time is 462.964902 seconds.

chan =

    13

Elapsed time is 461.526974 seconds.

chan =

    14

Elapsed time is 457.724731 seconds.

chan =

    15

Elapsed time is 465.960623 seconds.

chan =

    16

Elapsed time is 467.631932 seconds.

chan =

    17

Elapsed time is 459.654885 seconds.

chan =

    18

Elapsed time is 455.282190 seconds.

chan =

    19

Elapsed time is 454.870991 seconds.

chan =

    20

Elapsed time is 455.211212 seconds.

chan =

    21

Elapsed time is 453.290489 seconds.

chan =

    22

Elapsed time is 461.207695 seconds.

chan =

    23

Elapsed time is 460.772014 seconds.

chan =

    24

Elapsed time is 453.667262 seconds.

chan =

    25

Elapsed time is 461.856429 seconds.

chan =

    26

Elapsed time is 456.002106 seconds.

chan =

    27

Elapsed time is 455.804799 seconds.

chan =

    28

Elapsed time is 450.585016 seconds.

chan =

    29

Elapsed time is 469.659401 seconds.

chan =

    30

Elapsed time is 546.223407 seconds.

chan =

    31

Elapsed time is 472.296673 seconds.

chan =

    32

Elapsed time is 432.422147 seconds.

chan =

    33

Elapsed time is 481.883043 seconds.

chan =

    34

Elapsed time is 508.257642 seconds.

chan =

    35

Elapsed time is 602.273181 seconds.

chan =

    36

Elapsed time is 595.944175 seconds.

chan =

    37

Elapsed time is 581.253207 seconds.

chan =

    38

Elapsed time is 593.281100 seconds.

chan =

    39

Elapsed time is 557.452165 seconds.

chan =

    40

Elapsed time is 557.813598 seconds.

chan =

    41

Elapsed time is 554.475106 seconds.

chan =

    42

Elapsed time is 545.363192 seconds.

chan =

    43

Elapsed time is 529.241713 seconds.

chan =

    44

Elapsed time is 506.063338 seconds.

chan =

    45

Elapsed time is 500.113357 seconds.

chan =

    46

Elapsed time is 456.536790 seconds.

chan =

    47

Elapsed time is 440.514460 seconds.

chan =

    48

Elapsed time is 428.973977 seconds.

chan =

    49

Elapsed time is 427.374619 seconds.

chan =

    50

Elapsed time is 434.414596 seconds.

chan =

    51

Elapsed time is 572.991281 seconds.

chan =

    52

Elapsed time is 599.298019 seconds.

chan =

    53

Elapsed time is 590.849146 seconds.

chan =

    54

Elapsed time is 594.078613 seconds.

chan =

    55

Elapsed time is 586.054773 seconds.

chan =

    56

Elapsed time is 543.356773 seconds.

chan =

    57

Elapsed time is 518.943267 seconds.

chan =

    58

Elapsed time is 509.321007 seconds.

chan =

    59

Elapsed time is 495.833910 seconds.

chan =

    60

Elapsed time is 477.213660 seconds.

chan =

    61

Elapsed time is 474.393531 seconds.

chan =

    62

Elapsed time is 472.022089 seconds.

chan =

    63

Elapsed time is 458.200445 seconds.

chan =

    64

Elapsed time is 436.057924 seconds.

chan =

    65

Elapsed time is 421.209823 seconds.

chan =

    66

Elapsed time is 430.241583 seconds.

chan =

    67

Elapsed time is 432.508553 seconds.

chan =

    68

Elapsed time is 438.564798 seconds.

chan =

    69

Elapsed time is 438.596314 seconds.

chan =

    70

Elapsed time is 433.909485 seconds.

chan =

    71

Elapsed time is 441.583691 seconds.

chan =

    72

Elapsed time is 435.812983 seconds.

chan =

    73

Elapsed time is 439.676731 seconds.

chan =

    74

Elapsed time is 436.013325 seconds.

chan =

    75

Elapsed time is 424.535477 seconds.

chan =

    76

Elapsed time is 423.117807 seconds.

chan =

    77

Elapsed time is 422.599199 seconds.

chan =

    78

Elapsed time is 429.585380 seconds.

chan =

    79

Elapsed time is 428.455150 seconds.

chan =

    80

Elapsed time is 433.161626 seconds.

chan =

    81

Elapsed time is 431.840276 seconds.

chan =

    82

Elapsed time is 468.512890 seconds.

chan =

    83

Elapsed time is 464.573884 seconds.

chan =

    84

Elapsed time is 476.296365 seconds.

chan =

    85

Elapsed time is 457.896934 seconds.

chan =

    86

Elapsed time is 429.948669 seconds.

chan =

    87

Elapsed time is 419.440067 seconds.

chan =

    88

Elapsed time is 511.679655 seconds.

chan =

    89

Elapsed time is 517.796289 seconds.

chan =

    90

Elapsed time is 408.597461 seconds.

chan =

    91

Elapsed time is 401.381749 seconds.

chan =

    92

Elapsed time is 401.670214 seconds.

chan =

    93

Elapsed time is 387.881063 seconds.

chan =

    94

Elapsed time is 394.315704 seconds.

chan =

    95

Elapsed time is 425.457407 seconds.

chan =

    96

Elapsed time is 425.717834 seconds.

chan =

    97

Elapsed time is 394.767906 seconds.

chan =

    98

Elapsed time is 423.463589 seconds.

chan =

    99

Elapsed time is 423.402811 seconds.

chan =

   100

Elapsed time is 394.965181 seconds.

chan =

   101

Elapsed time is 422.137660 seconds.

chan =

   102

Elapsed time is 425.112545 seconds.

chan =

   103

Elapsed time is 400.015760 seconds.

chan =

   104

Elapsed time is 507.935618 seconds.

chan =

   105

Elapsed time is 500.999842 seconds.

chan =

   106

Elapsed time is 500.565236 seconds.

chan =

   107

Elapsed time is 494.960140 seconds.

chan =

   108

Elapsed time is 495.190171 seconds.

chan =

   109

Elapsed time is 495.420759 seconds.

chan =

   110

Elapsed time is 501.279578 seconds.

chan =

   111

Elapsed time is 494.255185 seconds.

chan =

   112

Elapsed time is 488.775527 seconds.

chan =

   113

Elapsed time is 497.259598 seconds.

chan =

   114

Elapsed time is 499.719722 seconds.
attempting saving
save success: /projects/p31578/dtf8829/QuestConnect/CHANDAT/chanDat_SLCH010_081.mat
working on TF
encoding done
encoding RT done
