getting started: 3659
attempting file: 3659
going for SLCH010 65
data loaded: SLCH010 65
HFB already done

chan =

     1

Elapsed time is 567.649612 seconds.

chan =

     2

Elapsed time is 559.951621 seconds.

chan =

     3

Elapsed time is 573.607215 seconds.

chan =

     4

Elapsed time is 581.987822 seconds.

chan =

     5

Elapsed time is 561.146265 seconds.

chan =

     6

Elapsed time is 544.084345 seconds.

chan =

     7

Elapsed time is 570.442848 seconds.

chan =

     8

Elapsed time is 574.016524 seconds.

chan =

     9

Elapsed time is 566.582208 seconds.

chan =

    10

Elapsed time is 573.835744 seconds.

chan =

    11

Elapsed time is 558.415068 seconds.

chan =

    12

Elapsed time is 563.922293 seconds.

chan =

    13

Elapsed time is 565.878481 seconds.

chan =

    14

Elapsed time is 554.961162 seconds.

chan =

    15

Elapsed time is 562.972707 seconds.

chan =

    16

Elapsed time is 568.292582 seconds.

chan =

    17

Elapsed time is 559.825805 seconds.

chan =

    18

Elapsed time is 570.548094 seconds.

chan =

    19

Elapsed time is 561.982818 seconds.

chan =

    20

Elapsed time is 563.771048 seconds.

chan =

    21

Elapsed time is 568.967038 seconds.

chan =

    22

Elapsed time is 564.093376 seconds.

chan =

    23

Elapsed time is 565.756530 seconds.

chan =

    24

Elapsed time is 558.602653 seconds.

chan =

    25

Elapsed time is 564.178417 seconds.

chan =

    26

Elapsed time is 567.747682 seconds.

chan =

    27

Elapsed time is 556.602106 seconds.

chan =

    28

Elapsed time is 563.750687 seconds.

chan =

    29

Elapsed time is 556.093311 seconds.

chan =

    30

Elapsed time is 566.208787 seconds.

chan =

    31

Elapsed time is 565.382189 seconds.

chan =

    32

Elapsed time is 555.837132 seconds.

chan =

    33

Elapsed time is 563.657608 seconds.

chan =

    34

Elapsed time is 561.832351 seconds.

chan =

    35

Elapsed time is 560.749564 seconds.

chan =

    36

Elapsed time is 562.276232 seconds.

chan =

    37

Elapsed time is 553.950491 seconds.

chan =

    38

Elapsed time is 567.740480 seconds.

chan =

    39

Elapsed time is 554.577507 seconds.

chan =

    40

Elapsed time is 566.123560 seconds.

chan =

    41

Elapsed time is 563.668176 seconds.

chan =

    42

Elapsed time is 560.362754 seconds.

chan =

    43

Elapsed time is 560.442225 seconds.

chan =

    44

Elapsed time is 561.226388 seconds.

chan =

    45

Elapsed time is 563.240856 seconds.

chan =

    46

Elapsed time is 558.302395 seconds.

chan =

    47

Elapsed time is 558.851080 seconds.

chan =

    48

Elapsed time is 566.012696 seconds.

chan =

    49

Elapsed time is 561.320661 seconds.

chan =

    50

Elapsed time is 565.741494 seconds.

chan =

    51

Elapsed time is 554.430446 seconds.

chan =

    52

Elapsed time is 562.081321 seconds.

chan =

    53

Elapsed time is 552.530618 seconds.

chan =

    54

Elapsed time is 553.842635 seconds.

chan =

    55

Elapsed time is 550.128452 seconds.

chan =

    56

Elapsed time is 533.888652 seconds.

chan =

    57

Elapsed time is 550.206758 seconds.

chan =

    58

Elapsed time is 551.345013 seconds.

chan =

    59

Elapsed time is 524.382829 seconds.

chan =

    60

Elapsed time is 522.502716 seconds.

chan =

    61

Elapsed time is 516.828154 seconds.

chan =

    62

Elapsed time is 520.762496 seconds.

chan =

    63

Elapsed time is 509.636200 seconds.

chan =

    64

Elapsed time is 511.168044 seconds.

chan =

    65

Elapsed time is 508.534779 seconds.

chan =

    66

Elapsed time is 509.458729 seconds.

chan =

    67

Elapsed time is 508.151767 seconds.

chan =

    68

Elapsed time is 510.467715 seconds.

chan =

    69

Elapsed time is 508.882203 seconds.

chan =

    70

Elapsed time is 512.021620 seconds.

chan =

    71

Elapsed time is 508.996502 seconds.

chan =

    72

Elapsed time is 515.575027 seconds.

chan =

    73

Elapsed time is 508.388991 seconds.

chan =

    74

Elapsed time is 512.801985 seconds.

chan =

    75

Elapsed time is 509.915466 seconds.

chan =

    76

Elapsed time is 513.396953 seconds.

chan =

    77

Elapsed time is 484.886905 seconds.

chan =

    78

Elapsed time is 484.153444 seconds.

chan =

    79

Elapsed time is 479.508970 seconds.

chan =

    80

Elapsed time is 482.454669 seconds.

chan =

    81

Elapsed time is 480.002354 seconds.

chan =

    82

Elapsed time is 478.731039 seconds.

chan =

    83

Elapsed time is 472.185100 seconds.

chan =

    84

Elapsed time is 477.301678 seconds.

chan =

    85

Elapsed time is 475.827795 seconds.

chan =

    86

Elapsed time is 475.787540 seconds.

chan =

    87

Elapsed time is 473.723653 seconds.

chan =

    88

Elapsed time is 474.947161 seconds.

chan =

    89

Elapsed time is 473.695441 seconds.

chan =

    90

Elapsed time is 473.024297 seconds.

chan =

    91

Elapsed time is 468.781793 seconds.

chan =

    92

Elapsed time is 473.919892 seconds.

chan =

    93

Elapsed time is 472.199045 seconds.

chan =

    94

Elapsed time is 476.527156 seconds.

chan =

    95

Elapsed time is 472.287478 seconds.

chan =

    96

Elapsed time is 474.232910 seconds.

chan =

    97

Elapsed time is 474.378325 seconds.

chan =

    98

Elapsed time is 479.463192 seconds.

chan =

    99

Elapsed time is 475.848078 seconds.

chan =

   100

Elapsed time is 474.789523 seconds.

chan =

   101

Elapsed time is 476.137758 seconds.

chan =

   102

Elapsed time is 478.836844 seconds.

chan =

   103

Elapsed time is 475.944781 seconds.

chan =

   104

Elapsed time is 478.295278 seconds.

chan =

   105

Elapsed time is 475.189238 seconds.

chan =

   106

Elapsed time is 474.775180 seconds.

chan =

   107

Elapsed time is 475.321093 seconds.

chan =

   108

Elapsed time is 477.352623 seconds.

chan =

   109

Elapsed time is 476.174247 seconds.

chan =

   110

Elapsed time is 478.856118 seconds.

chan =

   111

Elapsed time is 473.827395 seconds.

chan =

   112

Elapsed time is 480.609056 seconds.

chan =

   113

Elapsed time is 472.964377 seconds.

chan =

   114

Elapsed time is 433.345829 seconds.
attempting saving
save success: /projects/p31578/dtf8829/QuestConnect/CHANDAT/chanDat_SLCH010_065.mat
working on TF
