getting started: 3628
attempting file: 3628
going for SLCH010 34
data loaded: SLCH010 34
HFB already done

chan =

     1

Elapsed time is 552.388464 seconds.

chan =

     2

Elapsed time is 533.319619 seconds.

chan =

     3

Elapsed time is 531.784169 seconds.

chan =

     4

Elapsed time is 535.444741 seconds.

chan =

     5

Elapsed time is 527.147879 seconds.

chan =

     6

Elapsed time is 532.079063 seconds.

chan =

     7

Elapsed time is 534.571833 seconds.

chan =

     8

Elapsed time is 531.212243 seconds.

chan =

     9

Elapsed time is 530.495144 seconds.

chan =

    10

Elapsed time is 536.814984 seconds.

chan =

    11

Elapsed time is 528.264110 seconds.

chan =

    12

Elapsed time is 532.901796 seconds.

chan =

    13

Elapsed time is 529.984853 seconds.

chan =

    14

Elapsed time is 525.814592 seconds.

chan =

    15

Elapsed time is 532.371371 seconds.

chan =

    16

Elapsed time is 528.751550 seconds.

chan =

    17

Elapsed time is 528.532431 seconds.

chan =

    18

Elapsed time is 533.779492 seconds.

chan =

    19

Elapsed time is 525.870648 seconds.

chan =

    20

Elapsed time is 530.504493 seconds.

chan =

    21

Elapsed time is 522.793518 seconds.

chan =

    22

Elapsed time is 530.915199 seconds.

chan =

    23

Elapsed time is 526.057481 seconds.

chan =

    24

Elapsed time is 532.221602 seconds.

chan =

    25

Elapsed time is 527.740735 seconds.

chan =

    26

Elapsed time is 532.255532 seconds.

chan =

    27

Elapsed time is 525.041864 seconds.

chan =

    28

Elapsed time is 528.441636 seconds.

chan =

    29

Elapsed time is 528.513364 seconds.

chan =

    30

Elapsed time is 529.032313 seconds.

chan =

    31

Elapsed time is 529.646540 seconds.

chan =

    32

Elapsed time is 531.875572 seconds.

chan =

    33

Elapsed time is 533.281660 seconds.

chan =

    34

Elapsed time is 532.342240 seconds.

chan =

    35

Elapsed time is 530.933035 seconds.

chan =

    36

Elapsed time is 532.751693 seconds.

chan =

    37

Elapsed time is 532.146460 seconds.

chan =

    38

Elapsed time is 534.600735 seconds.

chan =

    39

Elapsed time is 533.009790 seconds.

chan =

    40

Elapsed time is 534.566723 seconds.

chan =

    41

Elapsed time is 532.848218 seconds.

chan =

    42

Elapsed time is 534.572300 seconds.

chan =

    43

Elapsed time is 534.467721 seconds.

chan =

    44

Elapsed time is 537.592997 seconds.

chan =

    45

Elapsed time is 538.311445 seconds.

chan =

    46

Elapsed time is 542.670616 seconds.

chan =

    47

Elapsed time is 546.809926 seconds.

chan =

    48

Elapsed time is 535.999235 seconds.

chan =

    49

Elapsed time is 535.674115 seconds.

chan =

    50

Elapsed time is 531.887864 seconds.

chan =

    51

Elapsed time is 537.690390 seconds.

chan =

    52

Elapsed time is 531.773205 seconds.

chan =

    53

Elapsed time is 525.407101 seconds.

chan =

    54

Elapsed time is 534.962612 seconds.

chan =

    55

Elapsed time is 534.735357 seconds.

chan =

    56

Elapsed time is 534.083925 seconds.

chan =

    57

Elapsed time is 529.932552 seconds.

chan =

    58

Elapsed time is 533.047316 seconds.

chan =

    59

Elapsed time is 539.819246 seconds.

chan =

    60

Elapsed time is 533.943152 seconds.

chan =

    61

Elapsed time is 529.627698 seconds.

chan =

    62

Elapsed time is 538.008306 seconds.

chan =

    63

Elapsed time is 541.257128 seconds.

chan =

    64

Elapsed time is 534.485577 seconds.

chan =

    65

Elapsed time is 531.526083 seconds.

chan =

    66

Elapsed time is 540.703666 seconds.

chan =

    67

Elapsed time is 537.449347 seconds.

chan =

    68

Elapsed time is 532.514394 seconds.

chan =

    69

Elapsed time is 537.367217 seconds.

chan =

    70

Elapsed time is 538.298767 seconds.

chan =

    71

Elapsed time is 529.201800 seconds.

chan =

    72

Elapsed time is 534.071645 seconds.

chan =

    73

Elapsed time is 531.790849 seconds.

chan =

    74

Elapsed time is 523.945859 seconds.

chan =

    75

Elapsed time is 529.997182 seconds.

chan =

    76

Elapsed time is 529.449220 seconds.

chan =

    77

Elapsed time is 523.683714 seconds.

chan =

    78

Elapsed time is 532.134550 seconds.

chan =

    79

Elapsed time is 527.760951 seconds.

chan =

    80

Elapsed time is 525.484711 seconds.

chan =

    81

Elapsed time is 534.078925 seconds.

chan =

    82

Elapsed time is 524.939366 seconds.

chan =

    83

Elapsed time is 533.994125 seconds.

chan =

    84

Elapsed time is 528.191549 seconds.

chan =

    85

Elapsed time is 532.640910 seconds.

chan =

    86

Elapsed time is 527.637809 seconds.

chan =

    87

Elapsed time is 531.285950 seconds.

chan =

    88

Elapsed time is 524.845396 seconds.

chan =

    89

Elapsed time is 538.097023 seconds.

chan =

    90

Elapsed time is 531.815281 seconds.

chan =

    91

Elapsed time is 531.732146 seconds.

chan =

    92

Elapsed time is 536.748840 seconds.

chan =

    93

Elapsed time is 531.701575 seconds.

chan =

    94

Elapsed time is 533.867562 seconds.

chan =

    95

Elapsed time is 533.798417 seconds.

chan =

    96

Elapsed time is 531.318441 seconds.

chan =

    97

Elapsed time is 531.674662 seconds.

chan =

    98

Elapsed time is 536.155160 seconds.

chan =

    99

Elapsed time is 536.132295 seconds.

chan =

   100

Elapsed time is 531.915523 seconds.

chan =

   101

Elapsed time is 536.255657 seconds.

chan =

   102

Elapsed time is 537.717684 seconds.

chan =

   103

Elapsed time is 539.070559 seconds.

chan =

   104

Elapsed time is 538.631380 seconds.

chan =

   105

Elapsed time is 540.383621 seconds.

chan =

   106

Elapsed time is 541.293819 seconds.

chan =

   107

Elapsed time is 544.268608 seconds.

chan =

   108

Elapsed time is 544.913315 seconds.

chan =

   109

Elapsed time is 551.973442 seconds.

chan =

   110

Elapsed time is 503.250288 seconds.

chan =

   111

Elapsed time is 530.867353 seconds.

chan =

   112

Elapsed time is 531.787681 seconds.

chan =

   113

Elapsed time is 532.674459 seconds.

chan =

   114

Elapsed time is 530.226996 seconds.
attempting saving
save success: /projects/p31578/dtf8829/QuestConnect/CHANDAT/chanDat_SLCH010_034.mat
working on TF
