getting started: 3334
attempting file: 3334
going for SD5 83
data loaded: SD5 83
HFB already done

chan =

     1

Elapsed time is 300.566788 seconds.

chan =

     2

Elapsed time is 302.924801 seconds.

chan =

     3

Elapsed time is 302.495111 seconds.

chan =

     4

Elapsed time is 316.658059 seconds.

chan =

     5

Elapsed time is 299.015349 seconds.

chan =

     6

Elapsed time is 297.661596 seconds.

chan =

     7

Elapsed time is 292.070173 seconds.

chan =

     8

Elapsed time is 293.688143 seconds.

chan =

     9

Elapsed time is 298.049221 seconds.

chan =

    10

Elapsed time is 296.667592 seconds.

chan =

    11

Elapsed time is 297.886961 seconds.

chan =

    12

Elapsed time is 290.879986 seconds.

chan =

    13

Elapsed time is 290.850734 seconds.

chan =

    14

Elapsed time is 288.956459 seconds.

chan =

    15

Elapsed time is 288.913660 seconds.

chan =

    16

Elapsed time is 292.734122 seconds.

chan =

    17

Elapsed time is 289.747623 seconds.

chan =

    18

Elapsed time is 284.571572 seconds.

chan =

    19

Elapsed time is 281.717001 seconds.

chan =

    20

Elapsed time is 275.777486 seconds.

chan =

    21

Elapsed time is 282.821849 seconds.

chan =

    22

Elapsed time is 286.709096 seconds.

chan =

    23

Elapsed time is 295.068980 seconds.

chan =

    24

Elapsed time is 287.913979 seconds.

chan =

    25

Elapsed time is 281.305993 seconds.

chan =

    26

Elapsed time is 286.059723 seconds.

chan =

    27

Elapsed time is 285.570018 seconds.

chan =

    28

Elapsed time is 278.171099 seconds.

chan =

    29

Elapsed time is 273.561163 seconds.

chan =

    30

Elapsed time is 277.059953 seconds.

chan =

    31

Elapsed time is 274.602955 seconds.

chan =

    32

Elapsed time is 287.666837 seconds.

chan =

    33

Elapsed time is 276.338003 seconds.

chan =

    34

Elapsed time is 287.066587 seconds.

chan =

    35

Elapsed time is 285.859285 seconds.

chan =

    36

Elapsed time is 288.886555 seconds.

chan =

    37

Elapsed time is 276.698869 seconds.

chan =

    38

Elapsed time is 290.664796 seconds.

chan =

    39

Elapsed time is 280.928167 seconds.

chan =

    40

Elapsed time is 269.086743 seconds.

chan =

    41

Elapsed time is 275.297169 seconds.

chan =

    42

Elapsed time is 259.520042 seconds.

chan =

    43

Elapsed time is 261.678890 seconds.

chan =

    44

Elapsed time is 266.121785 seconds.

chan =

    45

Elapsed time is 259.710021 seconds.

chan =

    46

Elapsed time is 262.606572 seconds.

chan =

    47

Elapsed time is 269.524256 seconds.

chan =

    48

Elapsed time is 280.197381 seconds.

chan =

    49

Elapsed time is 284.015375 seconds.

chan =

    50

Elapsed time is 270.730129 seconds.

chan =

    51

Elapsed time is 264.175667 seconds.

chan =

    52

Elapsed time is 260.764607 seconds.

chan =

    53

Elapsed time is 257.579083 seconds.

chan =

    54

Elapsed time is 258.463156 seconds.

chan =

    55

Elapsed time is 259.577241 seconds.

chan =

    56

Elapsed time is 256.443832 seconds.

chan =

    57

Elapsed time is 261.714478 seconds.

chan =

    58

Elapsed time is 261.665394 seconds.

chan =

    59

Elapsed time is 260.999864 seconds.

chan =

    60

Elapsed time is 261.521991 seconds.

chan =

    61

Elapsed time is 262.664727 seconds.

chan =

    62

Elapsed time is 260.847153 seconds.

chan =

    63

Elapsed time is 261.605081 seconds.

chan =

    64

Elapsed time is 263.979718 seconds.

chan =

    65

Elapsed time is 259.549710 seconds.

chan =

    66

Elapsed time is 251.120008 seconds.

chan =

    67

Elapsed time is 242.987360 seconds.

chan =

    68

Elapsed time is 240.077454 seconds.

chan =

    69

Elapsed time is 246.604649 seconds.

chan =

    70

Elapsed time is 247.184421 seconds.

chan =

    71

Elapsed time is 247.357827 seconds.

chan =

    72

Elapsed time is 244.908266 seconds.

chan =

    73

Elapsed time is 242.332526 seconds.

chan =

    74

Elapsed time is 245.331181 seconds.

chan =

    75

Elapsed time is 243.971518 seconds.

chan =

    76

Elapsed time is 243.540006 seconds.

chan =

    77

Elapsed time is 246.501821 seconds.

chan =

    78

Elapsed time is 243.534835 seconds.

chan =

    79

Elapsed time is 246.015690 seconds.

chan =

    80

Elapsed time is 245.986274 seconds.

chan =

    81

Elapsed time is 245.690509 seconds.

chan =

    82

Elapsed time is 246.866838 seconds.

chan =

    83

Elapsed time is 245.012105 seconds.

chan =

    84

Elapsed time is 245.093194 seconds.

chan =

    85

Elapsed time is 240.758403 seconds.

chan =

    86

Elapsed time is 237.555351 seconds.

chan =

    87

Elapsed time is 237.546239 seconds.

chan =

    88

Elapsed time is 234.594717 seconds.

chan =

    89

Elapsed time is 238.656657 seconds.

chan =

    90

Elapsed time is 236.922981 seconds.

chan =

    91

Elapsed time is 261.296905 seconds.

chan =

    92

Elapsed time is 269.216034 seconds.

chan =

    93

Elapsed time is 263.150023 seconds.

chan =

    94

Elapsed time is 264.705318 seconds.

chan =

    95

Elapsed time is 270.992887 seconds.

chan =

    96

Elapsed time is 272.612654 seconds.

chan =

    97

Elapsed time is 271.160650 seconds.

chan =

    98

Elapsed time is 270.501824 seconds.

chan =

    99

Elapsed time is 272.387325 seconds.

chan =

   100

Elapsed time is 272.879381 seconds.

chan =

   101

Elapsed time is 250.131394 seconds.

chan =

   102

Elapsed time is 270.117885 seconds.

chan =

   103

Elapsed time is 272.015948 seconds.

chan =

   104

Elapsed time is 272.839454 seconds.

chan =

   105

Elapsed time is 267.976247 seconds.

chan =

   106

Elapsed time is 266.345424 seconds.

chan =

   107

Elapsed time is 256.450081 seconds.

chan =

   108

Elapsed time is 232.525567 seconds.

chan =

   109

Elapsed time is 252.469371 seconds.

