getting started: 3596
attempting file: 3596
going for SLCH010 2
data loaded: SLCH010 2
HFB already done

chan =

     1

Elapsed time is 537.725050 seconds.

chan =

     2

Elapsed time is 529.731241 seconds.

chan =

     3

Elapsed time is 535.550979 seconds.

chan =

     4

Elapsed time is 531.772534 seconds.

chan =

     5

Elapsed time is 526.152206 seconds.

chan =

     6

Elapsed time is 520.927171 seconds.

chan =

     7

Elapsed time is 521.216636 seconds.

chan =

     8

Elapsed time is 512.134737 seconds.

chan =

     9

Elapsed time is 516.458935 seconds.

chan =

    10

Elapsed time is 515.519868 seconds.

chan =

    11

Elapsed time is 516.277322 seconds.

chan =

    12

Elapsed time is 540.335468 seconds.

chan =

    13

Elapsed time is 546.124555 seconds.

chan =

    14

Elapsed time is 532.291640 seconds.

chan =

    15

Elapsed time is 554.119207 seconds.

chan =

    16

Elapsed time is 553.443576 seconds.

chan =

    17

Elapsed time is 552.702368 seconds.

chan =

    18

Elapsed time is 543.688253 seconds.

chan =

    19

Elapsed time is 553.436893 seconds.

chan =

    20

Elapsed time is 544.517525 seconds.

chan =

    21

Elapsed time is 548.239107 seconds.

chan =

    22

Elapsed time is 545.824406 seconds.

chan =

    23

Elapsed time is 537.814433 seconds.

chan =

    24

Elapsed time is 532.312147 seconds.

chan =

    25

Elapsed time is 530.740679 seconds.

chan =

    26

Elapsed time is 524.647159 seconds.

chan =

    27

Elapsed time is 518.186417 seconds.

chan =

    28

Elapsed time is 513.155013 seconds.

chan =

    29

Elapsed time is 517.451106 seconds.

chan =

    30

Elapsed time is 481.246314 seconds.

chan =

    31

Elapsed time is 510.453028 seconds.

chan =

    32

Elapsed time is 501.800248 seconds.

chan =

    33

Elapsed time is 477.403928 seconds.

chan =

    34

Elapsed time is 493.340321 seconds.

chan =

    35

Elapsed time is 482.393396 seconds.

chan =

    36

Elapsed time is 481.284159 seconds.

chan =

    37

Elapsed time is 494.523127 seconds.

chan =

    38

Elapsed time is 482.037329 seconds.

chan =

    39

Elapsed time is 491.811014 seconds.

chan =

    40

Elapsed time is 491.853062 seconds.

chan =

    41

Elapsed time is 465.515053 seconds.

chan =

    42

Elapsed time is 493.366048 seconds.

chan =

    43

Elapsed time is 473.511863 seconds.

chan =

    44

Elapsed time is 410.236957 seconds.

chan =

    45

Elapsed time is 473.086099 seconds.

chan =

    46

Elapsed time is 470.269772 seconds.

chan =

    47

Elapsed time is 441.710653 seconds.

chan =

    48

Elapsed time is 469.107231 seconds.

chan =

    49

Elapsed time is 475.419636 seconds.

chan =

    50

Elapsed time is 414.479739 seconds.

chan =

    51

Elapsed time is 399.347543 seconds.

chan =

    52

Elapsed time is 394.922576 seconds.

chan =

    53

Elapsed time is 385.088026 seconds.

chan =

    54

Elapsed time is 448.512635 seconds.

chan =

    55

Elapsed time is 457.021849 seconds.

chan =

    56

Elapsed time is 431.992055 seconds.

chan =

    57

Elapsed time is 458.804059 seconds.

chan =

    58

Elapsed time is 455.216222 seconds.

chan =

    59

Elapsed time is 422.353458 seconds.

chan =

    60

Elapsed time is 395.154158 seconds.

chan =

    61

Elapsed time is 399.895938 seconds.

chan =

    62

Elapsed time is 420.407042 seconds.

chan =

    63

Elapsed time is 423.190164 seconds.

chan =

    64

Elapsed time is 418.254098 seconds.

chan =

    65

Elapsed time is 419.424169 seconds.

chan =

    66

Elapsed time is 412.388103 seconds.

chan =

    67

Elapsed time is 417.907135 seconds.

chan =

    68

Elapsed time is 385.545455 seconds.

chan =

    69

Elapsed time is 384.669044 seconds.

chan =

    70

Elapsed time is 392.162476 seconds.

chan =

    71

Elapsed time is 388.034121 seconds.

chan =

    72

Elapsed time is 383.014900 seconds.

chan =

    73

Elapsed time is 380.377570 seconds.

chan =

    74

Elapsed time is 376.801763 seconds.

chan =

    75

Elapsed time is 371.147715 seconds.

chan =

    76

Elapsed time is 719.527812 seconds.

chan =

    77

Elapsed time is 837.883231 seconds.

chan =

    78

Elapsed time is 838.393674 seconds.

chan =

    79

Elapsed time is 845.645352 seconds.

chan =

    80

Elapsed time is 836.164734 seconds.

chan =

    81

Elapsed time is 524.693154 seconds.

chan =

    82

Elapsed time is 434.387251 seconds.

chan =

    83

Elapsed time is 436.589666 seconds.

chan =

    84

Elapsed time is 436.081108 seconds.

chan =

    85

Elapsed time is 440.287886 seconds.

chan =

    86

Elapsed time is 443.330013 seconds.

chan =

    87

Elapsed time is 417.056362 seconds.

chan =

    88

Elapsed time is 416.888236 seconds.

chan =

    89

Elapsed time is 425.267053 seconds.

chan =

    90

Elapsed time is 422.625439 seconds.

chan =

    91

Elapsed time is 402.317163 seconds.

chan =

    92

Elapsed time is 396.288336 seconds.

chan =

    93

Elapsed time is 391.468843 seconds.

chan =

    94

Elapsed time is 393.011751 seconds.

chan =

    95

Elapsed time is 394.454661 seconds.

chan =

    96

Elapsed time is 389.035807 seconds.

chan =

    97

Elapsed time is 389.286957 seconds.

chan =

    98

Elapsed time is 392.345952 seconds.

chan =

    99

Elapsed time is 389.306789 seconds.

chan =

   100

Elapsed time is 436.107660 seconds.

chan =

   101

Elapsed time is 750.867395 seconds.

chan =

   102

Elapsed time is 602.329717 seconds.

chan =

   103

Elapsed time is 393.422456 seconds.

chan =

   104

Elapsed time is 392.862592 seconds.

chan =

   105

Elapsed time is 378.716375 seconds.

chan =

   106

Elapsed time is 343.442481 seconds.

chan =

   107

Elapsed time is 342.741496 seconds.

chan =

   108

Elapsed time is 341.419179 seconds.

chan =

   109

Elapsed time is 344.177938 seconds.

chan =

   110

Elapsed time is 343.447316 seconds.

chan =

   111

Elapsed time is 343.997368 seconds.

chan =

   112

Elapsed time is 499.018467 seconds.

chan =

   113

Elapsed time is 637.106697 seconds.

chan =

   114

Elapsed time is 675.784135 seconds.
attempting saving
save success: /projects/p31578/dtf8829/QuestConnect/CHANDAT/chanDat_SLCH010_002.mat
working on TF
