getting started: 3661
attempting file: 3661
going for SLCH010 67
data loaded: SLCH010 67
HFB already done

chan =

     1

Elapsed time is 569.079544 seconds.

chan =

     2

Elapsed time is 562.342394 seconds.

chan =

     3

Elapsed time is 574.091559 seconds.

chan =

     4

Elapsed time is 581.086741 seconds.

chan =

     5

Elapsed time is 560.895204 seconds.

chan =

     6

Elapsed time is 544.151034 seconds.

chan =

     7

Elapsed time is 572.780281 seconds.

chan =

     8

Elapsed time is 574.244420 seconds.

chan =

     9

Elapsed time is 566.659359 seconds.

chan =

    10

Elapsed time is 573.700241 seconds.

chan =

    11

Elapsed time is 560.134896 seconds.

chan =

    12

Elapsed time is 564.538536 seconds.

chan =

    13

Elapsed time is 567.259078 seconds.

chan =

    14

Elapsed time is 557.085468 seconds.

chan =

    15

Elapsed time is 569.245623 seconds.

chan =

    16

Elapsed time is 571.628860 seconds.

chan =

    17

Elapsed time is 560.483815 seconds.

chan =

    18

Elapsed time is 569.489341 seconds.

chan =

    19

Elapsed time is 562.018711 seconds.

chan =

    20

Elapsed time is 564.502231 seconds.

chan =

    21

Elapsed time is 569.575407 seconds.

chan =

    22

Elapsed time is 563.498290 seconds.

chan =

    23

Elapsed time is 566.772125 seconds.

chan =

    24

Elapsed time is 558.613447 seconds.

chan =

    25

Elapsed time is 565.058273 seconds.

chan =

    26

Elapsed time is 566.716180 seconds.

chan =

    27

Elapsed time is 558.692713 seconds.

chan =

    28

Elapsed time is 562.557319 seconds.

chan =

    29

Elapsed time is 556.138724 seconds.

chan =

    30

Elapsed time is 565.084476 seconds.

chan =

    31

Elapsed time is 566.731555 seconds.

chan =

    32

Elapsed time is 554.964903 seconds.

chan =

    33

Elapsed time is 563.299185 seconds.

chan =

    34

Elapsed time is 560.281270 seconds.

chan =

    35

Elapsed time is 562.638132 seconds.

chan =

    36

Elapsed time is 561.904076 seconds.

chan =

    37

Elapsed time is 555.028604 seconds.

chan =

    38

Elapsed time is 567.451236 seconds.

chan =

    39

Elapsed time is 557.610352 seconds.

chan =

    40

Elapsed time is 565.040733 seconds.

chan =

    41

Elapsed time is 564.192351 seconds.

chan =

    42

Elapsed time is 559.060542 seconds.

chan =

    43

Elapsed time is 561.854560 seconds.

chan =

    44

Elapsed time is 559.737284 seconds.

chan =

    45

Elapsed time is 563.085485 seconds.

chan =

    46

Elapsed time is 555.566565 seconds.

chan =

    47

Elapsed time is 563.093814 seconds.

chan =

    48

Elapsed time is 564.624658 seconds.

chan =

    49

Elapsed time is 561.788835 seconds.

chan =

    50

Elapsed time is 564.880628 seconds.

chan =

    51

Elapsed time is 555.891275 seconds.

chan =

    52

Elapsed time is 561.045903 seconds.

chan =

    53

Elapsed time is 551.851273 seconds.

chan =

    54

Elapsed time is 552.360444 seconds.

chan =

    55

Elapsed time is 552.382073 seconds.

chan =

    56

Elapsed time is 530.905750 seconds.

chan =

    57

Elapsed time is 550.578179 seconds.

chan =

    58

Elapsed time is 549.563921 seconds.

chan =

    59

Elapsed time is 525.420027 seconds.

chan =

    60

Elapsed time is 519.484231 seconds.

chan =

    61

Elapsed time is 517.307118 seconds.

chan =

    62

Elapsed time is 518.120931 seconds.

chan =

    63

Elapsed time is 512.050632 seconds.

chan =

    64

Elapsed time is 508.354335 seconds.

chan =

    65

Elapsed time is 509.148022 seconds.

chan =

    66

Elapsed time is 506.888695 seconds.

chan =

    67

Elapsed time is 510.284541 seconds.

chan =

    68

Elapsed time is 507.670266 seconds.

chan =

    69

Elapsed time is 508.876850 seconds.

chan =

    70

Elapsed time is 509.293604 seconds.

chan =

    71

Elapsed time is 510.834326 seconds.

chan =

    72

Elapsed time is 512.720181 seconds.

chan =

    73

Elapsed time is 508.066941 seconds.

chan =

    74

Elapsed time is 510.413834 seconds.

chan =

    75

Elapsed time is 512.345402 seconds.

chan =

    76

Elapsed time is 510.007699 seconds.

chan =

    77

Elapsed time is 484.605422 seconds.

chan =

    78

Elapsed time is 481.403864 seconds.

chan =

    79

Elapsed time is 481.155974 seconds.

chan =

    80

Elapsed time is 479.349642 seconds.

chan =

    81

Elapsed time is 480.086396 seconds.

chan =

    82

Elapsed time is 476.737209 seconds.

chan =

    83

Elapsed time is 473.984409 seconds.

chan =

    84

Elapsed time is 474.043727 seconds.

chan =

    85

Elapsed time is 475.300871 seconds.

chan =

    86

Elapsed time is 473.832339 seconds.

chan =

    87

Elapsed time is 475.154548 seconds.

chan =

    88

Elapsed time is 472.218903 seconds.

chan =

    89

Elapsed time is 473.685957 seconds.

chan =

    90

Elapsed time is 470.629315 seconds.

chan =

    91

Elapsed time is 470.713691 seconds.

chan =

    92

Elapsed time is 471.911513 seconds.

chan =

    93

Elapsed time is 472.972991 seconds.

chan =

    94

Elapsed time is 474.819860 seconds.

chan =

    95

Elapsed time is 474.131670 seconds.

chan =

    96

Elapsed time is 470.738293 seconds.

chan =

    97

Elapsed time is 473.582812 seconds.

chan =

    98

Elapsed time is 477.036633 seconds.

chan =

    99

Elapsed time is 476.713099 seconds.

chan =

   100

Elapsed time is 471.539374 seconds.

chan =

   101

Elapsed time is 475.700263 seconds.

chan =

   102

Elapsed time is 478.921660 seconds.

chan =

   103

Elapsed time is 478.320130 seconds.

chan =

   104

Elapsed time is 477.450798 seconds.

chan =

   105

Elapsed time is 477.614726 seconds.

chan =

   106

Elapsed time is 473.023758 seconds.

chan =

   107

Elapsed time is 477.501260 seconds.

chan =

   108

Elapsed time is 475.523115 seconds.

chan =

   109

Elapsed time is 478.245460 seconds.

chan =

   110

Elapsed time is 477.256811 seconds.

chan =

   111

Elapsed time is 475.730601 seconds.

chan =

   112

Elapsed time is 478.341986 seconds.

chan =

   113

Elapsed time is 474.840081 seconds.

chan =

   114

Elapsed time is 434.919609 seconds.
attempting saving
save success: /projects/p31578/dtf8829/QuestConnect/CHANDAT/chanDat_SLCH010_067.mat
working on TF
