getting started: 3696
attempting file: 3696
going for SLCH010 102
data loaded: SLCH010 102
HFB already done

chan =

     1

Elapsed time is 512.700568 seconds.

chan =

     2

Elapsed time is 509.804156 seconds.

chan =

     3

Elapsed time is 506.522990 seconds.

chan =

     4

Elapsed time is 509.314915 seconds.

chan =

     5

Elapsed time is 502.142237 seconds.

chan =

     6

Elapsed time is 504.594766 seconds.

chan =

     7

Elapsed time is 501.167646 seconds.

chan =

     8

Elapsed time is 502.955407 seconds.

chan =

     9

Elapsed time is 496.519098 seconds.

chan =

    10

Elapsed time is 494.439772 seconds.

chan =

    11

Elapsed time is 493.506308 seconds.

chan =

    12

Elapsed time is 506.315356 seconds.

chan =

    13

Elapsed time is 506.024474 seconds.

chan =

    14

Elapsed time is 510.826564 seconds.

chan =

    15

Elapsed time is 506.889616 seconds.

chan =

    16

Elapsed time is 509.631294 seconds.

chan =

    17

Elapsed time is 497.924041 seconds.

chan =

    18

Elapsed time is 498.537753 seconds.

chan =

    19

Elapsed time is 495.901585 seconds.

chan =

    20

Elapsed time is 498.255106 seconds.

chan =

    21

Elapsed time is 481.805629 seconds.

chan =

    22

Elapsed time is 488.559508 seconds.

chan =

    23

Elapsed time is 481.729122 seconds.

chan =

    24

Elapsed time is 493.139768 seconds.

chan =

    25

Elapsed time is 490.690702 seconds.

chan =

    26

Elapsed time is 490.137336 seconds.

chan =

    27

Elapsed time is 487.769055 seconds.

chan =

    28

Elapsed time is 485.575704 seconds.

chan =

    29

Elapsed time is 489.779257 seconds.

chan =

    30

Elapsed time is 483.554261 seconds.

chan =

    31

Elapsed time is 492.653057 seconds.

chan =

    32

Elapsed time is 494.474688 seconds.

chan =

    33

Elapsed time is 492.479097 seconds.

chan =

    34

Elapsed time is 495.655937 seconds.

chan =

    35

Elapsed time is 493.210587 seconds.

chan =

    36

Elapsed time is 492.125666 seconds.

chan =

    37

Elapsed time is 490.994514 seconds.

chan =

    38

Elapsed time is 492.280334 seconds.

chan =

    39

Elapsed time is 484.607206 seconds.

chan =

    40

Elapsed time is 486.696393 seconds.

chan =

    41

Elapsed time is 482.627957 seconds.

chan =

    42

Elapsed time is 482.067965 seconds.

chan =

    43

Elapsed time is 481.056403 seconds.

chan =

    44

Elapsed time is 483.923277 seconds.

chan =

    45

Elapsed time is 483.138405 seconds.

chan =

    46

Elapsed time is 493.824860 seconds.

chan =

    47

Elapsed time is 492.062730 seconds.

chan =

    48

Elapsed time is 493.862166 seconds.

chan =

    49

Elapsed time is 496.252996 seconds.

chan =

    50

Elapsed time is 491.066669 seconds.

chan =

    51

Elapsed time is 489.473139 seconds.

chan =

    52

Elapsed time is 490.990148 seconds.

chan =

    53

Elapsed time is 484.395690 seconds.

chan =

    54

Elapsed time is 491.137583 seconds.

chan =

    55

Elapsed time is 486.895986 seconds.

chan =

    56

Elapsed time is 493.285619 seconds.

chan =

    57

Elapsed time is 488.856154 seconds.

chan =

    58

Elapsed time is 494.186426 seconds.

chan =

    59

Elapsed time is 496.477827 seconds.

chan =

    60

Elapsed time is 490.028934 seconds.

chan =

    61

Elapsed time is 489.379528 seconds.

chan =

    62

Elapsed time is 488.712505 seconds.

chan =

    63

Elapsed time is 493.578164 seconds.

chan =

    64

Elapsed time is 492.582242 seconds.

chan =

    65

Elapsed time is 490.132409 seconds.

chan =

    66

Elapsed time is 497.598858 seconds.

chan =

    67

Elapsed time is 483.799475 seconds.

chan =

    68

Elapsed time is 480.759556 seconds.

chan =

    69

Elapsed time is 478.365033 seconds.

chan =

    70

Elapsed time is 480.777552 seconds.

chan =

    71

Elapsed time is 480.007404 seconds.

chan =

    72

Elapsed time is 479.194434 seconds.

chan =

    73

Elapsed time is 478.193704 seconds.

chan =

    74

Elapsed time is 471.410025 seconds.

chan =

    75

Elapsed time is 465.876414 seconds.

chan =

    76

Elapsed time is 469.899978 seconds.

chan =

    77

Elapsed time is 467.677931 seconds.

chan =

    78

Elapsed time is 467.230301 seconds.

chan =

    79

Elapsed time is 467.331337 seconds.

chan =

    80

Elapsed time is 469.196204 seconds.

chan =

    81

Elapsed time is 469.334511 seconds.

chan =

    82

Elapsed time is 469.678322 seconds.

chan =

    83

Elapsed time is 468.005808 seconds.

chan =

    84

Elapsed time is 471.673872 seconds.

chan =

    85

Elapsed time is 471.306382 seconds.

chan =

    86

Elapsed time is 470.790861 seconds.

chan =

    87

Elapsed time is 468.200468 seconds.

chan =

    88

Elapsed time is 471.791429 seconds.

chan =

    89

Elapsed time is 469.899001 seconds.

chan =

    90

Elapsed time is 473.496875 seconds.

chan =

    91

Elapsed time is 461.070844 seconds.

chan =

    92

Elapsed time is 492.909117 seconds.

chan =

    93

Elapsed time is 495.647682 seconds.

chan =

    94

Elapsed time is 496.300641 seconds.

chan =

    95

Elapsed time is 495.853999 seconds.

chan =

    96

Elapsed time is 494.890569 seconds.

chan =

    97

Elapsed time is 490.987486 seconds.

chan =

    98

Elapsed time is 494.805577 seconds.

chan =

    99

Elapsed time is 494.859295 seconds.

chan =

   100

Elapsed time is 494.192984 seconds.

chan =

   101

Elapsed time is 494.760216 seconds.

chan =

   102

Elapsed time is 494.850109 seconds.

chan =

   103

Elapsed time is 496.764443 seconds.

chan =

   104

Elapsed time is 494.168222 seconds.

chan =

   105

Elapsed time is 493.486238 seconds.

chan =

   106

Elapsed time is 495.797728 seconds.

chan =

   107

Elapsed time is 491.675185 seconds.

chan =

   108

Elapsed time is 497.772287 seconds.

chan =

   109

Elapsed time is 496.072874 seconds.

chan =

   110

Elapsed time is 499.217226 seconds.

chan =

   111

Elapsed time is 500.151541 seconds.

chan =

   112

Elapsed time is 497.579409 seconds.

chan =

   113

Elapsed time is 502.997106 seconds.

chan =

   114

Elapsed time is 480.249993 seconds.
attempting saving
save success: /projects/p31578/dtf8829/QuestConnect/CHANDAT/chanDat_SLCH010_102.mat
working on TF
