getting started: 3282
attempting file: 3282
going for SD5 31
data loaded: SD5 31
HFB already done

chan =

     1

Elapsed time is 243.780455 seconds.

chan =

     2

Elapsed time is 243.054930 seconds.

chan =

     3

Elapsed time is 246.400403 seconds.

chan =

     4

Elapsed time is 243.686232 seconds.

chan =

     5

Elapsed time is 242.421404 seconds.

chan =

     6

Elapsed time is 232.709744 seconds.

chan =

     7

Elapsed time is 235.910538 seconds.

chan =

     8

Elapsed time is 232.200546 seconds.

chan =

     9

Elapsed time is 231.859940 seconds.

chan =

    10

Elapsed time is 230.071842 seconds.

chan =

    11

Elapsed time is 231.360688 seconds.

chan =

    12

Elapsed time is 238.040426 seconds.

chan =

    13

Elapsed time is 261.280600 seconds.

chan =

    14

Elapsed time is 257.124313 seconds.

chan =

    15

Elapsed time is 249.741582 seconds.

chan =

    16

Elapsed time is 237.464695 seconds.

chan =

    17

Elapsed time is 224.537515 seconds.

chan =

    18

Elapsed time is 221.538035 seconds.

chan =

    19

Elapsed time is 224.524362 seconds.

chan =

    20

Elapsed time is 222.840475 seconds.

chan =

    21

Elapsed time is 222.823201 seconds.

chan =

    22

Elapsed time is 221.958971 seconds.

chan =

    23

Elapsed time is 222.256151 seconds.

chan =

    24

Elapsed time is 221.974619 seconds.

chan =

    25

Elapsed time is 221.763586 seconds.

chan =

    26

Elapsed time is 223.846830 seconds.

chan =

    27

Elapsed time is 224.890266 seconds.

chan =

    28

Elapsed time is 251.704442 seconds.

chan =

    29

Elapsed time is 259.917719 seconds.

chan =

    30

Elapsed time is 262.080679 seconds.

chan =

    31

Elapsed time is 249.886532 seconds.

chan =

    32

Elapsed time is 221.524865 seconds.

chan =

    33

Elapsed time is 241.266861 seconds.

chan =

    34

Elapsed time is 261.688671 seconds.

chan =

    35

Elapsed time is 261.117966 seconds.

chan =

    36

Elapsed time is 259.564139 seconds.

chan =

    37

Elapsed time is 262.290969 seconds.

chan =

    38

Elapsed time is 258.492568 seconds.

chan =

    39

Elapsed time is 262.733265 seconds.

chan =

    40

Elapsed time is 258.493143 seconds.

chan =

    41

Elapsed time is 242.805170 seconds.

chan =

    42

Elapsed time is 257.556195 seconds.

chan =

    43

Elapsed time is 255.431089 seconds.

chan =

    44

Elapsed time is 232.078944 seconds.

chan =

    45

Elapsed time is 239.695409 seconds.

chan =

    46

Elapsed time is 255.453656 seconds.

chan =

    47

Elapsed time is 259.723735 seconds.

chan =

    48

Elapsed time is 253.052378 seconds.

chan =

    49

Elapsed time is 256.120257 seconds.

chan =

    50

Elapsed time is 243.989673 seconds.

chan =

    51

Elapsed time is 219.388841 seconds.

chan =

    52

Elapsed time is 246.230870 seconds.

chan =

    53

Elapsed time is 235.810667 seconds.

chan =

    54

Elapsed time is 232.556617 seconds.

chan =

    55

Elapsed time is 254.777641 seconds.

chan =

    56

Elapsed time is 218.469865 seconds.

chan =

    57

Elapsed time is 233.540795 seconds.

chan =

    58

Elapsed time is 215.988083 seconds.

chan =

    59

Elapsed time is 220.085998 seconds.

chan =

    60

Elapsed time is 217.751534 seconds.

chan =

    61

Elapsed time is 216.888436 seconds.

chan =

    62

Elapsed time is 217.600662 seconds.

chan =

    63

Elapsed time is 217.148405 seconds.

chan =

    64

Elapsed time is 216.794714 seconds.

chan =

    65

Elapsed time is 216.496559 seconds.

chan =

    66

Elapsed time is 216.927809 seconds.

chan =

    67

Elapsed time is 216.218245 seconds.

chan =

    68

Elapsed time is 217.476135 seconds.

chan =

    69

Elapsed time is 216.669811 seconds.

chan =

    70

Elapsed time is 216.764869 seconds.

chan =

    71

Elapsed time is 216.874182 seconds.

chan =

    72

Elapsed time is 217.081354 seconds.

chan =

    73

Elapsed time is 216.806381 seconds.

chan =

    74

Elapsed time is 218.081924 seconds.

chan =

    75

Elapsed time is 217.812747 seconds.

chan =

    76

Elapsed time is 218.022127 seconds.

chan =

    77

Elapsed time is 216.868382 seconds.

chan =

    78

Elapsed time is 217.800351 seconds.

chan =

    79

Elapsed time is 217.991600 seconds.

chan =

    80

Elapsed time is 215.097143 seconds.

chan =

    81

Elapsed time is 216.473725 seconds.

chan =

    82

Elapsed time is 217.742756 seconds.

chan =

    83

Elapsed time is 218.030076 seconds.

chan =

    84

Elapsed time is 218.838041 seconds.

chan =

    85

Elapsed time is 216.682800 seconds.

chan =

    86

Elapsed time is 216.926331 seconds.

chan =

    87

Elapsed time is 217.194300 seconds.

chan =

    88

Elapsed time is 216.930729 seconds.

chan =

    89

Elapsed time is 218.352046 seconds.

chan =

    90

Elapsed time is 218.783965 seconds.

chan =

    91

Elapsed time is 218.486247 seconds.

chan =

    92

Elapsed time is 216.579011 seconds.

chan =

    93

Elapsed time is 218.917670 seconds.

chan =

    94

Elapsed time is 217.530861 seconds.

chan =

    95

Elapsed time is 218.120932 seconds.

chan =

    96

Elapsed time is 217.175429 seconds.

chan =

    97

Elapsed time is 219.041069 seconds.

chan =

    98

Elapsed time is 220.215517 seconds.

chan =

    99

Elapsed time is 219.111620 seconds.

chan =

   100

Elapsed time is 219.102262 seconds.

chan =

   101

Elapsed time is 220.202581 seconds.

chan =

   102

Elapsed time is 217.570375 seconds.

chan =

   103

Elapsed time is 219.595047 seconds.

chan =

   104

Elapsed time is 217.054181 seconds.

chan =

   105

Elapsed time is 218.139229 seconds.

chan =

   106

Elapsed time is 218.032087 seconds.

chan =

   107

Elapsed time is 219.338225 seconds.

chan =

   108

Elapsed time is 218.956052 seconds.

chan =

   109

Elapsed time is 217.951874 seconds.

