getting started: 3703
attempting file: 3703
going for SLCH010 109
data loaded: SLCH010 109
HFB already done

chan =

     1

Elapsed time is 529.280969 seconds.

chan =

     2

Elapsed time is 504.072284 seconds.

chan =

     3

Elapsed time is 501.173201 seconds.

chan =

     4

Elapsed time is 503.049067 seconds.

chan =

     5

Elapsed time is 498.638523 seconds.

chan =

     6

Elapsed time is 501.079121 seconds.

chan =

     7

Elapsed time is 500.655041 seconds.

chan =

     8

Elapsed time is 500.496844 seconds.

chan =

     9

Elapsed time is 497.416362 seconds.

chan =

    10

Elapsed time is 499.790444 seconds.

chan =

    11

Elapsed time is 512.893834 seconds.

chan =

    12

Elapsed time is 547.509961 seconds.

chan =

    13

Elapsed time is 558.078018 seconds.

chan =

    14

Elapsed time is 551.507854 seconds.

chan =

    15

Elapsed time is 553.280256 seconds.

chan =

    16

Elapsed time is 537.098922 seconds.

chan =

    17

Elapsed time is 552.486690 seconds.

chan =

    18

Elapsed time is 550.659352 seconds.

chan =

    19

Elapsed time is 552.990336 seconds.

chan =

    20

Elapsed time is 533.518359 seconds.

chan =

    21

Elapsed time is 531.272494 seconds.

chan =

    22

Elapsed time is 500.742225 seconds.

chan =

    23

Elapsed time is 497.930993 seconds.

chan =

    24

Elapsed time is 500.491090 seconds.

chan =

    25

Elapsed time is 500.882820 seconds.

chan =

    26

Elapsed time is 493.185542 seconds.

chan =

    27

Elapsed time is 496.949564 seconds.

chan =

    28

Elapsed time is 496.571145 seconds.

chan =

    29

Elapsed time is 496.941951 seconds.

chan =

    30

Elapsed time is 494.272820 seconds.

chan =

    31

Elapsed time is 498.423413 seconds.

chan =

    32

Elapsed time is 498.810850 seconds.

chan =

    33

Elapsed time is 502.196951 seconds.

chan =

    34

Elapsed time is 498.704913 seconds.

chan =

    35

Elapsed time is 497.631506 seconds.

chan =

    36

Elapsed time is 495.379772 seconds.

chan =

    37

Elapsed time is 500.266622 seconds.

chan =

    38

Elapsed time is 496.163933 seconds.

chan =

    39

Elapsed time is 497.326894 seconds.

chan =

    40

Elapsed time is 496.514045 seconds.

chan =

    41

Elapsed time is 494.598254 seconds.

chan =

    42

Elapsed time is 495.059215 seconds.

chan =

    43

Elapsed time is 492.925828 seconds.

chan =

    44

Elapsed time is 498.085302 seconds.

chan =

    45

Elapsed time is 496.452243 seconds.

chan =

    46

Elapsed time is 493.520420 seconds.

chan =

    47

Elapsed time is 500.547080 seconds.

chan =

    48

Elapsed time is 501.496071 seconds.

chan =

    49

Elapsed time is 499.103825 seconds.

chan =

    50

Elapsed time is 501.180667 seconds.

chan =

    51

Elapsed time is 496.648319 seconds.

chan =

    52

Elapsed time is 498.143411 seconds.

chan =

    53

Elapsed time is 492.740133 seconds.

chan =

    54

Elapsed time is 497.563554 seconds.

chan =

    55

Elapsed time is 498.551495 seconds.

chan =

    56

Elapsed time is 497.483497 seconds.

chan =

    57

Elapsed time is 498.692565 seconds.

chan =

    58

Elapsed time is 497.800293 seconds.

chan =

    59

Elapsed time is 509.184388 seconds.

chan =

    60

Elapsed time is 516.968511 seconds.

chan =

    61

Elapsed time is 521.051545 seconds.

chan =

    62

Elapsed time is 527.714547 seconds.

chan =

    63

Elapsed time is 528.297919 seconds.

chan =

    64

Elapsed time is 531.111926 seconds.

chan =

    65

Elapsed time is 509.470588 seconds.

chan =

    66

Elapsed time is 505.275367 seconds.

chan =

    67

Elapsed time is 500.867673 seconds.

chan =

    68

Elapsed time is 501.933153 seconds.

chan =

    69

Elapsed time is 507.979857 seconds.

chan =

    70

Elapsed time is 508.427539 seconds.

chan =

    71

Elapsed time is 500.537613 seconds.

chan =

    72

Elapsed time is 500.322328 seconds.

chan =

    73

Elapsed time is 498.036923 seconds.

chan =

    74

Elapsed time is 533.450435 seconds.

chan =

    75

Elapsed time is 607.997438 seconds.

chan =

    76

Elapsed time is 580.212160 seconds.

chan =

    77

Elapsed time is 609.554374 seconds.

chan =

    78

Elapsed time is 592.415147 seconds.

chan =

    79

Elapsed time is 576.070918 seconds.

chan =

    80

Elapsed time is 609.663568 seconds.

chan =

    81

Elapsed time is 613.155470 seconds.

chan =

    82

Elapsed time is 616.026139 seconds.

chan =

    83

Elapsed time is 603.383295 seconds.

chan =

    84

Elapsed time is 607.149085 seconds.

chan =

    85

Elapsed time is 602.501223 seconds.

chan =

    86

Elapsed time is 601.170722 seconds.

chan =

    87

Elapsed time is 601.495118 seconds.

chan =

    88

Elapsed time is 604.238123 seconds.

chan =

    89

Elapsed time is 605.278575 seconds.

chan =

    90

Elapsed time is 600.204835 seconds.

chan =

    91

Elapsed time is 597.349280 seconds.

chan =

    92

Elapsed time is 604.824853 seconds.

chan =

    93

Elapsed time is 603.646320 seconds.

chan =

    94

Elapsed time is 598.297181 seconds.

chan =

    95

Elapsed time is 601.922615 seconds.

chan =

    96

Elapsed time is 605.648931 seconds.

chan =

    97

Elapsed time is 605.011405 seconds.

chan =

    98

Elapsed time is 607.970263 seconds.

chan =

    99

Elapsed time is 607.309990 seconds.

chan =

   100

Elapsed time is 597.782751 seconds.

chan =

   101

Elapsed time is 600.285208 seconds.

chan =

   102

Elapsed time is 601.443576 seconds.

chan =

   103

Elapsed time is 568.013547 seconds.

chan =

   104

Elapsed time is 493.250024 seconds.

chan =

   105

Elapsed time is 488.963358 seconds.

chan =

   106

Elapsed time is 493.105809 seconds.

chan =

   107

Elapsed time is 490.492939 seconds.

chan =

   108

Elapsed time is 490.974733 seconds.

chan =

   109

Elapsed time is 494.501373 seconds.

chan =

   110

Elapsed time is 491.808707 seconds.

chan =

   111

Elapsed time is 497.360784 seconds.

chan =

   112

Elapsed time is 491.825030 seconds.

chan =

   113

Elapsed time is 484.860203 seconds.

chan =

   114

Elapsed time is 463.230890 seconds.
attempting saving
save success: /projects/p31578/dtf8829/QuestConnect/CHANDAT/chanDat_SLCH010_109.mat
working on TF
encoding done
encoding RT done
