getting started: 3018
attempting file: 3018
going for OH30 117
data loaded: OH30 117
HFB already done

chan =

     1

Elapsed time is 425.477952 seconds.

chan =

     2

Elapsed time is 424.006142 seconds.

chan =

     3

Elapsed time is 415.939805 seconds.

chan =

     4

Elapsed time is 458.905676 seconds.

chan =

     5

Elapsed time is 487.479786 seconds.

chan =

     6

Elapsed time is 475.194888 seconds.

chan =

     7

Elapsed time is 469.666525 seconds.

chan =

     8

Elapsed time is 468.106856 seconds.

chan =

     9

Elapsed time is 463.700962 seconds.

chan =

    10

Elapsed time is 470.170749 seconds.

chan =

    11

Elapsed time is 471.151758 seconds.

chan =

    12

Elapsed time is 467.465046 seconds.

chan =

    13

Elapsed time is 463.797525 seconds.

chan =

    14

Elapsed time is 470.563759 seconds.

chan =

    15

Elapsed time is 472.179147 seconds.

chan =

    16

Elapsed time is 524.156271 seconds.

chan =

    17

Elapsed time is 519.974456 seconds.

chan =

    18

Elapsed time is 509.395255 seconds.

chan =

    19

Elapsed time is 534.392810 seconds.

chan =

    20

Elapsed time is 518.705581 seconds.

chan =

    21

Elapsed time is 510.820328 seconds.

chan =

    22

Elapsed time is 528.434500 seconds.

chan =

    23

Elapsed time is 522.290407 seconds.

chan =

    24

Elapsed time is 517.075223 seconds.

chan =

    25

Elapsed time is 503.676640 seconds.

chan =

    26

Elapsed time is 502.728795 seconds.

chan =

    27

Elapsed time is 469.099778 seconds.

chan =

    28

Elapsed time is 471.633401 seconds.

chan =

    29

Elapsed time is 470.941358 seconds.

chan =

    30

Elapsed time is 471.197400 seconds.

chan =

    31

Elapsed time is 465.990778 seconds.

chan =

    32

Elapsed time is 468.466535 seconds.

chan =

    33

Elapsed time is 466.929757 seconds.

chan =

    34

Elapsed time is 467.893287 seconds.

chan =

    35

Elapsed time is 465.492196 seconds.

chan =

    36

Elapsed time is 467.991484 seconds.

chan =

    37

Elapsed time is 472.498560 seconds.

chan =

    38

Elapsed time is 467.315097 seconds.

chan =

    39

Elapsed time is 467.653210 seconds.

chan =

    40

Elapsed time is 470.303784 seconds.

chan =

    41

Elapsed time is 469.941547 seconds.

chan =

    42

Elapsed time is 466.974591 seconds.

chan =

    43

Elapsed time is 471.804280 seconds.

chan =

    44

Elapsed time is 466.706250 seconds.

chan =

    45

Elapsed time is 465.965728 seconds.

chan =

    46

Elapsed time is 466.367644 seconds.

chan =

    47

Elapsed time is 465.217848 seconds.

chan =

    48

Elapsed time is 464.227348 seconds.

chan =

    49

Elapsed time is 466.762524 seconds.

chan =

    50

Elapsed time is 469.881654 seconds.

chan =

    51

Elapsed time is 466.600173 seconds.

chan =

    52

Elapsed time is 467.771688 seconds.

chan =

    53

Elapsed time is 468.312541 seconds.

chan =

    54

Elapsed time is 473.911182 seconds.

chan =

    55

Elapsed time is 473.058098 seconds.

chan =

    56

Elapsed time is 471.392533 seconds.

chan =

    57

Elapsed time is 472.879434 seconds.

chan =

    58

Elapsed time is 472.771021 seconds.

chan =

    59

Elapsed time is 469.646045 seconds.

chan =

    60

Elapsed time is 469.530407 seconds.

chan =

    61

Elapsed time is 469.921941 seconds.

chan =

    62

Elapsed time is 473.363277 seconds.

chan =

    63

Elapsed time is 468.004142 seconds.

chan =

    64

Elapsed time is 469.919880 seconds.

chan =

    65

Elapsed time is 470.022503 seconds.

chan =

    66

Elapsed time is 476.166723 seconds.

chan =

    67

Elapsed time is 486.112828 seconds.

chan =

    68

Elapsed time is 487.948918 seconds.

chan =

    69

Elapsed time is 493.117715 seconds.

chan =

    70

Elapsed time is 496.654434 seconds.

chan =

    71

Elapsed time is 499.825533 seconds.

chan =

    72

Elapsed time is 490.069011 seconds.

chan =

    73

Elapsed time is 476.129774 seconds.

chan =

    74

Elapsed time is 476.992422 seconds.

chan =

    75

Elapsed time is 471.952859 seconds.

chan =

    76

Elapsed time is 469.628243 seconds.

chan =

    77

Elapsed time is 474.782719 seconds.

chan =

    78

Elapsed time is 479.126297 seconds.

chan =

    79

Elapsed time is 467.080946 seconds.

chan =

    80

Elapsed time is 468.832583 seconds.

chan =

    81

Elapsed time is 465.294491 seconds.

chan =

    82

Elapsed time is 481.572776 seconds.

chan =

    83

Elapsed time is 576.677206 seconds.

chan =

    84

Elapsed time is 548.496472 seconds.

chan =

    85

Elapsed time is 573.900161 seconds.

chan =

    86

Elapsed time is 573.954580 seconds.

chan =

    87

Elapsed time is 523.505177 seconds.

chan =

    88

Elapsed time is 578.064622 seconds.

chan =

    89

Elapsed time is 579.117248 seconds.

chan =

    90

Elapsed time is 584.003147 seconds.

chan =

    91

Elapsed time is 577.203765 seconds.

chan =

    92

Elapsed time is 574.462328 seconds.

chan =

    93

Elapsed time is 566.395399 seconds.

chan =

    94

Elapsed time is 561.598157 seconds.

chan =

    95

Elapsed time is 576.038171 seconds.

chan =

    96

Elapsed time is 570.760236 seconds.

chan =

    97

Elapsed time is 570.127129 seconds.

chan =

    98

Elapsed time is 570.639336 seconds.

chan =

    99

Elapsed time is 568.395786 seconds.

chan =

   100

Elapsed time is 568.023786 seconds.

chan =

   101

Elapsed time is 563.936526 seconds.

chan =

   102

Elapsed time is 566.076310 seconds.

chan =

   103

Elapsed time is 565.861467 seconds.

chan =

   104

Elapsed time is 567.612701 seconds.

chan =

   105

Elapsed time is 575.228591 seconds.

chan =

   106

Elapsed time is 580.349729 seconds.

chan =

   107

Elapsed time is 570.560232 seconds.

chan =

   108

Elapsed time is 572.185396 seconds.

chan =

   109

Elapsed time is 564.978305 seconds.

chan =

   110

Elapsed time is 568.757202 seconds.

chan =

   111

Elapsed time is 567.103045 seconds.

chan =

   112

Elapsed time is 564.549497 seconds.

chan =

   113

Elapsed time is 518.477699 seconds.

chan =

   114

Elapsed time is 464.583456 seconds.

chan =

   115

Elapsed time is 459.348031 seconds.

chan =

   116

Elapsed time is 461.232787 seconds.

chan =

   117

Elapsed time is 460.940112 seconds.

chan =

   118

Elapsed time is 457.105682 seconds.

chan =

   119

Elapsed time is 466.630216 seconds.

chan =

   120

Elapsed time is 465.132811 seconds.

chan =

   121

Elapsed time is 468.120940 seconds.

chan =

   122

Elapsed time is 463.574411 seconds.

chan =

   123

Elapsed time is 463.586601 seconds.

chan =

   124

Elapsed time is 451.945836 seconds.

chan =

   125

Elapsed time is 410.733341 seconds.

chan =

   126

Elapsed time is 382.879363 seconds.

chan =

   127

Elapsed time is 376.573089 seconds.

chan =

   128

Elapsed time is 375.088436 seconds.

chan =

   129

Elapsed time is 372.591056 seconds.

chan =

   130

Elapsed time is 369.030411 seconds.

chan =

   131

Elapsed time is 353.972483 seconds.

chan =

   132

Elapsed time is 354.555494 seconds.

chan =

   133

Elapsed time is 354.789904 seconds.

chan =

   134

Elapsed time is 362.538233 seconds.

chan =

   135

Elapsed time is 354.068963 seconds.

chan =

   136

Elapsed time is 355.893792 seconds.

chan =

   137

Elapsed time is 356.763860 seconds.

chan =

   138

Elapsed time is 482.137469 seconds.

chan =

   139

Elapsed time is 537.052457 seconds.
attempting saving
save success: /projects/p31578/dtf8829/QuestConnect/CHANDAT/chanDat_OH30_117.mat
working on TF
encoding done
encoding RT done
