getting started: 3352
attempting file: 3352
going for SD5 101
data loaded: SD5 101
HFB already done

chan =

     1

Elapsed time is 297.883041 seconds.

chan =

     2

Elapsed time is 319.928239 seconds.

chan =

     3

Elapsed time is 312.723604 seconds.

chan =

     4

Elapsed time is 314.991880 seconds.

chan =

     5

Elapsed time is 309.805168 seconds.

chan =

     6

Elapsed time is 310.347702 seconds.

chan =

     7

Elapsed time is 301.881137 seconds.

chan =

     8

Elapsed time is 307.219119 seconds.

chan =

     9

Elapsed time is 310.290254 seconds.

chan =

    10

Elapsed time is 307.016493 seconds.

chan =

    11

Elapsed time is 310.404135 seconds.

chan =

    12

Elapsed time is 306.099460 seconds.

chan =

    13

Elapsed time is 310.144202 seconds.

chan =

    14

Elapsed time is 309.189512 seconds.

chan =

    15

Elapsed time is 310.819085 seconds.

chan =

    16

Elapsed time is 310.836517 seconds.

chan =

    17

Elapsed time is 306.283686 seconds.

chan =

    18

Elapsed time is 309.155354 seconds.

chan =

    19

Elapsed time is 312.804849 seconds.

chan =

    20

Elapsed time is 308.121470 seconds.

chan =

    21

Elapsed time is 310.326135 seconds.

chan =

    22

Elapsed time is 302.783946 seconds.

chan =

    23

Elapsed time is 304.068486 seconds.

chan =

    24

Elapsed time is 305.897893 seconds.

chan =

    25

Elapsed time is 305.641665 seconds.

chan =

    26

Elapsed time is 304.206924 seconds.

chan =

    27

Elapsed time is 304.145546 seconds.

chan =

    28

Elapsed time is 292.639335 seconds.

chan =

    29

Elapsed time is 301.465198 seconds.

chan =

    30

Elapsed time is 307.918355 seconds.

chan =

    31

Elapsed time is 306.096010 seconds.

chan =

    32

Elapsed time is 306.706846 seconds.

chan =

    33

Elapsed time is 305.445477 seconds.

chan =

    34

Elapsed time is 306.216037 seconds.

chan =

    35

Elapsed time is 308.374906 seconds.

chan =

    36

Elapsed time is 301.606393 seconds.

chan =

    37

Elapsed time is 308.166996 seconds.

chan =

    38

Elapsed time is 301.800940 seconds.

chan =

    39

Elapsed time is 305.936341 seconds.

chan =

    40

Elapsed time is 306.473292 seconds.

chan =

    41

Elapsed time is 302.197859 seconds.

chan =

    42

Elapsed time is 306.125331 seconds.

chan =

    43

Elapsed time is 299.593435 seconds.

chan =

    44

Elapsed time is 305.851160 seconds.

chan =

    45

Elapsed time is 308.585100 seconds.

chan =

    46

Elapsed time is 305.928134 seconds.

chan =

    47

Elapsed time is 308.057542 seconds.

chan =

    48

Elapsed time is 302.632217 seconds.

chan =

    49

Elapsed time is 307.160156 seconds.

chan =

    50

Elapsed time is 305.917730 seconds.

chan =

    51

Elapsed time is 302.325910 seconds.

chan =

    52

Elapsed time is 306.265277 seconds.

chan =

    53

Elapsed time is 297.699287 seconds.

chan =

    54

Elapsed time is 304.856299 seconds.

chan =

    55

Elapsed time is 307.086916 seconds.

chan =

    56

Elapsed time is 296.510622 seconds.

chan =

    57

Elapsed time is 305.369241 seconds.

chan =

    58

Elapsed time is 297.325438 seconds.

chan =

    59

Elapsed time is 305.429037 seconds.

chan =

    60

Elapsed time is 306.187083 seconds.

chan =

    61

Elapsed time is 303.213111 seconds.

chan =

    62

Elapsed time is 301.322210 seconds.

chan =

    63

Elapsed time is 303.104629 seconds.

chan =

    64

Elapsed time is 292.339011 seconds.

chan =

    65

Elapsed time is 304.466795 seconds.

chan =

    66

Elapsed time is 305.147799 seconds.

chan =

    67

Elapsed time is 302.646784 seconds.

chan =

    68

Elapsed time is 305.198521 seconds.

chan =

    69

Elapsed time is 301.211816 seconds.

chan =

    70

Elapsed time is 306.532369 seconds.

chan =

    71

Elapsed time is 304.647867 seconds.

chan =

    72

Elapsed time is 304.955480 seconds.

chan =

    73

Elapsed time is 306.241081 seconds.

chan =

    74

Elapsed time is 298.900601 seconds.

chan =

    75

Elapsed time is 307.631838 seconds.

chan =

    76

Elapsed time is 303.524749 seconds.

chan =

    77

Elapsed time is 304.870342 seconds.

chan =

    78

Elapsed time is 305.386367 seconds.

chan =

    79

Elapsed time is 301.305236 seconds.

chan =

    80

Elapsed time is 304.422648 seconds.

chan =

    81

Elapsed time is 304.650424 seconds.

chan =

    82

Elapsed time is 304.680875 seconds.

chan =

    83

Elapsed time is 307.771540 seconds.

chan =

    84

Elapsed time is 301.262311 seconds.

chan =

    85

Elapsed time is 305.907315 seconds.

chan =

    86

Elapsed time is 302.758360 seconds.

chan =

    87

Elapsed time is 306.918196 seconds.

chan =

    88

Elapsed time is 305.739151 seconds.

chan =

    89

Elapsed time is 304.134885 seconds.

chan =

    90

Elapsed time is 306.539837 seconds.

chan =

    91

Elapsed time is 305.547885 seconds.

chan =

    92

Elapsed time is 306.735923 seconds.

chan =

    93

Elapsed time is 307.164860 seconds.

chan =

    94

Elapsed time is 300.180610 seconds.

chan =

    95

Elapsed time is 306.651248 seconds.

chan =

    96

Elapsed time is 278.177907 seconds.

chan =

    97

Elapsed time is 254.272872 seconds.

chan =

    98

Elapsed time is 260.658510 seconds.

chan =

    99

Elapsed time is 248.121781 seconds.

chan =

   100

Elapsed time is 234.536212 seconds.

chan =

   101

Elapsed time is 248.306782 seconds.

chan =

   102

Elapsed time is 267.490686 seconds.

chan =

   103

Elapsed time is 271.402712 seconds.

chan =

   104

Elapsed time is 271.101890 seconds.

chan =

   105

Elapsed time is 272.374708 seconds.

chan =

   106

Elapsed time is 269.655064 seconds.

chan =

   107

Elapsed time is 271.577453 seconds.

chan =

   108

Elapsed time is 269.776425 seconds.

chan =

   109

Elapsed time is 270.325063 seconds.

