getting started: 3321
attempting file: 3321
going for SD5 70
data loaded: SD5 70
HFB already done

chan =

     1

Elapsed time is 222.617839 seconds.

chan =

     2

Elapsed time is 226.712207 seconds.

chan =

     3

Elapsed time is 228.008615 seconds.

chan =

     4

Elapsed time is 228.049485 seconds.

chan =

     5

Elapsed time is 229.105780 seconds.

chan =

     6

Elapsed time is 226.869408 seconds.

chan =

     7

Elapsed time is 226.476489 seconds.

chan =

     8

Elapsed time is 231.312818 seconds.

chan =

     9

Elapsed time is 232.257861 seconds.

chan =

    10

Elapsed time is 229.334925 seconds.

chan =

    11

Elapsed time is 229.568262 seconds.

chan =

    12

Elapsed time is 228.335782 seconds.

chan =

    13

Elapsed time is 231.171489 seconds.

chan =

    14

Elapsed time is 229.441788 seconds.

chan =

    15

Elapsed time is 228.482588 seconds.

chan =

    16

Elapsed time is 230.250226 seconds.

chan =

    17

Elapsed time is 233.417081 seconds.

chan =

    18

Elapsed time is 227.666576 seconds.

chan =

    19

Elapsed time is 233.706473 seconds.

chan =

    20

Elapsed time is 228.204396 seconds.

chan =

    21

Elapsed time is 230.633798 seconds.

chan =

    22

Elapsed time is 229.193069 seconds.

chan =

    23

Elapsed time is 231.440370 seconds.

chan =

    24

Elapsed time is 232.172427 seconds.

chan =

    25

Elapsed time is 232.228036 seconds.

chan =

    26

Elapsed time is 233.416711 seconds.

chan =

    27

Elapsed time is 230.622762 seconds.

chan =

    28

Elapsed time is 228.003126 seconds.

chan =

    29

Elapsed time is 227.329675 seconds.

chan =

    30

Elapsed time is 226.608999 seconds.

chan =

    31

Elapsed time is 229.129343 seconds.

chan =

    32

Elapsed time is 223.652833 seconds.

chan =

    33

Elapsed time is 224.546724 seconds.

chan =

    34

Elapsed time is 233.734722 seconds.

chan =

    35

Elapsed time is 229.897715 seconds.

chan =

    36

Elapsed time is 233.017713 seconds.

chan =

    37

Elapsed time is 234.316327 seconds.

chan =

    38

Elapsed time is 229.812066 seconds.

chan =

    39

Elapsed time is 230.278361 seconds.

chan =

    40

Elapsed time is 227.644962 seconds.

chan =

    41

Elapsed time is 230.641548 seconds.

chan =

    42

Elapsed time is 237.188552 seconds.

chan =

    43

Elapsed time is 234.438826 seconds.

chan =

    44

Elapsed time is 229.441057 seconds.

chan =

    45

Elapsed time is 235.240779 seconds.

chan =

    46

Elapsed time is 232.547517 seconds.

chan =

    47

Elapsed time is 226.920872 seconds.

chan =

    48

Elapsed time is 228.802095 seconds.

chan =

    49

Elapsed time is 230.696722 seconds.

chan =

    50

Elapsed time is 231.335450 seconds.

chan =

    51

Elapsed time is 229.501291 seconds.

chan =

    52

Elapsed time is 233.155638 seconds.

chan =

    53

Elapsed time is 228.415837 seconds.

chan =

    54

Elapsed time is 226.316303 seconds.

chan =

    55

Elapsed time is 231.073416 seconds.

chan =

    56

Elapsed time is 226.740279 seconds.

chan =

    57

Elapsed time is 231.674518 seconds.

chan =

    58

Elapsed time is 225.516250 seconds.

chan =

    59

Elapsed time is 226.572879 seconds.

chan =

    60

Elapsed time is 229.236336 seconds.

chan =

    61

Elapsed time is 225.909252 seconds.

chan =

    62

Elapsed time is 230.106468 seconds.

chan =

    63

Elapsed time is 230.451273 seconds.

chan =

    64

Elapsed time is 234.489788 seconds.

chan =

    65

Elapsed time is 226.793921 seconds.

chan =

    66

Elapsed time is 224.897963 seconds.

chan =

    67

Elapsed time is 223.269834 seconds.

chan =

    68

Elapsed time is 225.293083 seconds.

chan =

    69

Elapsed time is 229.850733 seconds.

chan =

    70

Elapsed time is 232.723056 seconds.

chan =

    71

Elapsed time is 234.492049 seconds.

chan =

    72

Elapsed time is 231.205240 seconds.

chan =

    73

Elapsed time is 234.455297 seconds.

chan =

    74

Elapsed time is 234.341713 seconds.

chan =

    75

Elapsed time is 234.663660 seconds.

chan =

    76

Elapsed time is 228.542919 seconds.

chan =

    77

Elapsed time is 228.471934 seconds.

chan =

    78

Elapsed time is 227.407270 seconds.

chan =

    79

Elapsed time is 233.066553 seconds.

chan =

    80

Elapsed time is 230.863184 seconds.

chan =

    81

Elapsed time is 230.852859 seconds.

chan =

    82

Elapsed time is 232.591875 seconds.

chan =

    83

Elapsed time is 234.959205 seconds.

chan =

    84

Elapsed time is 229.927449 seconds.

chan =

    85

Elapsed time is 225.403471 seconds.

chan =

    86

Elapsed time is 227.196639 seconds.

chan =

    87

Elapsed time is 232.627267 seconds.

chan =

    88

Elapsed time is 231.052113 seconds.

chan =

    89

Elapsed time is 231.491600 seconds.

chan =

    90

Elapsed time is 230.712650 seconds.

chan =

    91

Elapsed time is 236.976533 seconds.

chan =

    92

Elapsed time is 234.289750 seconds.

chan =

    93

Elapsed time is 234.830912 seconds.

chan =

    94

Elapsed time is 238.364849 seconds.

chan =

    95

Elapsed time is 231.161496 seconds.

chan =

    96

Elapsed time is 235.087997 seconds.

chan =

    97

Elapsed time is 232.718541 seconds.

chan =

    98

Elapsed time is 235.357781 seconds.

chan =

    99

Elapsed time is 228.636677 seconds.

chan =

   100

Elapsed time is 229.348690 seconds.

chan =

   101

Elapsed time is 235.046787 seconds.

chan =

   102

Elapsed time is 225.808856 seconds.

chan =

   103

Elapsed time is 217.836022 seconds.

chan =

   104

Elapsed time is 218.193024 seconds.

chan =

   105

Elapsed time is 213.038734 seconds.

chan =

   106

Elapsed time is 211.888235 seconds.

chan =

   107

Elapsed time is 210.838048 seconds.

chan =

   108

Elapsed time is 213.372708 seconds.

chan =

   109

Elapsed time is 211.723462 seconds.

