getting started: 3609
attempting file: 3609
going for SLCH010 15
data loaded: SLCH010 15
HFB already done

chan =

     1

Elapsed time is 485.492526 seconds.

chan =

     2

Elapsed time is 494.639678 seconds.

chan =

     3

Elapsed time is 504.159558 seconds.

chan =

     4

Elapsed time is 494.383067 seconds.

chan =

     5

Elapsed time is 493.193389 seconds.

chan =

     6

Elapsed time is 501.213412 seconds.

chan =

     7

Elapsed time is 495.206493 seconds.

chan =

     8

Elapsed time is 488.383400 seconds.

chan =

     9

Elapsed time is 498.224310 seconds.

chan =

    10

Elapsed time is 498.243399 seconds.

chan =

    11

Elapsed time is 487.955406 seconds.

chan =

    12

Elapsed time is 484.271653 seconds.

chan =

    13

Elapsed time is 483.403751 seconds.

chan =

    14

Elapsed time is 488.767159 seconds.

chan =

    15

Elapsed time is 486.134781 seconds.

chan =

    16

Elapsed time is 485.936334 seconds.

chan =

    17

Elapsed time is 495.235177 seconds.

chan =

    18

Elapsed time is 488.019493 seconds.

chan =

    19

Elapsed time is 485.453484 seconds.

chan =

    20

Elapsed time is 486.100073 seconds.

chan =

    21

Elapsed time is 498.107348 seconds.

chan =

    22

Elapsed time is 490.832210 seconds.

chan =

    23

Elapsed time is 479.594172 seconds.

chan =

    24

Elapsed time is 492.108513 seconds.

chan =

    25

Elapsed time is 494.099696 seconds.

chan =

    26

Elapsed time is 499.292494 seconds.

chan =

    27

Elapsed time is 494.062149 seconds.

chan =

    28

Elapsed time is 490.785979 seconds.

chan =

    29

Elapsed time is 492.790750 seconds.

chan =

    30

Elapsed time is 488.103826 seconds.

chan =

    31

Elapsed time is 483.798491 seconds.

chan =

    32

Elapsed time is 496.000529 seconds.

chan =

    33

Elapsed time is 499.342018 seconds.

chan =

    34

Elapsed time is 485.841539 seconds.

chan =

    35

Elapsed time is 491.991285 seconds.

chan =

    36

Elapsed time is 494.284846 seconds.

chan =

    37

Elapsed time is 499.670777 seconds.

chan =

    38

Elapsed time is 495.877037 seconds.

chan =

    39

Elapsed time is 500.620368 seconds.

chan =

    40

Elapsed time is 488.685344 seconds.

chan =

    41

Elapsed time is 487.210142 seconds.

chan =

    42

Elapsed time is 496.134856 seconds.

chan =

    43

Elapsed time is 491.837311 seconds.

chan =

    44

Elapsed time is 486.079021 seconds.

chan =

    45

Elapsed time is 496.695937 seconds.

chan =

    46

Elapsed time is 494.063405 seconds.

chan =

    47

Elapsed time is 495.122981 seconds.

chan =

    48

Elapsed time is 491.676514 seconds.

chan =

    49

Elapsed time is 486.317217 seconds.

chan =

    50

Elapsed time is 501.721961 seconds.

chan =

    51

Elapsed time is 500.207237 seconds.

chan =

    52

Elapsed time is 501.829886 seconds.

chan =

    53

Elapsed time is 488.037587 seconds.

chan =

    54

Elapsed time is 504.637787 seconds.

chan =

    55

Elapsed time is 506.432965 seconds.

chan =

    56

Elapsed time is 500.294033 seconds.

chan =

    57

Elapsed time is 496.514233 seconds.

chan =

    58

Elapsed time is 493.231803 seconds.

chan =

    59

Elapsed time is 491.231831 seconds.

chan =

    60

Elapsed time is 499.979128 seconds.

chan =

    61

Elapsed time is 485.518782 seconds.

chan =

    62

Elapsed time is 503.072948 seconds.

chan =

    63

Elapsed time is 499.841766 seconds.

chan =

    64

Elapsed time is 501.161273 seconds.

chan =

    65

Elapsed time is 504.584880 seconds.

chan =

    66

Elapsed time is 497.160208 seconds.

chan =

    67

Elapsed time is 501.905894 seconds.

chan =

    68

Elapsed time is 501.117787 seconds.

chan =

    69

Elapsed time is 502.101556 seconds.

chan =

    70

Elapsed time is 498.449303 seconds.

chan =

    71

Elapsed time is 502.969866 seconds.

chan =

    72

Elapsed time is 498.616437 seconds.

chan =

    73

Elapsed time is 496.626349 seconds.

chan =

    74

Elapsed time is 492.635221 seconds.

chan =

    75

Elapsed time is 489.030110 seconds.

chan =

    76

Elapsed time is 479.732199 seconds.

chan =

    77

Elapsed time is 488.901667 seconds.

chan =

    78

Elapsed time is 492.554605 seconds.

chan =

    79

Elapsed time is 499.710125 seconds.

chan =

    80

Elapsed time is 496.894304 seconds.

chan =

    81

Elapsed time is 495.457918 seconds.

chan =

    82

Elapsed time is 493.929644 seconds.

chan =

    83

Elapsed time is 498.023476 seconds.

chan =

    84

Elapsed time is 497.929280 seconds.

chan =

    85

Elapsed time is 500.016969 seconds.

chan =

    86

Elapsed time is 498.551164 seconds.

chan =

    87

Elapsed time is 491.226249 seconds.

chan =

    88

Elapsed time is 492.971397 seconds.

chan =

    89

Elapsed time is 495.927456 seconds.

chan =

    90

Elapsed time is 499.716054 seconds.

chan =

    91

Elapsed time is 505.735312 seconds.

chan =

    92

Elapsed time is 500.029296 seconds.

chan =

    93

Elapsed time is 489.888785 seconds.

chan =

    94

Elapsed time is 501.730570 seconds.

chan =

    95

Elapsed time is 501.098572 seconds.

chan =

    96

Elapsed time is 501.500173 seconds.

chan =

    97

Elapsed time is 501.218387 seconds.

chan =

    98

Elapsed time is 501.706317 seconds.

chan =

    99

Elapsed time is 502.338147 seconds.

chan =

   100

Elapsed time is 505.819092 seconds.

chan =

   101

Elapsed time is 502.466249 seconds.

chan =

   102

Elapsed time is 507.488768 seconds.

chan =

   103

Elapsed time is 506.107197 seconds.

chan =

   104

Elapsed time is 509.078094 seconds.

chan =

   105

Elapsed time is 504.552592 seconds.

chan =

   106

Elapsed time is 508.715512 seconds.

chan =

   107

Elapsed time is 486.727877 seconds.

chan =

   108

Elapsed time is 503.677232 seconds.

chan =

   109

Elapsed time is 501.972669 seconds.

chan =

   110

Elapsed time is 500.050130 seconds.

chan =

   111

Elapsed time is 504.934560 seconds.

chan =

   112

Elapsed time is 491.642754 seconds.

chan =

   113

Elapsed time is 500.666535 seconds.

chan =

   114

Elapsed time is 509.925696 seconds.
attempting saving
save success: /projects/p31578/dtf8829/QuestConnect/CHANDAT/chanDat_SLCH010_015.mat
working on TF
encoding done
encoding RT done
