getting started: 3636
attempting file: 3636
going for SLCH010 42
data loaded: SLCH010 42
HFB already done

chan =

     1

Elapsed time is 700.628989 seconds.

chan =

     2

Elapsed time is 685.837802 seconds.

chan =

     3

Elapsed time is 685.421490 seconds.

chan =

     4

Elapsed time is 683.803606 seconds.

chan =

     5

Elapsed time is 681.130699 seconds.

chan =

     6

Elapsed time is 681.874898 seconds.

chan =

     7

Elapsed time is 680.805670 seconds.

chan =

     8

Elapsed time is 682.977532 seconds.

chan =

     9

Elapsed time is 677.704115 seconds.

chan =

    10

Elapsed time is 683.171190 seconds.

chan =

    11

Elapsed time is 667.844650 seconds.

chan =

    12

Elapsed time is 670.489119 seconds.

chan =

    13

Elapsed time is 659.550850 seconds.

chan =

    14

Elapsed time is 659.712255 seconds.

chan =

    15

Elapsed time is 650.200334 seconds.

chan =

    16

Elapsed time is 650.815203 seconds.

chan =

    17

Elapsed time is 652.295202 seconds.

chan =

    18

Elapsed time is 651.752836 seconds.

chan =

    19

Elapsed time is 648.568503 seconds.

chan =

    20

Elapsed time is 649.767184 seconds.

chan =

    21

Elapsed time is 652.452292 seconds.

chan =

    22

Elapsed time is 650.942651 seconds.

chan =

    23

Elapsed time is 650.698459 seconds.

chan =

    24

Elapsed time is 650.386215 seconds.

chan =

    25

Elapsed time is 653.107782 seconds.

chan =

    26

Elapsed time is 649.498852 seconds.

chan =

    27

Elapsed time is 652.611861 seconds.

chan =

    28

Elapsed time is 653.002146 seconds.

chan =

    29

Elapsed time is 651.226958 seconds.

chan =

    30

Elapsed time is 650.069944 seconds.

chan =

    31

Elapsed time is 667.145611 seconds.

chan =

    32

Elapsed time is 677.743197 seconds.

chan =

    33

Elapsed time is 663.956995 seconds.

chan =

    34

Elapsed time is 666.646791 seconds.

chan =

    35

Elapsed time is 662.270330 seconds.

chan =

    36

Elapsed time is 667.265688 seconds.

chan =

    37

Elapsed time is 669.337285 seconds.

chan =

    38

Elapsed time is 668.083676 seconds.

chan =

    39

Elapsed time is 669.613664 seconds.

chan =

    40

Elapsed time is 664.975944 seconds.

chan =

    41

Elapsed time is 670.542371 seconds.

chan =

    42

Elapsed time is 668.718114 seconds.

chan =

    43

Elapsed time is 668.326169 seconds.

chan =

    44

Elapsed time is 670.800740 seconds.

chan =

    45

Elapsed time is 668.955697 seconds.

chan =

    46

Elapsed time is 668.725450 seconds.

chan =

    47

Elapsed time is 658.974771 seconds.

chan =

    48

Elapsed time is 671.240803 seconds.

chan =

    49

Elapsed time is 668.236485 seconds.

chan =

    50

Elapsed time is 647.250414 seconds.

chan =

    51

Elapsed time is 644.551819 seconds.

chan =

    52

Elapsed time is 646.677315 seconds.

chan =

    53

Elapsed time is 642.815168 seconds.

chan =

    54

Elapsed time is 611.474648 seconds.

chan =

    55

Elapsed time is 558.450712 seconds.

chan =

    56

Elapsed time is 536.535913 seconds.

chan =

    57

Elapsed time is 516.895809 seconds.

chan =

    58

Elapsed time is 501.400792 seconds.

chan =

    59

Elapsed time is 500.733894 seconds.

chan =

    60

Elapsed time is 500.521288 seconds.

chan =

    61

Elapsed time is 500.145334 seconds.

chan =

    62

Elapsed time is 500.816942 seconds.

chan =

    63

Elapsed time is 500.856259 seconds.

chan =

    64

Elapsed time is 503.309342 seconds.

chan =

    65

Elapsed time is 500.168472 seconds.

chan =

    66

Elapsed time is 502.717180 seconds.

chan =

    67

Elapsed time is 500.492370 seconds.

chan =

    68

Elapsed time is 501.407602 seconds.

chan =

    69

Elapsed time is 500.733441 seconds.

chan =

    70

Elapsed time is 501.738202 seconds.

chan =

    71

Elapsed time is 501.427032 seconds.

chan =

    72

Elapsed time is 503.286461 seconds.

chan =

    73

Elapsed time is 500.783488 seconds.

chan =

    74

Elapsed time is 501.567611 seconds.

chan =

    75

Elapsed time is 501.239937 seconds.

chan =

    76

Elapsed time is 500.997088 seconds.

chan =

    77

Elapsed time is 500.822083 seconds.

chan =

    78

Elapsed time is 501.535997 seconds.

chan =

    79

Elapsed time is 500.096091 seconds.

chan =

    80

Elapsed time is 503.381894 seconds.

chan =

    81

Elapsed time is 499.955348 seconds.

chan =

    82

Elapsed time is 503.169499 seconds.

chan =

    83

Elapsed time is 502.308715 seconds.

chan =

    84

Elapsed time is 502.599598 seconds.

chan =

    85

Elapsed time is 502.678673 seconds.

chan =

    86

Elapsed time is 502.208875 seconds.

chan =

    87

Elapsed time is 499.748185 seconds.

chan =

    88

Elapsed time is 503.088621 seconds.

chan =

    89

Elapsed time is 502.403232 seconds.

chan =

    90

Elapsed time is 504.175441 seconds.

chan =

    91

Elapsed time is 501.730103 seconds.

chan =

    92

Elapsed time is 504.094960 seconds.

chan =

    93

Elapsed time is 504.458162 seconds.

chan =

    94

Elapsed time is 503.586627 seconds.

chan =

    95

Elapsed time is 502.131372 seconds.

chan =

    96

Elapsed time is 503.103680 seconds.

chan =

    97

Elapsed time is 501.568128 seconds.

chan =

    98

Elapsed time is 504.990044 seconds.

chan =

    99

Elapsed time is 494.162187 seconds.

chan =

   100

Elapsed time is 499.200118 seconds.

chan =

   101

Elapsed time is 500.264965 seconds.

chan =

   102

Elapsed time is 501.402431 seconds.

chan =

   103

Elapsed time is 500.922948 seconds.

chan =

   104

Elapsed time is 501.500847 seconds.

chan =

   105

Elapsed time is 498.534208 seconds.

chan =

   106

Elapsed time is 499.744048 seconds.

chan =

   107

Elapsed time is 494.464241 seconds.

chan =

   108

Elapsed time is 493.240285 seconds.

chan =

   109

Elapsed time is 493.350444 seconds.

chan =

   110

Elapsed time is 494.408186 seconds.

chan =

   111

Elapsed time is 493.934101 seconds.

chan =

   112

Elapsed time is 494.925067 seconds.

chan =

   113

Elapsed time is 495.286078 seconds.

chan =

   114

Elapsed time is 457.459428 seconds.
attempting saving
save success: /projects/p31578/dtf8829/QuestConnect/CHANDAT/chanDat_SLCH010_042.mat
working on TF
encoding done
encoding RT done
