getting started: 3597
attempting file: 3597
going for SLCH010 3
data loaded: SLCH010 3
HFB already done

chan =

     1

Elapsed time is 407.714431 seconds.

chan =

     2

Elapsed time is 407.257250 seconds.

chan =

     3

Elapsed time is 414.710898 seconds.

chan =

     4

Elapsed time is 406.664452 seconds.

chan =

     5

Elapsed time is 405.510195 seconds.

chan =

     6

Elapsed time is 405.686646 seconds.

chan =

     7

Elapsed time is 402.412187 seconds.

chan =

     8

Elapsed time is 403.723312 seconds.

chan =

     9

Elapsed time is 402.595245 seconds.

chan =

    10

Elapsed time is 394.921582 seconds.

chan =

    11

Elapsed time is 399.500811 seconds.

chan =

    12

Elapsed time is 399.375942 seconds.

chan =

    13

Elapsed time is 401.745107 seconds.

chan =

    14

Elapsed time is 395.291915 seconds.

chan =

    15

Elapsed time is 400.283739 seconds.

chan =

    16

Elapsed time is 400.586021 seconds.

chan =

    17

Elapsed time is 406.784310 seconds.

chan =

    18

Elapsed time is 407.265735 seconds.

chan =

    19

Elapsed time is 405.909779 seconds.

chan =

    20

Elapsed time is 401.936667 seconds.

chan =

    21

Elapsed time is 407.083545 seconds.

chan =

    22

Elapsed time is 404.524102 seconds.

chan =

    23

Elapsed time is 406.824362 seconds.

chan =

    24

Elapsed time is 408.349169 seconds.

chan =

    25

Elapsed time is 409.312285 seconds.

chan =

    26

Elapsed time is 403.209856 seconds.

chan =

    27

Elapsed time is 411.708665 seconds.

chan =

    28

Elapsed time is 403.652731 seconds.

chan =

    29

Elapsed time is 404.466100 seconds.

chan =

    30

Elapsed time is 401.832947 seconds.

chan =

    31

Elapsed time is 401.356479 seconds.

chan =

    32

Elapsed time is 404.427587 seconds.

chan =

    33

Elapsed time is 412.183041 seconds.

chan =

    34

Elapsed time is 405.755066 seconds.

chan =

    35

Elapsed time is 405.428707 seconds.

chan =

    36

Elapsed time is 409.266346 seconds.

chan =

    37

Elapsed time is 405.466165 seconds.

chan =

    38

Elapsed time is 406.816924 seconds.

chan =

    39

Elapsed time is 413.028560 seconds.

chan =

    40

Elapsed time is 410.255319 seconds.

chan =

    41

Elapsed time is 406.879566 seconds.

chan =

    42

Elapsed time is 409.523241 seconds.

chan =

    43

Elapsed time is 403.908598 seconds.

chan =

    44

Elapsed time is 399.329860 seconds.

chan =

    45

Elapsed time is 398.578049 seconds.

chan =

    46

Elapsed time is 403.121166 seconds.

chan =

    47

Elapsed time is 394.854320 seconds.

chan =

    48

Elapsed time is 394.004072 seconds.

chan =

    49

Elapsed time is 391.155589 seconds.

chan =

    50

Elapsed time is 397.899717 seconds.

chan =

    51

Elapsed time is 388.441271 seconds.

chan =

    52

Elapsed time is 393.758493 seconds.

chan =

    53

Elapsed time is 397.376439 seconds.

chan =

    54

Elapsed time is 396.734510 seconds.

chan =

    55

Elapsed time is 388.937453 seconds.

chan =

    56

Elapsed time is 391.834649 seconds.

chan =

    57

Elapsed time is 390.798473 seconds.

chan =

    58

Elapsed time is 388.854047 seconds.

chan =

    59

Elapsed time is 393.958949 seconds.

chan =

    60

Elapsed time is 393.262302 seconds.

chan =

    61

Elapsed time is 395.759602 seconds.

chan =

    62

Elapsed time is 398.823107 seconds.

chan =

    63

Elapsed time is 405.661596 seconds.

chan =

    64

Elapsed time is 399.429009 seconds.

chan =

    65

Elapsed time is 391.254959 seconds.

chan =

    66

Elapsed time is 398.855296 seconds.

chan =

    67

Elapsed time is 396.438967 seconds.

chan =

    68

Elapsed time is 398.530398 seconds.

chan =

    69

Elapsed time is 403.633124 seconds.

chan =

    70

Elapsed time is 396.111407 seconds.

chan =

    71

Elapsed time is 400.883314 seconds.

chan =

    72

Elapsed time is 400.819580 seconds.

chan =

    73

Elapsed time is 396.826601 seconds.

chan =

    74

Elapsed time is 396.917923 seconds.

chan =

    75

Elapsed time is 394.308221 seconds.

chan =

    76

Elapsed time is 392.873942 seconds.

chan =

    77

Elapsed time is 395.473673 seconds.

chan =

    78

Elapsed time is 395.383929 seconds.

chan =

    79

Elapsed time is 397.382450 seconds.

chan =

    80

Elapsed time is 395.116221 seconds.

chan =

    81

Elapsed time is 396.232714 seconds.

chan =

    82

Elapsed time is 405.966882 seconds.

chan =

    83

Elapsed time is 401.737990 seconds.

chan =

    84

Elapsed time is 414.179643 seconds.

chan =

    85

Elapsed time is 409.708408 seconds.

chan =

    86

Elapsed time is 400.122716 seconds.

chan =

    87

Elapsed time is 396.013693 seconds.

chan =

    88

Elapsed time is 395.255394 seconds.

chan =

    89

Elapsed time is 402.071099 seconds.

chan =

    90

Elapsed time is 400.124466 seconds.

chan =

    91

Elapsed time is 397.072281 seconds.

chan =

    92

Elapsed time is 394.876814 seconds.

chan =

    93

Elapsed time is 398.932791 seconds.

chan =

    94

Elapsed time is 395.090872 seconds.

chan =

    95

Elapsed time is 389.407476 seconds.

chan =

    96

Elapsed time is 391.910248 seconds.

chan =

    97

Elapsed time is 394.226946 seconds.

chan =

    98

Elapsed time is 397.235113 seconds.

chan =

    99

Elapsed time is 394.680101 seconds.

chan =

   100

Elapsed time is 389.685374 seconds.

chan =

   101

Elapsed time is 390.986039 seconds.

chan =

   102

Elapsed time is 393.171120 seconds.

chan =

   103

Elapsed time is 391.870102 seconds.

chan =

   104

Elapsed time is 389.949429 seconds.

chan =

   105

Elapsed time is 391.089153 seconds.

chan =

   106

Elapsed time is 401.507623 seconds.

chan =

   107

Elapsed time is 390.682984 seconds.

chan =

   108

Elapsed time is 387.958727 seconds.

chan =

   109

Elapsed time is 391.048450 seconds.

chan =

   110

Elapsed time is 392.347717 seconds.

chan =

   111

Elapsed time is 386.176027 seconds.

chan =

   112

Elapsed time is 363.608327 seconds.

chan =

   113

Elapsed time is 362.127662 seconds.

chan =

   114

Elapsed time is 362.480805 seconds.
attempting saving
save success: /projects/p31578/dtf8829/QuestConnect/CHANDAT/chanDat_SLCH010_003.mat
working on TF
encoding done
encoding RT done
