getting started: 3635
attempting file: 3635
going for SLCH010 41
data loaded: SLCH010 41
HFB already done

chan =

     1

Elapsed time is 691.678151 seconds.

chan =

     2

Elapsed time is 685.053916 seconds.

chan =

     3

Elapsed time is 682.116355 seconds.

chan =

     4

Elapsed time is 680.739854 seconds.

chan =

     5

Elapsed time is 677.980142 seconds.

chan =

     6

Elapsed time is 679.892015 seconds.

chan =

     7

Elapsed time is 674.728613 seconds.

chan =

     8

Elapsed time is 678.880075 seconds.

chan =

     9

Elapsed time is 674.763816 seconds.

chan =

    10

Elapsed time is 677.717003 seconds.

chan =

    11

Elapsed time is 663.941900 seconds.

chan =

    12

Elapsed time is 666.590992 seconds.

chan =

    13

Elapsed time is 656.452370 seconds.

chan =

    14

Elapsed time is 656.129622 seconds.

chan =

    15

Elapsed time is 645.839231 seconds.

chan =

    16

Elapsed time is 645.540522 seconds.

chan =

    17

Elapsed time is 644.983002 seconds.

chan =

    18

Elapsed time is 646.665614 seconds.

chan =

    19

Elapsed time is 644.083889 seconds.

chan =

    20

Elapsed time is 643.485371 seconds.

chan =

    21

Elapsed time is 645.779705 seconds.

chan =

    22

Elapsed time is 644.879125 seconds.

chan =

    23

Elapsed time is 644.721905 seconds.

chan =

    24

Elapsed time is 646.173866 seconds.

chan =

    25

Elapsed time is 648.822566 seconds.

chan =

    26

Elapsed time is 647.551313 seconds.

chan =

    27

Elapsed time is 649.989783 seconds.

chan =

    28

Elapsed time is 649.963515 seconds.

chan =

    29

Elapsed time is 650.304866 seconds.

chan =

    30

Elapsed time is 648.386930 seconds.

chan =

    31

Elapsed time is 661.128880 seconds.

chan =

    32

Elapsed time is 674.842468 seconds.

chan =

    33

Elapsed time is 663.439115 seconds.

chan =

    34

Elapsed time is 665.178773 seconds.

chan =

    35

Elapsed time is 664.884208 seconds.

chan =

    36

Elapsed time is 660.993774 seconds.

chan =

    37

Elapsed time is 668.047307 seconds.

chan =

    38

Elapsed time is 665.426361 seconds.

chan =

    39

Elapsed time is 667.281767 seconds.

chan =

    40

Elapsed time is 661.106670 seconds.

chan =

    41

Elapsed time is 668.591476 seconds.

chan =

    42

Elapsed time is 665.972469 seconds.

chan =

    43

Elapsed time is 663.423771 seconds.

chan =

    44

Elapsed time is 667.985681 seconds.

chan =

    45

Elapsed time is 668.344618 seconds.

chan =

    46

Elapsed time is 666.299876 seconds.

chan =

    47

Elapsed time is 657.647343 seconds.

chan =

    48

Elapsed time is 666.041257 seconds.

chan =

    49

Elapsed time is 667.162899 seconds.

chan =

    50

Elapsed time is 647.675125 seconds.

chan =

    51

Elapsed time is 641.556030 seconds.

chan =

    52

Elapsed time is 642.875840 seconds.

chan =

    53

Elapsed time is 640.001167 seconds.

chan =

    54

Elapsed time is 628.584841 seconds.

chan =

    55

Elapsed time is 561.610133 seconds.

chan =

    56

Elapsed time is 537.836611 seconds.

chan =

    57

Elapsed time is 517.758021 seconds.

chan =

    58

Elapsed time is 501.755120 seconds.

chan =

    59

Elapsed time is 495.804365 seconds.

chan =

    60

Elapsed time is 497.531974 seconds.

chan =

    61

Elapsed time is 495.900011 seconds.

chan =

    62

Elapsed time is 497.206622 seconds.

chan =

    63

Elapsed time is 497.291205 seconds.

chan =

    64

Elapsed time is 497.868459 seconds.

chan =

    65

Elapsed time is 495.011708 seconds.

chan =

    66

Elapsed time is 498.681273 seconds.

chan =

    67

Elapsed time is 496.196932 seconds.

chan =

    68

Elapsed time is 496.605394 seconds.

chan =

    69

Elapsed time is 495.103300 seconds.

chan =

    70

Elapsed time is 498.299865 seconds.

chan =

    71

Elapsed time is 497.442511 seconds.

chan =

    72

Elapsed time is 498.574214 seconds.

chan =

    73

Elapsed time is 496.998624 seconds.

chan =

    74

Elapsed time is 498.405901 seconds.

chan =

    75

Elapsed time is 496.838358 seconds.

chan =

    76

Elapsed time is 498.190795 seconds.

chan =

    77

Elapsed time is 497.069614 seconds.

chan =

    78

Elapsed time is 498.461739 seconds.

chan =

    79

Elapsed time is 497.335834 seconds.

chan =

    80

Elapsed time is 498.584174 seconds.

chan =

    81

Elapsed time is 497.985709 seconds.

chan =

    82

Elapsed time is 498.144509 seconds.

chan =

    83

Elapsed time is 496.378597 seconds.

chan =

    84

Elapsed time is 499.238683 seconds.

chan =

    85

Elapsed time is 497.353164 seconds.

chan =

    86

Elapsed time is 499.003324 seconds.

chan =

    87

Elapsed time is 495.594629 seconds.

chan =

    88

Elapsed time is 498.471738 seconds.

chan =

    89

Elapsed time is 498.473997 seconds.

chan =

    90

Elapsed time is 499.830221 seconds.

chan =

    91

Elapsed time is 497.078227 seconds.

chan =

    92

Elapsed time is 499.894455 seconds.

chan =

    93

Elapsed time is 498.624908 seconds.

chan =

    94

Elapsed time is 499.708778 seconds.

chan =

    95

Elapsed time is 496.215432 seconds.

chan =

    96

Elapsed time is 497.818658 seconds.

chan =

    97

Elapsed time is 496.321340 seconds.

chan =

    98

Elapsed time is 500.127120 seconds.

chan =

    99

Elapsed time is 498.270251 seconds.

chan =

   100

Elapsed time is 489.626842 seconds.

chan =

   101

Elapsed time is 495.767487 seconds.

chan =

   102

Elapsed time is 498.091885 seconds.

chan =

   103

Elapsed time is 496.026663 seconds.

chan =

   104

Elapsed time is 497.502435 seconds.

chan =

   105

Elapsed time is 491.844344 seconds.

chan =

   106

Elapsed time is 491.042226 seconds.

chan =

   107

Elapsed time is 487.756254 seconds.

chan =

   108

Elapsed time is 489.016199 seconds.

chan =

   109

Elapsed time is 488.230134 seconds.

chan =

   110

Elapsed time is 491.133705 seconds.

chan =

   111

Elapsed time is 489.301639 seconds.

chan =

   112

Elapsed time is 490.222842 seconds.

chan =

   113

Elapsed time is 489.793818 seconds.

chan =

   114

Elapsed time is 492.410276 seconds.
attempting saving
save success: /projects/p31578/dtf8829/QuestConnect/CHANDAT/chanDat_SLCH010_041.mat
working on TF
