getting started: 3627
attempting file: 3627
going for SLCH010 33
data loaded: SLCH010 33
HFB already done

chan =

     1

Elapsed time is 552.055559 seconds.

chan =

     2

Elapsed time is 532.715973 seconds.

chan =

     3

Elapsed time is 533.151941 seconds.

chan =

     4

Elapsed time is 536.818571 seconds.

chan =

     5

Elapsed time is 527.134514 seconds.

chan =

     6

Elapsed time is 531.307561 seconds.

chan =

     7

Elapsed time is 535.029594 seconds.

chan =

     8

Elapsed time is 532.215806 seconds.

chan =

     9

Elapsed time is 532.804642 seconds.

chan =

    10

Elapsed time is 536.432771 seconds.

chan =

    11

Elapsed time is 528.687770 seconds.

chan =

    12

Elapsed time is 534.172409 seconds.

chan =

    13

Elapsed time is 531.966539 seconds.

chan =

    14

Elapsed time is 526.600304 seconds.

chan =

    15

Elapsed time is 534.331631 seconds.

chan =

    16

Elapsed time is 530.095605 seconds.

chan =

    17

Elapsed time is 531.362024 seconds.

chan =

    18

Elapsed time is 534.995281 seconds.

chan =

    19

Elapsed time is 527.914667 seconds.

chan =

    20

Elapsed time is 532.902095 seconds.

chan =

    21

Elapsed time is 524.748271 seconds.

chan =

    22

Elapsed time is 533.267122 seconds.

chan =

    23

Elapsed time is 527.503207 seconds.

chan =

    24

Elapsed time is 534.378703 seconds.

chan =

    25

Elapsed time is 529.520183 seconds.

chan =

    26

Elapsed time is 533.732558 seconds.

chan =

    27

Elapsed time is 527.633441 seconds.

chan =

    28

Elapsed time is 530.045379 seconds.

chan =

    29

Elapsed time is 531.153131 seconds.

chan =

    30

Elapsed time is 530.428786 seconds.

chan =

    31

Elapsed time is 529.873915 seconds.

chan =

    32

Elapsed time is 533.679321 seconds.

chan =

    33

Elapsed time is 535.407829 seconds.

chan =

    34

Elapsed time is 534.189803 seconds.

chan =

    35

Elapsed time is 532.099699 seconds.

chan =

    36

Elapsed time is 534.763342 seconds.

chan =

    37

Elapsed time is 533.975811 seconds.

chan =

    38

Elapsed time is 535.809691 seconds.

chan =

    39

Elapsed time is 533.903436 seconds.

chan =

    40

Elapsed time is 536.109745 seconds.

chan =

    41

Elapsed time is 534.689811 seconds.

chan =

    42

Elapsed time is 534.404513 seconds.

chan =

    43

Elapsed time is 534.918316 seconds.

chan =

    44

Elapsed time is 540.346044 seconds.

chan =

    45

Elapsed time is 540.144760 seconds.

chan =

    46

Elapsed time is 542.992500 seconds.

chan =

    47

Elapsed time is 547.202960 seconds.

chan =

    48

Elapsed time is 537.561782 seconds.

chan =

    49

Elapsed time is 535.179845 seconds.

chan =

    50

Elapsed time is 534.087025 seconds.

chan =

    51

Elapsed time is 538.724590 seconds.

chan =

    52

Elapsed time is 533.209579 seconds.

chan =

    53

Elapsed time is 526.510479 seconds.

chan =

    54

Elapsed time is 537.223076 seconds.

chan =

    55

Elapsed time is 536.570383 seconds.

chan =

    56

Elapsed time is 535.049434 seconds.

chan =

    57

Elapsed time is 530.878952 seconds.

chan =

    58

Elapsed time is 534.310540 seconds.

chan =

    59

Elapsed time is 541.222645 seconds.

chan =

    60

Elapsed time is 535.287218 seconds.

chan =

    61

Elapsed time is 531.832334 seconds.

chan =

    62

Elapsed time is 539.599206 seconds.

chan =

    63

Elapsed time is 542.219575 seconds.

chan =

    64

Elapsed time is 535.814766 seconds.

chan =

    65

Elapsed time is 534.691215 seconds.

chan =

    66

Elapsed time is 542.862802 seconds.

chan =

    67

Elapsed time is 536.485557 seconds.

chan =

    68

Elapsed time is 533.895382 seconds.

chan =

    69

Elapsed time is 541.741374 seconds.

chan =

    70

Elapsed time is 537.164673 seconds.

chan =

    71

Elapsed time is 530.627261 seconds.

chan =

    72

Elapsed time is 536.869956 seconds.

chan =

    73

Elapsed time is 530.955046 seconds.

chan =

    74

Elapsed time is 525.961452 seconds.

chan =

    75

Elapsed time is 532.405636 seconds.

chan =

    76

Elapsed time is 529.158894 seconds.

chan =

    77

Elapsed time is 526.776094 seconds.

chan =

    78

Elapsed time is 535.661498 seconds.

chan =

    79

Elapsed time is 528.125354 seconds.

chan =

    80

Elapsed time is 529.317348 seconds.

chan =

    81

Elapsed time is 533.979665 seconds.

chan =

    82

Elapsed time is 525.953802 seconds.

chan =

    83

Elapsed time is 535.679586 seconds.

chan =

    84

Elapsed time is 527.664503 seconds.

chan =

    85

Elapsed time is 535.514305 seconds.

chan =

    86

Elapsed time is 526.666770 seconds.

chan =

    87

Elapsed time is 535.460544 seconds.

chan =

    88

Elapsed time is 528.893350 seconds.

chan =

    89

Elapsed time is 536.319611 seconds.

chan =

    90

Elapsed time is 536.308525 seconds.

chan =

    91

Elapsed time is 529.388985 seconds.

chan =

    92

Elapsed time is 541.602981 seconds.

chan =

    93

Elapsed time is 535.093149 seconds.

chan =

    94

Elapsed time is 530.557280 seconds.

chan =

    95

Elapsed time is 537.527020 seconds.

chan =

    96

Elapsed time is 535.288709 seconds.

chan =

    97

Elapsed time is 530.473088 seconds.

chan =

    98

Elapsed time is 538.768480 seconds.

chan =

    99

Elapsed time is 536.957837 seconds.

chan =

   100

Elapsed time is 536.651010 seconds.

chan =

   101

Elapsed time is 535.641719 seconds.

chan =

   102

Elapsed time is 541.462783 seconds.

chan =

   103

Elapsed time is 539.987640 seconds.

chan =

   104

Elapsed time is 542.727737 seconds.

chan =

   105

Elapsed time is 543.086386 seconds.

chan =

   106

Elapsed time is 547.087594 seconds.

chan =

   107

Elapsed time is 545.820432 seconds.

chan =

   108

Elapsed time is 548.771130 seconds.

chan =

   109

Elapsed time is 553.799404 seconds.

chan =

   110

Elapsed time is 498.486353 seconds.

chan =

   111

Elapsed time is 532.708059 seconds.

chan =

   112

Elapsed time is 532.404853 seconds.

chan =

   113

Elapsed time is 533.181641 seconds.

chan =

   114

Elapsed time is 518.158279 seconds.
attempting saving
save success: /projects/p31578/dtf8829/QuestConnect/CHANDAT/chanDat_SLCH010_033.mat
working on TF
encoding done
encoding RT done
