getting started: 3643
attempting file: 3643
going for SLCH010 49
data loaded: SLCH010 49
HFB already done

chan =

     1

Elapsed time is 426.353922 seconds.

chan =

     2

Elapsed time is 427.392758 seconds.

chan =

     3

Elapsed time is 420.273352 seconds.

chan =

     4

Elapsed time is 426.900253 seconds.

chan =

     5

Elapsed time is 425.801980 seconds.

chan =

     6

Elapsed time is 421.796195 seconds.

chan =

     7

Elapsed time is 430.023494 seconds.

chan =

     8

Elapsed time is 431.187466 seconds.

chan =

     9

Elapsed time is 433.329474 seconds.

chan =

    10

Elapsed time is 431.645401 seconds.

chan =

    11

Elapsed time is 427.312815 seconds.

chan =

    12

Elapsed time is 431.941216 seconds.

chan =

    13

Elapsed time is 429.706119 seconds.

chan =

    14

Elapsed time is 426.550019 seconds.

chan =

    15

Elapsed time is 429.300143 seconds.

chan =

    16

Elapsed time is 428.061058 seconds.

chan =

    17

Elapsed time is 426.514371 seconds.

chan =

    18

Elapsed time is 434.661493 seconds.

chan =

    19

Elapsed time is 426.721463 seconds.

chan =

    20

Elapsed time is 426.989147 seconds.

chan =

    21

Elapsed time is 429.609480 seconds.

chan =

    22

Elapsed time is 432.206651 seconds.

chan =

    23

Elapsed time is 430.327383 seconds.

chan =

    24

Elapsed time is 431.766897 seconds.

chan =

    25

Elapsed time is 426.914816 seconds.

chan =

    26

Elapsed time is 431.736566 seconds.

chan =

    27

Elapsed time is 430.682384 seconds.

chan =

    28

Elapsed time is 429.644826 seconds.

chan =

    29

Elapsed time is 429.406850 seconds.

chan =

    30

Elapsed time is 430.793355 seconds.

chan =

    31

Elapsed time is 427.656865 seconds.

chan =

    32

Elapsed time is 429.670538 seconds.

chan =

    33

Elapsed time is 426.592690 seconds.

chan =

    34

Elapsed time is 427.597214 seconds.

chan =

    35

Elapsed time is 423.543756 seconds.

chan =

    36

Elapsed time is 430.898466 seconds.

chan =

    37

Elapsed time is 428.751925 seconds.

chan =

    38

Elapsed time is 430.179278 seconds.

chan =

    39

Elapsed time is 428.835353 seconds.

chan =

    40

Elapsed time is 432.070963 seconds.

chan =

    41

Elapsed time is 429.014910 seconds.

chan =

    42

Elapsed time is 425.848642 seconds.

chan =

    43

Elapsed time is 423.748078 seconds.

chan =

    44

Elapsed time is 426.556897 seconds.

chan =

    45

Elapsed time is 424.517797 seconds.

chan =

    46

Elapsed time is 428.664280 seconds.

chan =

    47

Elapsed time is 432.690965 seconds.

chan =

    48

Elapsed time is 429.935551 seconds.

chan =

    49

Elapsed time is 429.221410 seconds.

chan =

    50

Elapsed time is 431.949645 seconds.

chan =

    51

Elapsed time is 427.795137 seconds.

chan =

    52

Elapsed time is 430.528554 seconds.

chan =

    53

Elapsed time is 421.384820 seconds.

chan =

    54

Elapsed time is 427.448199 seconds.

chan =

    55

Elapsed time is 424.600719 seconds.

chan =

    56

Elapsed time is 427.617536 seconds.

chan =

    57

Elapsed time is 424.073081 seconds.

chan =

    58

Elapsed time is 424.394497 seconds.

chan =

    59

Elapsed time is 428.792278 seconds.

chan =

    60

Elapsed time is 428.397389 seconds.

chan =

    61

Elapsed time is 431.688656 seconds.

chan =

    62

Elapsed time is 430.432678 seconds.

chan =

    63

Elapsed time is 429.992139 seconds.

chan =

    64

Elapsed time is 429.831225 seconds.

chan =

    65

Elapsed time is 430.324184 seconds.

chan =

    66

Elapsed time is 425.871622 seconds.

chan =

    67

Elapsed time is 430.578804 seconds.

chan =

    68

Elapsed time is 431.737472 seconds.

chan =

    69

Elapsed time is 428.149649 seconds.

chan =

    70

Elapsed time is 423.798255 seconds.

chan =

    71

Elapsed time is 427.668431 seconds.

chan =

    72

Elapsed time is 429.813667 seconds.

chan =

    73

Elapsed time is 426.450392 seconds.

chan =

    74

Elapsed time is 424.979746 seconds.

chan =

    75

Elapsed time is 425.987850 seconds.

chan =

    76

Elapsed time is 426.562221 seconds.

chan =

    77

Elapsed time is 426.337401 seconds.

chan =

    78

Elapsed time is 425.280740 seconds.

chan =

    79

Elapsed time is 424.476449 seconds.

chan =

    80

Elapsed time is 430.601990 seconds.

chan =

    81

Elapsed time is 431.735946 seconds.

chan =

    82

Elapsed time is 430.278537 seconds.

chan =

    83

Elapsed time is 429.701783 seconds.

chan =

    84

Elapsed time is 430.018636 seconds.

chan =

    85

Elapsed time is 428.876475 seconds.

chan =

    86

Elapsed time is 427.497627 seconds.

chan =

    87

Elapsed time is 426.276153 seconds.

chan =

    88

Elapsed time is 422.893030 seconds.

chan =

    89

Elapsed time is 428.636567 seconds.

chan =

    90

Elapsed time is 428.145699 seconds.

chan =

    91

Elapsed time is 425.189250 seconds.

chan =

    92

Elapsed time is 429.448825 seconds.

chan =

    93

Elapsed time is 424.791758 seconds.

chan =

    94

Elapsed time is 428.074284 seconds.

chan =

    95

Elapsed time is 421.641409 seconds.

chan =

    96

Elapsed time is 422.407446 seconds.

chan =

    97

Elapsed time is 422.975681 seconds.

chan =

    98

Elapsed time is 426.283939 seconds.

chan =

    99

Elapsed time is 424.814223 seconds.

chan =

   100

Elapsed time is 423.095476 seconds.

chan =

   101

Elapsed time is 423.225403 seconds.

chan =

   102

Elapsed time is 429.547039 seconds.

chan =

   103

Elapsed time is 424.810488 seconds.

chan =

   104

Elapsed time is 429.038080 seconds.

chan =

   105

Elapsed time is 424.672906 seconds.

chan =

   106

Elapsed time is 426.348715 seconds.

chan =

   107

Elapsed time is 426.669952 seconds.

chan =

   108

Elapsed time is 427.067075 seconds.

chan =

   109

Elapsed time is 426.315934 seconds.

chan =

   110

Elapsed time is 429.035297 seconds.

chan =

   111

Elapsed time is 429.626972 seconds.

chan =

   112

Elapsed time is 428.428859 seconds.

chan =

   113

Elapsed time is 429.366379 seconds.

chan =

   114

Elapsed time is 424.557055 seconds.
attempting saving
save success: /projects/p31578/dtf8829/QuestConnect/CHANDAT/chanDat_SLCH010_049.mat
working on TF
