getting started: 3342
attempting file: 3342
going for SD5 91
data loaded: SD5 91
HFB already done

chan =

     1

Elapsed time is 301.304376 seconds.

chan =

     2

Elapsed time is 303.323047 seconds.

chan =

     3

Elapsed time is 302.095097 seconds.

chan =

     4

Elapsed time is 315.064748 seconds.

chan =

     5

Elapsed time is 299.220076 seconds.

chan =

     6

Elapsed time is 298.121010 seconds.

chan =

     7

Elapsed time is 292.599596 seconds.

chan =

     8

Elapsed time is 295.358351 seconds.

chan =

     9

Elapsed time is 299.105817 seconds.

chan =

    10

Elapsed time is 298.911587 seconds.

chan =

    11

Elapsed time is 297.829976 seconds.

chan =

    12

Elapsed time is 293.923516 seconds.

chan =

    13

Elapsed time is 292.164540 seconds.

chan =

    14

Elapsed time is 289.638092 seconds.

chan =

    15

Elapsed time is 290.157324 seconds.

chan =

    16

Elapsed time is 293.648333 seconds.

chan =

    17

Elapsed time is 288.742783 seconds.

chan =

    18

Elapsed time is 286.513774 seconds.

chan =

    19

Elapsed time is 282.323636 seconds.

chan =

    20

Elapsed time is 277.206660 seconds.

chan =

    21

Elapsed time is 282.235343 seconds.

chan =

    22

Elapsed time is 288.384681 seconds.

chan =

    23

Elapsed time is 295.368753 seconds.

chan =

    24

Elapsed time is 288.756196 seconds.

chan =

    25

Elapsed time is 282.896208 seconds.

chan =

    26

Elapsed time is 287.511866 seconds.

chan =

    27

Elapsed time is 285.273773 seconds.

chan =

    28

Elapsed time is 279.201593 seconds.

chan =

    29

Elapsed time is 276.586662 seconds.

chan =

    30

Elapsed time is 277.082558 seconds.

chan =

    31

Elapsed time is 277.148398 seconds.

chan =

    32

Elapsed time is 286.879207 seconds.

chan =

    33

Elapsed time is 279.809663 seconds.

chan =

    34

Elapsed time is 288.398463 seconds.

chan =

    35

Elapsed time is 288.091246 seconds.

chan =

    36

Elapsed time is 288.547149 seconds.

chan =

    37

Elapsed time is 279.837315 seconds.

chan =

    38

Elapsed time is 292.057811 seconds.

chan =

    39

Elapsed time is 282.063772 seconds.

chan =

    40

Elapsed time is 268.642683 seconds.

chan =

    41

Elapsed time is 277.813392 seconds.

chan =

    42

Elapsed time is 261.158224 seconds.

chan =

    43

Elapsed time is 264.713811 seconds.

chan =

    44

Elapsed time is 265.760421 seconds.

chan =

    45

Elapsed time is 261.142694 seconds.

chan =

    46

Elapsed time is 263.175958 seconds.

chan =

    47

Elapsed time is 274.882189 seconds.

chan =

    48

Elapsed time is 282.196670 seconds.

chan =

    49

Elapsed time is 283.811309 seconds.

chan =

    50

Elapsed time is 270.029483 seconds.

chan =

    51

Elapsed time is 265.502377 seconds.

chan =

    52

Elapsed time is 261.480158 seconds.

chan =

    53

Elapsed time is 259.931151 seconds.

chan =

    54

Elapsed time is 260.030239 seconds.

chan =

    55

Elapsed time is 261.024440 seconds.

chan =

    56

Elapsed time is 256.006651 seconds.

chan =

    57

Elapsed time is 264.093506 seconds.

chan =

    58

Elapsed time is 257.390190 seconds.

chan =

    59

Elapsed time is 261.143469 seconds.

chan =

    60

Elapsed time is 260.607867 seconds.

chan =

    61

Elapsed time is 263.829945 seconds.

chan =

    62

Elapsed time is 260.032595 seconds.

chan =

    63

Elapsed time is 263.037378 seconds.

chan =

    64

Elapsed time is 261.602952 seconds.

chan =

    65

Elapsed time is 259.045584 seconds.

chan =

    66

Elapsed time is 246.649461 seconds.

chan =

    67

Elapsed time is 241.892820 seconds.

chan =

    68

Elapsed time is 235.724090 seconds.

chan =

    69

Elapsed time is 248.529799 seconds.

chan =

    70

Elapsed time is 244.322506 seconds.

chan =

    71

Elapsed time is 247.715605 seconds.

chan =

    72

Elapsed time is 243.898945 seconds.

chan =

    73

Elapsed time is 240.662129 seconds.

chan =

    74

Elapsed time is 240.567518 seconds.

chan =

    75

Elapsed time is 243.476829 seconds.

chan =

    76

Elapsed time is 242.565368 seconds.

chan =

    77

Elapsed time is 244.928875 seconds.

chan =

    78

Elapsed time is 239.182963 seconds.

chan =

    79

Elapsed time is 245.722229 seconds.

chan =

    80

Elapsed time is 244.630128 seconds.

chan =

    81

Elapsed time is 244.663950 seconds.

chan =

    82

Elapsed time is 246.567688 seconds.

chan =

    83

Elapsed time is 245.564023 seconds.

chan =

    84

Elapsed time is 243.820641 seconds.

chan =

    85

Elapsed time is 239.985696 seconds.

chan =

    86

Elapsed time is 237.283597 seconds.

chan =

    87

Elapsed time is 237.686811 seconds.

chan =

    88

Elapsed time is 236.280253 seconds.

chan =

    89

Elapsed time is 237.442151 seconds.

chan =

    90

Elapsed time is 237.068247 seconds.

chan =

    91

Elapsed time is 265.169324 seconds.

chan =

    92

Elapsed time is 270.656124 seconds.

chan =

    93

Elapsed time is 261.063581 seconds.

chan =

    94

Elapsed time is 270.967618 seconds.

chan =

    95

Elapsed time is 272.033998 seconds.

chan =

    96

Elapsed time is 273.656345 seconds.

chan =

    97

Elapsed time is 272.600241 seconds.

chan =

    98

Elapsed time is 272.881389 seconds.

chan =

    99

Elapsed time is 272.969501 seconds.

chan =

   100

Elapsed time is 270.474161 seconds.

chan =

   101

Elapsed time is 256.508556 seconds.

chan =

   102

Elapsed time is 271.943473 seconds.

chan =

   103

Elapsed time is 272.816912 seconds.

chan =

   104

Elapsed time is 270.589754 seconds.

chan =

   105

Elapsed time is 269.397125 seconds.

chan =

   106

Elapsed time is 266.972289 seconds.

chan =

   107

Elapsed time is 250.331285 seconds.

chan =

   108

Elapsed time is 230.413398 seconds.

chan =

   109

Elapsed time is 266.193660 seconds.

