getting started: 3358
attempting file: 3358
going for SD5 107
data loaded: SD5 107
HFB already done

chan =

     1

Elapsed time is 291.182159 seconds.

chan =

     2

Elapsed time is 286.751506 seconds.

chan =

     3

Elapsed time is 268.017275 seconds.

chan =

     4

Elapsed time is 317.470149 seconds.

chan =

     5

Elapsed time is 352.088637 seconds.

chan =

     6

Elapsed time is 348.262223 seconds.

chan =

     7

Elapsed time is 346.992793 seconds.

chan =

     8

Elapsed time is 344.131045 seconds.

chan =

     9

Elapsed time is 346.957725 seconds.

chan =

    10

Elapsed time is 344.605428 seconds.

chan =

    11

Elapsed time is 345.089584 seconds.

chan =

    12

Elapsed time is 342.800968 seconds.

chan =

    13

Elapsed time is 347.179885 seconds.

chan =

    14

Elapsed time is 342.961522 seconds.

chan =

    15

Elapsed time is 347.774862 seconds.

chan =

    16

Elapsed time is 341.271366 seconds.

chan =

    17

Elapsed time is 345.377450 seconds.

chan =

    18

Elapsed time is 342.717832 seconds.

chan =

    19

Elapsed time is 346.350755 seconds.

chan =

    20

Elapsed time is 341.009820 seconds.

chan =

    21

Elapsed time is 343.746449 seconds.

chan =

    22

Elapsed time is 342.288483 seconds.

chan =

    23

Elapsed time is 347.585586 seconds.

chan =

    24

Elapsed time is 339.839461 seconds.

chan =

    25

Elapsed time is 342.236247 seconds.

chan =

    26

Elapsed time is 335.376999 seconds.

chan =

    27

Elapsed time is 342.377157 seconds.

chan =

    28

Elapsed time is 333.342090 seconds.

chan =

    29

Elapsed time is 333.728372 seconds.

chan =

    30

Elapsed time is 330.755919 seconds.

chan =

    31

Elapsed time is 336.188989 seconds.

chan =

    32

Elapsed time is 327.874513 seconds.

chan =

    33

Elapsed time is 331.659047 seconds.

chan =

    34

Elapsed time is 326.445521 seconds.

chan =

    35

Elapsed time is 333.300662 seconds.

chan =

    36

Elapsed time is 324.448033 seconds.

chan =

    37

Elapsed time is 332.041047 seconds.

chan =

    38

Elapsed time is 324.130168 seconds.

chan =

    39

Elapsed time is 330.841917 seconds.

chan =

    40

Elapsed time is 324.211094 seconds.

chan =

    41

Elapsed time is 331.064507 seconds.

chan =

    42

Elapsed time is 324.423850 seconds.

chan =

    43

Elapsed time is 330.700934 seconds.

chan =

    44

Elapsed time is 326.095945 seconds.

chan =

    45

Elapsed time is 331.465555 seconds.

chan =

    46

Elapsed time is 326.859069 seconds.

chan =

    47

Elapsed time is 331.858823 seconds.

chan =

    48

Elapsed time is 328.388176 seconds.

chan =

    49

Elapsed time is 329.955409 seconds.

chan =

    50

Elapsed time is 327.414245 seconds.

chan =

    51

Elapsed time is 329.628542 seconds.

chan =

    52

Elapsed time is 328.166680 seconds.

chan =

    53

Elapsed time is 328.958114 seconds.

chan =

    54

Elapsed time is 328.997351 seconds.

chan =

    55

Elapsed time is 330.077905 seconds.

chan =

    56

Elapsed time is 330.454117 seconds.

chan =

    57

Elapsed time is 331.364992 seconds.

chan =

    58

Elapsed time is 329.497285 seconds.

chan =

    59

Elapsed time is 329.480824 seconds.

chan =

    60

Elapsed time is 329.273762 seconds.

chan =

    61

Elapsed time is 326.009093 seconds.

chan =

    62

Elapsed time is 323.892418 seconds.

chan =

    63

Elapsed time is 325.987434 seconds.

chan =

    64

Elapsed time is 331.067955 seconds.

chan =

    65

Elapsed time is 338.917669 seconds.

chan =

    66

Elapsed time is 337.486332 seconds.

chan =

    67

Elapsed time is 336.747565 seconds.

chan =

    68

Elapsed time is 330.793391 seconds.

chan =

    69

Elapsed time is 331.758533 seconds.

chan =

    70

Elapsed time is 333.464744 seconds.

chan =

    71

Elapsed time is 334.750443 seconds.

chan =

    72

Elapsed time is 332.565507 seconds.

chan =

    73

Elapsed time is 330.215243 seconds.

chan =

    74

Elapsed time is 332.079436 seconds.

chan =

    75

Elapsed time is 337.061484 seconds.

chan =

    76

Elapsed time is 332.052347 seconds.

chan =

    77

Elapsed time is 334.981681 seconds.

chan =

    78

Elapsed time is 329.028982 seconds.

chan =

    79

Elapsed time is 333.465077 seconds.

chan =

    80

Elapsed time is 331.653748 seconds.

chan =

    81

Elapsed time is 335.636467 seconds.

chan =

    82

Elapsed time is 331.318524 seconds.

chan =

    83

Elapsed time is 330.496924 seconds.

chan =

    84

Elapsed time is 332.990125 seconds.

chan =

    85

Elapsed time is 335.998190 seconds.

chan =

    86

Elapsed time is 330.500031 seconds.

chan =

    87

Elapsed time is 333.115334 seconds.

chan =

    88

Elapsed time is 332.222571 seconds.

chan =

    89

Elapsed time is 336.405994 seconds.

chan =

    90

Elapsed time is 332.679806 seconds.

chan =

    91

Elapsed time is 336.936099 seconds.

chan =

    92

Elapsed time is 332.028560 seconds.

chan =

    93

Elapsed time is 335.383651 seconds.

chan =

    94

Elapsed time is 332.979857 seconds.

chan =

    95

Elapsed time is 333.932818 seconds.

chan =

    96

Elapsed time is 328.902675 seconds.

chan =

    97

Elapsed time is 328.801937 seconds.

chan =

    98

Elapsed time is 334.301064 seconds.

chan =

    99

Elapsed time is 335.050229 seconds.

chan =

   100

Elapsed time is 331.528344 seconds.

chan =

   101

Elapsed time is 334.014544 seconds.

chan =

   102

Elapsed time is 322.038303 seconds.

chan =

   103

Elapsed time is 325.453222 seconds.

chan =

   104

Elapsed time is 321.590588 seconds.

chan =

   105

Elapsed time is 323.915747 seconds.

chan =

   106

Elapsed time is 320.416175 seconds.

chan =

   107

Elapsed time is 324.373618 seconds.

chan =

   108

Elapsed time is 321.581907 seconds.

chan =

   109

Elapsed time is 322.848000 seconds.

