getting started: 3645
attempting file: 3645
going for SLCH010 51
data loaded: SLCH010 51
HFB already done

chan =

     1

Elapsed time is 596.794498 seconds.

chan =

     2

Elapsed time is 579.943200 seconds.

chan =

     3

Elapsed time is 590.876361 seconds.

chan =

     4

Elapsed time is 596.766158 seconds.

chan =

     5

Elapsed time is 580.800197 seconds.

chan =

     6

Elapsed time is 586.902535 seconds.

chan =

     7

Elapsed time is 575.978383 seconds.

chan =

     8

Elapsed time is 592.535299 seconds.

chan =

     9

Elapsed time is 590.964241 seconds.

chan =

    10

Elapsed time is 556.124115 seconds.

chan =

    11

Elapsed time is 547.249435 seconds.

chan =

    12

Elapsed time is 557.596979 seconds.

chan =

    13

Elapsed time is 535.698895 seconds.

chan =

    14

Elapsed time is 544.332368 seconds.

chan =

    15

Elapsed time is 553.001634 seconds.

chan =

    16

Elapsed time is 529.748287 seconds.

chan =

    17

Elapsed time is 547.944224 seconds.

chan =

    18

Elapsed time is 550.598795 seconds.

chan =

    19

Elapsed time is 545.712581 seconds.

chan =

    20

Elapsed time is 557.194480 seconds.

chan =

    21

Elapsed time is 546.787715 seconds.

chan =

    22

Elapsed time is 553.845703 seconds.

chan =

    23

Elapsed time is 551.939340 seconds.

chan =

    24

Elapsed time is 533.480819 seconds.

chan =

    25

Elapsed time is 545.955176 seconds.

chan =

    26

Elapsed time is 533.705974 seconds.

chan =

    27

Elapsed time is 528.266203 seconds.

chan =

    28

Elapsed time is 541.456985 seconds.

chan =

    29

Elapsed time is 498.924306 seconds.

chan =

    30

Elapsed time is 536.788028 seconds.

chan =

    31

Elapsed time is 527.308842 seconds.

chan =

    32

Elapsed time is 526.351621 seconds.

chan =

    33

Elapsed time is 539.781203 seconds.

chan =

    34

Elapsed time is 522.401412 seconds.

chan =

    35

Elapsed time is 529.478821 seconds.

chan =

    36

Elapsed time is 543.990907 seconds.

chan =

    37

Elapsed time is 512.840371 seconds.

chan =

    38

Elapsed time is 542.586253 seconds.

chan =

    39

Elapsed time is 536.552533 seconds.

chan =

    40

Elapsed time is 534.785994 seconds.

chan =

    41

Elapsed time is 540.018424 seconds.

chan =

    42

Elapsed time is 531.881842 seconds.

chan =

    43

Elapsed time is 536.441889 seconds.

chan =

    44

Elapsed time is 530.659126 seconds.

chan =

    45

Elapsed time is 529.341780 seconds.

chan =

    46

Elapsed time is 543.086419 seconds.

chan =

    47

Elapsed time is 514.662606 seconds.

chan =

    48

Elapsed time is 535.449984 seconds.

chan =

    49

Elapsed time is 538.176417 seconds.

chan =

    50

Elapsed time is 532.092005 seconds.

chan =

    51

Elapsed time is 538.466956 seconds.

chan =

    52

Elapsed time is 526.915645 seconds.

chan =

    53

Elapsed time is 526.284986 seconds.

chan =

    54

Elapsed time is 530.431406 seconds.

chan =

    55

Elapsed time is 501.427908 seconds.

chan =

    56

Elapsed time is 538.818400 seconds.

chan =

    57

Elapsed time is 523.456899 seconds.

chan =

    58

Elapsed time is 502.592122 seconds.

chan =

    59

Elapsed time is 542.125343 seconds.

chan =

    60

Elapsed time is 530.595476 seconds.

chan =

    61

Elapsed time is 531.527755 seconds.

chan =

    62

Elapsed time is 537.696248 seconds.

chan =

    63

Elapsed time is 519.078357 seconds.

chan =

    64

Elapsed time is 541.681040 seconds.

chan =

    65

Elapsed time is 537.366377 seconds.

chan =

    66

Elapsed time is 523.658312 seconds.

chan =

    67

Elapsed time is 535.871054 seconds.

chan =

    68

Elapsed time is 528.238880 seconds.

chan =

    69

Elapsed time is 534.460878 seconds.

chan =

    70

Elapsed time is 538.911805 seconds.

chan =

    71

Elapsed time is 531.645313 seconds.

chan =

    72

Elapsed time is 539.616965 seconds.

chan =

    73

Elapsed time is 535.565040 seconds.

chan =

    74

Elapsed time is 539.254045 seconds.

chan =

    75

Elapsed time is 533.710850 seconds.

chan =

    76

Elapsed time is 529.482876 seconds.

chan =

    77

Elapsed time is 537.208119 seconds.

chan =

    78

Elapsed time is 530.365328 seconds.

chan =

    79

Elapsed time is 538.670623 seconds.

chan =

    80

Elapsed time is 539.954001 seconds.

chan =

    81

Elapsed time is 537.185665 seconds.

chan =

    82

Elapsed time is 539.055764 seconds.

chan =

    83

Elapsed time is 523.007007 seconds.

chan =

    84

Elapsed time is 535.582829 seconds.

chan =

    85

Elapsed time is 537.483070 seconds.

chan =

    86

Elapsed time is 534.474867 seconds.

chan =

    87

Elapsed time is 533.566658 seconds.

chan =

    88

Elapsed time is 535.658873 seconds.

chan =

    89

Elapsed time is 543.177242 seconds.

chan =

    90

Elapsed time is 547.440750 seconds.

chan =

    91

Elapsed time is 539.466024 seconds.

chan =

    92

Elapsed time is 566.693133 seconds.

chan =

    93

Elapsed time is 566.606220 seconds.

chan =

    94

Elapsed time is 567.121582 seconds.

chan =

    95

Elapsed time is 565.479387 seconds.

chan =

    96

Elapsed time is 563.109464 seconds.

chan =

    97

Elapsed time is 563.806818 seconds.

chan =

    98

Elapsed time is 566.757862 seconds.

chan =

    99

Elapsed time is 566.958321 seconds.

chan =

   100

Elapsed time is 566.407140 seconds.

chan =

   101

Elapsed time is 566.008482 seconds.

chan =

   102

Elapsed time is 568.469618 seconds.

chan =

   103

Elapsed time is 567.183169 seconds.

chan =

   104

Elapsed time is 567.751265 seconds.

chan =

   105

Elapsed time is 566.555067 seconds.

chan =

   106

Elapsed time is 567.459968 seconds.

chan =

   107

Elapsed time is 565.532286 seconds.

chan =

   108

Elapsed time is 565.232083 seconds.

chan =

   109

Elapsed time is 565.647347 seconds.

chan =

   110

Elapsed time is 566.829060 seconds.

chan =

   111

Elapsed time is 566.327196 seconds.

chan =

   112

Elapsed time is 566.141581 seconds.

chan =

   113

Elapsed time is 566.493174 seconds.

chan =

   114

Elapsed time is 562.266001 seconds.
attempting saving
save success: /projects/p31578/dtf8829/QuestConnect/CHANDAT/chanDat_SLCH010_051.mat
working on TF
