getting started: 3708
attempting file: 3708
going for SLCH010 114
data loaded: SLCH010 114
HFB already done

chan =

     1

Elapsed time is 418.034259 seconds.

chan =

     2

Elapsed time is 411.146644 seconds.

chan =

     3

Elapsed time is 409.927269 seconds.

chan =

     4

Elapsed time is 412.443668 seconds.

chan =

     5

Elapsed time is 411.770011 seconds.

chan =

     6

Elapsed time is 403.100324 seconds.

chan =

     7

Elapsed time is 409.132462 seconds.

chan =

     8

Elapsed time is 406.537756 seconds.

chan =

     9

Elapsed time is 409.499171 seconds.

chan =

    10

Elapsed time is 410.097304 seconds.

chan =

    11

Elapsed time is 406.478160 seconds.

chan =

    12

Elapsed time is 411.283706 seconds.

chan =

    13

Elapsed time is 406.039288 seconds.

chan =

    14

Elapsed time is 467.589792 seconds.

chan =

    15

Elapsed time is 469.115164 seconds.

chan =

    16

Elapsed time is 472.440005 seconds.

chan =

    17

Elapsed time is 469.530339 seconds.

chan =

    18

Elapsed time is 477.178803 seconds.

chan =

    19

Elapsed time is 470.397618 seconds.

chan =

    20

Elapsed time is 453.038541 seconds.

chan =

    21

Elapsed time is 468.901083 seconds.

chan =

    22

Elapsed time is 467.721782 seconds.

chan =

    23

Elapsed time is 469.058907 seconds.

chan =

    24

Elapsed time is 425.705040 seconds.

chan =

    25

Elapsed time is 423.046756 seconds.

chan =

    26

Elapsed time is 449.741485 seconds.

chan =

    27

Elapsed time is 432.115054 seconds.

chan =

    28

Elapsed time is 417.732325 seconds.

chan =

    29

Elapsed time is 399.993641 seconds.

chan =

    30

Elapsed time is 398.325087 seconds.

chan =

    31

Elapsed time is 401.346479 seconds.

chan =

    32

Elapsed time is 411.250510 seconds.

chan =

    33

Elapsed time is 396.207197 seconds.

chan =

    34

Elapsed time is 389.596110 seconds.

chan =

    35

Elapsed time is 400.789617 seconds.

chan =

    36

Elapsed time is 407.229987 seconds.

chan =

    37

Elapsed time is 406.406032 seconds.

chan =

    38

Elapsed time is 405.916590 seconds.

chan =

    39

Elapsed time is 401.901544 seconds.

chan =

    40

Elapsed time is 404.159082 seconds.

chan =

    41

Elapsed time is 407.057256 seconds.

chan =

    42

Elapsed time is 394.375131 seconds.

chan =

    43

Elapsed time is 409.576696 seconds.

chan =

    44

Elapsed time is 397.013258 seconds.

chan =

    45

Elapsed time is 404.850689 seconds.

chan =

    46

Elapsed time is 397.693939 seconds.

chan =

    47

Elapsed time is 403.999615 seconds.

chan =

    48

Elapsed time is 411.776677 seconds.

chan =

    49

Elapsed time is 414.055482 seconds.

chan =

    50

Elapsed time is 406.712852 seconds.

chan =

    51

Elapsed time is 408.610112 seconds.

chan =

    52

Elapsed time is 402.538597 seconds.

chan =

    53

Elapsed time is 402.382796 seconds.

chan =

    54

Elapsed time is 394.383490 seconds.

chan =

    55

Elapsed time is 393.634014 seconds.

chan =

    56

Elapsed time is 390.258660 seconds.

chan =

    57

Elapsed time is 397.268930 seconds.

chan =

    58

Elapsed time is 394.949405 seconds.

chan =

    59

Elapsed time is 396.789180 seconds.

chan =

    60

Elapsed time is 400.622721 seconds.

chan =

    61

Elapsed time is 408.492903 seconds.

chan =

    62

Elapsed time is 399.208152 seconds.

chan =

    63

Elapsed time is 401.270622 seconds.

chan =

    64

Elapsed time is 399.714176 seconds.

chan =

    65

Elapsed time is 394.884042 seconds.

chan =

    66

Elapsed time is 397.143368 seconds.

chan =

    67

Elapsed time is 404.260785 seconds.

chan =

    68

Elapsed time is 401.013090 seconds.

chan =

    69

Elapsed time is 399.695019 seconds.

chan =

    70

Elapsed time is 401.095685 seconds.

chan =

    71

Elapsed time is 399.319191 seconds.

chan =

    72

Elapsed time is 399.615316 seconds.

chan =

    73

Elapsed time is 416.737911 seconds.

chan =

    74

Elapsed time is 417.320890 seconds.

chan =

    75

Elapsed time is 416.543655 seconds.

chan =

    76

Elapsed time is 412.064499 seconds.

chan =

    77

Elapsed time is 415.796586 seconds.

chan =

    78

Elapsed time is 412.768314 seconds.

chan =

    79

Elapsed time is 400.650587 seconds.

chan =

    80

Elapsed time is 391.225709 seconds.

chan =

    81

Elapsed time is 400.953439 seconds.

chan =

    82

Elapsed time is 393.478320 seconds.

chan =

    83

Elapsed time is 395.481009 seconds.

chan =

    84

Elapsed time is 391.946040 seconds.

chan =

    85

Elapsed time is 395.297485 seconds.

chan =

    86

Elapsed time is 389.589888 seconds.

chan =

    87

Elapsed time is 385.960292 seconds.

chan =

    88

Elapsed time is 384.564814 seconds.

chan =

    89

Elapsed time is 384.062991 seconds.

chan =

    90

Elapsed time is 392.408147 seconds.

chan =

    91

Elapsed time is 392.319080 seconds.

chan =

    92

Elapsed time is 557.585646 seconds.

chan =

    93

Elapsed time is 518.792720 seconds.

chan =

    94

Elapsed time is 550.206937 seconds.

chan =

    95

Elapsed time is 556.572215 seconds.

chan =

    96

Elapsed time is 497.382992 seconds.

chan =

    97

Elapsed time is 515.439002 seconds.

chan =

    98

Elapsed time is 558.795790 seconds.

chan =

    99

Elapsed time is 559.363864 seconds.

chan =

   100

Elapsed time is 545.460089 seconds.

chan =

   101

Elapsed time is 546.360821 seconds.

chan =

   102

Elapsed time is 545.914636 seconds.

chan =

   103

Elapsed time is 551.046127 seconds.

chan =

   104

Elapsed time is 545.835271 seconds.

chan =

   105

Elapsed time is 542.355842 seconds.

chan =

   106

Elapsed time is 562.005978 seconds.

chan =

   107

Elapsed time is 550.134654 seconds.

chan =

   108

Elapsed time is 546.228305 seconds.

chan =

   109

Elapsed time is 546.989164 seconds.

chan =

   110

Elapsed time is 557.157488 seconds.

chan =

   111

Elapsed time is 565.395075 seconds.

chan =

   112

Elapsed time is 534.329623 seconds.

chan =

   113

Elapsed time is 540.939227 seconds.

chan =

   114

Elapsed time is 539.450006 seconds.
attempting saving
save success: /projects/p31578/dtf8829/QuestConnect/CHANDAT/chanDat_SLCH010_114.mat
working on TF
encoding done
encoding RT done
