getting started: 3634
attempting file: 3634
going for SLCH010 40
data loaded: SLCH010 40
HFB already done

chan =

     1

Elapsed time is 693.097915 seconds.

chan =

     2

Elapsed time is 684.200301 seconds.

chan =

     3

Elapsed time is 682.732580 seconds.

chan =

     4

Elapsed time is 680.418728 seconds.

chan =

     5

Elapsed time is 679.124780 seconds.

chan =

     6

Elapsed time is 679.413462 seconds.

chan =

     7

Elapsed time is 676.135302 seconds.

chan =

     8

Elapsed time is 679.995014 seconds.

chan =

     9

Elapsed time is 675.165741 seconds.

chan =

    10

Elapsed time is 678.095276 seconds.

chan =

    11

Elapsed time is 664.924472 seconds.

chan =

    12

Elapsed time is 667.280448 seconds.

chan =

    13

Elapsed time is 657.542180 seconds.

chan =

    14

Elapsed time is 656.070334 seconds.

chan =

    15

Elapsed time is 646.682515 seconds.

chan =

    16

Elapsed time is 645.590050 seconds.

chan =

    17

Elapsed time is 645.220932 seconds.

chan =

    18

Elapsed time is 646.125953 seconds.

chan =

    19

Elapsed time is 644.090526 seconds.

chan =

    20

Elapsed time is 643.123745 seconds.

chan =

    21

Elapsed time is 645.334254 seconds.

chan =

    22

Elapsed time is 645.478131 seconds.

chan =

    23

Elapsed time is 644.101402 seconds.

chan =

    24

Elapsed time is 645.410173 seconds.

chan =

    25

Elapsed time is 648.507577 seconds.

chan =

    26

Elapsed time is 646.085749 seconds.

chan =

    27

Elapsed time is 648.639871 seconds.

chan =

    28

Elapsed time is 648.872665 seconds.

chan =

    29

Elapsed time is 649.865403 seconds.

chan =

    30

Elapsed time is 648.265171 seconds.

chan =

    31

Elapsed time is 660.656726 seconds.

chan =

    32

Elapsed time is 674.238712 seconds.

chan =

    33

Elapsed time is 662.449841 seconds.

chan =

    34

Elapsed time is 663.806766 seconds.

chan =

    35

Elapsed time is 663.561169 seconds.

chan =

    36

Elapsed time is 660.022639 seconds.

chan =

    37

Elapsed time is 667.381619 seconds.

chan =

    38

Elapsed time is 664.772177 seconds.

chan =

    39

Elapsed time is 666.014462 seconds.

chan =

    40

Elapsed time is 659.712915 seconds.

chan =

    41

Elapsed time is 666.525719 seconds.

chan =

    42

Elapsed time is 664.867364 seconds.

chan =

    43

Elapsed time is 663.166580 seconds.

chan =

    44

Elapsed time is 667.794521 seconds.

chan =

    45

Elapsed time is 668.534135 seconds.

chan =

    46

Elapsed time is 665.885045 seconds.

chan =

    47

Elapsed time is 657.415997 seconds.

chan =

    48

Elapsed time is 664.500358 seconds.

chan =

    49

Elapsed time is 666.694080 seconds.

chan =

    50

Elapsed time is 647.157933 seconds.

chan =

    51

Elapsed time is 641.476002 seconds.

chan =

    52

Elapsed time is 641.347972 seconds.

chan =

    53

Elapsed time is 637.815838 seconds.

chan =

    54

Elapsed time is 628.654263 seconds.

chan =

    55

Elapsed time is 563.637327 seconds.

chan =

    56

Elapsed time is 539.405587 seconds.

chan =

    57

Elapsed time is 519.066164 seconds.

chan =

    58

Elapsed time is 502.384130 seconds.

chan =

    59

Elapsed time is 496.651672 seconds.

chan =

    60

Elapsed time is 496.950063 seconds.

chan =

    61

Elapsed time is 497.413001 seconds.

chan =

    62

Elapsed time is 497.326523 seconds.

chan =

    63

Elapsed time is 498.260119 seconds.

chan =

    64

Elapsed time is 498.442737 seconds.

chan =

    65

Elapsed time is 496.191200 seconds.

chan =

    66

Elapsed time is 498.311584 seconds.

chan =

    67

Elapsed time is 497.880878 seconds.

chan =

    68

Elapsed time is 496.769881 seconds.

chan =

    69

Elapsed time is 496.385858 seconds.

chan =

    70

Elapsed time is 498.823573 seconds.

chan =

    71

Elapsed time is 499.374990 seconds.

chan =

    72

Elapsed time is 498.847322 seconds.

chan =

    73

Elapsed time is 498.377390 seconds.

chan =

    74

Elapsed time is 498.399029 seconds.

chan =

    75

Elapsed time is 498.658547 seconds.

chan =

    76

Elapsed time is 498.044927 seconds.

chan =

    77

Elapsed time is 498.275311 seconds.

chan =

    78

Elapsed time is 498.377321 seconds.

chan =

    79

Elapsed time is 498.951004 seconds.

chan =

    80

Elapsed time is 498.108766 seconds.

chan =

    81

Elapsed time is 498.927203 seconds.

chan =

    82

Elapsed time is 497.584869 seconds.

chan =

    83

Elapsed time is 497.743432 seconds.

chan =

    84

Elapsed time is 498.501440 seconds.

chan =

    85

Elapsed time is 497.940941 seconds.

chan =

    86

Elapsed time is 498.330108 seconds.

chan =

    87

Elapsed time is 497.025308 seconds.

chan =

    88

Elapsed time is 498.184293 seconds.

chan =

    89

Elapsed time is 499.541053 seconds.

chan =

    90

Elapsed time is 499.232743 seconds.

chan =

    91

Elapsed time is 499.143551 seconds.

chan =

    92

Elapsed time is 499.897792 seconds.

chan =

    93

Elapsed time is 499.871235 seconds.

chan =

    94

Elapsed time is 499.269104 seconds.

chan =

    95

Elapsed time is 498.793577 seconds.

chan =

    96

Elapsed time is 498.069628 seconds.

chan =

    97

Elapsed time is 498.619594 seconds.

chan =

    98

Elapsed time is 499.867111 seconds.

chan =

    99

Elapsed time is 499.787348 seconds.

chan =

   100

Elapsed time is 488.329734 seconds.

chan =

   101

Elapsed time is 496.049372 seconds.

chan =

   102

Elapsed time is 498.335693 seconds.

chan =

   103

Elapsed time is 498.756178 seconds.

chan =

   104

Elapsed time is 497.527210 seconds.

chan =

   105

Elapsed time is 496.159895 seconds.

chan =

   106

Elapsed time is 495.831451 seconds.

chan =

   107

Elapsed time is 494.640881 seconds.

chan =

   108

Elapsed time is 494.390455 seconds.

chan =

   109

Elapsed time is 494.974825 seconds.

chan =

   110

Elapsed time is 495.323222 seconds.

chan =

   111

Elapsed time is 494.486307 seconds.

chan =

   112

Elapsed time is 490.549543 seconds.

chan =

   113

Elapsed time is 492.298477 seconds.

chan =

   114

Elapsed time is 489.206241 seconds.
attempting saving
save success: /projects/p31578/dtf8829/QuestConnect/CHANDAT/chanDat_SLCH010_040.mat
working on TF
