getting started: 3606
attempting file: 3606
going for SLCH010 12
data loaded: SLCH010 12
HFB already done

chan =

     1

Elapsed time is 426.449906 seconds.

chan =

     2

Elapsed time is 420.166253 seconds.

chan =

     3

Elapsed time is 427.246373 seconds.

chan =

     4

Elapsed time is 427.403498 seconds.

chan =

     5

Elapsed time is 421.146898 seconds.

chan =

     6

Elapsed time is 418.484384 seconds.

chan =

     7

Elapsed time is 418.661671 seconds.

chan =

     8

Elapsed time is 423.105508 seconds.

chan =

     9

Elapsed time is 410.354996 seconds.

chan =

    10

Elapsed time is 403.167320 seconds.

chan =

    11

Elapsed time is 417.402528 seconds.

chan =

    12

Elapsed time is 413.880244 seconds.

chan =

    13

Elapsed time is 406.469355 seconds.

chan =

    14

Elapsed time is 411.290647 seconds.

chan =

    15

Elapsed time is 419.447854 seconds.

chan =

    16

Elapsed time is 417.426958 seconds.

chan =

    17

Elapsed time is 416.444090 seconds.

chan =

    18

Elapsed time is 421.875903 seconds.

chan =

    19

Elapsed time is 415.854773 seconds.

chan =

    20

Elapsed time is 417.489741 seconds.

chan =

    21

Elapsed time is 415.972747 seconds.

chan =

    22

Elapsed time is 427.937019 seconds.

chan =

    23

Elapsed time is 425.415411 seconds.

chan =

    24

Elapsed time is 426.525163 seconds.

chan =

    25

Elapsed time is 423.870540 seconds.

chan =

    26

Elapsed time is 419.265560 seconds.

chan =

    27

Elapsed time is 404.190100 seconds.

chan =

    28

Elapsed time is 412.980582 seconds.

chan =

    29

Elapsed time is 389.432436 seconds.

chan =

    30

Elapsed time is 393.994327 seconds.

chan =

    31

Elapsed time is 395.481562 seconds.

chan =

    32

Elapsed time is 395.886307 seconds.

chan =

    33

Elapsed time is 385.458221 seconds.

chan =

    34

Elapsed time is 396.660420 seconds.

chan =

    35

Elapsed time is 399.977625 seconds.

chan =

    36

Elapsed time is 392.875701 seconds.

chan =

    37

Elapsed time is 397.497946 seconds.

chan =

    38

Elapsed time is 391.136883 seconds.

chan =

    39

Elapsed time is 400.392172 seconds.

chan =

    40

Elapsed time is 398.538669 seconds.

chan =

    41

Elapsed time is 397.452691 seconds.

chan =

    42

Elapsed time is 382.423820 seconds.

chan =

    43

Elapsed time is 381.606423 seconds.

chan =

    44

Elapsed time is 372.965105 seconds.

chan =

    45

Elapsed time is 381.022468 seconds.

chan =

    46

Elapsed time is 383.152925 seconds.

chan =

    47

Elapsed time is 370.711162 seconds.

chan =

    48

Elapsed time is 373.859773 seconds.

chan =

    49

Elapsed time is 373.099565 seconds.

chan =

    50

Elapsed time is 375.384024 seconds.

chan =

    51

Elapsed time is 372.958603 seconds.

chan =

    52

Elapsed time is 378.890412 seconds.

chan =

    53

Elapsed time is 381.973045 seconds.

chan =

    54

Elapsed time is 381.901727 seconds.

chan =

    55

Elapsed time is 370.479929 seconds.

chan =

    56

Elapsed time is 367.346222 seconds.

chan =

    57

Elapsed time is 374.908926 seconds.

chan =

    58

Elapsed time is 373.286483 seconds.

chan =

    59

Elapsed time is 372.807704 seconds.

chan =

    60

Elapsed time is 370.388787 seconds.

chan =

    61

Elapsed time is 376.232515 seconds.

chan =

    62

Elapsed time is 372.960558 seconds.

chan =

    63

Elapsed time is 382.687531 seconds.

chan =

    64

Elapsed time is 380.081186 seconds.

chan =

    65

Elapsed time is 370.295711 seconds.

chan =

    66

Elapsed time is 403.324310 seconds.

chan =

    67

Elapsed time is 416.885987 seconds.

chan =

    68

Elapsed time is 420.684934 seconds.

chan =

    69

Elapsed time is 420.474068 seconds.

chan =

    70

Elapsed time is 414.470940 seconds.

chan =

    71

Elapsed time is 420.344231 seconds.

chan =

    72

Elapsed time is 410.242001 seconds.

chan =

    73

Elapsed time is 374.189589 seconds.

chan =

    74

Elapsed time is 369.877220 seconds.

chan =

    75

Elapsed time is 411.191384 seconds.

chan =

    76

Elapsed time is 408.252931 seconds.

chan =

    77

Elapsed time is 420.610447 seconds.

chan =

    78

Elapsed time is 378.239926 seconds.

chan =

    79

Elapsed time is 367.372535 seconds.

chan =

    80

Elapsed time is 365.949229 seconds.

chan =

    81

Elapsed time is 367.772262 seconds.

chan =

    82

Elapsed time is 374.066678 seconds.

chan =

    83

Elapsed time is 379.016409 seconds.

chan =

    84

Elapsed time is 377.617226 seconds.

chan =

    85

Elapsed time is 389.932040 seconds.

chan =

    86

Elapsed time is 400.835882 seconds.

chan =

    87

Elapsed time is 424.284938 seconds.

chan =

    88

Elapsed time is 414.647025 seconds.

chan =

    89

Elapsed time is 416.453148 seconds.

chan =

    90

Elapsed time is 380.192406 seconds.

chan =

    91

Elapsed time is 431.893614 seconds.

chan =

    92

Elapsed time is 435.916433 seconds.

chan =

    93

Elapsed time is 437.221959 seconds.

chan =

    94

Elapsed time is 431.558970 seconds.

chan =

    95

Elapsed time is 434.986927 seconds.

chan =

    96

Elapsed time is 430.628674 seconds.

chan =

    97

Elapsed time is 437.510812 seconds.

chan =

    98

Elapsed time is 439.462281 seconds.

chan =

    99

Elapsed time is 439.410896 seconds.

chan =

   100

Elapsed time is 434.543828 seconds.

chan =

   101

Elapsed time is 435.624090 seconds.

chan =

   102

Elapsed time is 438.528417 seconds.

chan =

   103

Elapsed time is 436.595728 seconds.

chan =

   104

Elapsed time is 436.258901 seconds.

chan =

   105

Elapsed time is 445.933062 seconds.

chan =

   106

Elapsed time is 421.111034 seconds.

chan =

   107

Elapsed time is 388.839805 seconds.

chan =

   108

Elapsed time is 385.976181 seconds.

chan =

   109

Elapsed time is 391.787137 seconds.

chan =

   110

Elapsed time is 387.606887 seconds.

chan =

   111

Elapsed time is 339.565506 seconds.

chan =

   112

Elapsed time is 334.622097 seconds.

chan =

   113

Elapsed time is 334.105645 seconds.

chan =

   114

Elapsed time is 333.132423 seconds.
attempting saving
save success: /projects/p31578/dtf8829/QuestConnect/CHANDAT/chanDat_SLCH010_012.mat
working on TF
