getting started: 3039
attempting file: 3039
going for OH30 138
data loaded: OH30 138
HFB already done

chan =

     1

Elapsed time is 427.842544 seconds.

chan =

     2

Elapsed time is 427.975930 seconds.

chan =

     3

Elapsed time is 446.068370 seconds.

chan =

     4

Elapsed time is 431.714999 seconds.

chan =

     5

Elapsed time is 433.441348 seconds.

chan =

     6

Elapsed time is 434.108832 seconds.

chan =

     7

Elapsed time is 433.523817 seconds.

chan =

     8

Elapsed time is 435.912464 seconds.

chan =

     9

Elapsed time is 418.732096 seconds.

chan =

    10

Elapsed time is 419.670556 seconds.

chan =

    11

Elapsed time is 419.303919 seconds.

chan =

    12

Elapsed time is 419.199747 seconds.

chan =

    13

Elapsed time is 419.536231 seconds.

chan =

    14

Elapsed time is 421.143439 seconds.

chan =

    15

Elapsed time is 422.548976 seconds.

chan =

    16

Elapsed time is 422.293003 seconds.

chan =

    17

Elapsed time is 457.296078 seconds.

chan =

    18

Elapsed time is 474.025202 seconds.

chan =

    19

Elapsed time is 432.036610 seconds.

chan =

    20

Elapsed time is 461.046255 seconds.

chan =

    21

Elapsed time is 456.372313 seconds.

chan =

    22

Elapsed time is 442.002482 seconds.

chan =

    23

Elapsed time is 439.586730 seconds.

chan =

    24

Elapsed time is 442.442711 seconds.

chan =

    25

Elapsed time is 444.845049 seconds.

chan =

    26

Elapsed time is 421.288794 seconds.

chan =

    27

Elapsed time is 467.814323 seconds.

chan =

    28

Elapsed time is 467.200582 seconds.

chan =

    29

Elapsed time is 450.449442 seconds.

chan =

    30

Elapsed time is 395.368943 seconds.

chan =

    31

Elapsed time is 399.072928 seconds.

chan =

    32

Elapsed time is 402.251829 seconds.

chan =

    33

Elapsed time is 421.253337 seconds.

chan =

    34

Elapsed time is 410.415396 seconds.

chan =

    35

Elapsed time is 403.490177 seconds.

chan =

    36

Elapsed time is 398.874248 seconds.

chan =

    37

Elapsed time is 396.921866 seconds.

chan =

    38

Elapsed time is 400.623798 seconds.

chan =

    39

Elapsed time is 404.261495 seconds.

chan =

    40

Elapsed time is 408.843666 seconds.

chan =

    41

Elapsed time is 407.726188 seconds.

chan =

    42

Elapsed time is 407.863247 seconds.

chan =

    43

Elapsed time is 408.837210 seconds.

chan =

    44

Elapsed time is 405.353656 seconds.

chan =

    45

Elapsed time is 406.260150 seconds.

chan =

    46

Elapsed time is 401.531454 seconds.

chan =

    47

Elapsed time is 407.654545 seconds.

chan =

    48

Elapsed time is 382.114282 seconds.

chan =

    49

Elapsed time is 383.741400 seconds.

chan =

    50

Elapsed time is 381.924120 seconds.

chan =

    51

Elapsed time is 381.717998 seconds.

chan =

    52

Elapsed time is 384.206877 seconds.

chan =

    53

Elapsed time is 383.647146 seconds.

chan =

    54

Elapsed time is 389.195790 seconds.

chan =

    55

Elapsed time is 383.383308 seconds.

chan =

    56

Elapsed time is 387.149880 seconds.

chan =

    57

Elapsed time is 395.065582 seconds.

chan =

    58

Elapsed time is 399.853507 seconds.

chan =

    59

Elapsed time is 397.096081 seconds.

chan =

    60

Elapsed time is 390.542843 seconds.

chan =

    61

Elapsed time is 386.259020 seconds.

chan =

    62

Elapsed time is 387.667816 seconds.

chan =

    63

Elapsed time is 384.216264 seconds.

chan =

    64

Elapsed time is 388.000875 seconds.

chan =

    65

Elapsed time is 393.510152 seconds.

chan =

    66

Elapsed time is 383.465822 seconds.

chan =

    67

Elapsed time is 397.901965 seconds.

chan =

    68

Elapsed time is 403.188270 seconds.

chan =

    69

Elapsed time is 399.159853 seconds.

chan =

    70

Elapsed time is 397.980354 seconds.

chan =

    71

Elapsed time is 394.908824 seconds.

chan =

    72

Elapsed time is 395.735043 seconds.

chan =

    73

Elapsed time is 403.037100 seconds.

chan =

    74

Elapsed time is 395.136860 seconds.

chan =

    75

Elapsed time is 394.387877 seconds.

chan =

    76

Elapsed time is 400.903026 seconds.

chan =

    77

Elapsed time is 439.071986 seconds.

chan =

    78

Elapsed time is 437.403791 seconds.

chan =

    79

Elapsed time is 404.273851 seconds.

chan =

    80

Elapsed time is 418.317223 seconds.

chan =

    81

Elapsed time is 431.385532 seconds.

chan =

    82

Elapsed time is 423.388168 seconds.

chan =

    83

Elapsed time is 433.749102 seconds.

chan =

    84

Elapsed time is 438.926104 seconds.

chan =

    85

Elapsed time is 433.380214 seconds.

chan =

    86

Elapsed time is 443.118031 seconds.

chan =

    87

Elapsed time is 446.449285 seconds.

chan =

    88

Elapsed time is 418.596012 seconds.

chan =

    89

Elapsed time is 440.746243 seconds.

chan =

    90

Elapsed time is 445.452592 seconds.

chan =

    91

Elapsed time is 425.847933 seconds.

chan =

    92

Elapsed time is 442.419230 seconds.

chan =

    93

Elapsed time is 444.350002 seconds.

chan =

    94

Elapsed time is 405.635910 seconds.

chan =

    95

Elapsed time is 446.783635 seconds.

chan =

    96

Elapsed time is 447.881149 seconds.

chan =

    97

Elapsed time is 425.806388 seconds.

chan =

    98

Elapsed time is 446.602116 seconds.

chan =

    99

Elapsed time is 442.259879 seconds.

chan =

   100

Elapsed time is 441.592842 seconds.

chan =

   101

Elapsed time is 445.704349 seconds.

chan =

   102

Elapsed time is 429.140686 seconds.

chan =

   103

Elapsed time is 447.944815 seconds.

chan =

   104

Elapsed time is 449.834002 seconds.

chan =

   105

Elapsed time is 429.797833 seconds.

chan =

   106

Elapsed time is 445.807608 seconds.

chan =

   107

Elapsed time is 450.100515 seconds.

chan =

   108

Elapsed time is 428.566559 seconds.

chan =

   109

Elapsed time is 442.576727 seconds.

chan =

   110

Elapsed time is 443.469187 seconds.

chan =

   111

Elapsed time is 440.217236 seconds.

chan =

   112

Elapsed time is 448.837470 seconds.

chan =

   113

Elapsed time is 425.447917 seconds.

chan =

   114

Elapsed time is 446.172924 seconds.

chan =

   115

Elapsed time is 448.572237 seconds.

chan =

   116

Elapsed time is 422.587942 seconds.

chan =

   117

Elapsed time is 431.947941 seconds.

chan =

   118

Elapsed time is 430.879962 seconds.

chan =

   119

Elapsed time is 396.820072 seconds.

chan =

   120

Elapsed time is 373.526801 seconds.

chan =

   121

Elapsed time is 376.853883 seconds.

chan =

   122

Elapsed time is 377.820000 seconds.

chan =

   123

Elapsed time is 379.555236 seconds.

chan =

   124

Elapsed time is 380.261929 seconds.

chan =

   125

Elapsed time is 381.097011 seconds.

chan =

   126

Elapsed time is 380.917426 seconds.

chan =

   127

Elapsed time is 377.528567 seconds.

chan =

   128

Elapsed time is 376.211520 seconds.

chan =

   129

Elapsed time is 372.940862 seconds.

chan =

   130

Elapsed time is 378.181761 seconds.

chan =

   131

Elapsed time is 375.926272 seconds.

chan =

   132

Elapsed time is 379.304123 seconds.

chan =

   133

Elapsed time is 377.169998 seconds.

chan =

   134

Elapsed time is 377.191762 seconds.

chan =

   135

Elapsed time is 377.753118 seconds.

chan =

   136

Elapsed time is 373.494264 seconds.

chan =

   137

Elapsed time is 378.318242 seconds.

chan =

   138

Elapsed time is 376.679613 seconds.

chan =

   139

Elapsed time is 361.747346 seconds.
attempting saving
save success: /projects/p31578/dtf8829/QuestConnect/CHANDAT/chanDat_OH30_138.mat
working on TF
encoding done
encoding RT done
