getting started: 3682
attempting file: 3682
going for SLCH010 88
data loaded: SLCH010 88
HFB already done

chan =

     1

Elapsed time is 612.502354 seconds.

chan =

     2

Elapsed time is 617.671364 seconds.

chan =

     3

Elapsed time is 599.922665 seconds.

chan =

     4

Elapsed time is 578.865420 seconds.

chan =

     5

Elapsed time is 569.055874 seconds.

chan =

     6

Elapsed time is 529.058507 seconds.

chan =

     7

Elapsed time is 566.792499 seconds.

chan =

     8

Elapsed time is 573.239976 seconds.

chan =

     9

Elapsed time is 561.883578 seconds.

chan =

    10

Elapsed time is 565.889157 seconds.

chan =

    11

Elapsed time is 567.905500 seconds.

chan =

    12

Elapsed time is 563.297340 seconds.

chan =

    13

Elapsed time is 566.642644 seconds.

chan =

    14

Elapsed time is 564.156324 seconds.

chan =

    15

Elapsed time is 561.818799 seconds.

chan =

    16

Elapsed time is 563.104736 seconds.

chan =

    17

Elapsed time is 566.171257 seconds.

chan =

    18

Elapsed time is 564.464542 seconds.

chan =

    19

Elapsed time is 558.476953 seconds.

chan =

    20

Elapsed time is 561.696134 seconds.

chan =

    21

Elapsed time is 562.810814 seconds.

chan =

    22

Elapsed time is 560.434051 seconds.

chan =

    23

Elapsed time is 554.778401 seconds.

chan =

    24

Elapsed time is 562.078609 seconds.

chan =

    25

Elapsed time is 566.095180 seconds.

chan =

    26

Elapsed time is 558.326867 seconds.

chan =

    27

Elapsed time is 568.950599 seconds.

chan =

    28

Elapsed time is 569.513814 seconds.

chan =

    29

Elapsed time is 568.003093 seconds.

chan =

    30

Elapsed time is 568.314657 seconds.

chan =

    31

Elapsed time is 569.154941 seconds.

chan =

    32

Elapsed time is 570.486692 seconds.

chan =

    33

Elapsed time is 573.815423 seconds.

chan =

    34

Elapsed time is 568.550737 seconds.

chan =

    35

Elapsed time is 569.351676 seconds.

chan =

    36

Elapsed time is 570.631783 seconds.

chan =

    37

Elapsed time is 566.336977 seconds.

chan =

    38

Elapsed time is 563.905155 seconds.

chan =

    39

Elapsed time is 566.772236 seconds.

chan =

    40

Elapsed time is 563.259052 seconds.

chan =

    41

Elapsed time is 562.569334 seconds.

chan =

    42

Elapsed time is 564.520862 seconds.

chan =

    43

Elapsed time is 564.625257 seconds.

chan =

    44

Elapsed time is 559.197158 seconds.

chan =

    45

Elapsed time is 569.881847 seconds.

chan =

    46

Elapsed time is 565.757714 seconds.

chan =

    47

Elapsed time is 560.351943 seconds.

chan =

    48

Elapsed time is 563.777318 seconds.

chan =

    49

Elapsed time is 564.024140 seconds.

chan =

    50

Elapsed time is 559.390311 seconds.

chan =

    51

Elapsed time is 566.906619 seconds.

chan =

    52

Elapsed time is 567.882166 seconds.

chan =

    53

Elapsed time is 564.200187 seconds.

chan =

    54

Elapsed time is 576.475354 seconds.

chan =

    55

Elapsed time is 570.655374 seconds.

chan =

    56

Elapsed time is 570.382599 seconds.

chan =

    57

Elapsed time is 573.910823 seconds.

chan =

    58

Elapsed time is 563.463922 seconds.

chan =

    59

Elapsed time is 563.148174 seconds.

chan =

    60

Elapsed time is 558.078635 seconds.

chan =

    61

Elapsed time is 562.006428 seconds.

chan =

    62

Elapsed time is 563.650193 seconds.

chan =

    63

Elapsed time is 559.740062 seconds.

chan =

    64

Elapsed time is 561.199830 seconds.

chan =

    65

Elapsed time is 554.876305 seconds.

chan =

    66

Elapsed time is 558.547879 seconds.

chan =

    67

Elapsed time is 559.690065 seconds.

chan =

    68

Elapsed time is 555.785707 seconds.

chan =

    69

Elapsed time is 558.470007 seconds.

chan =

    70

Elapsed time is 559.651722 seconds.

chan =

    71

Elapsed time is 554.081919 seconds.

chan =

    72

Elapsed time is 544.322227 seconds.

chan =

    73

Elapsed time is 539.194343 seconds.

chan =

    74

Elapsed time is 542.139241 seconds.

chan =

    75

Elapsed time is 538.850046 seconds.

chan =

    76

Elapsed time is 501.443020 seconds.

chan =

    77

Elapsed time is 429.639007 seconds.

chan =

    78

Elapsed time is 427.829371 seconds.

chan =

    79

Elapsed time is 428.808984 seconds.

chan =

    80

Elapsed time is 425.636732 seconds.

chan =

    81

Elapsed time is 426.673740 seconds.

chan =

    82

Elapsed time is 429.685070 seconds.

chan =

    83

Elapsed time is 430.061271 seconds.

chan =

    84

Elapsed time is 427.345463 seconds.

chan =

    85

Elapsed time is 426.127778 seconds.

chan =

    86

Elapsed time is 425.944815 seconds.

chan =

    87

Elapsed time is 425.997840 seconds.

chan =

    88

Elapsed time is 429.094192 seconds.

chan =

    89

Elapsed time is 429.985164 seconds.

chan =

    90

Elapsed time is 427.435176 seconds.

chan =

    91

Elapsed time is 428.285952 seconds.

chan =

    92

Elapsed time is 429.560914 seconds.

chan =

    93

Elapsed time is 433.490219 seconds.

chan =

    94

Elapsed time is 428.072680 seconds.

chan =

    95

Elapsed time is 428.922045 seconds.

chan =

    96

Elapsed time is 427.059937 seconds.

chan =

    97

Elapsed time is 425.462019 seconds.

chan =

    98

Elapsed time is 428.421549 seconds.

chan =

    99

Elapsed time is 429.589788 seconds.

chan =

   100

Elapsed time is 428.976803 seconds.

chan =

   101

Elapsed time is 427.352416 seconds.

chan =

   102

Elapsed time is 430.299304 seconds.

chan =

   103

Elapsed time is 428.207890 seconds.

chan =

   104

Elapsed time is 427.940252 seconds.

chan =

   105

Elapsed time is 432.030187 seconds.

chan =

   106

Elapsed time is 431.098211 seconds.

chan =

   107

Elapsed time is 429.245583 seconds.

chan =

   108

Elapsed time is 427.366617 seconds.

chan =

   109

Elapsed time is 430.436618 seconds.

chan =

   110

Elapsed time is 428.080808 seconds.

chan =

   111

Elapsed time is 429.545601 seconds.

chan =

   112

Elapsed time is 427.145979 seconds.

chan =

   113

Elapsed time is 432.941004 seconds.

chan =

   114

Elapsed time is 415.645593 seconds.
attempting saving
save success: /projects/p31578/dtf8829/QuestConnect/CHANDAT/chanDat_SLCH010_088.mat
working on TF
