getting started: 3694
attempting file: 3694
going for SLCH010 100
data loaded: SLCH010 100
HFB already done

chan =

     1

Elapsed time is 514.862739 seconds.

chan =

     2

Elapsed time is 509.300612 seconds.

chan =

     3

Elapsed time is 507.990530 seconds.

chan =

     4

Elapsed time is 509.161416 seconds.

chan =

     5

Elapsed time is 504.459981 seconds.

chan =

     6

Elapsed time is 504.643714 seconds.

chan =

     7

Elapsed time is 503.024102 seconds.

chan =

     8

Elapsed time is 502.271917 seconds.

chan =

     9

Elapsed time is 498.001045 seconds.

chan =

    10

Elapsed time is 492.751065 seconds.

chan =

    11

Elapsed time is 495.597643 seconds.

chan =

    12

Elapsed time is 504.280880 seconds.

chan =

    13

Elapsed time is 507.013990 seconds.

chan =

    14

Elapsed time is 509.457791 seconds.

chan =

    15

Elapsed time is 508.395113 seconds.

chan =

    16

Elapsed time is 510.573876 seconds.

chan =

    17

Elapsed time is 505.659411 seconds.

chan =

    18

Elapsed time is 504.908314 seconds.

chan =

    19

Elapsed time is 502.832740 seconds.

chan =

    20

Elapsed time is 497.691668 seconds.

chan =

    21

Elapsed time is 481.963014 seconds.

chan =

    22

Elapsed time is 484.771265 seconds.

chan =

    23

Elapsed time is 480.437648 seconds.

chan =

    24

Elapsed time is 490.319368 seconds.

chan =

    25

Elapsed time is 491.141607 seconds.

chan =

    26

Elapsed time is 487.024334 seconds.

chan =

    27

Elapsed time is 489.028557 seconds.

chan =

    28

Elapsed time is 484.765518 seconds.

chan =

    29

Elapsed time is 490.997586 seconds.

chan =

    30

Elapsed time is 481.798307 seconds.

chan =

    31

Elapsed time is 494.416172 seconds.

chan =

    32

Elapsed time is 492.073745 seconds.

chan =

    33

Elapsed time is 491.461616 seconds.

chan =

    34

Elapsed time is 492.844150 seconds.

chan =

    35

Elapsed time is 493.363696 seconds.

chan =

    36

Elapsed time is 490.032546 seconds.

chan =

    37

Elapsed time is 491.628196 seconds.

chan =

    38

Elapsed time is 490.575308 seconds.

chan =

    39

Elapsed time is 484.127287 seconds.

chan =

    40

Elapsed time is 485.881758 seconds.

chan =

    41

Elapsed time is 485.144331 seconds.

chan =

    42

Elapsed time is 481.814558 seconds.

chan =

    43

Elapsed time is 480.930287 seconds.

chan =

    44

Elapsed time is 482.089400 seconds.

chan =

    45

Elapsed time is 484.878836 seconds.

chan =

    46

Elapsed time is 492.818582 seconds.

chan =

    47

Elapsed time is 492.051362 seconds.

chan =

    48

Elapsed time is 491.152275 seconds.

chan =

    49

Elapsed time is 496.317990 seconds.

chan =

    50

Elapsed time is 489.213967 seconds.

chan =

    51

Elapsed time is 491.100604 seconds.

chan =

    52

Elapsed time is 489.617102 seconds.

chan =

    53

Elapsed time is 486.171933 seconds.

chan =

    54

Elapsed time is 490.882965 seconds.

chan =

    55

Elapsed time is 487.929283 seconds.

chan =

    56

Elapsed time is 490.524979 seconds.

chan =

    57

Elapsed time is 489.301957 seconds.

chan =

    58

Elapsed time is 491.517123 seconds.

chan =

    59

Elapsed time is 497.421457 seconds.

chan =

    60

Elapsed time is 488.302208 seconds.

chan =

    61

Elapsed time is 489.877451 seconds.

chan =

    62

Elapsed time is 487.105228 seconds.

chan =

    63

Elapsed time is 495.553685 seconds.

chan =

    64

Elapsed time is 491.804054 seconds.

chan =

    65

Elapsed time is 492.450773 seconds.

chan =

    66

Elapsed time is 496.283474 seconds.

chan =

    67

Elapsed time is 485.437282 seconds.

chan =

    68

Elapsed time is 480.834304 seconds.

chan =

    69

Elapsed time is 480.045568 seconds.

chan =

    70

Elapsed time is 479.638130 seconds.

chan =

    71

Elapsed time is 482.312302 seconds.

chan =

    72

Elapsed time is 478.325325 seconds.

chan =

    73

Elapsed time is 479.714629 seconds.

chan =

    74

Elapsed time is 469.875268 seconds.

chan =

    75

Elapsed time is 465.873279 seconds.

chan =

    76

Elapsed time is 467.770133 seconds.

chan =

    77

Elapsed time is 468.411541 seconds.

chan =

    78

Elapsed time is 465.456550 seconds.

chan =

    79

Elapsed time is 468.433977 seconds.

chan =

    80

Elapsed time is 466.917010 seconds.

chan =

    81

Elapsed time is 470.348823 seconds.

chan =

    82

Elapsed time is 467.891395 seconds.

chan =

    83

Elapsed time is 469.249362 seconds.

chan =

    84

Elapsed time is 470.097714 seconds.

chan =

    85

Elapsed time is 472.352627 seconds.

chan =

    86

Elapsed time is 468.980759 seconds.

chan =

    87

Elapsed time is 468.868946 seconds.

chan =

    88

Elapsed time is 469.834147 seconds.

chan =

    89

Elapsed time is 470.808679 seconds.

chan =

    90

Elapsed time is 472.495529 seconds.

chan =

    91

Elapsed time is 462.501922 seconds.

chan =

    92

Elapsed time is 491.430846 seconds.

chan =

    93

Elapsed time is 496.040800 seconds.

chan =

    94

Elapsed time is 494.885048 seconds.

chan =

    95

Elapsed time is 496.388213 seconds.

chan =

    96

Elapsed time is 493.526517 seconds.

chan =

    97

Elapsed time is 491.778976 seconds.

chan =

    98

Elapsed time is 493.380470 seconds.

chan =

    99

Elapsed time is 495.309610 seconds.

chan =

   100

Elapsed time is 492.666696 seconds.

chan =

   101

Elapsed time is 495.145392 seconds.

chan =

   102

Elapsed time is 493.404063 seconds.

chan =

   103

Elapsed time is 496.776494 seconds.

chan =

   104

Elapsed time is 492.897492 seconds.

chan =

   105

Elapsed time is 494.003727 seconds.

chan =

   106

Elapsed time is 494.632543 seconds.

chan =

   107

Elapsed time is 492.417100 seconds.

chan =

   108

Elapsed time is 495.908361 seconds.

chan =

   109

Elapsed time is 496.655309 seconds.

chan =

   110

Elapsed time is 498.414726 seconds.

chan =

   111

Elapsed time is 498.947189 seconds.

chan =

   112

Elapsed time is 496.381022 seconds.

chan =

   113

Elapsed time is 499.268015 seconds.

chan =

   114

Elapsed time is 479.968533 seconds.
attempting saving
save success: /projects/p31578/dtf8829/QuestConnect/CHANDAT/chanDat_SLCH010_100.mat
working on TF
encoding done
encoding RT done
