getting started: 3322
attempting file: 3322
going for SD5 71
data loaded: SD5 71
HFB already done

chan =

     1

Elapsed time is 286.303182 seconds.

chan =

     2

Elapsed time is 295.913681 seconds.

chan =

     3

Elapsed time is 296.256183 seconds.

chan =

     4

Elapsed time is 285.062942 seconds.

chan =

     5

Elapsed time is 284.269668 seconds.

chan =

     6

Elapsed time is 284.334692 seconds.

chan =

     7

Elapsed time is 281.597358 seconds.

chan =

     8

Elapsed time is 269.589963 seconds.

chan =

     9

Elapsed time is 280.463634 seconds.

chan =

    10

Elapsed time is 281.262441 seconds.

chan =

    11

Elapsed time is 282.399974 seconds.

chan =

    12

Elapsed time is 277.413181 seconds.

chan =

    13

Elapsed time is 283.535582 seconds.

chan =

    14

Elapsed time is 279.646339 seconds.

chan =

    15

Elapsed time is 280.766775 seconds.

chan =

    16

Elapsed time is 273.436391 seconds.

chan =

    17

Elapsed time is 234.495477 seconds.

chan =

    18

Elapsed time is 277.876250 seconds.

chan =

    19

Elapsed time is 278.098652 seconds.

chan =

    20

Elapsed time is 277.745631 seconds.

chan =

    21

Elapsed time is 276.588887 seconds.

chan =

    22

Elapsed time is 281.485746 seconds.

chan =

    23

Elapsed time is 280.410799 seconds.

chan =

    24

Elapsed time is 273.205659 seconds.

chan =

    25

Elapsed time is 275.018890 seconds.

chan =

    26

Elapsed time is 269.732407 seconds.

chan =

    27

Elapsed time is 272.005050 seconds.

chan =

    28

Elapsed time is 272.617185 seconds.

chan =

    29

Elapsed time is 264.444885 seconds.

chan =

    30

Elapsed time is 273.533427 seconds.

chan =

    31

Elapsed time is 275.536912 seconds.

chan =

    32

Elapsed time is 276.027683 seconds.

chan =

    33

Elapsed time is 271.347029 seconds.

chan =

    34

Elapsed time is 274.745998 seconds.

chan =

    35

Elapsed time is 265.619325 seconds.

chan =

    36

Elapsed time is 274.637158 seconds.

chan =

    37

Elapsed time is 274.279409 seconds.

chan =

    38

Elapsed time is 269.933707 seconds.

chan =

    39

Elapsed time is 267.457002 seconds.

chan =

    40

Elapsed time is 272.771409 seconds.

chan =

    41

Elapsed time is 276.425007 seconds.

chan =

    42

Elapsed time is 271.815589 seconds.

chan =

    43

Elapsed time is 274.202296 seconds.

chan =

    44

Elapsed time is 266.324083 seconds.

chan =

    45

Elapsed time is 272.646241 seconds.

chan =

    46

Elapsed time is 274.340928 seconds.

chan =

    47

Elapsed time is 272.780099 seconds.

chan =

    48

Elapsed time is 268.440104 seconds.

chan =

    49

Elapsed time is 273.014475 seconds.

chan =

    50

Elapsed time is 270.557273 seconds.

chan =

    51

Elapsed time is 270.627963 seconds.

chan =

    52

Elapsed time is 266.787506 seconds.

chan =

    53

Elapsed time is 260.105915 seconds.

chan =

    54

Elapsed time is 264.645472 seconds.

chan =

    55

Elapsed time is 263.873119 seconds.

chan =

    56

Elapsed time is 262.870278 seconds.

chan =

    57

Elapsed time is 264.515985 seconds.

chan =

    58

Elapsed time is 262.349924 seconds.

chan =

    59

Elapsed time is 267.696601 seconds.

chan =

    60

Elapsed time is 267.810478 seconds.

chan =

    61

Elapsed time is 259.175854 seconds.

chan =

    62

Elapsed time is 268.157439 seconds.

chan =

    63

Elapsed time is 269.621815 seconds.

chan =

    64

Elapsed time is 262.001596 seconds.

chan =

    65

Elapsed time is 260.811229 seconds.

chan =

    66

Elapsed time is 267.229341 seconds.

chan =

    67

Elapsed time is 268.541469 seconds.

chan =

    68

Elapsed time is 266.816648 seconds.

chan =

    69

Elapsed time is 255.660087 seconds.

chan =

    70

Elapsed time is 266.765867 seconds.

chan =

    71

Elapsed time is 268.123480 seconds.

chan =

    72

Elapsed time is 267.176802 seconds.

chan =

    73

Elapsed time is 259.808561 seconds.

chan =

    74

Elapsed time is 271.444546 seconds.

chan =

    75

Elapsed time is 271.089764 seconds.

chan =

    76

Elapsed time is 268.378393 seconds.

chan =

    77

Elapsed time is 260.565182 seconds.

chan =

    78

Elapsed time is 267.997825 seconds.

chan =

    79

Elapsed time is 266.340357 seconds.

chan =

    80

Elapsed time is 267.443184 seconds.

chan =

    81

Elapsed time is 261.687364 seconds.

chan =

    82

Elapsed time is 269.586530 seconds.

chan =

    83

Elapsed time is 270.892998 seconds.

chan =

    84

Elapsed time is 270.958747 seconds.

chan =

    85

Elapsed time is 264.186736 seconds.

chan =

    86

Elapsed time is 265.490123 seconds.

chan =

    87

Elapsed time is 266.619635 seconds.

chan =

    88

Elapsed time is 268.392696 seconds.

chan =

    89

Elapsed time is 257.315675 seconds.

chan =

    90

Elapsed time is 269.883341 seconds.

chan =

    91

Elapsed time is 270.186427 seconds.

chan =

    92

Elapsed time is 267.444848 seconds.

chan =

    93

Elapsed time is 262.973167 seconds.

chan =

    94

Elapsed time is 272.578758 seconds.

chan =

    95

Elapsed time is 272.034034 seconds.

chan =

    96

Elapsed time is 272.318979 seconds.

chan =

    97

Elapsed time is 269.102119 seconds.

chan =

    98

Elapsed time is 269.891290 seconds.

chan =

    99

Elapsed time is 273.613487 seconds.

chan =

   100

Elapsed time is 273.762914 seconds.

chan =

   101

Elapsed time is 268.444079 seconds.

chan =

   102

Elapsed time is 272.179511 seconds.

chan =

   103

Elapsed time is 276.037565 seconds.

chan =

   104

Elapsed time is 270.187247 seconds.

chan =

   105

Elapsed time is 264.503718 seconds.

chan =

   106

Elapsed time is 270.215110 seconds.

chan =

   107

Elapsed time is 268.465671 seconds.

chan =

   108

Elapsed time is 263.873490 seconds.

chan =

   109

Elapsed time is 265.677391 seconds.

