getting started: 3288
attempting file: 3288
going for SD5 37
data loaded: SD5 37
HFB already done

chan =

     1

Elapsed time is 219.537110 seconds.

chan =

     2

Elapsed time is 218.968208 seconds.

chan =

     3

Elapsed time is 218.937938 seconds.

chan =

     4

Elapsed time is 218.016965 seconds.

chan =

     5

Elapsed time is 221.908578 seconds.

chan =

     6

Elapsed time is 220.313002 seconds.

chan =

     7

Elapsed time is 223.384985 seconds.

chan =

     8

Elapsed time is 218.808655 seconds.

chan =

     9

Elapsed time is 218.810412 seconds.

chan =

    10

Elapsed time is 216.659621 seconds.

chan =

    11

Elapsed time is 216.676448 seconds.

chan =

    12

Elapsed time is 216.385734 seconds.

chan =

    13

Elapsed time is 218.743101 seconds.

chan =

    14

Elapsed time is 218.944595 seconds.

chan =

    15

Elapsed time is 219.056057 seconds.

chan =

    16

Elapsed time is 215.746698 seconds.

chan =

    17

Elapsed time is 218.024616 seconds.

chan =

    18

Elapsed time is 217.784297 seconds.

chan =

    19

Elapsed time is 217.951872 seconds.

chan =

    20

Elapsed time is 216.925801 seconds.

chan =

    21

Elapsed time is 219.339500 seconds.

chan =

    22

Elapsed time is 218.426226 seconds.

chan =

    23

Elapsed time is 218.517112 seconds.

chan =

    24

Elapsed time is 219.119322 seconds.

chan =

    25

Elapsed time is 219.251477 seconds.

chan =

    26

Elapsed time is 217.130066 seconds.

chan =

    27

Elapsed time is 218.867160 seconds.

chan =

    28

Elapsed time is 215.549438 seconds.

chan =

    29

Elapsed time is 216.477435 seconds.

chan =

    30

Elapsed time is 214.922356 seconds.

chan =

    31

Elapsed time is 217.722791 seconds.

chan =

    32

Elapsed time is 218.224453 seconds.

chan =

    33

Elapsed time is 216.072848 seconds.

chan =

    34

Elapsed time is 217.138431 seconds.

chan =

    35

Elapsed time is 219.510960 seconds.

chan =

    36

Elapsed time is 216.521967 seconds.

chan =

    37

Elapsed time is 215.265384 seconds.

chan =

    38

Elapsed time is 212.728768 seconds.

chan =

    39

Elapsed time is 214.564072 seconds.

chan =

    40

Elapsed time is 212.652175 seconds.

chan =

    41

Elapsed time is 215.363538 seconds.

chan =

    42

Elapsed time is 212.741004 seconds.

chan =

    43

Elapsed time is 214.741686 seconds.

chan =

    44

Elapsed time is 213.897717 seconds.

chan =

    45

Elapsed time is 215.276812 seconds.

chan =

    46

Elapsed time is 214.826023 seconds.

chan =

    47

Elapsed time is 215.540963 seconds.

chan =

    48

Elapsed time is 214.800830 seconds.

chan =

    49

Elapsed time is 216.617859 seconds.

chan =

    50

Elapsed time is 214.409040 seconds.

chan =

    51

Elapsed time is 214.541494 seconds.

chan =

    52

Elapsed time is 213.962202 seconds.

chan =

    53

Elapsed time is 213.661672 seconds.

chan =

    54

Elapsed time is 213.419197 seconds.

chan =

    55

Elapsed time is 215.259088 seconds.

chan =

    56

Elapsed time is 212.839708 seconds.

chan =

    57

Elapsed time is 213.235366 seconds.

chan =

    58

Elapsed time is 211.701705 seconds.

chan =

    59

Elapsed time is 215.822102 seconds.

chan =

    60

Elapsed time is 210.887395 seconds.

chan =

    61

Elapsed time is 214.473214 seconds.

chan =

    62

Elapsed time is 212.664766 seconds.

chan =

    63

Elapsed time is 215.281498 seconds.

chan =

    64

Elapsed time is 215.452078 seconds.

chan =

    65

Elapsed time is 213.875616 seconds.

chan =

    66

Elapsed time is 213.349317 seconds.

chan =

    67

Elapsed time is 211.762022 seconds.

chan =

    68

Elapsed time is 213.363237 seconds.

chan =

    69

Elapsed time is 211.450136 seconds.

chan =

    70

Elapsed time is 209.128018 seconds.

chan =

    71

Elapsed time is 211.320822 seconds.

chan =

    72

Elapsed time is 209.680120 seconds.

chan =

    73

Elapsed time is 210.592377 seconds.

chan =

    74

Elapsed time is 212.696068 seconds.

chan =

    75

Elapsed time is 211.116288 seconds.

chan =

    76

Elapsed time is 209.984896 seconds.

chan =

    77

Elapsed time is 210.757596 seconds.

chan =

    78

Elapsed time is 210.345883 seconds.

chan =

    79

Elapsed time is 211.385647 seconds.

chan =

    80

Elapsed time is 210.468966 seconds.

chan =

    81

Elapsed time is 211.876255 seconds.

chan =

    82

Elapsed time is 211.852641 seconds.

chan =

    83

Elapsed time is 214.699755 seconds.

chan =

    84

Elapsed time is 210.788986 seconds.

chan =

    85

Elapsed time is 209.960243 seconds.

chan =

    86

Elapsed time is 210.389122 seconds.

chan =

    87

Elapsed time is 211.904317 seconds.

chan =

    88

Elapsed time is 209.813071 seconds.

chan =

    89

Elapsed time is 213.879965 seconds.

chan =

    90

Elapsed time is 211.135320 seconds.

chan =

    91

Elapsed time is 213.840174 seconds.

chan =

    92

Elapsed time is 213.896951 seconds.

chan =

    93

Elapsed time is 214.848945 seconds.

chan =

    94

Elapsed time is 213.101575 seconds.

chan =

    95

Elapsed time is 211.581723 seconds.

chan =

    96

Elapsed time is 211.717167 seconds.

chan =

    97

Elapsed time is 214.702003 seconds.

chan =

    98

Elapsed time is 213.458370 seconds.

chan =

    99

Elapsed time is 211.817482 seconds.

chan =

   100

Elapsed time is 209.532371 seconds.

chan =

   101

Elapsed time is 212.017013 seconds.

chan =

   102

Elapsed time is 213.066340 seconds.

chan =

   103

Elapsed time is 213.953709 seconds.

chan =

   104

Elapsed time is 211.445843 seconds.

chan =

   105

Elapsed time is 212.525776 seconds.

chan =

   106

Elapsed time is 209.186674 seconds.

chan =

   107

Elapsed time is 214.165203 seconds.

chan =

   108

Elapsed time is 210.451307 seconds.

chan =

   109

Elapsed time is 214.873851 seconds.

