getting started: 3685
attempting file: 3685
going for SLCH010 91
data loaded: SLCH010 91
HFB already done

chan =

     1

Elapsed time is 482.524150 seconds.

chan =

     2

Elapsed time is 480.425058 seconds.

chan =

     3

Elapsed time is 478.147879 seconds.

chan =

     4

Elapsed time is 482.739744 seconds.

chan =

     5

Elapsed time is 477.349259 seconds.

chan =

     6

Elapsed time is 480.403933 seconds.

chan =

     7

Elapsed time is 474.670942 seconds.

chan =

     8

Elapsed time is 459.477969 seconds.

chan =

     9

Elapsed time is 463.974892 seconds.

chan =

    10

Elapsed time is 462.359935 seconds.

chan =

    11

Elapsed time is 460.430499 seconds.

chan =

    12

Elapsed time is 461.474393 seconds.

chan =

    13

Elapsed time is 434.830759 seconds.

chan =

    14

Elapsed time is 471.093950 seconds.

chan =

    15

Elapsed time is 439.185838 seconds.

chan =

    16

Elapsed time is 450.540410 seconds.

chan =

    17

Elapsed time is 432.688156 seconds.

chan =

    18

Elapsed time is 425.603894 seconds.

chan =

    19

Elapsed time is 416.737022 seconds.

chan =

    20

Elapsed time is 424.035157 seconds.

chan =

    21

Elapsed time is 398.780060 seconds.

chan =

    22

Elapsed time is 405.061710 seconds.

chan =

    23

Elapsed time is 396.783607 seconds.

chan =

    24

Elapsed time is 386.479003 seconds.

chan =

    25

Elapsed time is 393.410521 seconds.

chan =

    26

Elapsed time is 382.513117 seconds.

chan =

    27

Elapsed time is 380.749477 seconds.

chan =

    28

Elapsed time is 381.631420 seconds.

chan =

    29

Elapsed time is 381.932732 seconds.

chan =

    30

Elapsed time is 379.131641 seconds.

chan =

    31

Elapsed time is 379.992526 seconds.

chan =

    32

Elapsed time is 382.364074 seconds.

chan =

    33

Elapsed time is 383.178585 seconds.

chan =

    34

Elapsed time is 381.730114 seconds.

chan =

    35

Elapsed time is 380.348275 seconds.

chan =

    36

Elapsed time is 383.722565 seconds.

chan =

    37

Elapsed time is 382.456087 seconds.

chan =

    38

Elapsed time is 381.636629 seconds.

chan =

    39

Elapsed time is 382.452470 seconds.

chan =

    40

Elapsed time is 383.662401 seconds.

chan =

    41

Elapsed time is 382.552394 seconds.

chan =

    42

Elapsed time is 380.447941 seconds.

chan =

    43

Elapsed time is 379.242111 seconds.

chan =

    44

Elapsed time is 381.905726 seconds.

chan =

    45

Elapsed time is 380.467337 seconds.

chan =

    46

Elapsed time is 380.842284 seconds.

chan =

    47

Elapsed time is 380.418822 seconds.

chan =

    48

Elapsed time is 380.727333 seconds.

chan =

    49

Elapsed time is 381.330763 seconds.

chan =

    50

Elapsed time is 379.429961 seconds.

chan =

    51

Elapsed time is 379.470981 seconds.

chan =

    52

Elapsed time is 381.388101 seconds.

chan =

    53

Elapsed time is 377.024855 seconds.

chan =

    54

Elapsed time is 378.688887 seconds.

chan =

    55

Elapsed time is 379.103185 seconds.

chan =

    56

Elapsed time is 380.664680 seconds.

chan =

    57

Elapsed time is 380.239454 seconds.

chan =

    58

Elapsed time is 377.747523 seconds.

chan =

    59

Elapsed time is 383.511706 seconds.

chan =

    60

Elapsed time is 381.245895 seconds.

chan =

    61

Elapsed time is 381.521072 seconds.

chan =

    62

Elapsed time is 381.895268 seconds.

chan =

    63

Elapsed time is 382.887654 seconds.

chan =

    64

Elapsed time is 383.404739 seconds.

chan =

    65

Elapsed time is 381.446112 seconds.

chan =

    66

Elapsed time is 381.442357 seconds.

chan =

    67

Elapsed time is 383.054522 seconds.

chan =

    68

Elapsed time is 381.626144 seconds.

chan =

    69

Elapsed time is 380.177506 seconds.

chan =

    70

Elapsed time is 380.075542 seconds.

chan =

    71

Elapsed time is 383.196828 seconds.

chan =

    72

Elapsed time is 382.667801 seconds.

chan =

    73

Elapsed time is 380.001416 seconds.

chan =

    74

Elapsed time is 381.538484 seconds.

chan =

    75

Elapsed time is 393.792591 seconds.

chan =

    76

Elapsed time is 394.136713 seconds.

chan =

    77

Elapsed time is 379.825695 seconds.

chan =

    78

Elapsed time is 385.150729 seconds.

chan =

    79

Elapsed time is 396.159685 seconds.

chan =

    80

Elapsed time is 392.712840 seconds.

chan =

    81

Elapsed time is 391.067513 seconds.

chan =

    82

Elapsed time is 395.127647 seconds.

chan =

    83

Elapsed time is 395.296264 seconds.

chan =

    84

Elapsed time is 393.830708 seconds.

chan =

    85

Elapsed time is 391.409043 seconds.

chan =

    86

Elapsed time is 392.890143 seconds.

chan =

    87

Elapsed time is 392.514052 seconds.

chan =

    88

Elapsed time is 394.398562 seconds.

chan =

    89

Elapsed time is 394.626258 seconds.

chan =

    90

Elapsed time is 393.412293 seconds.

chan =

    91

Elapsed time is 394.549499 seconds.

chan =

    92

Elapsed time is 393.973891 seconds.

chan =

    93

Elapsed time is 392.761592 seconds.

chan =

    94

Elapsed time is 393.547039 seconds.

chan =

    95

Elapsed time is 393.337295 seconds.

chan =

    96

Elapsed time is 391.936522 seconds.

chan =

    97

Elapsed time is 386.260926 seconds.

chan =

    98

Elapsed time is 397.321438 seconds.

chan =

    99

Elapsed time is 398.432673 seconds.

chan =

   100

Elapsed time is 396.358230 seconds.

chan =

   101

Elapsed time is 395.746585 seconds.

chan =

   102

Elapsed time is 396.441538 seconds.

chan =

   103

Elapsed time is 399.959870 seconds.

chan =

   104

Elapsed time is 396.583736 seconds.

chan =

   105

Elapsed time is 396.782652 seconds.

chan =

   106

Elapsed time is 395.700022 seconds.

chan =

   107

Elapsed time is 397.278583 seconds.

chan =

   108

Elapsed time is 395.780956 seconds.

chan =

   109

Elapsed time is 397.795309 seconds.

chan =

   110

Elapsed time is 397.134928 seconds.

chan =

   111

Elapsed time is 399.413451 seconds.

chan =

   112

Elapsed time is 396.791861 seconds.

chan =

   113

Elapsed time is 393.019888 seconds.

chan =

   114

Elapsed time is 377.875443 seconds.
attempting saving
save success: /projects/p31578/dtf8829/QuestConnect/CHANDAT/chanDat_SLCH010_091.mat
working on TF
