getting started: 3035
attempting file: 3035
going for OH30 134
data loaded: OH30 134
HFB already done

chan =

     1

Elapsed time is 516.109128 seconds.

chan =

     2

Elapsed time is 516.702247 seconds.

chan =

     3

Elapsed time is 528.036873 seconds.

chan =

     4

Elapsed time is 533.967604 seconds.

chan =

     5

Elapsed time is 542.027225 seconds.

chan =

     6

Elapsed time is 540.851066 seconds.

chan =

     7

Elapsed time is 534.773599 seconds.

chan =

     8

Elapsed time is 540.468291 seconds.

chan =

     9

Elapsed time is 528.690256 seconds.

chan =

    10

Elapsed time is 528.086782 seconds.

chan =

    11

Elapsed time is 528.940068 seconds.

chan =

    12

Elapsed time is 524.587997 seconds.

chan =

    13

Elapsed time is 526.675600 seconds.

chan =

    14

Elapsed time is 510.102081 seconds.

chan =

    15

Elapsed time is 516.945889 seconds.

chan =

    16

Elapsed time is 522.175606 seconds.

chan =

    17

Elapsed time is 517.435741 seconds.

chan =

    18

Elapsed time is 521.179561 seconds.

chan =

    19

Elapsed time is 520.608406 seconds.

chan =

    20

Elapsed time is 522.900498 seconds.

chan =

    21

Elapsed time is 520.830857 seconds.

chan =

    22

Elapsed time is 519.409688 seconds.

chan =

    23

Elapsed time is 517.243501 seconds.

chan =

    24

Elapsed time is 517.952005 seconds.

chan =

    25

Elapsed time is 520.564399 seconds.

chan =

    26

Elapsed time is 516.598514 seconds.

chan =

    27

Elapsed time is 520.146931 seconds.

chan =

    28

Elapsed time is 520.902976 seconds.

chan =

    29

Elapsed time is 516.097428 seconds.

chan =

    30

Elapsed time is 516.466671 seconds.

chan =

    31

Elapsed time is 514.106015 seconds.

chan =

    32

Elapsed time is 510.067352 seconds.

chan =

    33

Elapsed time is 506.742070 seconds.

chan =

    34

Elapsed time is 509.849452 seconds.

chan =

    35

Elapsed time is 481.339799 seconds.

chan =

    36

Elapsed time is 501.098960 seconds.

chan =

    37

Elapsed time is 496.099416 seconds.

chan =

    38

Elapsed time is 484.299569 seconds.

chan =

    39

Elapsed time is 498.533151 seconds.

chan =

    40

Elapsed time is 494.734846 seconds.

chan =

    41

Elapsed time is 498.760394 seconds.

chan =

    42

Elapsed time is 500.265217 seconds.

chan =

    43

Elapsed time is 488.943749 seconds.

chan =

    44

Elapsed time is 503.522151 seconds.

chan =

    45

Elapsed time is 491.670535 seconds.

chan =

    46

Elapsed time is 491.823007 seconds.

chan =

    47

Elapsed time is 503.294629 seconds.

chan =

    48

Elapsed time is 479.447672 seconds.

chan =

    49

Elapsed time is 505.349703 seconds.

chan =

    50

Elapsed time is 502.874154 seconds.

chan =

    51

Elapsed time is 477.575554 seconds.

chan =

    52

Elapsed time is 503.562253 seconds.

chan =

    53

Elapsed time is 502.220734 seconds.

chan =

    54

Elapsed time is 479.885043 seconds.

chan =

    55

Elapsed time is 503.000872 seconds.

chan =

    56

Elapsed time is 484.921401 seconds.

chan =

    57

Elapsed time is 496.940754 seconds.

chan =

    58

Elapsed time is 502.325366 seconds.

chan =

    59

Elapsed time is 490.629967 seconds.

chan =

    60

Elapsed time is 485.917619 seconds.

chan =

    61

Elapsed time is 470.499214 seconds.

chan =

    62

Elapsed time is 437.433429 seconds.

chan =

    63

Elapsed time is 464.692859 seconds.

chan =

    64

Elapsed time is 467.775303 seconds.

chan =

    65

Elapsed time is 430.121268 seconds.

chan =

    66

Elapsed time is 464.091716 seconds.

chan =

    67

Elapsed time is 463.447979 seconds.

chan =

    68

Elapsed time is 457.761322 seconds.

chan =

    69

Elapsed time is 469.208999 seconds.

chan =

    70

Elapsed time is 473.410655 seconds.

chan =

    71

Elapsed time is 450.130821 seconds.

chan =

    72

Elapsed time is 473.636399 seconds.

chan =

    73

Elapsed time is 468.736931 seconds.

chan =

    74

Elapsed time is 477.487591 seconds.

chan =

    75

Elapsed time is 462.449647 seconds.

chan =

    76

Elapsed time is 443.981076 seconds.

chan =

    77

Elapsed time is 467.934128 seconds.

chan =

    78

Elapsed time is 468.589221 seconds.

chan =

    79

Elapsed time is 450.821920 seconds.

chan =

    80

Elapsed time is 469.148022 seconds.

chan =

    81

Elapsed time is 473.354609 seconds.

chan =

    82

Elapsed time is 450.216723 seconds.

chan =

    83

Elapsed time is 466.492581 seconds.

chan =

    84

Elapsed time is 475.258243 seconds.

chan =

    85

Elapsed time is 466.312586 seconds.

chan =

    86

Elapsed time is 472.203651 seconds.

chan =

    87

Elapsed time is 457.874413 seconds.

chan =

    88

Elapsed time is 466.939975 seconds.

chan =

    89

Elapsed time is 474.015987 seconds.

chan =

    90

Elapsed time is 454.441448 seconds.

chan =

    91

Elapsed time is 470.501943 seconds.

chan =

    92

Elapsed time is 477.161807 seconds.

chan =

    93

Elapsed time is 441.570723 seconds.

chan =

    94

Elapsed time is 467.522343 seconds.

chan =

    95

Elapsed time is 476.986975 seconds.

chan =

    96

Elapsed time is 459.296490 seconds.

chan =

    97

Elapsed time is 462.083834 seconds.

chan =

    98

Elapsed time is 465.723235 seconds.

chan =

    99

Elapsed time is 468.316551 seconds.

chan =

   100

Elapsed time is 473.285163 seconds.

chan =

   101

Elapsed time is 444.869274 seconds.

chan =

   102

Elapsed time is 452.164068 seconds.

chan =

   103

Elapsed time is 521.067520 seconds.

chan =

   104

Elapsed time is 519.258225 seconds.

chan =

   105

Elapsed time is 520.536682 seconds.

chan =

   106

Elapsed time is 516.640490 seconds.

chan =

   107

Elapsed time is 518.867351 seconds.

chan =

   108

Elapsed time is 514.233199 seconds.

chan =

   109

Elapsed time is 514.675659 seconds.

chan =

   110

Elapsed time is 514.244244 seconds.

chan =

   111

Elapsed time is 515.021316 seconds.

chan =

   112

Elapsed time is 519.009955 seconds.

chan =

   113

Elapsed time is 518.042832 seconds.

chan =

   114

Elapsed time is 514.776940 seconds.

chan =

   115

Elapsed time is 513.276144 seconds.

chan =

   116

Elapsed time is 513.888452 seconds.

chan =

   117

Elapsed time is 512.438825 seconds.

chan =

   118

Elapsed time is 509.568973 seconds.

chan =

   119

Elapsed time is 518.364523 seconds.

chan =

   120

Elapsed time is 518.540925 seconds.

chan =

   121

Elapsed time is 518.426865 seconds.

chan =

   122

Elapsed time is 517.692925 seconds.

chan =

   123

Elapsed time is 518.662182 seconds.

chan =

   124

Elapsed time is 513.720433 seconds.

chan =

   125

Elapsed time is 516.263078 seconds.

chan =

   126

Elapsed time is 516.228749 seconds.

chan =

   127

Elapsed time is 517.156852 seconds.

chan =

   128

Elapsed time is 516.990314 seconds.

chan =

   129

Elapsed time is 514.593352 seconds.

chan =

   130

Elapsed time is 514.186182 seconds.

chan =

   131

Elapsed time is 511.652385 seconds.

chan =

   132

Elapsed time is 514.181637 seconds.

chan =

   133

Elapsed time is 508.730008 seconds.

chan =

   134

Elapsed time is 450.489310 seconds.

chan =

   135

Elapsed time is 452.319160 seconds.

chan =

   136

Elapsed time is 449.807564 seconds.

chan =

   137

