getting started: 3010
attempting file: 3010
going for OH30 109
data loaded: OH30 109
HFB already done

chan =

     1

Elapsed time is 412.310504 seconds.

chan =

     2

Elapsed time is 408.848360 seconds.

chan =

     3

Elapsed time is 407.378314 seconds.

chan =

     4

Elapsed time is 406.409604 seconds.

chan =

     5

Elapsed time is 407.072637 seconds.

chan =

     6

Elapsed time is 406.257533 seconds.

chan =

     7

Elapsed time is 408.368571 seconds.

chan =

     8

Elapsed time is 406.914510 seconds.

chan =

     9

Elapsed time is 407.504952 seconds.

chan =

    10

Elapsed time is 404.912674 seconds.

chan =

    11

Elapsed time is 408.535955 seconds.

chan =

    12

Elapsed time is 407.358890 seconds.

chan =

    13

Elapsed time is 405.333093 seconds.

chan =

    14

Elapsed time is 407.916006 seconds.

chan =

    15

Elapsed time is 405.250506 seconds.

chan =

    16

Elapsed time is 408.210797 seconds.

chan =

    17

Elapsed time is 405.440065 seconds.

chan =

    18

Elapsed time is 407.388261 seconds.

chan =

    19

Elapsed time is 409.414547 seconds.

chan =

    20

Elapsed time is 408.664763 seconds.

chan =

    21

Elapsed time is 408.091309 seconds.

chan =

    22

Elapsed time is 408.759454 seconds.

chan =

    23

Elapsed time is 408.138103 seconds.

chan =

    24

Elapsed time is 407.682055 seconds.

chan =

    25

Elapsed time is 408.143067 seconds.

chan =

    26

Elapsed time is 405.635885 seconds.

chan =

    27

Elapsed time is 405.308058 seconds.

chan =

    28

Elapsed time is 408.996347 seconds.

chan =

    29

Elapsed time is 409.277014 seconds.

chan =

    30

Elapsed time is 408.007389 seconds.

chan =

    31

Elapsed time is 407.757000 seconds.

chan =

    32

Elapsed time is 407.678695 seconds.

chan =

    33

Elapsed time is 405.275746 seconds.

chan =

    34

Elapsed time is 406.933446 seconds.

chan =

    35

Elapsed time is 407.502647 seconds.

chan =

    36

Elapsed time is 406.211008 seconds.

chan =

    37

Elapsed time is 405.898112 seconds.

chan =

    38

Elapsed time is 407.085347 seconds.

chan =

    39

Elapsed time is 404.418614 seconds.

chan =

    40

Elapsed time is 405.591900 seconds.

chan =

    41

Elapsed time is 405.885676 seconds.

chan =

    42

Elapsed time is 403.828216 seconds.

chan =

    43

Elapsed time is 406.039031 seconds.

chan =

    44

Elapsed time is 407.042295 seconds.

chan =

    45

Elapsed time is 403.966119 seconds.

chan =

    46

Elapsed time is 404.730549 seconds.

chan =

    47

Elapsed time is 404.585149 seconds.

chan =

    48

Elapsed time is 402.522170 seconds.

chan =

    49

Elapsed time is 406.426439 seconds.

chan =

    50

Elapsed time is 407.766185 seconds.

chan =

    51

Elapsed time is 406.453170 seconds.

chan =

    52

Elapsed time is 405.809082 seconds.

chan =

    53

Elapsed time is 403.795729 seconds.

chan =

    54

Elapsed time is 406.116083 seconds.

chan =

    55

Elapsed time is 405.983496 seconds.

chan =

    56

Elapsed time is 405.422770 seconds.

chan =

    57

Elapsed time is 403.835809 seconds.

chan =

    58

Elapsed time is 404.595190 seconds.

chan =

    59

Elapsed time is 405.357931 seconds.

chan =

    60

Elapsed time is 403.670976 seconds.

chan =

    61

Elapsed time is 404.460214 seconds.

chan =

    62

Elapsed time is 401.696121 seconds.

chan =

    63

Elapsed time is 401.803990 seconds.

chan =

    64

Elapsed time is 403.740194 seconds.

chan =

    65

Elapsed time is 406.789645 seconds.

chan =

    66

Elapsed time is 402.083440 seconds.

chan =

    67

Elapsed time is 401.927513 seconds.

chan =

    68

Elapsed time is 405.970657 seconds.

chan =

    69

Elapsed time is 406.036816 seconds.

chan =

    70

Elapsed time is 406.640825 seconds.

chan =

    71

Elapsed time is 404.151006 seconds.

chan =

    72

Elapsed time is 406.433455 seconds.

chan =

    73

Elapsed time is 406.328507 seconds.

chan =

    74

Elapsed time is 407.081947 seconds.

chan =

    75

Elapsed time is 406.180987 seconds.

chan =

    76

Elapsed time is 404.150666 seconds.

chan =

    77

Elapsed time is 401.088533 seconds.

chan =

    78

Elapsed time is 402.244966 seconds.

chan =

    79

Elapsed time is 403.113454 seconds.

chan =

    80

Elapsed time is 400.716004 seconds.

chan =

    81

Elapsed time is 400.557098 seconds.

chan =

    82

Elapsed time is 406.711319 seconds.

chan =

    83

Elapsed time is 408.589526 seconds.

chan =

    84

Elapsed time is 407.070444 seconds.

chan =

    85

Elapsed time is 407.572915 seconds.

chan =

    86

Elapsed time is 407.861268 seconds.

chan =

    87

Elapsed time is 406.000034 seconds.

chan =

    88

Elapsed time is 407.308871 seconds.

chan =

    89

Elapsed time is 410.505965 seconds.

chan =

    90

Elapsed time is 408.284032 seconds.

chan =

    91

Elapsed time is 409.713836 seconds.

chan =

    92

Elapsed time is 408.824475 seconds.

chan =

    93

Elapsed time is 407.322469 seconds.

chan =

    94

Elapsed time is 404.181813 seconds.

chan =

    95

Elapsed time is 410.690462 seconds.

chan =

    96

Elapsed time is 406.002219 seconds.

chan =

    97

Elapsed time is 405.903610 seconds.

chan =

    98

Elapsed time is 405.529330 seconds.

chan =

    99

Elapsed time is 406.397559 seconds.

chan =

   100

Elapsed time is 405.951889 seconds.

chan =

   101

Elapsed time is 404.834506 seconds.

chan =

   102

Elapsed time is 405.860967 seconds.

chan =

   103

Elapsed time is 407.491739 seconds.

chan =

   104

Elapsed time is 405.492921 seconds.

chan =

   105

Elapsed time is 409.385817 seconds.

chan =

   106

Elapsed time is 407.128818 seconds.

chan =

   107

Elapsed time is 406.578815 seconds.

chan =

   108

Elapsed time is 405.546557 seconds.

chan =

   109

Elapsed time is 405.099481 seconds.

chan =

   110

Elapsed time is 406.323065 seconds.

chan =

   111

Elapsed time is 406.378840 seconds.

chan =

   112

Elapsed time is 408.349646 seconds.

chan =

   113

Elapsed time is 409.844117 seconds.

chan =

   114

Elapsed time is 406.874169 seconds.

chan =

   115

Elapsed time is 407.293514 seconds.

chan =

   116

Elapsed time is 406.024233 seconds.

chan =

   117

Elapsed time is 407.775440 seconds.

chan =

   118

Elapsed time is 403.390944 seconds.

chan =

   119

Elapsed time is 410.803904 seconds.

chan =

   120

Elapsed time is 408.517499 seconds.

chan =

   121

Elapsed time is 408.994893 seconds.

chan =

   122

Elapsed time is 408.785694 seconds.

chan =

   123

Elapsed time is 408.499969 seconds.

chan =

   124

Elapsed time is 408.118455 seconds.

chan =

   125

Elapsed time is 409.886899 seconds.

chan =

   126

Elapsed time is 410.860762 seconds.

chan =

   127

Elapsed time is 411.542856 seconds.

chan =

   128

Elapsed time is 411.493803 seconds.

chan =

   129

Elapsed time is 411.708923 seconds.

chan =

   130

Elapsed time is 409.106507 seconds.

chan =

   131

Elapsed time is 407.786039 seconds.

chan =

   132

Elapsed time is 410.090152 seconds.

chan =

   133

Elapsed time is 411.285388 seconds.

chan =

   134

Elapsed time is 405.499441 seconds.

chan =

   135

Elapsed time is 411.538678 seconds.

chan =

   136

Elapsed time is 411.826564 seconds.

chan =

   137

Elapsed time is 411.437434 seconds.

chan =

   138

Elapsed time is 412.466492 seconds.

chan =

   139

Elapsed time is 409.797823 seconds.
attempting saving
save success: /projects/p31578/dtf8829/QuestConnect/CHANDAT/chanDat_OH30_109.mat
working on TF
encoding done
encoding RT done
