getting started: 3674
attempting file: 3674
going for SLCH010 80
data loaded: SLCH010 80
HFB already done

chan =

     1

Elapsed time is 481.511352 seconds.

chan =

     2

Elapsed time is 479.020414 seconds.

chan =

     3

Elapsed time is 475.368136 seconds.

chan =

     4

Elapsed time is 471.307407 seconds.

chan =

     5

Elapsed time is 468.678466 seconds.

chan =

     6

Elapsed time is 466.855842 seconds.

chan =

     7

Elapsed time is 470.165931 seconds.

chan =

     8

Elapsed time is 469.760917 seconds.

chan =

     9

Elapsed time is 464.872968 seconds.

chan =

    10

Elapsed time is 474.100818 seconds.

chan =

    11

Elapsed time is 463.265161 seconds.

chan =

    12

Elapsed time is 469.578265 seconds.

chan =

    13

Elapsed time is 463.513234 seconds.

chan =

    14

Elapsed time is 460.514193 seconds.

chan =

    15

Elapsed time is 468.686982 seconds.

chan =

    16

Elapsed time is 471.080169 seconds.

chan =

    17

Elapsed time is 460.144535 seconds.

chan =

    18

Elapsed time is 458.970744 seconds.

chan =

    19

Elapsed time is 455.577569 seconds.

chan =

    20

Elapsed time is 456.425089 seconds.

chan =

    21

Elapsed time is 457.198727 seconds.

chan =

    22

Elapsed time is 467.583868 seconds.

chan =

    23

Elapsed time is 461.232666 seconds.

chan =

    24

Elapsed time is 453.708462 seconds.

chan =

    25

Elapsed time is 465.013628 seconds.

chan =

    26

Elapsed time is 459.425954 seconds.

chan =

    27

Elapsed time is 453.342030 seconds.

chan =

    28

Elapsed time is 458.818222 seconds.

chan =

    29

Elapsed time is 471.990337 seconds.

chan =

    30

Elapsed time is 554.710636 seconds.

chan =

    31

Elapsed time is 457.404300 seconds.

chan =

    32

Elapsed time is 441.488615 seconds.

chan =

    33

Elapsed time is 493.056558 seconds.

chan =

    34

Elapsed time is 527.153420 seconds.

chan =

    35

Elapsed time is 608.884608 seconds.

chan =

    36

Elapsed time is 593.614804 seconds.

chan =

    37

Elapsed time is 587.933728 seconds.

chan =

    38

Elapsed time is 588.640884 seconds.

chan =

    39

Elapsed time is 561.130600 seconds.

chan =

    40

Elapsed time is 559.330489 seconds.

chan =

    41

Elapsed time is 555.116187 seconds.

chan =

    42

Elapsed time is 542.796077 seconds.

chan =

    43

Elapsed time is 524.849486 seconds.

chan =

    44

Elapsed time is 511.548556 seconds.

chan =

    45

Elapsed time is 486.523799 seconds.

chan =

    46

Elapsed time is 459.962598 seconds.

chan =

    47

Elapsed time is 436.124470 seconds.

chan =

    48

Elapsed time is 428.463612 seconds.

chan =

    49

Elapsed time is 433.465999 seconds.

chan =

    50

Elapsed time is 464.249470 seconds.

chan =

    51

Elapsed time is 599.946740 seconds.

chan =

    52

Elapsed time is 602.250269 seconds.

chan =

    53

Elapsed time is 594.489954 seconds.

chan =

    54

Elapsed time is 597.454432 seconds.

chan =

    55

Elapsed time is 578.734247 seconds.

chan =

    56

Elapsed time is 532.286400 seconds.

chan =

    57

Elapsed time is 518.126643 seconds.

chan =

    58

Elapsed time is 505.055047 seconds.

chan =

    59

Elapsed time is 487.369710 seconds.

chan =

    60

Elapsed time is 477.773268 seconds.

chan =

    61

Elapsed time is 474.736214 seconds.

chan =

    62

Elapsed time is 468.777598 seconds.

chan =

    63

Elapsed time is 456.929951 seconds.

chan =

    64

Elapsed time is 432.854463 seconds.

chan =

    65

Elapsed time is 424.134030 seconds.

chan =

    66

Elapsed time is 432.255370 seconds.

chan =

    67

Elapsed time is 436.392929 seconds.

chan =

    68

Elapsed time is 439.953685 seconds.

chan =

    69

Elapsed time is 437.253558 seconds.

chan =

    70

Elapsed time is 441.682328 seconds.

chan =

    71

Elapsed time is 434.346315 seconds.

chan =

    72

Elapsed time is 446.348242 seconds.

chan =

    73

Elapsed time is 444.107524 seconds.

chan =

    74

Elapsed time is 428.943085 seconds.

chan =

    75

Elapsed time is 426.512938 seconds.

chan =

    76

Elapsed time is 429.336835 seconds.

chan =

    77

Elapsed time is 428.057058 seconds.

chan =

    78

Elapsed time is 431.707801 seconds.

chan =

    79

Elapsed time is 431.920050 seconds.

chan =

    80

Elapsed time is 436.819526 seconds.

chan =

    81

Elapsed time is 448.803651 seconds.

chan =

    82

Elapsed time is 469.933332 seconds.

chan =

    83

Elapsed time is 460.506719 seconds.

chan =

    84

Elapsed time is 489.062937 seconds.

chan =

    85

Elapsed time is 435.834510 seconds.

chan =

    86

Elapsed time is 427.867496 seconds.

chan =

    87

Elapsed time is 425.538761 seconds.

chan =

    88

Elapsed time is 589.391726 seconds.

chan =

    89

Elapsed time is 432.880208 seconds.

chan =

    90

Elapsed time is 410.236976 seconds.

chan =

    91

Elapsed time is 402.723817 seconds.

chan =

    92

Elapsed time is 404.939787 seconds.

chan =

    93

Elapsed time is 378.394991 seconds.

chan =

    94

Elapsed time is 423.465346 seconds.

chan =

    95

Elapsed time is 426.110042 seconds.

chan =

    96

Elapsed time is 405.337604 seconds.

chan =

    97

Elapsed time is 418.770721 seconds.

chan =

    98

Elapsed time is 424.577278 seconds.

chan =

    99

Elapsed time is 404.821418 seconds.

chan =

   100

Elapsed time is 421.307042 seconds.

chan =

   101

Elapsed time is 423.226851 seconds.

chan =

   102

Elapsed time is 403.481024 seconds.

chan =

   103

Elapsed time is 471.582215 seconds.

chan =

   104

Elapsed time is 503.941567 seconds.

chan =

   105

Elapsed time is 501.494778 seconds.

chan =

   106

Elapsed time is 501.206854 seconds.

chan =

   107

Elapsed time is 494.711562 seconds.

chan =

   108

Elapsed time is 499.362405 seconds.

chan =

   109

Elapsed time is 496.111011 seconds.

chan =

   110

Elapsed time is 497.856225 seconds.

chan =

   111

Elapsed time is 488.398220 seconds.

chan =

   112

Elapsed time is 496.235982 seconds.

chan =

   113

Elapsed time is 494.537219 seconds.

chan =

   114

Elapsed time is 479.278185 seconds.
attempting saving
save success: /projects/p31578/dtf8829/QuestConnect/CHANDAT/chanDat_SLCH010_080.mat
working on TF
encoding done
encoding RT done
