getting started: 3289
attempting file: 3289
going for SD5 38
data loaded: SD5 38
HFB already done

chan =

     1

Elapsed time is 217.395743 seconds.

chan =

     2

Elapsed time is 216.551058 seconds.

chan =

     3

Elapsed time is 216.589045 seconds.

chan =

     4

Elapsed time is 217.879189 seconds.

chan =

     5

Elapsed time is 219.387618 seconds.

chan =

     6

Elapsed time is 219.328932 seconds.

chan =

     7

Elapsed time is 221.236591 seconds.

chan =

     8

Elapsed time is 217.063880 seconds.

chan =

     9

Elapsed time is 216.327227 seconds.

chan =

    10

Elapsed time is 215.783931 seconds.

chan =

    11

Elapsed time is 213.604132 seconds.

chan =

    12

Elapsed time is 215.324858 seconds.

chan =

    13

Elapsed time is 216.241327 seconds.

chan =

    14

Elapsed time is 217.814973 seconds.

chan =

    15

Elapsed time is 216.912796 seconds.

chan =

    16

Elapsed time is 214.440953 seconds.

chan =

    17

Elapsed time is 215.651251 seconds.

chan =

    18

Elapsed time is 216.437411 seconds.

chan =

    19

Elapsed time is 215.566297 seconds.

chan =

    20

Elapsed time is 215.137471 seconds.

chan =

    21

Elapsed time is 216.413973 seconds.

chan =

    22

Elapsed time is 217.461428 seconds.

chan =

    23

Elapsed time is 215.853238 seconds.

chan =

    24

Elapsed time is 216.614767 seconds.

chan =

    25

Elapsed time is 215.224715 seconds.

chan =

    26

Elapsed time is 213.355518 seconds.

chan =

    27

Elapsed time is 214.618169 seconds.

chan =

    28

Elapsed time is 212.586143 seconds.

chan =

    29

Elapsed time is 212.325355 seconds.

chan =

    30

Elapsed time is 214.173756 seconds.

chan =

    31

Elapsed time is 214.575317 seconds.

chan =

    32

Elapsed time is 216.307642 seconds.

chan =

    33

Elapsed time is 215.196178 seconds.

chan =

    34

Elapsed time is 215.251516 seconds.

chan =

    35

Elapsed time is 216.776511 seconds.

chan =

    36

Elapsed time is 216.935818 seconds.

chan =

    37

Elapsed time is 212.507469 seconds.

chan =

    38

Elapsed time is 212.577701 seconds.

chan =

    39

Elapsed time is 211.097677 seconds.

chan =

    40

Elapsed time is 211.701990 seconds.

chan =

    41

Elapsed time is 212.277157 seconds.

chan =

    42

Elapsed time is 213.643971 seconds.

chan =

    43

Elapsed time is 211.042829 seconds.

chan =

    44

Elapsed time is 214.083679 seconds.

chan =

    45

Elapsed time is 212.294818 seconds.

chan =

    46

Elapsed time is 213.221654 seconds.

chan =

    47

Elapsed time is 213.244859 seconds.

chan =

    48

Elapsed time is 214.111306 seconds.

chan =

    49

Elapsed time is 213.453518 seconds.

chan =

    50

Elapsed time is 214.034991 seconds.

chan =

    51

Elapsed time is 211.742630 seconds.

chan =

    52

Elapsed time is 212.167914 seconds.

chan =

    53

Elapsed time is 211.980983 seconds.

chan =

    54

Elapsed time is 211.780211 seconds.

chan =

    55

Elapsed time is 211.252373 seconds.

chan =

    56

Elapsed time is 213.870172 seconds.

chan =

    57

Elapsed time is 209.850252 seconds.

chan =

    58

Elapsed time is 211.667926 seconds.

chan =

    59

Elapsed time is 211.753795 seconds.

chan =

    60

Elapsed time is 212.478481 seconds.

chan =

    61

Elapsed time is 209.860809 seconds.

chan =

    62

Elapsed time is 212.502525 seconds.

chan =

    63

Elapsed time is 211.894843 seconds.

chan =

    64

Elapsed time is 213.861768 seconds.

chan =

    65

Elapsed time is 212.884509 seconds.

chan =

    66

Elapsed time is 211.047915 seconds.

chan =

    67

Elapsed time is 210.527404 seconds.

chan =

    68

Elapsed time is 212.171928 seconds.

chan =

    69

Elapsed time is 210.882336 seconds.

chan =

    70

Elapsed time is 209.238149 seconds.

chan =

    71

Elapsed time is 207.509237 seconds.

chan =

    72

Elapsed time is 210.085885 seconds.

chan =

    73

Elapsed time is 207.614617 seconds.

chan =

    74

Elapsed time is 211.199074 seconds.

chan =

    75

Elapsed time is 209.899587 seconds.

chan =

    76

Elapsed time is 208.267380 seconds.

chan =

    77

Elapsed time is 207.725594 seconds.

chan =

    78

Elapsed time is 208.492892 seconds.

chan =

    79

Elapsed time is 208.507143 seconds.

chan =

    80

Elapsed time is 210.193451 seconds.

chan =

    81

Elapsed time is 208.178936 seconds.

chan =

    82

Elapsed time is 210.634506 seconds.

chan =

    83

Elapsed time is 211.117740 seconds.

chan =

    84

Elapsed time is 212.751543 seconds.

chan =

    85

Elapsed time is 207.544414 seconds.

chan =

    86

Elapsed time is 208.433124 seconds.

chan =

    87

Elapsed time is 208.956225 seconds.

chan =

    88

Elapsed time is 209.705686 seconds.

chan =

    89

Elapsed time is 208.715557 seconds.

chan =

    90

Elapsed time is 211.822738 seconds.

chan =

    91

Elapsed time is 210.226047 seconds.

chan =

    92

Elapsed time is 211.501047 seconds.

chan =

    93

Elapsed time is 213.138532 seconds.

chan =

    94

Elapsed time is 211.661599 seconds.

chan =

    95

Elapsed time is 211.389352 seconds.

chan =

    96

Elapsed time is 209.611094 seconds.

chan =

    97

Elapsed time is 210.983578 seconds.

chan =

    98

Elapsed time is 213.156223 seconds.

chan =

    99

Elapsed time is 211.278456 seconds.

chan =

   100

Elapsed time is 209.701981 seconds.

chan =

   101

Elapsed time is 208.240406 seconds.

chan =

   102

Elapsed time is 210.530216 seconds.

chan =

   103

Elapsed time is 211.280107 seconds.

chan =

   104

Elapsed time is 212.073203 seconds.

chan =

   105

Elapsed time is 209.556889 seconds.

chan =

   106

Elapsed time is 209.951147 seconds.

chan =

   107

Elapsed time is 208.812236 seconds.

chan =

   108

Elapsed time is 212.293813 seconds.

chan =

   109

Elapsed time is 208.253703 seconds.

