getting started: 3347
attempting file: 3347
going for SD5 96
data loaded: SD5 96
HFB already done

chan =

     1

Elapsed time is 244.085450 seconds.

chan =

     2

Elapsed time is 237.334588 seconds.

chan =

     3

Elapsed time is 243.352721 seconds.

chan =

     4

Elapsed time is 252.561921 seconds.

chan =

     5

Elapsed time is 255.064676 seconds.

chan =

     6

Elapsed time is 253.100066 seconds.

chan =

     7

Elapsed time is 252.684535 seconds.

chan =

     8

Elapsed time is 246.780010 seconds.

chan =

     9

Elapsed time is 241.720622 seconds.

chan =

    10

Elapsed time is 242.335658 seconds.

chan =

    11

Elapsed time is 242.266142 seconds.

chan =

    12

Elapsed time is 238.908255 seconds.

chan =

    13

Elapsed time is 237.136264 seconds.

chan =

    14

Elapsed time is 234.640085 seconds.

chan =

    15

Elapsed time is 235.279316 seconds.

chan =

    16

Elapsed time is 236.035134 seconds.

chan =

    17

Elapsed time is 235.848345 seconds.

chan =

    18

Elapsed time is 234.836901 seconds.

chan =

    19

Elapsed time is 235.832267 seconds.

chan =

    20

Elapsed time is 235.873440 seconds.

chan =

    21

Elapsed time is 232.858808 seconds.

chan =

    22

Elapsed time is 236.851044 seconds.

chan =

    23

Elapsed time is 234.624511 seconds.

chan =

    24

Elapsed time is 236.856002 seconds.

chan =

    25

Elapsed time is 236.578314 seconds.

chan =

    26

Elapsed time is 237.140182 seconds.

chan =

    27

Elapsed time is 247.435391 seconds.

chan =

    28

Elapsed time is 257.515350 seconds.

chan =

    29

Elapsed time is 255.119686 seconds.

chan =

    30

Elapsed time is 253.345385 seconds.

chan =

    31

Elapsed time is 256.327019 seconds.

chan =

    32

Elapsed time is 259.369513 seconds.

chan =

    33

Elapsed time is 251.197127 seconds.

chan =

    34

Elapsed time is 251.684452 seconds.

chan =

    35

Elapsed time is 258.624144 seconds.

chan =

    36

Elapsed time is 258.321344 seconds.

chan =

    37

Elapsed time is 247.842441 seconds.

chan =

    38

Elapsed time is 230.411745 seconds.

chan =

    39

Elapsed time is 207.367261 seconds.

chan =

    40

Elapsed time is 206.353333 seconds.

chan =

    41

Elapsed time is 225.480780 seconds.

chan =

    42

Elapsed time is 221.973879 seconds.

chan =

    43

Elapsed time is 217.170891 seconds.

chan =

    44

Elapsed time is 222.368416 seconds.

chan =

    45

Elapsed time is 226.135675 seconds.

chan =

    46

Elapsed time is 225.742338 seconds.

chan =

    47

Elapsed time is 225.785239 seconds.

chan =

    48

Elapsed time is 209.501772 seconds.

chan =

    49

Elapsed time is 204.306919 seconds.

chan =

    50

Elapsed time is 215.576377 seconds.

chan =

    51

Elapsed time is 206.071338 seconds.

chan =

    52

Elapsed time is 203.001630 seconds.

chan =

    53

Elapsed time is 210.560320 seconds.

chan =

    54

Elapsed time is 211.382633 seconds.

chan =

    55

Elapsed time is 205.632670 seconds.

chan =

    56

Elapsed time is 210.370717 seconds.

chan =

    57

Elapsed time is 218.997473 seconds.

chan =

    58

Elapsed time is 222.854844 seconds.

chan =

    59

Elapsed time is 209.090641 seconds.

chan =

    60

Elapsed time is 205.429230 seconds.

chan =

    61

Elapsed time is 200.985630 seconds.

chan =

    62

Elapsed time is 203.085739 seconds.

chan =

    63

Elapsed time is 205.618988 seconds.

chan =

    64

Elapsed time is 206.556915 seconds.

chan =

    65

Elapsed time is 204.679748 seconds.

chan =

    66

Elapsed time is 203.750701 seconds.

chan =

    67

Elapsed time is 202.521145 seconds.

chan =

    68

Elapsed time is 204.916988 seconds.

chan =

    69

Elapsed time is 204.121587 seconds.

chan =

    70

Elapsed time is 206.917372 seconds.

chan =

    71

Elapsed time is 203.815530 seconds.

chan =

    72

Elapsed time is 205.867577 seconds.

chan =

    73

Elapsed time is 204.698930 seconds.

chan =

    74

Elapsed time is 205.059007 seconds.

chan =

    75

Elapsed time is 206.244198 seconds.

chan =

    76

Elapsed time is 202.529186 seconds.

chan =

    77

Elapsed time is 202.520651 seconds.

chan =

    78

Elapsed time is 204.738005 seconds.

chan =

    79

Elapsed time is 206.386123 seconds.

chan =

    80

Elapsed time is 204.077112 seconds.

chan =

    81

Elapsed time is 203.844699 seconds.

chan =

    82

Elapsed time is 206.247040 seconds.

chan =

    83

Elapsed time is 204.858299 seconds.

chan =

    84

Elapsed time is 203.782300 seconds.

chan =

    85

Elapsed time is 203.780575 seconds.

chan =

    86

Elapsed time is 204.072767 seconds.

chan =

    87

Elapsed time is 204.046140 seconds.

chan =

    88

Elapsed time is 202.735453 seconds.

chan =

    89

Elapsed time is 203.003520 seconds.

chan =

    90

Elapsed time is 206.162297 seconds.

chan =

    91

Elapsed time is 203.617974 seconds.

chan =

    92

Elapsed time is 204.614895 seconds.

chan =

    93

Elapsed time is 204.391969 seconds.

chan =

    94

Elapsed time is 207.234386 seconds.

chan =

    95

Elapsed time is 203.597860 seconds.

chan =

    96

Elapsed time is 202.767500 seconds.

chan =

    97

Elapsed time is 202.606712 seconds.

chan =

    98

Elapsed time is 205.952872 seconds.

chan =

    99

Elapsed time is 204.965745 seconds.

chan =

   100

Elapsed time is 204.191919 seconds.

chan =

   101

Elapsed time is 201.993800 seconds.

chan =

   102

Elapsed time is 204.688688 seconds.

chan =

   103

Elapsed time is 203.095655 seconds.

chan =

   104

Elapsed time is 276.572996 seconds.

chan =

   105

Elapsed time is 374.527296 seconds.

chan =

   106

Elapsed time is 241.012629 seconds.

chan =

   107

Elapsed time is 252.058293 seconds.

chan =

   108

Elapsed time is 252.012017 seconds.

chan =

   109

Elapsed time is 249.687408 seconds.

