getting started: 3600
attempting file: 3600
going for SLCH010 6
data loaded: SLCH010 6
HFB already done

chan =

     1

Elapsed time is 474.500704 seconds.

chan =

     2

Elapsed time is 518.732530 seconds.

chan =

     3

Elapsed time is 494.415323 seconds.

chan =

     4

Elapsed time is 493.308198 seconds.

chan =

     5

Elapsed time is 493.436548 seconds.

chan =

     6

Elapsed time is 487.058065 seconds.

chan =

     7

Elapsed time is 493.345678 seconds.

chan =

     8

Elapsed time is 491.840078 seconds.

chan =

     9

Elapsed time is 493.804237 seconds.

chan =

    10

Elapsed time is 489.160903 seconds.

chan =

    11

Elapsed time is 488.395526 seconds.

chan =

    12

Elapsed time is 514.211012 seconds.

chan =

    13

Elapsed time is 545.810404 seconds.

chan =

    14

Elapsed time is 551.069568 seconds.

chan =

    15

Elapsed time is 551.887857 seconds.

chan =

    16

Elapsed time is 549.438569 seconds.

chan =

    17

Elapsed time is 533.705755 seconds.

chan =

    18

Elapsed time is 551.504570 seconds.

chan =

    19

Elapsed time is 546.499686 seconds.

chan =

    20

Elapsed time is 549.004731 seconds.

chan =

    21

Elapsed time is 532.085782 seconds.

chan =

    22

Elapsed time is 526.949002 seconds.

chan =

    23

Elapsed time is 493.547534 seconds.

chan =

    24

Elapsed time is 494.227828 seconds.

chan =

    25

Elapsed time is 497.314396 seconds.

chan =

    26

Elapsed time is 492.970932 seconds.

chan =

    27

Elapsed time is 487.686215 seconds.

chan =

    28

Elapsed time is 492.416507 seconds.

chan =

    29

Elapsed time is 493.074693 seconds.

chan =

    30

Elapsed time is 492.311903 seconds.

chan =

    31

Elapsed time is 488.028188 seconds.

chan =

    32

Elapsed time is 494.468545 seconds.

chan =

    33

Elapsed time is 496.045826 seconds.

chan =

    34

Elapsed time is 497.424487 seconds.

chan =

    35

Elapsed time is 493.707905 seconds.

chan =

    36

Elapsed time is 491.896790 seconds.

chan =

    37

Elapsed time is 491.014631 seconds.

chan =

    38

Elapsed time is 495.286042 seconds.

chan =

    39

Elapsed time is 491.152975 seconds.

chan =

    40

Elapsed time is 489.982222 seconds.

chan =

    41

Elapsed time is 491.373105 seconds.

chan =

    42

Elapsed time is 489.045779 seconds.

chan =

    43

Elapsed time is 491.334515 seconds.

chan =

    44

Elapsed time is 489.241199 seconds.

chan =

    45

Elapsed time is 491.374411 seconds.

chan =

    46

Elapsed time is 489.355968 seconds.

chan =

    47

Elapsed time is 488.134871 seconds.

chan =

    48

Elapsed time is 493.744887 seconds.

chan =

    49

Elapsed time is 498.214387 seconds.

chan =

    50

Elapsed time is 493.237764 seconds.

chan =

    51

Elapsed time is 492.040271 seconds.

chan =

    52

Elapsed time is 493.968502 seconds.

chan =

    53

Elapsed time is 489.908921 seconds.

chan =

    54

Elapsed time is 489.241160 seconds.

chan =

    55

Elapsed time is 492.799296 seconds.

chan =

    56

Elapsed time is 493.773739 seconds.

chan =

    57

Elapsed time is 495.340812 seconds.

chan =

    58

Elapsed time is 488.557168 seconds.

chan =

    59

Elapsed time is 495.443303 seconds.

chan =

    60

Elapsed time is 496.302596 seconds.

chan =

    61

Elapsed time is 513.370591 seconds.

chan =

    62

Elapsed time is 515.705480 seconds.

chan =

    63

Elapsed time is 520.958455 seconds.

chan =

    64

Elapsed time is 524.304904 seconds.

chan =

    65

Elapsed time is 527.797649 seconds.

chan =

    66

Elapsed time is 511.130955 seconds.

chan =

    67

Elapsed time is 502.751971 seconds.

chan =

    68

Elapsed time is 498.630655 seconds.

chan =

    69

Elapsed time is 498.405431 seconds.

chan =

    70

Elapsed time is 498.921927 seconds.

chan =

    71

Elapsed time is 506.708346 seconds.

chan =

    72

Elapsed time is 499.071683 seconds.

chan =

    73

Elapsed time is 493.788084 seconds.

chan =

    74

Elapsed time is 492.141892 seconds.

chan =

    75

Elapsed time is 488.408782 seconds.

chan =

    76

Elapsed time is 583.726219 seconds.

chan =

    77

Elapsed time is 574.719158 seconds.

chan =

    78

Elapsed time is 602.473719 seconds.

chan =

    79

Elapsed time is 603.130683 seconds.

chan =

    80

Elapsed time is 553.245850 seconds.

chan =

    81

Elapsed time is 608.640517 seconds.

chan =

    82

Elapsed time is 606.088367 seconds.

chan =

    83

Elapsed time is 609.916252 seconds.

chan =

    84

Elapsed time is 603.919150 seconds.

chan =

    85

Elapsed time is 602.962050 seconds.

chan =

    86

Elapsed time is 596.023121 seconds.

chan =

    87

Elapsed time is 592.344236 seconds.

chan =

    88

Elapsed time is 594.919838 seconds.

chan =

    89

Elapsed time is 603.920349 seconds.

chan =

    90

Elapsed time is 604.247018 seconds.

chan =

    91

Elapsed time is 602.993339 seconds.

chan =

    92

Elapsed time is 597.015692 seconds.

chan =

    93

Elapsed time is 591.981341 seconds.

chan =

    94

Elapsed time is 592.383565 seconds.

chan =

    95

Elapsed time is 596.098220 seconds.

chan =

    96

Elapsed time is 592.872392 seconds.

chan =

    97

Elapsed time is 604.393816 seconds.

chan =

    98

Elapsed time is 602.082192 seconds.

chan =

    99

Elapsed time is 600.667183 seconds.

chan =

   100

Elapsed time is 601.960440 seconds.

chan =

   101

Elapsed time is 601.335059 seconds.

chan =

   102

Elapsed time is 596.212970 seconds.

chan =

   103

Elapsed time is 599.118634 seconds.

chan =

   104

Elapsed time is 594.639426 seconds.

chan =

   105

Elapsed time is 530.462118 seconds.

chan =

   106

Elapsed time is 488.033930 seconds.

chan =

   107

Elapsed time is 482.921013 seconds.

chan =

   108

Elapsed time is 486.889950 seconds.

chan =

   109

Elapsed time is 484.711877 seconds.

chan =

   110

Elapsed time is 487.045015 seconds.

chan =

   111

Elapsed time is 485.920985 seconds.

chan =

   112

Elapsed time is 486.535555 seconds.

chan =

   113

Elapsed time is 489.307826 seconds.

chan =

   114

Elapsed time is 488.363021 seconds.
attempting saving
save success: /projects/p31578/dtf8829/QuestConnect/CHANDAT/chanDat_SLCH010_006.mat
working on TF
encoding done
encoding RT done
