getting started: 3016
attempting file: 3016
going for OH30 115
data loaded: OH30 115
HFB already done

chan =

     1

Elapsed time is 492.206591 seconds.

chan =

     2

Elapsed time is 490.412475 seconds.

chan =

     3

Elapsed time is 491.636241 seconds.

chan =

     4

Elapsed time is 529.570560 seconds.

chan =

     5

Elapsed time is 533.882120 seconds.

chan =

     6

Elapsed time is 525.895834 seconds.

chan =

     7

Elapsed time is 518.155360 seconds.

chan =

     8

Elapsed time is 511.705029 seconds.

chan =

     9

Elapsed time is 505.055981 seconds.

chan =

    10

Elapsed time is 501.966083 seconds.

chan =

    11

Elapsed time is 496.355850 seconds.

chan =

    12

Elapsed time is 501.621774 seconds.

chan =

    13

Elapsed time is 503.413881 seconds.

chan =

    14

Elapsed time is 503.508601 seconds.

chan =

    15

Elapsed time is 516.022761 seconds.

chan =

    16

Elapsed time is 477.607977 seconds.

chan =

    17

Elapsed time is 525.346022 seconds.

chan =

    18

Elapsed time is 534.404777 seconds.

chan =

    19

Elapsed time is 535.938606 seconds.

chan =

    20

Elapsed time is 537.368992 seconds.

chan =

    21

Elapsed time is 505.751513 seconds.

chan =

    22

Elapsed time is 521.197741 seconds.

chan =

    23

Elapsed time is 518.817293 seconds.

chan =

    24

Elapsed time is 530.830523 seconds.

chan =

    25

Elapsed time is 526.969839 seconds.

chan =

    26

Elapsed time is 510.876277 seconds.

chan =

    27

Elapsed time is 502.970275 seconds.

chan =

    28

Elapsed time is 507.609038 seconds.

chan =

    29

Elapsed time is 503.041764 seconds.

chan =

    30

Elapsed time is 508.133464 seconds.

chan =

    31

Elapsed time is 510.105265 seconds.

chan =

    32

Elapsed time is 501.990707 seconds.

chan =

    33

Elapsed time is 506.316658 seconds.

chan =

    34

Elapsed time is 498.736753 seconds.

chan =

    35

Elapsed time is 509.541880 seconds.

chan =

    36

Elapsed time is 508.450910 seconds.

chan =

    37

Elapsed time is 496.333317 seconds.

chan =

    38

Elapsed time is 497.225192 seconds.

chan =

    39

Elapsed time is 497.876035 seconds.

chan =

    40

Elapsed time is 496.837917 seconds.

chan =

    41

Elapsed time is 499.482319 seconds.

chan =

    42

Elapsed time is 486.158397 seconds.

chan =

    43

Elapsed time is 498.769292 seconds.

chan =

    44

Elapsed time is 498.953190 seconds.

chan =

    45

Elapsed time is 492.718501 seconds.

chan =

    46

Elapsed time is 483.813487 seconds.

chan =

    47

Elapsed time is 489.647929 seconds.

chan =

    48

Elapsed time is 487.182335 seconds.

chan =

    49

Elapsed time is 486.636465 seconds.

chan =

    50

Elapsed time is 487.694610 seconds.

chan =

    51

Elapsed time is 491.430080 seconds.

chan =

    52

Elapsed time is 482.625187 seconds.

chan =

    53

Elapsed time is 489.963116 seconds.

chan =

    54

Elapsed time is 486.274454 seconds.

chan =

    55

Elapsed time is 488.341894 seconds.

chan =

    56

Elapsed time is 492.395738 seconds.

chan =

    57

Elapsed time is 488.395781 seconds.

chan =

    58

Elapsed time is 489.954058 seconds.

chan =

    59

Elapsed time is 490.168190 seconds.

chan =

    60

Elapsed time is 474.772026 seconds.

chan =

    61

Elapsed time is 472.074350 seconds.

chan =

    62

Elapsed time is 461.161520 seconds.

chan =

    63

Elapsed time is 442.787501 seconds.

chan =

    64

Elapsed time is 442.307182 seconds.

chan =

    65

Elapsed time is 440.793496 seconds.

chan =

    66

Elapsed time is 441.937106 seconds.

chan =

    67

Elapsed time is 442.327140 seconds.

chan =

    68

Elapsed time is 449.528427 seconds.

chan =

    69

Elapsed time is 445.601188 seconds.

chan =

    70

Elapsed time is 445.954320 seconds.

chan =

    71

Elapsed time is 443.367723 seconds.

chan =

    72

Elapsed time is 443.701356 seconds.

chan =

    73

Elapsed time is 438.426870 seconds.

chan =

    74

Elapsed time is 442.188697 seconds.

chan =

    75

Elapsed time is 441.796274 seconds.

chan =

    76

Elapsed time is 438.098514 seconds.

chan =

    77

Elapsed time is 434.582517 seconds.

chan =

    78

Elapsed time is 433.251279 seconds.

chan =

    79

Elapsed time is 435.015570 seconds.

chan =

    80

Elapsed time is 420.607586 seconds.

chan =

    81

Elapsed time is 428.854700 seconds.

chan =

    82

Elapsed time is 424.414550 seconds.

chan =

    83

Elapsed time is 431.806110 seconds.

chan =

    84

Elapsed time is 433.442569 seconds.

chan =

    85

Elapsed time is 429.985026 seconds.

chan =

    86

Elapsed time is 428.358808 seconds.

chan =

    87

Elapsed time is 433.312669 seconds.

chan =

    88

Elapsed time is 432.978939 seconds.

chan =

    89

Elapsed time is 431.613676 seconds.

chan =

    90

Elapsed time is 429.948341 seconds.

chan =

    91

Elapsed time is 436.621906 seconds.

chan =

    92

Elapsed time is 430.090619 seconds.

chan =

    93

Elapsed time is 427.399636 seconds.

chan =

    94

Elapsed time is 425.560977 seconds.

chan =

    95

Elapsed time is 434.707677 seconds.

chan =

    96

Elapsed time is 405.071697 seconds.

chan =

    97

Elapsed time is 403.622280 seconds.

chan =

    98

Elapsed time is 406.320495 seconds.

chan =

    99

Elapsed time is 400.930560 seconds.

chan =

   100

Elapsed time is 400.763616 seconds.

chan =

   101

Elapsed time is 401.324000 seconds.

chan =

   102

Elapsed time is 404.428242 seconds.

chan =

   103

Elapsed time is 401.974984 seconds.

chan =

   104

Elapsed time is 404.350830 seconds.

chan =

   105

Elapsed time is 406.790907 seconds.

chan =

   106

Elapsed time is 404.544575 seconds.

chan =

   107

Elapsed time is 406.173712 seconds.

chan =

   108

Elapsed time is 406.038834 seconds.

chan =

   109

Elapsed time is 402.401952 seconds.

chan =

   110

Elapsed time is 401.879577 seconds.

chan =

   111

Elapsed time is 405.485172 seconds.

chan =

   112

Elapsed time is 404.295300 seconds.

chan =

   113

Elapsed time is 404.416382 seconds.

chan =

   114

Elapsed time is 403.575284 seconds.

chan =

   115

Elapsed time is 405.049314 seconds.

chan =

   116

Elapsed time is 404.772197 seconds.

chan =

   117

Elapsed time is 399.571327 seconds.

chan =

   118

Elapsed time is 397.807513 seconds.

chan =

   119

Elapsed time is 405.221726 seconds.

chan =

   120

Elapsed time is 407.561254 seconds.

chan =

   121

Elapsed time is 406.700469 seconds.

chan =

   122

Elapsed time is 405.910128 seconds.

chan =

   123

Elapsed time is 405.143439 seconds.

chan =

   124

Elapsed time is 377.859814 seconds.

chan =

   125

Elapsed time is 375.601462 seconds.

chan =

   126

Elapsed time is 376.818177 seconds.

chan =

   127

Elapsed time is 375.757766 seconds.

chan =

   128

Elapsed time is 371.891098 seconds.

chan =

   129

Elapsed time is 372.028358 seconds.

chan =

   130

Elapsed time is 372.246821 seconds.

chan =

   131

Elapsed time is 370.295625 seconds.

chan =

   132

Elapsed time is 373.784199 seconds.

chan =

   133

Elapsed time is 371.757109 seconds.

chan =

   134

Elapsed time is 378.144408 seconds.

chan =

   135

Elapsed time is 371.664018 seconds.

chan =

   136

Elapsed time is 370.891404 seconds.

chan =

   137

Elapsed time is 374.098289 seconds.

chan =

   138

Elapsed time is 376.553678 seconds.

chan =

   139

Elapsed time is 346.841353 seconds.
attempting saving
save success: /projects/p31578/dtf8829/QuestConnect/CHANDAT/chanDat_OH30_115.mat
working on TF
encoding done
encoding RT done
