getting started: 3297
attempting file: 3297
going for SD5 46
data loaded: SD5 46
HFB already done

chan =

     1

Elapsed time is 304.279049 seconds.

chan =

     2

Elapsed time is 308.182168 seconds.

chan =

     3

Elapsed time is 305.257747 seconds.

chan =

     4

Elapsed time is 319.264688 seconds.

chan =

     5

Elapsed time is 303.156968 seconds.

chan =

     6

Elapsed time is 299.235229 seconds.

chan =

     7

Elapsed time is 299.310106 seconds.

chan =

     8

Elapsed time is 299.511659 seconds.

chan =

     9

Elapsed time is 299.570428 seconds.

chan =

    10

Elapsed time is 299.401529 seconds.

chan =

    11

Elapsed time is 299.669629 seconds.

chan =

    12

Elapsed time is 298.897638 seconds.

chan =

    13

Elapsed time is 298.102983 seconds.

chan =

    14

Elapsed time is 296.362773 seconds.

chan =

    15

Elapsed time is 297.976572 seconds.

chan =

    16

Elapsed time is 296.078840 seconds.

chan =

    17

Elapsed time is 297.255716 seconds.

chan =

    18

Elapsed time is 296.370204 seconds.

chan =

    19

Elapsed time is 296.616986 seconds.

chan =

    20

Elapsed time is 294.424583 seconds.

chan =

    21

Elapsed time is 294.195870 seconds.

chan =

    22

Elapsed time is 302.167994 seconds.

chan =

    23

Elapsed time is 305.801366 seconds.

chan =

    24

Elapsed time is 305.318767 seconds.

chan =

    25

Elapsed time is 304.439132 seconds.

chan =

    26

Elapsed time is 306.044242 seconds.

chan =

    27

Elapsed time is 305.624398 seconds.

chan =

    28

Elapsed time is 298.106557 seconds.

chan =

    29

Elapsed time is 300.334968 seconds.

chan =

    30

Elapsed time is 302.173542 seconds.

chan =

    31

Elapsed time is 297.284436 seconds.

chan =

    32

Elapsed time is 299.248208 seconds.

chan =

    33

Elapsed time is 295.115377 seconds.

chan =

    34

Elapsed time is 293.370458 seconds.

chan =

    35

Elapsed time is 295.018069 seconds.

chan =

    36

Elapsed time is 288.405473 seconds.

chan =

    37

Elapsed time is 283.024153 seconds.

chan =

    38

Elapsed time is 283.091325 seconds.

chan =

    39

Elapsed time is 263.749579 seconds.

chan =

    40

Elapsed time is 276.584170 seconds.

chan =

    41

Elapsed time is 268.712872 seconds.

chan =

    42

Elapsed time is 268.562026 seconds.

chan =

    43

Elapsed time is 280.993709 seconds.

chan =

    44

Elapsed time is 263.655695 seconds.

chan =

    45

Elapsed time is 267.415638 seconds.

chan =

    46

Elapsed time is 278.231143 seconds.

chan =

    47

Elapsed time is 253.660518 seconds.

chan =

    48

Elapsed time is 241.971608 seconds.

chan =

    49

Elapsed time is 231.328427 seconds.

chan =

    50

Elapsed time is 229.958144 seconds.

chan =

    51

Elapsed time is 229.917845 seconds.

chan =

    52

Elapsed time is 230.651159 seconds.

chan =

    53

Elapsed time is 233.413759 seconds.

chan =

    54

Elapsed time is 242.151768 seconds.

chan =

    55

Elapsed time is 230.166755 seconds.

chan =

    56

Elapsed time is 230.020278 seconds.

chan =

    57

Elapsed time is 242.082968 seconds.

chan =

    58

Elapsed time is 243.874941 seconds.

chan =

    59

Elapsed time is 244.527971 seconds.

chan =

    60

Elapsed time is 245.471510 seconds.

chan =

    61

Elapsed time is 244.031892 seconds.

chan =

    62

Elapsed time is 243.646806 seconds.

chan =

    63

Elapsed time is 243.637100 seconds.

chan =

    64

Elapsed time is 244.342776 seconds.

chan =

    65

Elapsed time is 244.136039 seconds.

chan =

    66

Elapsed time is 243.619046 seconds.

chan =

    67

Elapsed time is 243.287466 seconds.

chan =

    68

Elapsed time is 244.428495 seconds.

chan =

    69

Elapsed time is 244.039431 seconds.

chan =

    70

Elapsed time is 244.614599 seconds.

chan =

    71

Elapsed time is 247.275853 seconds.

chan =

    72

Elapsed time is 242.870421 seconds.

chan =

    73

Elapsed time is 234.123682 seconds.

chan =

    74

Elapsed time is 233.944140 seconds.

chan =

    75

Elapsed time is 238.144761 seconds.

chan =

    76

Elapsed time is 239.310378 seconds.

chan =

    77

Elapsed time is 234.503693 seconds.

chan =

    78

Elapsed time is 232.908476 seconds.

chan =

    79

Elapsed time is 297.882152 seconds.

chan =

    80

Elapsed time is 350.689786 seconds.

chan =

    81

Elapsed time is 347.373865 seconds.

chan =

    82

Elapsed time is 348.681567 seconds.

chan =

    83

Elapsed time is 339.506394 seconds.

chan =

    84

Elapsed time is 348.848445 seconds.

chan =

    85

Elapsed time is 337.690879 seconds.

chan =

    86

Elapsed time is 343.932128 seconds.

chan =

    87

Elapsed time is 337.424047 seconds.

chan =

    88

Elapsed time is 346.969207 seconds.

chan =

    89

Elapsed time is 329.488408 seconds.

chan =

    90

Elapsed time is 347.139180 seconds.

chan =

    91

Elapsed time is 338.100486 seconds.

chan =

    92

Elapsed time is 336.071395 seconds.

chan =

    93

Elapsed time is 329.311023 seconds.

chan =

    94

Elapsed time is 335.640271 seconds.

chan =

    95

Elapsed time is 334.860449 seconds.

chan =

    96

Elapsed time is 344.832253 seconds.

chan =

    97

Elapsed time is 335.701695 seconds.

chan =

    98

Elapsed time is 341.761542 seconds.

chan =

    99

Elapsed time is 344.629254 seconds.

chan =

   100

Elapsed time is 288.264338 seconds.

chan =

   101

Elapsed time is 243.372352 seconds.

chan =

   102

Elapsed time is 263.851487 seconds.

chan =

   103

Elapsed time is 252.049827 seconds.

chan =

   104

Elapsed time is 235.379943 seconds.

chan =

   105

Elapsed time is 261.234730 seconds.

chan =

   106

Elapsed time is 268.147856 seconds.

chan =

   107

Elapsed time is 254.709369 seconds.

chan =

   108

Elapsed time is 230.539606 seconds.

chan =

   109

Elapsed time is 227.811479 seconds.

