getting started: 3027
attempting file: 3027
going for OH30 126
data loaded: OH30 126
HFB already done

chan =

     1

Elapsed time is 562.044426 seconds.

chan =

     2

Elapsed time is 547.232443 seconds.

chan =

     3

Elapsed time is 573.149171 seconds.

chan =

     4

Elapsed time is 577.237953 seconds.

chan =

     5

Elapsed time is 573.316770 seconds.

chan =

     6

Elapsed time is 557.505965 seconds.

chan =

     7

Elapsed time is 613.306679 seconds.

chan =

     8

Elapsed time is 653.012688 seconds.

chan =

     9

Elapsed time is 650.334844 seconds.

chan =

    10

Elapsed time is 649.708056 seconds.

chan =

    11

Elapsed time is 650.076221 seconds.

chan =

    12

Elapsed time is 648.137419 seconds.

chan =

    13

Elapsed time is 648.243842 seconds.

chan =

    14

Elapsed time is 653.616751 seconds.

chan =

    15

Elapsed time is 650.036846 seconds.

chan =

    16

Elapsed time is 651.201647 seconds.

chan =

    17

Elapsed time is 648.574580 seconds.

chan =

    18

Elapsed time is 654.991778 seconds.

chan =

    19

Elapsed time is 654.818762 seconds.

chan =

    20

Elapsed time is 649.548473 seconds.

chan =

    21

Elapsed time is 645.042853 seconds.

chan =

    22

Elapsed time is 649.072900 seconds.

chan =

    23

Elapsed time is 653.094168 seconds.

chan =

    24

Elapsed time is 650.742518 seconds.

chan =

    25

Elapsed time is 657.157322 seconds.

chan =

    26

Elapsed time is 649.452394 seconds.

chan =

    27

Elapsed time is 646.324443 seconds.

chan =

    28

Elapsed time is 645.852571 seconds.

chan =

    29

Elapsed time is 640.014774 seconds.

chan =

    30

Elapsed time is 626.640597 seconds.

chan =

    31

Elapsed time is 627.368017 seconds.

chan =

    32

Elapsed time is 630.782214 seconds.

chan =

    33

Elapsed time is 627.116110 seconds.

chan =

    34

Elapsed time is 626.914601 seconds.

chan =

    35

Elapsed time is 626.761240 seconds.

chan =

    36

Elapsed time is 628.406959 seconds.

chan =

    37

Elapsed time is 627.296113 seconds.

chan =

    38

Elapsed time is 620.658080 seconds.

chan =

    39

Elapsed time is 621.064870 seconds.

chan =

    40

Elapsed time is 623.191953 seconds.

chan =

    41

Elapsed time is 625.660066 seconds.

chan =

    42

Elapsed time is 627.523165 seconds.

chan =

    43

Elapsed time is 622.027006 seconds.

chan =

    44

Elapsed time is 625.146352 seconds.

chan =

    45

Elapsed time is 621.683683 seconds.

chan =

    46

Elapsed time is 624.089912 seconds.

chan =

    47

Elapsed time is 627.357192 seconds.

chan =

    48

Elapsed time is 624.894311 seconds.

chan =

    49

Elapsed time is 628.339695 seconds.

chan =

    50

Elapsed time is 625.606797 seconds.

chan =

    51

Elapsed time is 524.366111 seconds.

chan =

    52

Elapsed time is 520.620289 seconds.

chan =

    53

Elapsed time is 532.095550 seconds.

chan =

    54

Elapsed time is 532.769756 seconds.

chan =

    55

Elapsed time is 537.587880 seconds.

chan =

    56

Elapsed time is 537.534377 seconds.

chan =

    57

Elapsed time is 538.678180 seconds.

chan =

    58

Elapsed time is 528.343924 seconds.

chan =

    59

Elapsed time is 515.224864 seconds.

chan =

    60

Elapsed time is 517.531335 seconds.

chan =

    61

Elapsed time is 519.029248 seconds.

chan =

    62

Elapsed time is 518.158990 seconds.

chan =

    63

Elapsed time is 514.611720 seconds.

chan =

    64

Elapsed time is 516.739601 seconds.

chan =

    65

Elapsed time is 516.320155 seconds.

chan =

    66

Elapsed time is 516.756965 seconds.

chan =

    67

Elapsed time is 514.831490 seconds.

chan =

    68

Elapsed time is 517.855680 seconds.

chan =

    69

Elapsed time is 517.500301 seconds.

chan =

    70

Elapsed time is 517.389091 seconds.

chan =

    71

Elapsed time is 515.663111 seconds.

chan =

    72

Elapsed time is 520.664394 seconds.

chan =

    73

Elapsed time is 522.249941 seconds.

chan =

    74

Elapsed time is 524.613445 seconds.

chan =

    75

Elapsed time is 516.974664 seconds.

chan =

    76

Elapsed time is 513.813484 seconds.

chan =

    77

Elapsed time is 507.614043 seconds.

chan =

    78

Elapsed time is 483.329853 seconds.

chan =

    79

Elapsed time is 475.493062 seconds.

chan =

    80

Elapsed time is 478.007948 seconds.

chan =

    81

Elapsed time is 477.888726 seconds.

chan =

    82

Elapsed time is 479.444111 seconds.

chan =

    83

Elapsed time is 480.619793 seconds.

chan =

    84

Elapsed time is 478.556260 seconds.

chan =

    85

Elapsed time is 478.811334 seconds.

chan =

    86

Elapsed time is 479.996838 seconds.

chan =

    87

Elapsed time is 478.817359 seconds.

chan =

    88

Elapsed time is 480.484212 seconds.

chan =

    89

Elapsed time is 480.710109 seconds.

chan =

    90

Elapsed time is 481.643042 seconds.

chan =

    91

Elapsed time is 481.093988 seconds.

chan =

    92

Elapsed time is 481.505391 seconds.

chan =

    93

Elapsed time is 483.527577 seconds.

chan =

    94

Elapsed time is 480.937073 seconds.

chan =

    95

Elapsed time is 482.278546 seconds.

chan =

    96

Elapsed time is 480.094231 seconds.

chan =

    97

Elapsed time is 480.298841 seconds.

chan =

    98

Elapsed time is 481.686919 seconds.

chan =

    99

Elapsed time is 482.579477 seconds.

chan =

   100

Elapsed time is 483.525392 seconds.

chan =

   101

Elapsed time is 480.776836 seconds.

chan =

   102

Elapsed time is 480.190031 seconds.

chan =

   103

Elapsed time is 481.846144 seconds.

chan =

   104

Elapsed time is 482.203185 seconds.

chan =

   105

Elapsed time is 480.527965 seconds.

chan =

   106

Elapsed time is 480.292511 seconds.

chan =

   107

Elapsed time is 478.444901 seconds.

chan =

   108

Elapsed time is 480.716988 seconds.

chan =

   109

Elapsed time is 476.703099 seconds.

chan =

   110

Elapsed time is 479.582501 seconds.

chan =

   111

Elapsed time is 480.589306 seconds.

chan =

   112

Elapsed time is 484.122988 seconds.

chan =

   113

Elapsed time is 480.887023 seconds.

chan =

   114

Elapsed time is 480.209973 seconds.

chan =

   115

Elapsed time is 477.523225 seconds.

chan =

   116

Elapsed time is 476.364312 seconds.

chan =

   117

Elapsed time is 472.453332 seconds.

chan =

   118

Elapsed time is 470.275722 seconds.

chan =

   119

Elapsed time is 475.726257 seconds.

chan =

   120

Elapsed time is 476.527065 seconds.

chan =

   121

Elapsed time is 477.594642 seconds.

chan =

   122

Elapsed time is 477.269828 seconds.

chan =

   123

Elapsed time is 466.264848 seconds.

chan =

   124

