getting started: 3355
attempting file: 3355
going for SD5 104
data loaded: SD5 104
HFB already done

chan =

     1

Elapsed time is 290.560618 seconds.

chan =

     2

Elapsed time is 287.486198 seconds.

chan =

     3

Elapsed time is 267.281775 seconds.

chan =

     4

Elapsed time is 316.764294 seconds.

chan =

     5

Elapsed time is 353.137098 seconds.

chan =

     6

Elapsed time is 347.375875 seconds.

chan =

     7

Elapsed time is 348.020858 seconds.

chan =

     8

Elapsed time is 342.794373 seconds.

chan =

     9

Elapsed time is 346.972405 seconds.

chan =

    10

Elapsed time is 345.719301 seconds.

chan =

    11

Elapsed time is 342.924327 seconds.

chan =

    12

Elapsed time is 342.132884 seconds.

chan =

    13

Elapsed time is 346.819303 seconds.

chan =

    14

Elapsed time is 341.245636 seconds.

chan =

    15

Elapsed time is 349.038122 seconds.

chan =

    16

Elapsed time is 340.825371 seconds.

chan =

    17

Elapsed time is 345.724032 seconds.

chan =

    18

Elapsed time is 342.762320 seconds.

chan =

    19

Elapsed time is 348.176554 seconds.

chan =

    20

Elapsed time is 340.666175 seconds.

chan =

    21

Elapsed time is 345.732721 seconds.

chan =

    22

Elapsed time is 343.032263 seconds.

chan =

    23

Elapsed time is 347.485133 seconds.

chan =

    24

Elapsed time is 340.002741 seconds.

chan =

    25

Elapsed time is 344.099071 seconds.

chan =

    26

Elapsed time is 335.370609 seconds.

chan =

    27

Elapsed time is 344.530897 seconds.

chan =

    28

Elapsed time is 333.527856 seconds.

chan =

    29

Elapsed time is 335.672863 seconds.

chan =

    30

Elapsed time is 331.490783 seconds.

chan =

    31

Elapsed time is 339.510522 seconds.

chan =

    32

Elapsed time is 327.928980 seconds.

chan =

    33

Elapsed time is 334.902464 seconds.

chan =

    34

Elapsed time is 326.699426 seconds.

chan =

    35

Elapsed time is 334.680453 seconds.

chan =

    36

Elapsed time is 325.858071 seconds.

chan =

    37

Elapsed time is 335.598869 seconds.

chan =

    38

Elapsed time is 326.074866 seconds.

chan =

    39

Elapsed time is 333.488841 seconds.

chan =

    40

Elapsed time is 326.474826 seconds.

chan =

    41

Elapsed time is 330.502727 seconds.

chan =

    42

Elapsed time is 327.059192 seconds.

chan =

    43

Elapsed time is 331.354304 seconds.

chan =

    44

Elapsed time is 327.040673 seconds.

chan =

    45

Elapsed time is 331.040575 seconds.

chan =

    46

Elapsed time is 326.263507 seconds.

chan =

    47

Elapsed time is 326.488784 seconds.

chan =

    48

Elapsed time is 325.848864 seconds.

chan =

    49

Elapsed time is 327.130955 seconds.

chan =

    50

Elapsed time is 324.032295 seconds.

chan =

    51

Elapsed time is 327.480854 seconds.

chan =

    52

Elapsed time is 324.894303 seconds.

chan =

    53

Elapsed time is 325.506561 seconds.

chan =

    54

Elapsed time is 325.320866 seconds.

chan =

    55

Elapsed time is 329.057803 seconds.

chan =

    56

Elapsed time is 325.981980 seconds.

chan =

    57

Elapsed time is 330.345458 seconds.

chan =

    58

Elapsed time is 325.345907 seconds.

chan =

    59

Elapsed time is 328.413903 seconds.

chan =

    60

Elapsed time is 327.223227 seconds.

chan =

    61

Elapsed time is 328.244216 seconds.

chan =

    62

Elapsed time is 325.020940 seconds.

chan =

    63

Elapsed time is 328.850809 seconds.

chan =

    64

Elapsed time is 332.547328 seconds.

chan =

    65

Elapsed time is 339.473728 seconds.

chan =

    66

Elapsed time is 338.589527 seconds.

chan =

    67

Elapsed time is 339.892214 seconds.

chan =

    68

Elapsed time is 331.580559 seconds.

chan =

    69

Elapsed time is 334.463908 seconds.

chan =

    70

Elapsed time is 333.076595 seconds.

chan =

    71

Elapsed time is 335.054420 seconds.

chan =

    72

Elapsed time is 334.059598 seconds.

chan =

    73

Elapsed time is 331.405658 seconds.

chan =

    74

Elapsed time is 333.520697 seconds.

chan =

    75

Elapsed time is 338.723368 seconds.

chan =

    76

Elapsed time is 333.837505 seconds.

chan =

    77

Elapsed time is 333.865181 seconds.

chan =

    78

Elapsed time is 331.419154 seconds.

chan =

    79

Elapsed time is 335.750530 seconds.

chan =

    80

Elapsed time is 335.516886 seconds.

chan =

    81

Elapsed time is 337.429127 seconds.

chan =

    82

Elapsed time is 334.179990 seconds.

chan =

    83

Elapsed time is 332.664537 seconds.

chan =

    84

Elapsed time is 337.594785 seconds.

chan =

    85

Elapsed time is 338.494772 seconds.

chan =

    86

Elapsed time is 334.186287 seconds.

chan =

    87

Elapsed time is 335.413488 seconds.

chan =

    88

Elapsed time is 336.312716 seconds.

chan =

    89

Elapsed time is 336.828945 seconds.

chan =

    90

Elapsed time is 335.450284 seconds.

chan =

    91

Elapsed time is 340.232919 seconds.

chan =

    92

Elapsed time is 335.630428 seconds.

chan =

    93

Elapsed time is 337.682631 seconds.

chan =

    94

Elapsed time is 335.655372 seconds.

chan =

    95

Elapsed time is 334.580509 seconds.

chan =

    96

Elapsed time is 330.432796 seconds.

chan =

    97

Elapsed time is 333.127965 seconds.

chan =

    98

Elapsed time is 335.656730 seconds.

chan =

    99

Elapsed time is 337.717958 seconds.

chan =

   100

Elapsed time is 334.230229 seconds.

chan =

   101

Elapsed time is 331.930202 seconds.

chan =

   102

Elapsed time is 323.890767 seconds.

chan =

   103

Elapsed time is 327.501862 seconds.

chan =

   104

Elapsed time is 323.909597 seconds.

chan =

   105

Elapsed time is 325.013413 seconds.

chan =

   106

Elapsed time is 322.705879 seconds.

chan =

   107

Elapsed time is 324.431137 seconds.

chan =

   108

Elapsed time is 326.051538 seconds.

chan =

   109

Elapsed time is 323.995146 seconds.

