getting started: 3301
attempting file: 3301
going for SD5 50
data loaded: SD5 50
HFB already done

chan =

     1

Elapsed time is 263.147777 seconds.

chan =

     2

Elapsed time is 257.370094 seconds.

chan =

     3

Elapsed time is 256.123391 seconds.

chan =

     4

Elapsed time is 251.702759 seconds.

chan =

     5

Elapsed time is 255.820723 seconds.

chan =

     6

Elapsed time is 254.838864 seconds.

chan =

     7

Elapsed time is 249.538151 seconds.

chan =

     8

Elapsed time is 241.617025 seconds.

chan =

     9

Elapsed time is 250.950813 seconds.

chan =

    10

Elapsed time is 266.504026 seconds.

chan =

    11

Elapsed time is 267.603452 seconds.

chan =

    12

Elapsed time is 257.734706 seconds.

chan =

    13

Elapsed time is 266.095519 seconds.

chan =

    14

Elapsed time is 280.693974 seconds.

chan =

    15

Elapsed time is 290.736467 seconds.

chan =

    16

Elapsed time is 289.403194 seconds.

chan =

    17

Elapsed time is 291.024635 seconds.

chan =

    18

Elapsed time is 288.917483 seconds.

chan =

    19

Elapsed time is 286.324821 seconds.

chan =

    20

Elapsed time is 292.209699 seconds.

chan =

    21

Elapsed time is 287.273077 seconds.

chan =

    22

Elapsed time is 289.463922 seconds.

chan =

    23

Elapsed time is 288.497878 seconds.

chan =

    24

Elapsed time is 291.575982 seconds.

chan =

    25

Elapsed time is 291.400779 seconds.

chan =

    26

Elapsed time is 290.704289 seconds.

chan =

    27

Elapsed time is 291.273059 seconds.

chan =

    28

Elapsed time is 280.325737 seconds.

chan =

    29

Elapsed time is 290.600368 seconds.

chan =

    30

Elapsed time is 294.471001 seconds.

chan =

    31

Elapsed time is 289.293631 seconds.

chan =

    32

Elapsed time is 291.766360 seconds.

chan =

    33

Elapsed time is 282.031999 seconds.

chan =

    34

Elapsed time is 291.262690 seconds.

chan =

    35

Elapsed time is 292.519876 seconds.

chan =

    36

Elapsed time is 292.659418 seconds.

chan =

    37

Elapsed time is 292.983474 seconds.

chan =

    38

Elapsed time is 284.644275 seconds.

chan =

    39

Elapsed time is 291.873021 seconds.

chan =

    40

Elapsed time is 290.285916 seconds.

chan =

    41

Elapsed time is 292.336062 seconds.

chan =

    42

Elapsed time is 289.983457 seconds.

chan =

    43

Elapsed time is 279.900180 seconds.

chan =

    44

Elapsed time is 291.212437 seconds.

chan =

    45

Elapsed time is 293.868340 seconds.

chan =

    46

Elapsed time is 293.458687 seconds.

chan =

    47

Elapsed time is 291.493404 seconds.

chan =

    48

Elapsed time is 257.349669 seconds.

chan =

    49

Elapsed time is 267.872941 seconds.

chan =

    50

Elapsed time is 274.419975 seconds.

chan =

    51

Elapsed time is 293.669876 seconds.

chan =

    52

Elapsed time is 294.529419 seconds.

chan =

    53

Elapsed time is 293.498503 seconds.

chan =

    54

Elapsed time is 290.666523 seconds.

chan =

    55

Elapsed time is 287.979935 seconds.

chan =

    56

Elapsed time is 295.183820 seconds.

chan =

    57

Elapsed time is 294.316173 seconds.

chan =

    58

Elapsed time is 292.321259 seconds.

chan =

    59

Elapsed time is 287.700817 seconds.

chan =

    60

Elapsed time is 291.196286 seconds.

chan =

    61

Elapsed time is 296.330918 seconds.

chan =

    62

Elapsed time is 295.130021 seconds.

chan =

    63

Elapsed time is 295.235869 seconds.

chan =

    64

Elapsed time is 296.601691 seconds.

chan =

    65

Elapsed time is 295.572999 seconds.

chan =

    66

Elapsed time is 293.170317 seconds.

chan =

    67

Elapsed time is 290.261975 seconds.

chan =

    68

Elapsed time is 292.594609 seconds.

chan =

    69

Elapsed time is 291.390920 seconds.

chan =

    70

Elapsed time is 288.931984 seconds.

chan =

    71

Elapsed time is 290.566190 seconds.

chan =

    72

Elapsed time is 292.717041 seconds.

chan =

    73

Elapsed time is 291.760542 seconds.

chan =

    74

Elapsed time is 287.897997 seconds.

chan =

    75

Elapsed time is 289.338815 seconds.

chan =

    76

Elapsed time is 293.266628 seconds.

chan =

    77

Elapsed time is 291.828729 seconds.

chan =

    78

Elapsed time is 291.291228 seconds.

chan =

    79

Elapsed time is 286.951141 seconds.

chan =

    80

Elapsed time is 293.367298 seconds.

chan =

    81

Elapsed time is 286.632828 seconds.

chan =

    82

Elapsed time is 294.334283 seconds.

chan =

    83

Elapsed time is 291.850491 seconds.

chan =

    84

Elapsed time is 293.235455 seconds.

chan =

    85

Elapsed time is 292.619669 seconds.

chan =

    86

Elapsed time is 291.493630 seconds.

chan =

    87

Elapsed time is 289.753463 seconds.

chan =

    88

Elapsed time is 289.616043 seconds.

chan =

    89

Elapsed time is 292.038875 seconds.

chan =

    90

Elapsed time is 289.821061 seconds.

chan =

    91

Elapsed time is 289.740942 seconds.

chan =

    92

Elapsed time is 294.724976 seconds.

chan =

    93

Elapsed time is 286.935329 seconds.

chan =

    94

Elapsed time is 292.507361 seconds.

chan =

    95

Elapsed time is 290.790469 seconds.

chan =

    96

Elapsed time is 291.338048 seconds.

chan =

    97

Elapsed time is 289.775145 seconds.

chan =

    98

Elapsed time is 294.457536 seconds.

chan =

    99

Elapsed time is 290.734458 seconds.

chan =

   100

Elapsed time is 292.549386 seconds.

chan =

   101

Elapsed time is 286.844224 seconds.

chan =

   102

Elapsed time is 292.208526 seconds.

chan =

   103

Elapsed time is 288.367116 seconds.

chan =

   104

Elapsed time is 289.202135 seconds.

chan =

   105

Elapsed time is 287.269141 seconds.

chan =

   106

Elapsed time is 282.643151 seconds.

chan =

   107

Elapsed time is 287.128555 seconds.

chan =

   108

Elapsed time is 281.489217 seconds.

chan =

   109

Elapsed time is 280.402479 seconds.

