getting started: 3345
attempting file: 3345
going for SD5 94
data loaded: SD5 94
HFB already done

chan =

     1

Elapsed time is 236.596864 seconds.

chan =

     2

Elapsed time is 235.204238 seconds.

chan =

     3

Elapsed time is 238.328310 seconds.

chan =

     4

Elapsed time is 240.757238 seconds.

chan =

     5

Elapsed time is 239.830906 seconds.

chan =

     6

Elapsed time is 237.994899 seconds.

chan =

     7

Elapsed time is 240.318507 seconds.

chan =

     8

Elapsed time is 236.112143 seconds.

chan =

     9

Elapsed time is 233.843541 seconds.

chan =

    10

Elapsed time is 236.124192 seconds.

chan =

    11

Elapsed time is 237.567539 seconds.

chan =

    12

Elapsed time is 230.552814 seconds.

chan =

    13

Elapsed time is 232.616127 seconds.

chan =

    14

Elapsed time is 227.408309 seconds.

chan =

    15

Elapsed time is 228.374309 seconds.

chan =

    16

Elapsed time is 234.932132 seconds.

chan =

    17

Elapsed time is 230.951855 seconds.

chan =

    18

Elapsed time is 229.892673 seconds.

chan =

    19

Elapsed time is 225.898491 seconds.

chan =

    20

Elapsed time is 221.174367 seconds.

chan =

    21

Elapsed time is 216.506956 seconds.

chan =

    22

Elapsed time is 209.021165 seconds.

chan =

    23

Elapsed time is 206.590138 seconds.

chan =

    24

Elapsed time is 203.041214 seconds.

chan =

    25

Elapsed time is 199.468991 seconds.

chan =

    26

Elapsed time is 199.405265 seconds.

chan =

    27

Elapsed time is 198.316871 seconds.

chan =

    28

Elapsed time is 200.600757 seconds.

chan =

    29

Elapsed time is 213.075088 seconds.

chan =

    30

Elapsed time is 219.511564 seconds.

chan =

    31

Elapsed time is 220.490822 seconds.

chan =

    32

Elapsed time is 216.763065 seconds.

chan =

    33

Elapsed time is 230.574560 seconds.

chan =

    34

Elapsed time is 246.704441 seconds.

chan =

    35

Elapsed time is 240.837767 seconds.

chan =

    36

Elapsed time is 223.138327 seconds.

chan =

    37

Elapsed time is 223.610912 seconds.

chan =

    38

Elapsed time is 211.099196 seconds.

chan =

    39

Elapsed time is 211.584500 seconds.

chan =

    40

Elapsed time is 219.393280 seconds.

chan =

    41

Elapsed time is 240.193407 seconds.

chan =

    42

Elapsed time is 227.743806 seconds.

chan =

    43

Elapsed time is 222.550728 seconds.

chan =

    44

Elapsed time is 240.602972 seconds.

chan =

    45

Elapsed time is 226.169735 seconds.

chan =

    46

Elapsed time is 237.492347 seconds.

chan =

    47

Elapsed time is 228.684716 seconds.

chan =

    48

Elapsed time is 232.905628 seconds.

chan =

    49

Elapsed time is 237.537738 seconds.

chan =

    50

Elapsed time is 219.029567 seconds.

chan =

    51

Elapsed time is 204.073286 seconds.

chan =

    52

Elapsed time is 199.989932 seconds.

chan =

    53

Elapsed time is 209.758185 seconds.

chan =

    54

Elapsed time is 194.220039 seconds.

chan =

    55

Elapsed time is 192.990695 seconds.

chan =

    56

Elapsed time is 194.608368 seconds.

chan =

    57

Elapsed time is 193.669300 seconds.

chan =

    58

Elapsed time is 191.902002 seconds.

chan =

    59

Elapsed time is 193.916462 seconds.

chan =

    60

Elapsed time is 207.458712 seconds.

chan =

    61

Elapsed time is 209.659663 seconds.

chan =

    62

Elapsed time is 217.681041 seconds.

chan =

    63

Elapsed time is 227.616514 seconds.

chan =

    64

Elapsed time is 211.515305 seconds.

chan =

    65

Elapsed time is 205.084452 seconds.

chan =

    66

Elapsed time is 193.462829 seconds.

chan =

    67

Elapsed time is 192.766409 seconds.

chan =

    68

Elapsed time is 193.827646 seconds.

chan =

    69

Elapsed time is 190.645547 seconds.

chan =

    70

Elapsed time is 194.308469 seconds.

chan =

    71

Elapsed time is 192.685001 seconds.

chan =

    72

Elapsed time is 193.205823 seconds.

chan =

    73

Elapsed time is 191.665173 seconds.

chan =

    74

Elapsed time is 195.326544 seconds.

chan =

    75

Elapsed time is 193.143819 seconds.

chan =

    76

Elapsed time is 191.917027 seconds.

chan =

    77

Elapsed time is 193.235695 seconds.

chan =

    78

Elapsed time is 192.278862 seconds.

chan =

    79

Elapsed time is 192.663976 seconds.

chan =

    80

Elapsed time is 192.754189 seconds.

chan =

    81

Elapsed time is 191.644667 seconds.

chan =

    82

Elapsed time is 190.627645 seconds.

chan =

    83

Elapsed time is 192.575060 seconds.

chan =

    84

Elapsed time is 193.510986 seconds.

chan =

    85

Elapsed time is 191.183134 seconds.

chan =

    86

Elapsed time is 191.314592 seconds.

chan =

    87

Elapsed time is 189.540206 seconds.

chan =

    88

Elapsed time is 187.167127 seconds.

chan =

    89

Elapsed time is 188.795505 seconds.

chan =

    90

Elapsed time is 189.643902 seconds.

chan =

    91

Elapsed time is 188.474400 seconds.

chan =

    92

Elapsed time is 188.863762 seconds.

chan =

    93

Elapsed time is 190.281121 seconds.

chan =

    94

Elapsed time is 190.458560 seconds.

chan =

    95

Elapsed time is 187.316468 seconds.

chan =

    96

Elapsed time is 189.096442 seconds.

chan =

    97

Elapsed time is 188.589982 seconds.

chan =

    98

Elapsed time is 189.599086 seconds.

chan =

    99

Elapsed time is 189.867380 seconds.

chan =

   100

Elapsed time is 191.170866 seconds.

chan =

   101

Elapsed time is 190.056222 seconds.

chan =

   102

Elapsed time is 188.717348 seconds.

chan =

   103

Elapsed time is 190.433499 seconds.

chan =

   104

Elapsed time is 191.123766 seconds.

chan =

   105

Elapsed time is 188.899645 seconds.

chan =

   106

Elapsed time is 190.287934 seconds.

chan =

   107

Elapsed time is 188.877380 seconds.

chan =

   108

Elapsed time is 190.453437 seconds.

chan =

   109

Elapsed time is 188.120417 seconds.

