getting started: 3319
attempting file: 3319
going for SD5 68
data loaded: SD5 68
HFB already done

chan =

     1

Elapsed time is 290.649923 seconds.

chan =

     2

Elapsed time is 292.716975 seconds.

chan =

     3

Elapsed time is 297.456459 seconds.

chan =

     4

Elapsed time is 287.084614 seconds.

chan =

     5

Elapsed time is 288.831771 seconds.

chan =

     6

Elapsed time is 287.931905 seconds.

chan =

     7

Elapsed time is 288.063396 seconds.

chan =

     8

Elapsed time is 283.193578 seconds.

chan =

     9

Elapsed time is 274.909302 seconds.

chan =

    10

Elapsed time is 272.143717 seconds.

chan =

    11

Elapsed time is 261.278177 seconds.

chan =

    12

Elapsed time is 261.786228 seconds.

chan =

    13

Elapsed time is 251.969725 seconds.

chan =

    14

Elapsed time is 248.822967 seconds.

chan =

    15

Elapsed time is 252.504240 seconds.

chan =

    16

Elapsed time is 252.580035 seconds.

chan =

    17

Elapsed time is 252.240216 seconds.

chan =

    18

Elapsed time is 251.351482 seconds.

chan =

    19

Elapsed time is 252.612679 seconds.

chan =

    20

Elapsed time is 249.277079 seconds.

chan =

    21

Elapsed time is 251.065142 seconds.

chan =

    22

Elapsed time is 251.723552 seconds.

chan =

    23

Elapsed time is 250.541421 seconds.

chan =

    24

Elapsed time is 254.998866 seconds.

chan =

    25

Elapsed time is 276.058447 seconds.

chan =

    26

Elapsed time is 272.344484 seconds.

chan =

    27

Elapsed time is 275.105255 seconds.

chan =

    28

Elapsed time is 273.424869 seconds.

chan =

    29

Elapsed time is 272.495252 seconds.

chan =

    30

Elapsed time is 279.578001 seconds.

chan =

    31

Elapsed time is 286.792954 seconds.

chan =

    32

Elapsed time is 288.787329 seconds.

chan =

    33

Elapsed time is 268.174562 seconds.

chan =

    34

Elapsed time is 299.731603 seconds.

chan =

    35

Elapsed time is 294.713778 seconds.

chan =

    36

Elapsed time is 285.671906 seconds.

chan =

    37

Elapsed time is 296.508053 seconds.

chan =

    38

Elapsed time is 294.635195 seconds.

chan =

    39

Elapsed time is 275.815869 seconds.

chan =

    40

Elapsed time is 295.459293 seconds.

chan =

    41

Elapsed time is 287.135593 seconds.

chan =

    42

Elapsed time is 290.509085 seconds.

chan =

    43

Elapsed time is 268.618131 seconds.

chan =

    44

Elapsed time is 292.595162 seconds.

chan =

    45

Elapsed time is 301.961697 seconds.

chan =

    46

Elapsed time is 283.184739 seconds.

chan =

    47

Elapsed time is 279.477137 seconds.

chan =

    48

Elapsed time is 278.926359 seconds.

chan =

    49

Elapsed time is 273.365485 seconds.

chan =

    50

Elapsed time is 267.716419 seconds.

chan =

    51

Elapsed time is 255.670837 seconds.

chan =

    52

Elapsed time is 252.000355 seconds.

chan =

    53

Elapsed time is 251.184910 seconds.

chan =

    54

Elapsed time is 251.337839 seconds.

chan =

    55

Elapsed time is 251.851874 seconds.

chan =

    56

Elapsed time is 251.098293 seconds.

chan =

    57

Elapsed time is 253.236445 seconds.

chan =

    58

Elapsed time is 250.627254 seconds.

chan =

    59

Elapsed time is 251.622363 seconds.

chan =

    60

Elapsed time is 252.667339 seconds.

chan =

    61

Elapsed time is 252.599811 seconds.

chan =

    62

Elapsed time is 252.468822 seconds.

chan =

    63

Elapsed time is 253.904174 seconds.

chan =

    64

Elapsed time is 253.400319 seconds.

chan =

    65

Elapsed time is 251.437743 seconds.

chan =

    66

Elapsed time is 251.973274 seconds.

chan =

    67

Elapsed time is 252.393320 seconds.

chan =

    68

Elapsed time is 251.547305 seconds.

chan =

    69

Elapsed time is 252.305536 seconds.

chan =

    70

Elapsed time is 254.125759 seconds.

chan =

    71

Elapsed time is 253.324700 seconds.

chan =

    72

Elapsed time is 253.293771 seconds.

chan =

    73

Elapsed time is 251.782934 seconds.

chan =

    74

Elapsed time is 251.299870 seconds.

chan =

    75

Elapsed time is 252.598046 seconds.

chan =

    76

Elapsed time is 250.967540 seconds.

chan =

    77

Elapsed time is 249.247167 seconds.

chan =

    78

Elapsed time is 251.451020 seconds.

chan =

    79

Elapsed time is 250.877431 seconds.

chan =

    80

Elapsed time is 251.173794 seconds.

chan =

    81

Elapsed time is 251.287611 seconds.

chan =

    82

Elapsed time is 252.748357 seconds.

chan =

    83

Elapsed time is 250.489605 seconds.

chan =

    84

Elapsed time is 251.940360 seconds.

chan =

    85

Elapsed time is 250.168714 seconds.

chan =

    86

Elapsed time is 249.997255 seconds.

chan =

    87

Elapsed time is 250.193331 seconds.

chan =

    88

Elapsed time is 251.659371 seconds.

chan =

    89

Elapsed time is 251.090341 seconds.

chan =

    90

Elapsed time is 251.420949 seconds.

chan =

    91

Elapsed time is 251.482370 seconds.

chan =

    92

Elapsed time is 250.580188 seconds.

chan =

    93

Elapsed time is 278.814643 seconds.

chan =

    94

Elapsed time is 283.097059 seconds.

chan =

    95

Elapsed time is 282.536627 seconds.

chan =

    96

Elapsed time is 282.376587 seconds.

chan =

    97

Elapsed time is 267.015396 seconds.

chan =

    98

Elapsed time is 283.594571 seconds.

chan =

    99

Elapsed time is 283.000107 seconds.

chan =

   100

Elapsed time is 279.753241 seconds.

chan =

   101

Elapsed time is 277.259048 seconds.

chan =

   102

Elapsed time is 260.327090 seconds.

chan =

   103

Elapsed time is 276.786311 seconds.

chan =

   104

Elapsed time is 275.098655 seconds.

chan =

   105

Elapsed time is 276.095491 seconds.

chan =

   106

Elapsed time is 276.534377 seconds.

chan =

   107

Elapsed time is 245.871640 seconds.

chan =

   108

Elapsed time is 244.695539 seconds.

chan =

   109

Elapsed time is 240.840544 seconds.

