getting started: 3325
attempting file: 3325
going for SD5 74
data loaded: SD5 74
HFB already done

chan =

     1

Elapsed time is 286.473870 seconds.

chan =

     2

Elapsed time is 296.565444 seconds.

chan =

     3

Elapsed time is 294.256654 seconds.

chan =

     4

Elapsed time is 286.155548 seconds.

chan =

     5

Elapsed time is 284.434480 seconds.

chan =

     6

Elapsed time is 285.441019 seconds.

chan =

     7

Elapsed time is 281.563726 seconds.

chan =

     8

Elapsed time is 271.088589 seconds.

chan =

     9

Elapsed time is 281.913428 seconds.

chan =

    10

Elapsed time is 283.294811 seconds.

chan =

    11

Elapsed time is 284.324070 seconds.

chan =

    12

Elapsed time is 281.207391 seconds.

chan =

    13

Elapsed time is 286.916357 seconds.

chan =

    14

Elapsed time is 283.066297 seconds.

chan =

    15

Elapsed time is 285.152272 seconds.

chan =

    16

Elapsed time is 277.543656 seconds.

chan =

    17

Elapsed time is 237.540405 seconds.

chan =

    18

Elapsed time is 282.862906 seconds.

chan =

    19

Elapsed time is 285.108908 seconds.

chan =

    20

Elapsed time is 281.063501 seconds.

chan =

    21

Elapsed time is 283.873255 seconds.

chan =

    22

Elapsed time is 285.488011 seconds.

chan =

    23

Elapsed time is 283.502542 seconds.

chan =

    24

Elapsed time is 276.484456 seconds.

chan =

    25

Elapsed time is 280.017805 seconds.

chan =

    26

Elapsed time is 272.571540 seconds.

chan =

    27

Elapsed time is 274.144815 seconds.

chan =

    28

Elapsed time is 274.968075 seconds.

chan =

    29

Elapsed time is 269.726465 seconds.

chan =

    30

Elapsed time is 278.344080 seconds.

chan =

    31

Elapsed time is 278.436921 seconds.

chan =

    32

Elapsed time is 277.777720 seconds.

chan =

    33

Elapsed time is 274.931933 seconds.

chan =

    34

Elapsed time is 273.453841 seconds.

chan =

    35

Elapsed time is 272.595871 seconds.

chan =

    36

Elapsed time is 278.321972 seconds.

chan =

    37

Elapsed time is 274.505330 seconds.

chan =

    38

Elapsed time is 275.297996 seconds.

chan =

    39

Elapsed time is 269.039120 seconds.

chan =

    40

Elapsed time is 279.799951 seconds.

chan =

    41

Elapsed time is 275.556191 seconds.

chan =

    42

Elapsed time is 274.456764 seconds.

chan =

    43

Elapsed time is 273.739787 seconds.

chan =

    44

Elapsed time is 264.636519 seconds.

chan =

    45

Elapsed time is 276.436737 seconds.

chan =

    46

Elapsed time is 273.073604 seconds.

chan =

    47

Elapsed time is 273.367975 seconds.

chan =

    48

Elapsed time is 268.438235 seconds.

chan =

    49

Elapsed time is 272.171670 seconds.

chan =

    50

Elapsed time is 270.937966 seconds.

chan =

    51

Elapsed time is 270.810170 seconds.

chan =

    52

Elapsed time is 266.907724 seconds.

chan =

    53

Elapsed time is 259.438494 seconds.

chan =

    54

Elapsed time is 266.711995 seconds.

chan =

    55

Elapsed time is 265.546979 seconds.

chan =

    56

Elapsed time is 259.831305 seconds.

chan =

    57

Elapsed time is 265.503941 seconds.

chan =

    58

Elapsed time is 268.692784 seconds.

chan =

    59

Elapsed time is 267.772374 seconds.

chan =

    60

Elapsed time is 265.914960 seconds.

chan =

    61

Elapsed time is 262.776136 seconds.

chan =

    62

Elapsed time is 269.952254 seconds.

chan =

    63

Elapsed time is 265.587220 seconds.

chan =

    64

Elapsed time is 258.933614 seconds.

chan =

    65

Elapsed time is 269.030169 seconds.

chan =

    66

Elapsed time is 269.711118 seconds.

chan =

    67

Elapsed time is 267.761719 seconds.

chan =

    68

Elapsed time is 265.435830 seconds.

chan =

    69

Elapsed time is 258.509684 seconds.

chan =

    70

Elapsed time is 271.261609 seconds.

chan =

    71

Elapsed time is 268.875218 seconds.

chan =

    72

Elapsed time is 263.168053 seconds.

chan =

    73

Elapsed time is 268.558677 seconds.

chan =

    74

Elapsed time is 271.984885 seconds.

chan =

    75

Elapsed time is 271.752170 seconds.

chan =

    76

Elapsed time is 269.560862 seconds.

chan =

    77

Elapsed time is 264.372650 seconds.

chan =

    78

Elapsed time is 269.438333 seconds.

chan =

    79

Elapsed time is 270.754138 seconds.

chan =

    80

Elapsed time is 267.760203 seconds.

chan =

    81

Elapsed time is 264.480091 seconds.

chan =

    82

Elapsed time is 271.752702 seconds.

chan =

    83

Elapsed time is 271.793212 seconds.

chan =

    84

Elapsed time is 270.763025 seconds.

chan =

    85

Elapsed time is 262.776601 seconds.

chan =

    86

Elapsed time is 273.391501 seconds.

chan =

    87

Elapsed time is 270.248531 seconds.

chan =

    88

Elapsed time is 265.003248 seconds.

chan =

    89

Elapsed time is 268.151846 seconds.

chan =

    90

Elapsed time is 274.118291 seconds.

chan =

    91

Elapsed time is 270.369142 seconds.

chan =

    92

Elapsed time is 266.391550 seconds.

chan =

    93

Elapsed time is 274.333548 seconds.

chan =

    94

Elapsed time is 275.073341 seconds.

chan =

    95

Elapsed time is 275.817745 seconds.

chan =

    96

Elapsed time is 274.477078 seconds.

chan =

    97

Elapsed time is 270.094471 seconds.

chan =

    98

Elapsed time is 276.705544 seconds.

chan =

    99

Elapsed time is 276.868230 seconds.

chan =

   100

Elapsed time is 271.838957 seconds.

chan =

   101

Elapsed time is 272.266971 seconds.

chan =

   102

Elapsed time is 276.812340 seconds.

chan =

   103

Elapsed time is 275.054063 seconds.

chan =

   104

Elapsed time is 265.579726 seconds.

chan =

   105

Elapsed time is 274.697392 seconds.

chan =

   106

Elapsed time is 269.227708 seconds.

chan =

   107

Elapsed time is 270.152890 seconds.

chan =

   108

Elapsed time is 267.540739 seconds.

chan =

   109

Elapsed time is 269.579389 seconds.

