getting started: 3359
attempting file: 3359
going for SD5 108
data loaded: SD5 108
HFB already done

chan =

     1

Elapsed time is 291.229811 seconds.

chan =

     2

Elapsed time is 287.605616 seconds.

chan =

     3

Elapsed time is 267.869078 seconds.

chan =

     4

Elapsed time is 318.520707 seconds.

chan =

     5

Elapsed time is 352.132209 seconds.

chan =

     6

Elapsed time is 348.714072 seconds.

chan =

     7

Elapsed time is 347.391859 seconds.

chan =

     8

Elapsed time is 344.312202 seconds.

chan =

     9

Elapsed time is 346.969089 seconds.

chan =

    10

Elapsed time is 345.638723 seconds.

chan =

    11

Elapsed time is 345.267615 seconds.

chan =

    12

Elapsed time is 342.504642 seconds.

chan =

    13

Elapsed time is 347.505473 seconds.

chan =

    14

Elapsed time is 343.480390 seconds.

chan =

    15

Elapsed time is 348.305031 seconds.

chan =

    16

Elapsed time is 342.276619 seconds.

chan =

    17

Elapsed time is 347.030473 seconds.

chan =

    18

Elapsed time is 343.364963 seconds.

chan =

    19

Elapsed time is 346.960400 seconds.

chan =

    20

Elapsed time is 341.662468 seconds.

chan =

    21

Elapsed time is 344.276654 seconds.

chan =

    22

Elapsed time is 342.833755 seconds.

chan =

    23

Elapsed time is 347.776219 seconds.

chan =

    24

Elapsed time is 338.873869 seconds.

chan =

    25

Elapsed time is 342.543346 seconds.

chan =

    26

Elapsed time is 335.554829 seconds.

chan =

    27

Elapsed time is 342.131496 seconds.

chan =

    28

Elapsed time is 333.613428 seconds.

chan =

    29

Elapsed time is 335.949020 seconds.

chan =

    30

Elapsed time is 331.676685 seconds.

chan =

    31

Elapsed time is 338.591772 seconds.

chan =

    32

Elapsed time is 327.605763 seconds.

chan =

    33

Elapsed time is 332.680621 seconds.

chan =

    34

Elapsed time is 326.966582 seconds.

chan =

    35

Elapsed time is 334.002336 seconds.

chan =

    36

Elapsed time is 326.415834 seconds.

chan =

    37

Elapsed time is 333.387283 seconds.

chan =

    38

Elapsed time is 327.288578 seconds.

chan =

    39

Elapsed time is 330.935924 seconds.

chan =

    40

Elapsed time is 327.309372 seconds.

chan =

    41

Elapsed time is 330.788629 seconds.

chan =

    42

Elapsed time is 327.205839 seconds.

chan =

    43

Elapsed time is 329.998685 seconds.

chan =

    44

Elapsed time is 328.010454 seconds.

chan =

    45

Elapsed time is 330.601736 seconds.

chan =

    46

Elapsed time is 329.489189 seconds.

chan =

    47

Elapsed time is 330.796461 seconds.

chan =

    48

Elapsed time is 330.642587 seconds.

chan =

    49

Elapsed time is 329.970124 seconds.

chan =

    50

Elapsed time is 329.747207 seconds.

chan =

    51

Elapsed time is 329.694444 seconds.

chan =

    52

Elapsed time is 329.458244 seconds.

chan =

    53

Elapsed time is 330.004359 seconds.

chan =

    54

Elapsed time is 329.436078 seconds.

chan =

    55

Elapsed time is 329.472502 seconds.

chan =

    56

Elapsed time is 329.273018 seconds.

chan =

    57

Elapsed time is 329.151194 seconds.

chan =

    58

Elapsed time is 326.359670 seconds.

chan =

    59

Elapsed time is 326.765676 seconds.

chan =

    60

Elapsed time is 327.729329 seconds.

chan =

    61

Elapsed time is 325.622384 seconds.

chan =

    62

Elapsed time is 325.505171 seconds.

chan =

    63

Elapsed time is 324.922873 seconds.

chan =

    64

Elapsed time is 334.045448 seconds.

chan =

    65

Elapsed time is 338.163422 seconds.

chan =

    66

Elapsed time is 338.447354 seconds.

chan =

    67

Elapsed time is 335.238497 seconds.

chan =

    68

Elapsed time is 329.875921 seconds.

chan =

    69

Elapsed time is 331.078278 seconds.

chan =

    70

Elapsed time is 332.723841 seconds.

chan =

    71

Elapsed time is 334.198270 seconds.

chan =

    72

Elapsed time is 333.278258 seconds.

chan =

    73

Elapsed time is 329.505482 seconds.

chan =

    74

Elapsed time is 334.278008 seconds.

chan =

    75

Elapsed time is 335.562553 seconds.

chan =

    76

Elapsed time is 335.094271 seconds.

chan =

    77

Elapsed time is 332.767349 seconds.

chan =

    78

Elapsed time is 331.486241 seconds.

chan =

    79

Elapsed time is 332.994186 seconds.

chan =

    80

Elapsed time is 333.841394 seconds.

chan =

    81

Elapsed time is 334.176646 seconds.

chan =

    82

Elapsed time is 332.248328 seconds.

chan =

    83

Elapsed time is 330.486614 seconds.

chan =

    84

Elapsed time is 336.767572 seconds.

chan =

    85

Elapsed time is 335.317455 seconds.

chan =

    86

Elapsed time is 334.487196 seconds.

chan =

    87

Elapsed time is 331.974216 seconds.

chan =

    88

Elapsed time is 336.321502 seconds.

chan =

    89

Elapsed time is 336.096082 seconds.

chan =

    90

Elapsed time is 335.643147 seconds.

chan =

    91

Elapsed time is 336.725745 seconds.

chan =

    92

Elapsed time is 334.881169 seconds.

chan =

    93

Elapsed time is 334.837907 seconds.

chan =

    94

Elapsed time is 335.170346 seconds.

chan =

    95

Elapsed time is 334.871958 seconds.

chan =

    96

Elapsed time is 330.020526 seconds.

chan =

    97

Elapsed time is 330.484143 seconds.

chan =

    98

Elapsed time is 335.523360 seconds.

chan =

    99

Elapsed time is 334.467600 seconds.

chan =

   100

Elapsed time is 335.469996 seconds.

chan =

   101

Elapsed time is 331.528975 seconds.

chan =

   102

Elapsed time is 325.500297 seconds.

chan =

   103

Elapsed time is 325.097247 seconds.

chan =

   104

Elapsed time is 323.877525 seconds.

chan =

   105

Elapsed time is 322.540282 seconds.

chan =

   106

Elapsed time is 321.561413 seconds.

chan =

   107

Elapsed time is 323.621853 seconds.

chan =

   108

Elapsed time is 323.616268 seconds.

chan =

   109

Elapsed time is 322.696560 seconds.

