getting started: 3269
attempting file: 3269
going for SD5 18
data loaded: SD5 18
HFB already done

chan =

     1

Elapsed time is 272.594676 seconds.

chan =

     2

Elapsed time is 264.994093 seconds.

chan =

     3

Elapsed time is 273.336856 seconds.

chan =

     4

Elapsed time is 286.417944 seconds.

chan =

     5

Elapsed time is 289.048680 seconds.

chan =

     6

Elapsed time is 289.152935 seconds.

chan =

     7

Elapsed time is 288.473056 seconds.

chan =

     8

Elapsed time is 288.940807 seconds.

chan =

     9

Elapsed time is 285.467581 seconds.

chan =

    10

Elapsed time is 286.500353 seconds.

chan =

    11

Elapsed time is 285.197523 seconds.

chan =

    12

Elapsed time is 284.380623 seconds.

chan =

    13

Elapsed time is 287.515957 seconds.

chan =

    14

Elapsed time is 284.870968 seconds.

chan =

    15

Elapsed time is 286.464570 seconds.

chan =

    16

Elapsed time is 285.881274 seconds.

chan =

    17

Elapsed time is 286.693956 seconds.

chan =

    18

Elapsed time is 286.131984 seconds.

chan =

    19

Elapsed time is 285.818982 seconds.

chan =

    20

Elapsed time is 285.211013 seconds.

chan =

    21

Elapsed time is 283.374713 seconds.

chan =

    22

Elapsed time is 286.083021 seconds.

chan =

    23

Elapsed time is 285.719501 seconds.

chan =

    24

Elapsed time is 283.911590 seconds.

chan =

    25

Elapsed time is 281.581201 seconds.

chan =

    26

Elapsed time is 282.656451 seconds.

chan =

    27

Elapsed time is 280.777271 seconds.

chan =

    28

Elapsed time is 282.705900 seconds.

chan =

    29

Elapsed time is 279.042451 seconds.

chan =

    30

Elapsed time is 284.314008 seconds.

chan =

    31

Elapsed time is 281.170692 seconds.

chan =

    32

Elapsed time is 282.038314 seconds.

chan =

    33

Elapsed time is 282.202894 seconds.

chan =

    34

Elapsed time is 282.582595 seconds.

chan =

    35

Elapsed time is 283.463465 seconds.

chan =

    36

Elapsed time is 282.575911 seconds.

chan =

    37

Elapsed time is 282.890847 seconds.

chan =

    38

Elapsed time is 284.243183 seconds.

chan =

    39

Elapsed time is 285.724440 seconds.

chan =

    40

Elapsed time is 287.746435 seconds.

chan =

    41

Elapsed time is 285.146945 seconds.

chan =

    42

Elapsed time is 285.554996 seconds.

chan =

    43

Elapsed time is 282.073764 seconds.

chan =

    44

Elapsed time is 285.870703 seconds.

chan =

    45

Elapsed time is 287.347643 seconds.

chan =

    46

Elapsed time is 287.181726 seconds.

chan =

    47

Elapsed time is 287.351614 seconds.

chan =

    48

Elapsed time is 284.976795 seconds.

chan =

    49

Elapsed time is 284.451258 seconds.

chan =

    50

Elapsed time is 283.639584 seconds.

chan =

    51

Elapsed time is 283.290311 seconds.

chan =

    52

Elapsed time is 280.261891 seconds.

chan =

    53

Elapsed time is 281.186336 seconds.

chan =

    54

Elapsed time is 281.994666 seconds.

chan =

    55

Elapsed time is 280.883286 seconds.

chan =

    56

Elapsed time is 281.875693 seconds.

chan =

    57

Elapsed time is 280.440544 seconds.

chan =

    58

Elapsed time is 281.444093 seconds.

chan =

    59

Elapsed time is 282.895135 seconds.

chan =

    60

Elapsed time is 281.761330 seconds.

chan =

    61

Elapsed time is 279.977287 seconds.

chan =

    62

Elapsed time is 279.929857 seconds.

chan =

    63

Elapsed time is 281.472172 seconds.

chan =

    64

Elapsed time is 281.797183 seconds.

chan =

    65

Elapsed time is 280.332859 seconds.

chan =

    66

Elapsed time is 279.789105 seconds.

chan =

    67

Elapsed time is 280.634106 seconds.

chan =

    68

Elapsed time is 282.320998 seconds.

chan =

    69

Elapsed time is 281.005233 seconds.

chan =

    70

Elapsed time is 280.817901 seconds.

chan =

    71

Elapsed time is 280.497277 seconds.

chan =

    72

Elapsed time is 281.058983 seconds.

chan =

    73

Elapsed time is 281.355559 seconds.

chan =

    74

Elapsed time is 281.268861 seconds.

chan =

    75

Elapsed time is 279.587062 seconds.

chan =

    76

Elapsed time is 280.232627 seconds.

chan =

    77

Elapsed time is 280.075545 seconds.

chan =

    78

Elapsed time is 280.834572 seconds.

chan =

    79

Elapsed time is 279.936207 seconds.

chan =

    80

Elapsed time is 279.002748 seconds.

chan =

    81

Elapsed time is 280.859246 seconds.

chan =

    82

Elapsed time is 281.737709 seconds.

chan =

    83

Elapsed time is 279.607402 seconds.

chan =

    84

Elapsed time is 274.701008 seconds.

chan =

    85

Elapsed time is 275.156035 seconds.

chan =

    86

Elapsed time is 274.101915 seconds.

chan =

    87

Elapsed time is 274.682480 seconds.

chan =

    88

Elapsed time is 274.683572 seconds.

chan =

    89

Elapsed time is 272.195956 seconds.

chan =

    90

Elapsed time is 274.945068 seconds.

chan =

    91

Elapsed time is 274.237009 seconds.

chan =

    92

Elapsed time is 274.748533 seconds.

chan =

    93

Elapsed time is 273.000679 seconds.

chan =

    94

Elapsed time is 273.931655 seconds.

chan =

    95

Elapsed time is 275.682460 seconds.

chan =

    96

Elapsed time is 272.038816 seconds.

chan =

    97

Elapsed time is 274.306381 seconds.

chan =

    98

Elapsed time is 268.072361 seconds.

chan =

    99

Elapsed time is 275.712775 seconds.

chan =

   100

Elapsed time is 274.189391 seconds.

chan =

   101

Elapsed time is 274.075012 seconds.

chan =

   102

Elapsed time is 276.116505 seconds.

chan =

   103

Elapsed time is 269.537471 seconds.

chan =

   104

Elapsed time is 274.934264 seconds.

chan =

   105

Elapsed time is 274.530044 seconds.

chan =

   106

Elapsed time is 274.606587 seconds.

chan =

   107

Elapsed time is 271.135222 seconds.

chan =

   108

Elapsed time is 270.168441 seconds.

chan =

   109

Elapsed time is 274.379133 seconds.

