getting started: 3621
attempting file: 3621
going for SLCH010 27
data loaded: SLCH010 27
HFB already done

chan =

     1

Elapsed time is 590.936780 seconds.

chan =

     2

Elapsed time is 577.587005 seconds.

chan =

     3

Elapsed time is 579.917208 seconds.

chan =

     4

Elapsed time is 560.778031 seconds.

chan =

     5

Elapsed time is 539.337079 seconds.

chan =

     6

Elapsed time is 517.205062 seconds.

chan =

     7

Elapsed time is 504.957471 seconds.

chan =

     8

Elapsed time is 474.355386 seconds.

chan =

     9

Elapsed time is 436.749612 seconds.

chan =

    10

Elapsed time is 430.260346 seconds.

chan =

    11

Elapsed time is 464.334704 seconds.

chan =

    12

Elapsed time is 467.218800 seconds.

chan =

    13

Elapsed time is 483.834743 seconds.

chan =

    14

Elapsed time is 486.911857 seconds.

chan =

    15

Elapsed time is 475.158517 seconds.

chan =

    16

Elapsed time is 489.446341 seconds.

chan =

    17

Elapsed time is 479.107904 seconds.

chan =

    18

Elapsed time is 497.899363 seconds.

chan =

    19

Elapsed time is 511.931574 seconds.

chan =

    20

Elapsed time is 511.536090 seconds.

chan =

    21

Elapsed time is 468.247580 seconds.

chan =

    22

Elapsed time is 460.878747 seconds.

chan =

    23

Elapsed time is 482.084940 seconds.

chan =

    24

Elapsed time is 451.885488 seconds.

chan =

    25

Elapsed time is 437.805848 seconds.

chan =

    26

Elapsed time is 431.409527 seconds.

chan =

    27

Elapsed time is 430.202046 seconds.

chan =

    28

Elapsed time is 428.010195 seconds.

chan =

    29

Elapsed time is 426.625981 seconds.

chan =

    30

Elapsed time is 432.257958 seconds.

chan =

    31

Elapsed time is 426.746137 seconds.

chan =

    32

Elapsed time is 434.305644 seconds.

chan =

    33

Elapsed time is 437.545627 seconds.

chan =

    34

Elapsed time is 436.364721 seconds.

chan =

    35

Elapsed time is 435.764536 seconds.

chan =

    36

Elapsed time is 437.152402 seconds.

chan =

    37

Elapsed time is 435.034397 seconds.

chan =

    38

Elapsed time is 435.006970 seconds.

chan =

    39

Elapsed time is 433.658491 seconds.

chan =

    40

Elapsed time is 427.648904 seconds.

chan =

    41

Elapsed time is 424.751725 seconds.

chan =

    42

Elapsed time is 428.068195 seconds.

chan =

    43

Elapsed time is 427.809979 seconds.

chan =

    44

Elapsed time is 429.075257 seconds.

chan =

    45

Elapsed time is 454.583291 seconds.

chan =

    46

Elapsed time is 665.645704 seconds.

chan =

    47

Elapsed time is 560.115624 seconds.

chan =

    48

Elapsed time is 425.240986 seconds.

chan =

    49

Elapsed time is 425.950825 seconds.

chan =

    50

Elapsed time is 424.740632 seconds.

chan =

    51

Elapsed time is 424.575314 seconds.

chan =

    52

Elapsed time is 426.073457 seconds.

chan =

    53

Elapsed time is 423.563262 seconds.

chan =

    54

Elapsed time is 420.506099 seconds.

chan =

    55

Elapsed time is 435.396270 seconds.

chan =

    56

Elapsed time is 416.775715 seconds.

chan =

    57

Elapsed time is 416.083012 seconds.

chan =

    58

Elapsed time is 414.936120 seconds.

chan =

    59

Elapsed time is 418.315713 seconds.

chan =

    60

Elapsed time is 416.778001 seconds.

chan =

    61

Elapsed time is 416.406711 seconds.

chan =

    62

Elapsed time is 417.469880 seconds.

chan =

    63

Elapsed time is 417.432894 seconds.

chan =

    64

Elapsed time is 433.014763 seconds.

chan =

    65

Elapsed time is 467.071980 seconds.

chan =

    66

Elapsed time is 482.969764 seconds.

chan =

    67

Elapsed time is 483.311513 seconds.

chan =

    68

Elapsed time is 482.016179 seconds.

chan =

    69

Elapsed time is 481.701391 seconds.

chan =

    70

Elapsed time is 446.985398 seconds.

chan =

    71

Elapsed time is 421.913614 seconds.

chan =

    72

Elapsed time is 421.691933 seconds.

chan =

    73

Elapsed time is 420.357650 seconds.

chan =

    74

Elapsed time is 419.969682 seconds.

chan =

    75

Elapsed time is 419.414741 seconds.

chan =

    76

Elapsed time is 419.520213 seconds.

chan =

    77

Elapsed time is 419.666429 seconds.

chan =

    78

Elapsed time is 420.408967 seconds.

chan =

    79

Elapsed time is 419.697964 seconds.

chan =

    80

Elapsed time is 419.886087 seconds.

chan =

    81

Elapsed time is 420.686257 seconds.

chan =

    82

Elapsed time is 420.406070 seconds.

chan =

    83

Elapsed time is 598.484051 seconds.

chan =

    84

Elapsed time is 664.347186 seconds.

chan =

    85

Elapsed time is 585.725085 seconds.

chan =

    86

Elapsed time is 687.652084 seconds.

chan =

    87

Elapsed time is 672.262184 seconds.

chan =

    88

Elapsed time is 671.788910 seconds.

chan =

    89

Elapsed time is 671.930583 seconds.

chan =

    90

Elapsed time is 676.826666 seconds.

chan =

    91

Elapsed time is 680.865957 seconds.

chan =

    92

Elapsed time is 679.635128 seconds.

chan =

    93

Elapsed time is 649.040629 seconds.

chan =

    94

Elapsed time is 644.977516 seconds.

chan =

    95

Elapsed time is 645.368705 seconds.

chan =

    96

Elapsed time is 643.839872 seconds.

chan =

    97

Elapsed time is 642.316628 seconds.

chan =

    98

Elapsed time is 647.316711 seconds.

chan =

    99

Elapsed time is 646.028888 seconds.

chan =

   100

Elapsed time is 637.599040 seconds.

chan =

   101

Elapsed time is 618.675202 seconds.

chan =

   102

Elapsed time is 624.504300 seconds.

chan =

   103

Elapsed time is 621.439660 seconds.

chan =

   104

Elapsed time is 618.558793 seconds.

chan =

   105

Elapsed time is 617.811743 seconds.

chan =

   106

Elapsed time is 617.588841 seconds.

chan =

   107

Elapsed time is 619.657165 seconds.

chan =

   108

Elapsed time is 418.930327 seconds.

chan =

   109

Elapsed time is 414.595356 seconds.

chan =

   110

Elapsed time is 413.706918 seconds.

chan =

   111

Elapsed time is 414.786182 seconds.

chan =

   112

Elapsed time is 412.480553 seconds.

chan =

   113

Elapsed time is 414.328387 seconds.

chan =

   114

Elapsed time is 371.013212 seconds.
attempting saving
save success: /projects/p31578/dtf8829/QuestConnect/CHANDAT/chanDat_SLCH010_027.mat
working on TF
