getting started: 3638
attempting file: 3638
going for SLCH010 44
data loaded: SLCH010 44
HFB already done

chan =

     1

Elapsed time is 551.093694 seconds.

chan =

     2

Elapsed time is 547.302733 seconds.

chan =

     3

Elapsed time is 583.286531 seconds.

chan =

     4

Elapsed time is 591.996697 seconds.

chan =

     5

Elapsed time is 590.063203 seconds.

chan =

     6

Elapsed time is 589.284021 seconds.

chan =

     7

Elapsed time is 591.055340 seconds.

chan =

     8

Elapsed time is 591.209111 seconds.

chan =

     9

Elapsed time is 589.560942 seconds.

chan =

    10

Elapsed time is 585.215791 seconds.

chan =

    11

Elapsed time is 580.011063 seconds.

chan =

    12

Elapsed time is 561.774050 seconds.

chan =

    13

Elapsed time is 552.714283 seconds.

chan =

    14

Elapsed time is 554.572032 seconds.

chan =

    15

Elapsed time is 541.545791 seconds.

chan =

    16

Elapsed time is 547.482775 seconds.

chan =

    17

Elapsed time is 572.859315 seconds.

chan =

    18

Elapsed time is 559.347404 seconds.

chan =

    19

Elapsed time is 567.465973 seconds.

chan =

    20

Elapsed time is 576.832503 seconds.

chan =

    21

Elapsed time is 568.655578 seconds.

chan =

    22

Elapsed time is 549.687450 seconds.

chan =

    23

Elapsed time is 689.979793 seconds.

chan =

    24

Elapsed time is 712.798755 seconds.

chan =

    25

Elapsed time is 711.431449 seconds.

chan =

    26

Elapsed time is 712.513414 seconds.

chan =

    27

Elapsed time is 707.223619 seconds.

chan =

    28

Elapsed time is 708.275005 seconds.

chan =

    29

Elapsed time is 712.457473 seconds.

chan =

    30

Elapsed time is 703.790151 seconds.

chan =

    31

Elapsed time is 712.349486 seconds.

chan =

    32

Elapsed time is 705.213868 seconds.

chan =

    33

Elapsed time is 718.221103 seconds.

chan =

    34

Elapsed time is 712.914717 seconds.

chan =

    35

Elapsed time is 715.394961 seconds.

chan =

    36

Elapsed time is 714.536392 seconds.

chan =

    37

Elapsed time is 713.222422 seconds.

chan =

    38

Elapsed time is 715.438875 seconds.

chan =

    39

Elapsed time is 715.743486 seconds.

chan =

    40

Elapsed time is 719.725561 seconds.

chan =

    41

Elapsed time is 710.873662 seconds.

chan =

    42

Elapsed time is 721.236631 seconds.

chan =

    43

Elapsed time is 698.342115 seconds.

chan =

    44

Elapsed time is 672.478459 seconds.

chan =

    45

Elapsed time is 670.586448 seconds.

chan =

    46

Elapsed time is 673.210105 seconds.

chan =

    47

Elapsed time is 667.607917 seconds.

chan =

    48

Elapsed time is 665.262989 seconds.

chan =

    49

Elapsed time is 672.175729 seconds.

chan =

    50

Elapsed time is 666.395281 seconds.

chan =

    51

Elapsed time is 690.434052 seconds.

chan =

    52

Elapsed time is 679.593698 seconds.

chan =

    53

Elapsed time is 674.978800 seconds.

chan =

    54

Elapsed time is 678.807681 seconds.

chan =

    55

Elapsed time is 643.068427 seconds.

chan =

    56

Elapsed time is 570.667542 seconds.

chan =

    57

Elapsed time is 567.452928 seconds.

chan =

    58

Elapsed time is 563.993990 seconds.

chan =

    59

Elapsed time is 571.442677 seconds.

chan =

    60

Elapsed time is 575.495526 seconds.

chan =

    61

Elapsed time is 578.898091 seconds.

chan =

    62

Elapsed time is 577.314881 seconds.

chan =

    63

Elapsed time is 578.980905 seconds.

chan =

    64

Elapsed time is 578.814872 seconds.

chan =

    65

Elapsed time is 582.202688 seconds.

chan =

    66

Elapsed time is 583.482083 seconds.

chan =

    67

Elapsed time is 586.119580 seconds.

chan =

    68

Elapsed time is 585.528815 seconds.

chan =

    69

Elapsed time is 584.763829 seconds.

chan =

    70

Elapsed time is 586.283874 seconds.

chan =

    71

Elapsed time is 576.246133 seconds.

chan =

    72

Elapsed time is 574.669198 seconds.

chan =

    73

Elapsed time is 574.773293 seconds.

chan =

    74

Elapsed time is 573.552166 seconds.

chan =

    75

Elapsed time is 573.371259 seconds.

chan =

    76

Elapsed time is 574.264648 seconds.

chan =

    77

Elapsed time is 572.511548 seconds.

chan =

    78

Elapsed time is 572.522770 seconds.

chan =

    79

Elapsed time is 572.523137 seconds.

chan =

    80

Elapsed time is 571.154162 seconds.

chan =

    81

Elapsed time is 572.992742 seconds.

chan =

    82

Elapsed time is 572.197635 seconds.

chan =

    83

Elapsed time is 540.934597 seconds.

chan =

    84

Elapsed time is 520.415727 seconds.

chan =

    85

Elapsed time is 522.612345 seconds.

chan =

    86

Elapsed time is 521.087291 seconds.

chan =

    87

Elapsed time is 521.138252 seconds.

chan =

    88

Elapsed time is 526.494161 seconds.

chan =

    89

Elapsed time is 527.064808 seconds.

chan =

    90

Elapsed time is 524.900341 seconds.

chan =

    91

Elapsed time is 527.026244 seconds.

chan =

    92

Elapsed time is 525.552454 seconds.

chan =

    93

Elapsed time is 524.167001 seconds.

chan =

    94

Elapsed time is 522.978318 seconds.

chan =

    95

Elapsed time is 521.648800 seconds.

chan =

    96

Elapsed time is 520.451845 seconds.

chan =

    97

Elapsed time is 521.928653 seconds.

chan =

    98

Elapsed time is 524.352744 seconds.

chan =

    99

Elapsed time is 522.129838 seconds.

chan =

   100

Elapsed time is 526.150817 seconds.

chan =

   101

Elapsed time is 520.219252 seconds.

chan =

   102

Elapsed time is 514.669137 seconds.

chan =

   103

Elapsed time is 512.292940 seconds.

chan =

   104

Elapsed time is 510.933014 seconds.

chan =

   105

Elapsed time is 509.918467 seconds.

chan =

   106

Elapsed time is 511.237245 seconds.

chan =

   107

Elapsed time is 509.130920 seconds.

chan =

   108

Elapsed time is 508.676893 seconds.

chan =

   109

Elapsed time is 510.273586 seconds.

chan =

   110

Elapsed time is 508.027542 seconds.

chan =

   111

