getting started: 3650
attempting file: 3650
going for SLCH010 56
data loaded: SLCH010 56
HFB already done

chan =

     1

Elapsed time is 617.385748 seconds.

chan =

     2

Elapsed time is 613.705489 seconds.

chan =

     3

Elapsed time is 611.569594 seconds.

chan =

     4

Elapsed time is 608.404432 seconds.

chan =

     5

Elapsed time is 599.883590 seconds.

chan =

     6

Elapsed time is 597.288747 seconds.

chan =

     7

Elapsed time is 598.602308 seconds.

chan =

     8

Elapsed time is 603.335056 seconds.

chan =

     9

Elapsed time is 598.640752 seconds.

chan =

    10

Elapsed time is 597.601518 seconds.

chan =

    11

Elapsed time is 593.979263 seconds.

chan =

    12

Elapsed time is 602.083559 seconds.

chan =

    13

Elapsed time is 598.350191 seconds.

chan =

    14

Elapsed time is 598.485022 seconds.

chan =

    15

Elapsed time is 603.024915 seconds.

chan =

    16

Elapsed time is 590.661698 seconds.

chan =

    17

Elapsed time is 604.326743 seconds.

chan =

    18

Elapsed time is 604.689493 seconds.

chan =

    19

Elapsed time is 584.896538 seconds.

chan =

    20

Elapsed time is 575.982126 seconds.

chan =

    21

Elapsed time is 573.435347 seconds.

chan =

    22

Elapsed time is 584.929542 seconds.

chan =

    23

Elapsed time is 572.136696 seconds.

chan =

    24

Elapsed time is 581.045286 seconds.

chan =

    25

Elapsed time is 573.581031 seconds.

chan =

    26

Elapsed time is 579.388400 seconds.

chan =

    27

Elapsed time is 577.387830 seconds.

chan =

    28

Elapsed time is 555.691544 seconds.

chan =

    29

Elapsed time is 579.009884 seconds.

chan =

    30

Elapsed time is 575.783448 seconds.

chan =

    31

Elapsed time is 565.972545 seconds.

chan =

    32

Elapsed time is 573.269177 seconds.

chan =

    33

Elapsed time is 576.319521 seconds.

chan =

    34

Elapsed time is 576.931027 seconds.

chan =

    35

Elapsed time is 575.716218 seconds.

chan =

    36

Elapsed time is 575.250148 seconds.

chan =

    37

Elapsed time is 574.616236 seconds.

chan =

    38

Elapsed time is 571.328046 seconds.

chan =

    39

Elapsed time is 571.411717 seconds.

chan =

    40

Elapsed time is 573.287807 seconds.

chan =

    41

Elapsed time is 575.950939 seconds.

chan =

    42

Elapsed time is 576.571651 seconds.

chan =

    43

Elapsed time is 580.035857 seconds.

chan =

    44

Elapsed time is 578.923529 seconds.

chan =

    45

Elapsed time is 572.566716 seconds.

chan =

    46

Elapsed time is 577.838464 seconds.

chan =

    47

Elapsed time is 571.095390 seconds.

chan =

    48

Elapsed time is 579.996870 seconds.

chan =

    49

Elapsed time is 579.288966 seconds.

chan =

    50

Elapsed time is 578.045085 seconds.

chan =

    51

Elapsed time is 574.279194 seconds.

chan =

    52

Elapsed time is 562.343883 seconds.

chan =

    53

Elapsed time is 567.860963 seconds.

chan =

    54

Elapsed time is 559.317394 seconds.

chan =

    55

Elapsed time is 556.316964 seconds.

chan =

    56

Elapsed time is 564.907050 seconds.

chan =

    57

Elapsed time is 564.865737 seconds.

chan =

    58

Elapsed time is 566.999065 seconds.

chan =

    59

Elapsed time is 562.828156 seconds.

chan =

    60

Elapsed time is 565.374623 seconds.

chan =

    61

Elapsed time is 572.206799 seconds.

chan =

    62

Elapsed time is 568.962573 seconds.

chan =

    63

Elapsed time is 569.888651 seconds.

chan =

    64

Elapsed time is 566.532801 seconds.

chan =

    65

Elapsed time is 563.885319 seconds.

chan =

    66

Elapsed time is 559.197703 seconds.

chan =

    67

Elapsed time is 560.623732 seconds.

chan =

    68

Elapsed time is 560.113804 seconds.

chan =

    69

Elapsed time is 556.176717 seconds.

chan =

    70

Elapsed time is 549.501687 seconds.

chan =

    71

Elapsed time is 544.448538 seconds.

chan =

    72

Elapsed time is 553.139196 seconds.

chan =

    73

Elapsed time is 550.268146 seconds.

chan =

    74

Elapsed time is 547.336369 seconds.

chan =

    75

Elapsed time is 547.442689 seconds.

chan =

    76

Elapsed time is 543.176176 seconds.

chan =

    77

Elapsed time is 547.432870 seconds.

chan =

    78

Elapsed time is 543.678038 seconds.

chan =

    79

Elapsed time is 549.690723 seconds.

chan =

    80

Elapsed time is 548.112914 seconds.

chan =

    81

Elapsed time is 547.142069 seconds.

chan =

    82

Elapsed time is 550.819699 seconds.

chan =

    83

Elapsed time is 547.925786 seconds.

chan =

    84

Elapsed time is 539.409803 seconds.

chan =

    85

Elapsed time is 517.933385 seconds.

chan =

    86

Elapsed time is 485.894548 seconds.

chan =

    87

Elapsed time is 483.661759 seconds.

chan =

    88

Elapsed time is 484.362444 seconds.

chan =

    89

Elapsed time is 486.291023 seconds.

chan =

    90

Elapsed time is 485.047389 seconds.

chan =

    91

Elapsed time is 486.118454 seconds.

chan =

    92

Elapsed time is 486.664605 seconds.

chan =

    93

Elapsed time is 484.932991 seconds.

chan =

    94

Elapsed time is 485.600329 seconds.

chan =

    95

Elapsed time is 485.023968 seconds.

chan =

    96

Elapsed time is 490.406980 seconds.

chan =

    97

Elapsed time is 490.789641 seconds.

chan =

    98

Elapsed time is 492.764601 seconds.

chan =

    99

Elapsed time is 494.179996 seconds.

chan =

   100

Elapsed time is 493.346131 seconds.

chan =

   101

Elapsed time is 496.622426 seconds.

chan =

   102

Elapsed time is 493.431559 seconds.

chan =

   103

Elapsed time is 492.204025 seconds.

chan =

   104

Elapsed time is 491.096863 seconds.

chan =

   105

Elapsed time is 491.627122 seconds.

chan =

   106

Elapsed time is 491.415881 seconds.

chan =

   107

Elapsed time is 491.224390 seconds.

chan =

   108

Elapsed time is 488.330191 seconds.

chan =

   109

Elapsed time is 494.568249 seconds.

chan =

   110

Elapsed time is 489.541160 seconds.

chan =

   111

Elapsed time is 489.483774 seconds.

chan =

   112

Elapsed time is 489.144557 seconds.

chan =

   113

Elapsed time is 492.758179 seconds.

chan =

   114

Elapsed time is 469.464210 seconds.
attempting saving
save success: /projects/p31578/dtf8829/QuestConnect/CHANDAT/chanDat_SLCH010_056.mat
working on TF
