getting started: 3279
attempting file: 3279
going for SD5 28
data loaded: SD5 28
HFB already done

chan =

     1

Elapsed time is 285.508587 seconds.

chan =

     2

Elapsed time is 293.687076 seconds.

chan =

     3

Elapsed time is 300.238539 seconds.

chan =

     4

Elapsed time is 293.530134 seconds.

chan =

     5

Elapsed time is 288.068840 seconds.

chan =

     6

Elapsed time is 287.542654 seconds.

chan =

     7

Elapsed time is 286.615448 seconds.

chan =

     8

Elapsed time is 266.467586 seconds.

chan =

     9

Elapsed time is 255.929243 seconds.

chan =

    10

Elapsed time is 257.387488 seconds.

chan =

    11

Elapsed time is 294.358041 seconds.

chan =

    12

Elapsed time is 291.951871 seconds.

chan =

    13

Elapsed time is 294.847045 seconds.

chan =

    14

Elapsed time is 294.085627 seconds.

chan =

    15

Elapsed time is 296.446301 seconds.

chan =

    16

Elapsed time is 295.076641 seconds.

chan =

    17

Elapsed time is 296.483149 seconds.

chan =

    18

Elapsed time is 291.267268 seconds.

chan =

    19

Elapsed time is 293.575737 seconds.

chan =

    20

Elapsed time is 291.617605 seconds.

chan =

    21

Elapsed time is 294.478063 seconds.

chan =

    22

Elapsed time is 294.951254 seconds.

chan =

    23

Elapsed time is 297.583901 seconds.

chan =

    24

Elapsed time is 296.539501 seconds.

chan =

    25

Elapsed time is 298.119351 seconds.

chan =

    26

Elapsed time is 294.999600 seconds.

chan =

    27

Elapsed time is 292.446490 seconds.

chan =

    28

Elapsed time is 288.416757 seconds.

chan =

    29

Elapsed time is 284.942931 seconds.

chan =

    30

Elapsed time is 288.601548 seconds.

chan =

    31

Elapsed time is 286.881145 seconds.

chan =

    32

Elapsed time is 286.163098 seconds.

chan =

    33

Elapsed time is 288.851069 seconds.

chan =

    34

Elapsed time is 288.849345 seconds.

chan =

    35

Elapsed time is 292.325341 seconds.

chan =

    36

Elapsed time is 290.348826 seconds.

chan =

    37

Elapsed time is 290.086460 seconds.

chan =

    38

Elapsed time is 289.847785 seconds.

chan =

    39

Elapsed time is 291.781158 seconds.

chan =

    40

Elapsed time is 288.933713 seconds.

chan =

    41

Elapsed time is 290.990168 seconds.

chan =

    42

Elapsed time is 288.884606 seconds.

chan =

    43

Elapsed time is 289.348641 seconds.

chan =

    44

Elapsed time is 289.590226 seconds.

chan =

    45

Elapsed time is 290.460136 seconds.

chan =

    46

Elapsed time is 291.664184 seconds.

chan =

    47

Elapsed time is 291.162956 seconds.

chan =

    48

Elapsed time is 289.412511 seconds.

chan =

    49

Elapsed time is 288.897078 seconds.

chan =

    50

Elapsed time is 286.899738 seconds.

chan =

    51

Elapsed time is 288.621522 seconds.

chan =

    52

Elapsed time is 287.216104 seconds.

chan =

    53

Elapsed time is 288.846449 seconds.

chan =

    54

Elapsed time is 287.972782 seconds.

chan =

    55

Elapsed time is 286.845198 seconds.

chan =

    56

Elapsed time is 287.101839 seconds.

chan =

    57

Elapsed time is 288.563973 seconds.

chan =

    58

Elapsed time is 286.819079 seconds.

chan =

    59

Elapsed time is 289.496582 seconds.

chan =

    60

Elapsed time is 289.230373 seconds.

chan =

    61

Elapsed time is 288.389562 seconds.

chan =

    62

Elapsed time is 287.386110 seconds.

chan =

    63

Elapsed time is 289.003979 seconds.

chan =

    64

Elapsed time is 287.383397 seconds.

chan =

    65

Elapsed time is 287.236696 seconds.

chan =

    66

Elapsed time is 287.765380 seconds.

chan =

    67

Elapsed time is 286.722172 seconds.

chan =

    68

Elapsed time is 287.231267 seconds.

chan =

    69

Elapsed time is 287.222550 seconds.

chan =

    70

Elapsed time is 284.679713 seconds.

chan =

    71

Elapsed time is 285.735353 seconds.

chan =

    72

Elapsed time is 283.835160 seconds.

chan =

    73

Elapsed time is 286.525034 seconds.

chan =

    74

Elapsed time is 285.209966 seconds.

chan =

    75

Elapsed time is 287.388026 seconds.

chan =

    76

Elapsed time is 285.823373 seconds.

chan =

    77

Elapsed time is 289.903811 seconds.

chan =

    78

Elapsed time is 287.842263 seconds.

chan =

    79

Elapsed time is 289.202575 seconds.

chan =

    80

Elapsed time is 287.350593 seconds.

chan =

    81

Elapsed time is 289.986143 seconds.

chan =

    82

Elapsed time is 286.342466 seconds.

chan =

    83

Elapsed time is 290.574485 seconds.

chan =

    84

Elapsed time is 288.691805 seconds.

chan =

    85

Elapsed time is 289.365472 seconds.

chan =

    86

Elapsed time is 286.949671 seconds.

chan =

    87

Elapsed time is 289.652876 seconds.

chan =

    88

Elapsed time is 287.357645 seconds.

chan =

    89

Elapsed time is 289.017580 seconds.

chan =

    90

Elapsed time is 290.045868 seconds.

chan =

    91

Elapsed time is 290.243374 seconds.

chan =

    92

Elapsed time is 289.399917 seconds.

chan =

    93

Elapsed time is 290.572566 seconds.

chan =

    94

Elapsed time is 288.213282 seconds.

chan =

    95

Elapsed time is 289.849425 seconds.

chan =

    96

Elapsed time is 287.958526 seconds.

chan =

    97

Elapsed time is 290.368818 seconds.

chan =

    98

Elapsed time is 288.196177 seconds.

chan =

    99

Elapsed time is 288.620615 seconds.

chan =

   100

Elapsed time is 285.896487 seconds.

chan =

   101

Elapsed time is 288.475313 seconds.

chan =

   102

Elapsed time is 287.857421 seconds.

chan =

   103

Elapsed time is 288.625654 seconds.

chan =

   104

Elapsed time is 286.176806 seconds.

chan =

   105

Elapsed time is 287.751748 seconds.

chan =

   106

Elapsed time is 283.652682 seconds.

chan =

   107

Elapsed time is 286.828432 seconds.

chan =

   108

Elapsed time is 285.720647 seconds.

chan =

   109

Elapsed time is 284.441731 seconds.

