getting started: 3680
attempting file: 3680
going for SLCH010 86
data loaded: SLCH010 86
HFB already done

chan =

     1

Elapsed time is 621.185837 seconds.

chan =

     2

Elapsed time is 626.496127 seconds.

chan =

     3

Elapsed time is 607.135837 seconds.

chan =

     4

Elapsed time is 585.485407 seconds.

chan =

     5

Elapsed time is 576.186604 seconds.

chan =

     6

Elapsed time is 536.370550 seconds.

chan =

     7

Elapsed time is 574.967788 seconds.

chan =

     8

Elapsed time is 580.930718 seconds.

chan =

     9

Elapsed time is 571.760783 seconds.

chan =

    10

Elapsed time is 574.453346 seconds.

chan =

    11

Elapsed time is 574.357850 seconds.

chan =

    12

Elapsed time is 568.938807 seconds.

chan =

    13

Elapsed time is 575.690583 seconds.

chan =

    14

Elapsed time is 572.907423 seconds.

chan =

    15

Elapsed time is 570.769119 seconds.

chan =

    16

Elapsed time is 569.671749 seconds.

chan =

    17

Elapsed time is 575.315271 seconds.

chan =

    18

Elapsed time is 571.246795 seconds.

chan =

    19

Elapsed time is 565.181258 seconds.

chan =

    20

Elapsed time is 570.380907 seconds.

chan =

    21

Elapsed time is 568.214547 seconds.

chan =

    22

Elapsed time is 566.803978 seconds.

chan =

    23

Elapsed time is 563.445337 seconds.

chan =

    24

Elapsed time is 571.803209 seconds.

chan =

    25

Elapsed time is 573.375691 seconds.

chan =

    26

Elapsed time is 567.037589 seconds.

chan =

    27

Elapsed time is 581.251549 seconds.

chan =

    28

Elapsed time is 577.045620 seconds.

chan =

    29

Elapsed time is 575.275272 seconds.

chan =

    30

Elapsed time is 578.314057 seconds.

chan =

    31

Elapsed time is 575.945118 seconds.

chan =

    32

Elapsed time is 578.979155 seconds.

chan =

    33

Elapsed time is 581.188569 seconds.

chan =

    34

Elapsed time is 577.833538 seconds.

chan =

    35

Elapsed time is 578.522753 seconds.

chan =

    36

Elapsed time is 577.443322 seconds.

chan =

    37

Elapsed time is 574.039236 seconds.

chan =

    38

Elapsed time is 573.044979 seconds.

chan =

    39

Elapsed time is 571.852079 seconds.

chan =

    40

Elapsed time is 572.877056 seconds.

chan =

    41

Elapsed time is 573.088417 seconds.

chan =

    42

Elapsed time is 571.828373 seconds.

chan =

    43

Elapsed time is 567.037425 seconds.

chan =

    44

Elapsed time is 575.446789 seconds.

chan =

    45

Elapsed time is 577.972893 seconds.

chan =

    46

Elapsed time is 569.435583 seconds.

chan =

    47

Elapsed time is 571.042599 seconds.

chan =

    48

Elapsed time is 570.371228 seconds.

chan =

    49

Elapsed time is 570.043502 seconds.

chan =

    50

Elapsed time is 573.143468 seconds.

chan =

    51

Elapsed time is 577.254220 seconds.

chan =

    52

Elapsed time is 573.063381 seconds.

chan =

    53

Elapsed time is 580.778070 seconds.

chan =

    54

Elapsed time is 583.937374 seconds.

chan =

    55

Elapsed time is 574.096892 seconds.

chan =

    56

Elapsed time is 581.515426 seconds.

chan =

    57

Elapsed time is 578.708896 seconds.

chan =

    58

Elapsed time is 565.798385 seconds.

chan =

    59

Elapsed time is 566.669097 seconds.

chan =

    60

Elapsed time is 568.853770 seconds.

chan =

    61

Elapsed time is 572.327255 seconds.

chan =

    62

Elapsed time is 566.859463 seconds.

chan =

    63

Elapsed time is 568.497495 seconds.

chan =

    64

Elapsed time is 565.543961 seconds.

chan =

    65

Elapsed time is 566.096991 seconds.

chan =

    66

Elapsed time is 568.946127 seconds.

chan =

    67

Elapsed time is 564.645540 seconds.

chan =

    68

Elapsed time is 568.354346 seconds.

chan =

    69

Elapsed time is 567.999964 seconds.

chan =

    70

Elapsed time is 560.337080 seconds.

chan =

    71

Elapsed time is 553.202817 seconds.

chan =

    72

Elapsed time is 548.304945 seconds.

chan =

    73

Elapsed time is 551.499861 seconds.

chan =

    74

Elapsed time is 548.752682 seconds.

chan =

    75

Elapsed time is 500.932256 seconds.

chan =

    76

Elapsed time is 434.592635 seconds.

chan =

    77

Elapsed time is 432.841792 seconds.

chan =

    78

Elapsed time is 433.297355 seconds.

chan =

    79

Elapsed time is 430.929073 seconds.

chan =

    80

Elapsed time is 427.711330 seconds.

chan =

    81

Elapsed time is 436.346068 seconds.

chan =

    82

Elapsed time is 430.683727 seconds.

chan =

    83

Elapsed time is 433.158936 seconds.

chan =

    84

Elapsed time is 425.305811 seconds.

chan =

    85

Elapsed time is 428.975114 seconds.

chan =

    86

Elapsed time is 426.918907 seconds.

chan =

    87

Elapsed time is 430.117481 seconds.

chan =

    88

Elapsed time is 424.606642 seconds.

chan =

    89

Elapsed time is 429.729244 seconds.

chan =

    90

Elapsed time is 426.186814 seconds.

chan =

    91

Elapsed time is 431.166913 seconds.

chan =

    92

Elapsed time is 429.701099 seconds.

chan =

    93

Elapsed time is 432.637139 seconds.

chan =

    94

Elapsed time is 429.696534 seconds.

chan =

    95

Elapsed time is 431.662166 seconds.

chan =

    96

Elapsed time is 422.870788 seconds.

chan =

    97

Elapsed time is 427.855680 seconds.

chan =

    98

Elapsed time is 426.629846 seconds.

chan =

    99

Elapsed time is 432.220074 seconds.

chan =

   100

Elapsed time is 426.090044 seconds.

chan =

   101

Elapsed time is 432.155633 seconds.

chan =

   102

Elapsed time is 426.915958 seconds.

chan =

   103

Elapsed time is 432.668028 seconds.

chan =

   104

Elapsed time is 430.159915 seconds.

chan =

   105

Elapsed time is 432.298827 seconds.

chan =

   106

Elapsed time is 427.993207 seconds.

chan =

   107

Elapsed time is 429.494641 seconds.

chan =

   108

Elapsed time is 427.607573 seconds.

chan =

   109

Elapsed time is 429.903842 seconds.

chan =

   110

Elapsed time is 426.559718 seconds.

chan =

   111

Elapsed time is 431.080325 seconds.

chan =

   112

Elapsed time is 428.539927 seconds.

chan =

   113

Elapsed time is 413.359715 seconds.

chan =

   114

Elapsed time is 392.768021 seconds.
attempting saving
save success: /projects/p31578/dtf8829/QuestConnect/CHANDAT/chanDat_SLCH010_086.mat
working on TF
