getting started: 3688
attempting file: 3688
going for SLCH010 94
data loaded: SLCH010 94
HFB already done

chan =

     1

Elapsed time is 506.403566 seconds.

chan =

     2

Elapsed time is 500.973222 seconds.

chan =

     3

Elapsed time is 481.438993 seconds.

chan =

     4

Elapsed time is 477.806051 seconds.

chan =

     5

Elapsed time is 467.225260 seconds.

chan =

     6

Elapsed time is 464.862883 seconds.

chan =

     7

Elapsed time is 467.202371 seconds.

chan =

     8

Elapsed time is 471.499150 seconds.

chan =

     9

Elapsed time is 470.093969 seconds.

chan =

    10

Elapsed time is 468.950640 seconds.

chan =

    11

Elapsed time is 467.943224 seconds.

chan =

    12

Elapsed time is 494.461791 seconds.

chan =

    13

Elapsed time is 504.108962 seconds.

chan =

    14

Elapsed time is 509.421832 seconds.

chan =

    15

Elapsed time is 498.073640 seconds.

chan =

    16

Elapsed time is 504.613319 seconds.

chan =

    17

Elapsed time is 488.469129 seconds.

chan =

    18

Elapsed time is 417.307791 seconds.

chan =

    19

Elapsed time is 441.525051 seconds.

chan =

    20

Elapsed time is 429.683795 seconds.

chan =

    21

Elapsed time is 445.243330 seconds.

chan =

    22

Elapsed time is 438.866410 seconds.

chan =

    23

Elapsed time is 416.715697 seconds.

chan =

    24

Elapsed time is 413.404041 seconds.

chan =

    25

Elapsed time is 415.416528 seconds.

chan =

    26

Elapsed time is 421.080314 seconds.

chan =

    27

Elapsed time is 431.242193 seconds.

chan =

    28

Elapsed time is 418.794468 seconds.

chan =

    29

Elapsed time is 403.928634 seconds.

chan =

    30

Elapsed time is 411.875892 seconds.

chan =

    31

Elapsed time is 411.215093 seconds.

chan =

    32

Elapsed time is 406.447156 seconds.

chan =

    33

Elapsed time is 409.277896 seconds.

chan =

    34

Elapsed time is 407.704973 seconds.

chan =

    35

Elapsed time is 407.325508 seconds.

chan =

    36

Elapsed time is 406.596132 seconds.

chan =

    37

Elapsed time is 408.769561 seconds.

chan =

    38

Elapsed time is 412.504502 seconds.

chan =

    39

Elapsed time is 404.066219 seconds.

chan =

    40

Elapsed time is 410.022620 seconds.

chan =

    41

Elapsed time is 403.375379 seconds.

chan =

    42

Elapsed time is 409.317624 seconds.

chan =

    43

Elapsed time is 405.715499 seconds.

chan =

    44

Elapsed time is 409.050270 seconds.

chan =

    45

Elapsed time is 409.281696 seconds.

chan =

    46

Elapsed time is 406.242043 seconds.

chan =

    47

Elapsed time is 397.793285 seconds.

chan =

    48

Elapsed time is 407.704892 seconds.

chan =

    49

Elapsed time is 403.971645 seconds.

chan =

    50

Elapsed time is 401.932290 seconds.

chan =

    51

Elapsed time is 663.115669 seconds.

chan =

    52

Elapsed time is 491.395582 seconds.

chan =

    53

Elapsed time is 481.277457 seconds.

chan =

    54

Elapsed time is 437.044233 seconds.

chan =

    55

Elapsed time is 445.095932 seconds.

chan =

    56

Elapsed time is 446.527001 seconds.

chan =

    57

Elapsed time is 427.424609 seconds.

chan =

    58

Elapsed time is 444.644096 seconds.

chan =

    59

Elapsed time is 453.178885 seconds.

chan =

    60

Elapsed time is 422.546548 seconds.

chan =

    61

Elapsed time is 448.429384 seconds.

chan =

    62

Elapsed time is 444.957396 seconds.

chan =

    63

Elapsed time is 420.669959 seconds.

chan =

    64

Elapsed time is 444.694572 seconds.

chan =

    65

Elapsed time is 433.406258 seconds.

chan =

    66

Elapsed time is 423.590564 seconds.

chan =

    67

Elapsed time is 433.658659 seconds.

chan =

    68

Elapsed time is 412.226186 seconds.

chan =

    69

Elapsed time is 394.653125 seconds.

chan =

    70

Elapsed time is 432.016220 seconds.

chan =

    71

Elapsed time is 430.865305 seconds.

chan =

    72

Elapsed time is 417.514948 seconds.

chan =

    73

Elapsed time is 431.646541 seconds.

chan =

    74

Elapsed time is 424.731613 seconds.

chan =

    75

Elapsed time is 393.656484 seconds.

chan =

    76

Elapsed time is 428.721355 seconds.

chan =

    77

Elapsed time is 427.684513 seconds.

chan =

    78

Elapsed time is 430.233189 seconds.

chan =

    79

Elapsed time is 428.648003 seconds.

chan =

    80

Elapsed time is 424.844906 seconds.

chan =

    81

Elapsed time is 430.623886 seconds.

chan =

    82

Elapsed time is 429.215569 seconds.

chan =

    83

Elapsed time is 428.325383 seconds.

chan =

    84

Elapsed time is 426.878024 seconds.

chan =

    85

Elapsed time is 431.124388 seconds.

chan =

    86

Elapsed time is 430.043629 seconds.

chan =

    87

Elapsed time is 425.122786 seconds.

chan =

    88

Elapsed time is 427.988442 seconds.

chan =

    89

Elapsed time is 428.206095 seconds.

chan =

    90

Elapsed time is 429.001095 seconds.

chan =

    91

Elapsed time is 430.962061 seconds.

chan =

    92

Elapsed time is 431.005884 seconds.

chan =

    93

Elapsed time is 430.345726 seconds.

chan =

    94

Elapsed time is 427.416384 seconds.

chan =

    95

Elapsed time is 429.049856 seconds.

chan =

    96

Elapsed time is 424.358353 seconds.

chan =

    97

Elapsed time is 428.754792 seconds.

chan =

    98

Elapsed time is 426.705351 seconds.

chan =

    99

Elapsed time is 429.459631 seconds.

chan =

   100

Elapsed time is 430.313701 seconds.

chan =

   101

Elapsed time is 423.812609 seconds.

chan =

   102

Elapsed time is 418.329498 seconds.

chan =

   103

Elapsed time is 427.735664 seconds.

chan =

   104

Elapsed time is 426.116610 seconds.

chan =

   105

Elapsed time is 420.541633 seconds.

chan =

   106

Elapsed time is 422.247584 seconds.

chan =

   107

Elapsed time is 423.725580 seconds.

chan =

   108

Elapsed time is 420.171947 seconds.

chan =

   109

Elapsed time is 424.846778 seconds.

chan =

   110

Elapsed time is 421.568312 seconds.

chan =

   111

Elapsed time is 398.809458 seconds.

chan =

   112

Elapsed time is 387.758333 seconds.

chan =

   113

Elapsed time is 389.416955 seconds.

chan =

   114

Elapsed time is 384.510206 seconds.
attempting saving
save success: /projects/p31578/dtf8829/QuestConnect/CHANDAT/chanDat_SLCH010_094.mat
working on TF
