getting started: 3356
attempting file: 3356
going for SD5 105
data loaded: SD5 105
HFB already done

chan =

     1

Elapsed time is 289.731271 seconds.

chan =

     2

Elapsed time is 287.393465 seconds.

chan =

     3

Elapsed time is 265.743190 seconds.

chan =

     4

Elapsed time is 314.975559 seconds.

chan =

     5

Elapsed time is 350.546839 seconds.

chan =

     6

Elapsed time is 347.263866 seconds.

chan =

     7

Elapsed time is 346.152238 seconds.

chan =

     8

Elapsed time is 342.562286 seconds.

chan =

     9

Elapsed time is 345.342933 seconds.

chan =

    10

Elapsed time is 343.922101 seconds.

chan =

    11

Elapsed time is 342.629362 seconds.

chan =

    12

Elapsed time is 341.057511 seconds.

chan =

    13

Elapsed time is 343.916453 seconds.

chan =

    14

Elapsed time is 341.623433 seconds.

chan =

    15

Elapsed time is 344.689785 seconds.

chan =

    16

Elapsed time is 339.573595 seconds.

chan =

    17

Elapsed time is 341.584760 seconds.

chan =

    18

Elapsed time is 341.469678 seconds.

chan =

    19

Elapsed time is 342.838777 seconds.

chan =

    20

Elapsed time is 339.439043 seconds.

chan =

    21

Elapsed time is 340.827332 seconds.

chan =

    22

Elapsed time is 341.496743 seconds.

chan =

    23

Elapsed time is 343.641746 seconds.

chan =

    24

Elapsed time is 339.813428 seconds.

chan =

    25

Elapsed time is 337.937076 seconds.

chan =

    26

Elapsed time is 336.509665 seconds.

chan =

    27

Elapsed time is 337.652979 seconds.

chan =

    28

Elapsed time is 335.175005 seconds.

chan =

    29

Elapsed time is 330.795241 seconds.

chan =

    30

Elapsed time is 332.905108 seconds.

chan =

    31

Elapsed time is 334.031688 seconds.

chan =

    32

Elapsed time is 330.182021 seconds.

chan =

    33

Elapsed time is 329.673912 seconds.

chan =

    34

Elapsed time is 327.763994 seconds.

chan =

    35

Elapsed time is 332.191220 seconds.

chan =

    36

Elapsed time is 325.558588 seconds.

chan =

    37

Elapsed time is 331.711954 seconds.

chan =

    38

Elapsed time is 325.427901 seconds.

chan =

    39

Elapsed time is 329.470646 seconds.

chan =

    40

Elapsed time is 325.797214 seconds.

chan =

    41

Elapsed time is 328.410281 seconds.

chan =

    42

Elapsed time is 325.984772 seconds.

chan =

    43

Elapsed time is 327.657406 seconds.

chan =

    44

Elapsed time is 326.533465 seconds.

chan =

    45

Elapsed time is 330.121238 seconds.

chan =

    46

Elapsed time is 326.440154 seconds.

chan =

    47

Elapsed time is 330.889124 seconds.

chan =

    48

Elapsed time is 325.122537 seconds.

chan =

    49

Elapsed time is 329.863966 seconds.

chan =

    50

Elapsed time is 321.446715 seconds.

chan =

    51

Elapsed time is 328.003722 seconds.

chan =

    52

Elapsed time is 321.501812 seconds.

chan =

    53

Elapsed time is 327.905761 seconds.

chan =

    54

Elapsed time is 321.726326 seconds.

chan =

    55

Elapsed time is 327.536594 seconds.

chan =

    56

Elapsed time is 322.746644 seconds.

chan =

    57

Elapsed time is 329.732254 seconds.

chan =

    58

Elapsed time is 322.960650 seconds.

chan =

    59

Elapsed time is 328.520788 seconds.

chan =

    60

Elapsed time is 323.910083 seconds.

chan =

    61

Elapsed time is 328.822886 seconds.

chan =

    62

Elapsed time is 321.427706 seconds.

chan =

    63

Elapsed time is 326.702514 seconds.

chan =

    64

Elapsed time is 324.882637 seconds.

chan =

    65

Elapsed time is 339.979593 seconds.

chan =

    66

Elapsed time is 334.918912 seconds.

chan =

    67

Elapsed time is 337.171007 seconds.

chan =

    68

Elapsed time is 332.555368 seconds.

chan =

    69

Elapsed time is 330.998773 seconds.

chan =

    70

Elapsed time is 330.938154 seconds.

chan =

    71

Elapsed time is 335.395482 seconds.

chan =

    72

Elapsed time is 330.718225 seconds.

chan =

    73

Elapsed time is 335.862530 seconds.

chan =

    74

Elapsed time is 327.380211 seconds.

chan =

    75

Elapsed time is 336.710858 seconds.

chan =

    76

Elapsed time is 331.243312 seconds.

chan =

    77

Elapsed time is 335.307587 seconds.

chan =

    78

Elapsed time is 327.948850 seconds.

chan =

    79

Elapsed time is 333.987944 seconds.

chan =

    80

Elapsed time is 331.097381 seconds.

chan =

    81

Elapsed time is 336.889240 seconds.

chan =

    82

Elapsed time is 331.396249 seconds.

chan =

    83

Elapsed time is 330.614636 seconds.

chan =

    84

Elapsed time is 333.591745 seconds.

chan =

    85

Elapsed time is 337.492635 seconds.

chan =

    86

Elapsed time is 331.355506 seconds.

chan =

    87

Elapsed time is 333.633869 seconds.

chan =

    88

Elapsed time is 330.496139 seconds.

chan =

    89

Elapsed time is 335.147400 seconds.

chan =

    90

Elapsed time is 332.454583 seconds.

chan =

    91

Elapsed time is 334.775397 seconds.

chan =

    92

Elapsed time is 331.803640 seconds.

chan =

    93

Elapsed time is 336.121239 seconds.

chan =

    94

Elapsed time is 330.549319 seconds.

chan =

    95

Elapsed time is 333.935281 seconds.

chan =

    96

Elapsed time is 329.258713 seconds.

chan =

    97

Elapsed time is 328.108556 seconds.

chan =

    98

Elapsed time is 331.794133 seconds.

chan =

    99

Elapsed time is 336.600884 seconds.

chan =

   100

Elapsed time is 331.923391 seconds.

chan =

   101

Elapsed time is 338.485321 seconds.

chan =

   102

Elapsed time is 323.274939 seconds.

chan =

   103

Elapsed time is 327.687856 seconds.

chan =

   104

Elapsed time is 320.651889 seconds.

chan =

   105

Elapsed time is 325.704447 seconds.

chan =

   106

Elapsed time is 319.340244 seconds.

chan =

   107

Elapsed time is 325.510151 seconds.

chan =

   108

Elapsed time is 321.281800 seconds.

chan =

   109

Elapsed time is 326.630245 seconds.

