getting started: 3654
attempting file: 3654
going for SLCH010 60
data loaded: SLCH010 60
HFB already done

chan =

     1

Elapsed time is 569.039517 seconds.

chan =

     2

Elapsed time is 525.513442 seconds.

chan =

     3

Elapsed time is 501.166275 seconds.

chan =

     4

Elapsed time is 476.120072 seconds.

chan =

     5

Elapsed time is 447.098811 seconds.

chan =

     6

Elapsed time is 524.290583 seconds.

chan =

     7

Elapsed time is 509.380116 seconds.

chan =

     8

Elapsed time is 510.831028 seconds.

chan =

     9

Elapsed time is 508.133352 seconds.

chan =

    10

Elapsed time is 509.009226 seconds.

chan =

    11

Elapsed time is 505.095268 seconds.

chan =

    12

Elapsed time is 496.287718 seconds.

chan =

    13

Elapsed time is 518.956425 seconds.

chan =

    14

Elapsed time is 523.980761 seconds.

chan =

    15

Elapsed time is 522.219340 seconds.

chan =

    16

Elapsed time is 507.769419 seconds.

chan =

    17

Elapsed time is 522.477464 seconds.

chan =

    18

Elapsed time is 513.769370 seconds.

chan =

    19

Elapsed time is 500.419534 seconds.

chan =

    20

Elapsed time is 514.686315 seconds.

chan =

    21

Elapsed time is 501.733170 seconds.

chan =

    22

Elapsed time is 511.398307 seconds.

chan =

    23

Elapsed time is 483.832774 seconds.

chan =

    24

Elapsed time is 480.280053 seconds.

chan =

    25

Elapsed time is 508.280580 seconds.

chan =

    26

Elapsed time is 481.575598 seconds.

chan =

    27

Elapsed time is 478.509039 seconds.

chan =

    28

Elapsed time is 479.124218 seconds.

chan =

    29

Elapsed time is 478.129381 seconds.

chan =

    30

Elapsed time is 478.015118 seconds.

chan =

    31

Elapsed time is 477.619156 seconds.

chan =

    32

Elapsed time is 479.558002 seconds.

chan =

    33

Elapsed time is 479.648030 seconds.

chan =

    34

Elapsed time is 479.279337 seconds.

chan =

    35

Elapsed time is 474.835764 seconds.

chan =

    36

Elapsed time is 471.031347 seconds.

chan =

    37

Elapsed time is 470.526244 seconds.

chan =

    38

Elapsed time is 472.184910 seconds.

chan =

    39

Elapsed time is 470.492587 seconds.

chan =

    40

Elapsed time is 471.432598 seconds.

chan =

    41

Elapsed time is 458.420002 seconds.

chan =

    42

Elapsed time is 385.125329 seconds.

chan =

    43

Elapsed time is 387.791151 seconds.

chan =

    44

Elapsed time is 398.789887 seconds.

chan =

    45

Elapsed time is 395.292125 seconds.

chan =

    46

Elapsed time is 390.927155 seconds.

chan =

    47

Elapsed time is 384.384789 seconds.

chan =

    48

Elapsed time is 384.340954 seconds.

chan =

    49

Elapsed time is 383.792250 seconds.

chan =

    50

Elapsed time is 383.618055 seconds.

chan =

    51

Elapsed time is 452.729406 seconds.

chan =

    52

Elapsed time is 466.203150 seconds.

chan =

    53

Elapsed time is 390.185768 seconds.

chan =

    54

Elapsed time is 458.248389 seconds.

chan =

    55

Elapsed time is 457.101352 seconds.

chan =

    56

Elapsed time is 456.406558 seconds.

chan =

    57

Elapsed time is 403.700752 seconds.

chan =

    58

Elapsed time is 382.264207 seconds.

chan =

    59

Elapsed time is 384.036327 seconds.

chan =

    60

Elapsed time is 387.137836 seconds.

chan =

    61

Elapsed time is 388.521290 seconds.

chan =

    62

Elapsed time is 387.717598 seconds.

chan =

    63

Elapsed time is 413.624622 seconds.

chan =

    64

Elapsed time is 396.065321 seconds.

chan =

    65

Elapsed time is 426.361559 seconds.

chan =

    66

Elapsed time is 426.083684 seconds.

chan =

    67

Elapsed time is 426.924231 seconds.

chan =

    68

Elapsed time is 426.937556 seconds.

chan =

    69

Elapsed time is 427.044269 seconds.

chan =

    70

Elapsed time is 390.801849 seconds.

chan =

    71

Elapsed time is 384.572038 seconds.

chan =

    72

Elapsed time is 386.175394 seconds.

chan =

    73

Elapsed time is 383.801021 seconds.

chan =

    74

Elapsed time is 448.718320 seconds.

chan =

    75

Elapsed time is 443.982194 seconds.

chan =

    76

Elapsed time is 416.441038 seconds.

chan =

    77

Elapsed time is 457.695257 seconds.

chan =

    78

Elapsed time is 460.609364 seconds.

chan =

    79

Elapsed time is 459.112657 seconds.

chan =

    80

Elapsed time is 436.173656 seconds.

chan =

    81

Elapsed time is 459.340247 seconds.

chan =

    82

Elapsed time is 439.647102 seconds.

chan =

    83

Elapsed time is 397.317022 seconds.

chan =

    84

Elapsed time is 384.343916 seconds.

chan =

    85

Elapsed time is 438.217927 seconds.

chan =

    86

Elapsed time is 445.777337 seconds.

chan =

    87

Elapsed time is 401.770583 seconds.

chan =

    88

Elapsed time is 387.948285 seconds.

chan =

    89

Elapsed time is 387.416704 seconds.

chan =

    90

Elapsed time is 475.017848 seconds.

chan =

    91

Elapsed time is 600.497838 seconds.

chan =

    92

Elapsed time is 603.296269 seconds.

chan =

    93

Elapsed time is 590.888847 seconds.

chan =

    94

Elapsed time is 601.779254 seconds.

chan =

    95

Elapsed time is 589.065264 seconds.

chan =

    96

Elapsed time is 587.913251 seconds.

chan =

    97

Elapsed time is 598.823016 seconds.

chan =

    98

Elapsed time is 590.759838 seconds.

chan =

    99

Elapsed time is 590.639457 seconds.

chan =

   100

Elapsed time is 598.899233 seconds.

chan =

   101

Elapsed time is 589.041032 seconds.

chan =

   102

Elapsed time is 592.270799 seconds.

chan =

   103

Elapsed time is 602.376551 seconds.

chan =

   104

Elapsed time is 589.963498 seconds.

chan =

   105

Elapsed time is 589.338231 seconds.

chan =

   106

Elapsed time is 600.591031 seconds.

chan =

   107

Elapsed time is 586.142299 seconds.

chan =

   108

Elapsed time is 590.157958 seconds.

chan =

   109

Elapsed time is 597.559650 seconds.

chan =

   110

Elapsed time is 593.878073 seconds.

chan =

   111

Elapsed time is 589.129628 seconds.

chan =

   112

Elapsed time is 590.647447 seconds.

chan =

   113

Elapsed time is 602.765274 seconds.

chan =

   114

Elapsed time is 589.308969 seconds.
attempting saving
save success: /projects/p31578/dtf8829/QuestConnect/CHANDAT/chanDat_SLCH010_060.mat
working on TF
