getting started: 3672
attempting file: 3672
going for SLCH010 78
data loaded: SLCH010 78
HFB already done

chan =

     1

Elapsed time is 510.309984 seconds.

chan =

     2

Elapsed time is 494.228242 seconds.

chan =

     3

Elapsed time is 504.388258 seconds.

chan =

     4

Elapsed time is 532.797131 seconds.

chan =

     5

Elapsed time is 518.695767 seconds.

chan =

     6

Elapsed time is 566.851592 seconds.

chan =

     7

Elapsed time is 570.138977 seconds.

chan =

     8

Elapsed time is 564.644777 seconds.

chan =

     9

Elapsed time is 569.005708 seconds.

chan =

    10

Elapsed time is 565.576994 seconds.

chan =

    11

Elapsed time is 571.205544 seconds.

chan =

    12

Elapsed time is 568.659800 seconds.

chan =

    13

Elapsed time is 560.682939 seconds.

chan =

    14

Elapsed time is 565.802594 seconds.

chan =

    15

Elapsed time is 558.499738 seconds.

chan =

    16

Elapsed time is 567.456818 seconds.

chan =

    17

Elapsed time is 568.476037 seconds.

chan =

    18

Elapsed time is 565.213516 seconds.

chan =

    19

Elapsed time is 567.123746 seconds.

chan =

    20

Elapsed time is 560.045184 seconds.

chan =

    21

Elapsed time is 569.795226 seconds.

chan =

    22

Elapsed time is 569.727319 seconds.

chan =

    23

Elapsed time is 518.036198 seconds.

chan =

    24

Elapsed time is 551.471691 seconds.

chan =

    25

Elapsed time is 577.813085 seconds.

chan =

    26

Elapsed time is 568.228018 seconds.

chan =

    27

Elapsed time is 573.809324 seconds.

chan =

    28

Elapsed time is 574.665479 seconds.

chan =

    29

Elapsed time is 565.163756 seconds.

chan =

    30

Elapsed time is 576.711695 seconds.

chan =

    31

Elapsed time is 575.973327 seconds.

chan =

    32

Elapsed time is 575.518559 seconds.

chan =

    33

Elapsed time is 568.671174 seconds.

chan =

    34

Elapsed time is 560.316911 seconds.

chan =

    35

Elapsed time is 566.024000 seconds.

chan =

    36

Elapsed time is 561.149675 seconds.

chan =

    37

Elapsed time is 571.560995 seconds.

chan =

    38

Elapsed time is 571.503554 seconds.

chan =

    39

Elapsed time is 570.212940 seconds.

chan =

    40

Elapsed time is 564.620879 seconds.

chan =

    41

Elapsed time is 568.511374 seconds.

chan =

    42

Elapsed time is 569.511248 seconds.

chan =

    43

Elapsed time is 566.732896 seconds.

chan =

    44

Elapsed time is 570.446810 seconds.

chan =

    45

Elapsed time is 564.326150 seconds.

chan =

    46

Elapsed time is 566.050711 seconds.

chan =

    47

Elapsed time is 568.855884 seconds.

chan =

    48

Elapsed time is 567.622764 seconds.

chan =

    49

Elapsed time is 570.652436 seconds.

chan =

    50

Elapsed time is 559.894061 seconds.

chan =

    51

Elapsed time is 564.150664 seconds.

chan =

    52

Elapsed time is 562.748955 seconds.

chan =

    53

Elapsed time is 551.502864 seconds.

chan =

    54

Elapsed time is 547.242468 seconds.

chan =

    55

Elapsed time is 518.289589 seconds.

chan =

    56

Elapsed time is 522.599211 seconds.

chan =

    57

Elapsed time is 520.176550 seconds.

chan =

    58

Elapsed time is 505.719824 seconds.

chan =

    59

Elapsed time is 521.314714 seconds.

chan =

    60

Elapsed time is 516.653879 seconds.

chan =

    61

Elapsed time is 509.799779 seconds.

chan =

    62

Elapsed time is 516.318358 seconds.

chan =

    63

Elapsed time is 516.515592 seconds.

chan =

    64

Elapsed time is 515.830849 seconds.

chan =

    65

Elapsed time is 509.563856 seconds.

chan =

    66

Elapsed time is 517.146418 seconds.

chan =

    67

Elapsed time is 523.937555 seconds.

chan =

    68

Elapsed time is 515.304381 seconds.

chan =

    69

Elapsed time is 507.513421 seconds.

chan =

    70

Elapsed time is 515.052533 seconds.

chan =

    71

Elapsed time is 519.456542 seconds.

chan =

    72

Elapsed time is 522.743393 seconds.

chan =

    73

Elapsed time is 508.374812 seconds.

chan =

    74

Elapsed time is 517.534064 seconds.

chan =

    75

Elapsed time is 514.324799 seconds.

chan =

    76

Elapsed time is 513.114566 seconds.

chan =

    77

Elapsed time is 512.326969 seconds.

chan =

    78

Elapsed time is 511.540649 seconds.

chan =

    79

Elapsed time is 514.251727 seconds.

chan =

    80

Elapsed time is 486.286753 seconds.

chan =

    81

Elapsed time is 494.724962 seconds.

chan =

    82

Elapsed time is 486.920876 seconds.

chan =

    83

Elapsed time is 482.397134 seconds.

chan =

    84

Elapsed time is 461.952392 seconds.

chan =

    85

Elapsed time is 482.975118 seconds.

chan =

    86

Elapsed time is 468.135050 seconds.

chan =

    87

Elapsed time is 471.501178 seconds.

chan =

    88

Elapsed time is 463.081044 seconds.

chan =

    89

Elapsed time is 463.084560 seconds.

chan =

    90

Elapsed time is 480.511778 seconds.

chan =

    91

Elapsed time is 503.585295 seconds.

chan =

    92

Elapsed time is 535.229507 seconds.

chan =

    93

Elapsed time is 537.486499 seconds.

chan =

    94

Elapsed time is 537.956769 seconds.

chan =

    95

Elapsed time is 513.032757 seconds.

chan =

    96

Elapsed time is 533.656057 seconds.

chan =

    97

Elapsed time is 538.037439 seconds.

chan =

    98

Elapsed time is 535.599701 seconds.

chan =

    99

Elapsed time is 536.732320 seconds.

chan =

   100

Elapsed time is 536.357580 seconds.

chan =

   101

Elapsed time is 538.290937 seconds.

chan =

   102

Elapsed time is 540.155093 seconds.

chan =

   103

Elapsed time is 540.307297 seconds.

chan =

   104

Elapsed time is 529.502500 seconds.

chan =

   105

Elapsed time is 540.737970 seconds.

chan =

   106

Elapsed time is 532.466919 seconds.

chan =

   107

Elapsed time is 531.183452 seconds.

chan =

   108

Elapsed time is 540.678671 seconds.

chan =

   109

Elapsed time is 537.005887 seconds.

chan =

   110

Elapsed time is 535.994345 seconds.

chan =

   111

Elapsed time is 539.937965 seconds.

chan =

   112

Elapsed time is 538.594775 seconds.

chan =

   113

Elapsed time is 539.512954 seconds.

chan =

   114

Elapsed time is 533.883177 seconds.
attempting saving
save success: /projects/p31578/dtf8829/QuestConnect/CHANDAT/chanDat_SLCH010_078.mat
working on TF
