getting started: 3704
attempting file: 3704
going for SLCH010 110
data loaded: SLCH010 110
HFB already done

chan =

     1

Elapsed time is 528.527029 seconds.

chan =

     2

Elapsed time is 501.451086 seconds.

chan =

     3

Elapsed time is 495.860498 seconds.

chan =

     4

Elapsed time is 498.617132 seconds.

chan =

     5

Elapsed time is 491.243451 seconds.

chan =

     6

Elapsed time is 495.641279 seconds.

chan =

     7

Elapsed time is 493.103203 seconds.

chan =

     8

Elapsed time is 496.583970 seconds.

chan =

     9

Elapsed time is 492.040245 seconds.

chan =

    10

Elapsed time is 495.120872 seconds.

chan =

    11

Elapsed time is 502.875052 seconds.

chan =

    12

Elapsed time is 550.314702 seconds.

chan =

    13

Elapsed time is 556.189125 seconds.

chan =

    14

Elapsed time is 547.923472 seconds.

chan =

    15

Elapsed time is 556.972875 seconds.

chan =

    16

Elapsed time is 536.182004 seconds.

chan =

    17

Elapsed time is 549.390924 seconds.

chan =

    18

Elapsed time is 551.984006 seconds.

chan =

    19

Elapsed time is 553.363348 seconds.

chan =

    20

Elapsed time is 535.256546 seconds.

chan =

    21

Elapsed time is 532.147265 seconds.

chan =

    22

Elapsed time is 501.839746 seconds.

chan =

    23

Elapsed time is 493.036425 seconds.

chan =

    24

Elapsed time is 492.785169 seconds.

chan =

    25

Elapsed time is 496.231484 seconds.

chan =

    26

Elapsed time is 489.266543 seconds.

chan =

    27

Elapsed time is 493.786377 seconds.

chan =

    28

Elapsed time is 492.098254 seconds.

chan =

    29

Elapsed time is 493.726084 seconds.

chan =

    30

Elapsed time is 490.009532 seconds.

chan =

    31

Elapsed time is 493.237730 seconds.

chan =

    32

Elapsed time is 495.785568 seconds.

chan =

    33

Elapsed time is 498.303420 seconds.

chan =

    34

Elapsed time is 497.594796 seconds.

chan =

    35

Elapsed time is 493.067781 seconds.

chan =

    36

Elapsed time is 493.124042 seconds.

chan =

    37

Elapsed time is 494.829029 seconds.

chan =

    38

Elapsed time is 495.973738 seconds.

chan =

    39

Elapsed time is 492.577333 seconds.

chan =

    40

Elapsed time is 494.787070 seconds.

chan =

    41

Elapsed time is 490.326331 seconds.

chan =

    42

Elapsed time is 493.012061 seconds.

chan =

    43

Elapsed time is 488.415079 seconds.

chan =

    44

Elapsed time is 494.687683 seconds.

chan =

    45

Elapsed time is 492.670983 seconds.

chan =

    46

Elapsed time is 492.390152 seconds.

chan =

    47

Elapsed time is 492.909076 seconds.

chan =

    48

Elapsed time is 499.582872 seconds.

chan =

    49

Elapsed time is 496.197503 seconds.

chan =

    50

Elapsed time is 494.562672 seconds.

chan =

    51

Elapsed time is 493.633710 seconds.

chan =

    52

Elapsed time is 494.593296 seconds.

chan =

    53

Elapsed time is 487.785429 seconds.

chan =

    54

Elapsed time is 495.727641 seconds.

chan =

    55

Elapsed time is 494.079364 seconds.

chan =

    56

Elapsed time is 497.618444 seconds.

chan =

    57

Elapsed time is 492.855713 seconds.

chan =

    58

Elapsed time is 495.709952 seconds.

chan =

    59

Elapsed time is 499.989535 seconds.

chan =

    60

Elapsed time is 513.725296 seconds.

chan =

    61

Elapsed time is 517.221791 seconds.

chan =

    62

Elapsed time is 521.684355 seconds.

chan =

    63

Elapsed time is 525.599900 seconds.

chan =

    64

Elapsed time is 530.880858 seconds.

chan =

    65

Elapsed time is 514.370752 seconds.

chan =

    66

Elapsed time is 505.047000 seconds.

chan =

    67

Elapsed time is 500.457081 seconds.

chan =

    68

Elapsed time is 499.589915 seconds.

chan =

    69

Elapsed time is 500.355796 seconds.

chan =

    70

Elapsed time is 508.291128 seconds.

chan =

    71

Elapsed time is 502.090044 seconds.

chan =

    72

Elapsed time is 497.516450 seconds.

chan =

    73

Elapsed time is 495.672057 seconds.

chan =

    74

Elapsed time is 491.247742 seconds.

chan =

    75

Elapsed time is 593.113202 seconds.

chan =

    76

Elapsed time is 577.153376 seconds.

chan =

    77

Elapsed time is 604.626459 seconds.

chan =

    78

Elapsed time is 605.691564 seconds.

chan =

    79

Elapsed time is 554.366437 seconds.

chan =

    80

Elapsed time is 608.863672 seconds.

chan =

    81

Elapsed time is 610.770727 seconds.

chan =

    82

Elapsed time is 611.622959 seconds.

chan =

    83

Elapsed time is 607.267804 seconds.

chan =

    84

Elapsed time is 605.098732 seconds.

chan =

    85

Elapsed time is 597.675096 seconds.

chan =

    86

Elapsed time is 596.449626 seconds.

chan =

    87

Elapsed time is 595.425850 seconds.

chan =

    88

Elapsed time is 601.293933 seconds.

chan =

    89

Elapsed time is 602.712274 seconds.

chan =

    90

Elapsed time is 607.612321 seconds.

chan =

    91

Elapsed time is 597.349143 seconds.

chan =

    92

Elapsed time is 593.993442 seconds.

chan =

    93

Elapsed time is 595.318101 seconds.

chan =

    94

Elapsed time is 601.876730 seconds.

chan =

    95

Elapsed time is 598.513295 seconds.

chan =

    96

Elapsed time is 608.370853 seconds.

chan =

    97

Elapsed time is 604.655015 seconds.

chan =

    98

Elapsed time is 603.263250 seconds.

chan =

    99

Elapsed time is 604.759037 seconds.

chan =

   100

Elapsed time is 595.010171 seconds.

chan =

   101

Elapsed time is 602.005012 seconds.

chan =

   102

Elapsed time is 599.649639 seconds.

chan =

   103

Elapsed time is 596.323842 seconds.

chan =

   104

Elapsed time is 514.876339 seconds.

chan =

   105

Elapsed time is 486.145331 seconds.

chan =

   106

Elapsed time is 484.563745 seconds.

chan =

   107

Elapsed time is 487.105496 seconds.

chan =

   108

Elapsed time is 484.347800 seconds.

chan =

   109

Elapsed time is 486.064811 seconds.

chan =

   110

Elapsed time is 490.322594 seconds.

chan =

   111

Elapsed time is 487.442575 seconds.

chan =

   112

Elapsed time is 488.832278 seconds.

chan =

   113

Elapsed time is 488.752418 seconds.

chan =

   114

Elapsed time is 476.773359 seconds.
attempting saving
save success: /projects/p31578/dtf8829/QuestConnect/CHANDAT/chanDat_SLCH010_110.mat
working on TF
encoding done
encoding RT done
