getting started: 3029
attempting file: 3029
going for OH30 128
data loaded: OH30 128
HFB already done

chan =

     1

Elapsed time is 556.745247 seconds.

chan =

     2

Elapsed time is 545.789306 seconds.

chan =

     3

Elapsed time is 571.577966 seconds.

chan =

     4

Elapsed time is 574.732033 seconds.

chan =

     5

Elapsed time is 569.323273 seconds.

chan =

     6

Elapsed time is 553.397772 seconds.

chan =

     7

Elapsed time is 605.933869 seconds.

chan =

     8

Elapsed time is 651.176092 seconds.

chan =

     9

Elapsed time is 649.335190 seconds.

chan =

    10

Elapsed time is 648.892128 seconds.

chan =

    11

Elapsed time is 647.652317 seconds.

chan =

    12

Elapsed time is 646.392031 seconds.

chan =

    13

Elapsed time is 646.897742 seconds.

chan =

    14

Elapsed time is 650.285639 seconds.

chan =

    15

Elapsed time is 645.370437 seconds.

chan =

    16

Elapsed time is 648.017725 seconds.

chan =

    17

Elapsed time is 649.138936 seconds.

chan =

    18

Elapsed time is 652.910730 seconds.

chan =

    19

Elapsed time is 650.424752 seconds.

chan =

    20

Elapsed time is 650.972886 seconds.

chan =

    21

Elapsed time is 644.458932 seconds.

chan =

    22

Elapsed time is 645.907223 seconds.

chan =

    23

Elapsed time is 651.032645 seconds.

chan =

    24

Elapsed time is 646.801829 seconds.

chan =

    25

Elapsed time is 656.043913 seconds.

chan =

    26

Elapsed time is 649.184178 seconds.

chan =

    27

Elapsed time is 643.558661 seconds.

chan =

    28

Elapsed time is 645.983888 seconds.

chan =

    29

Elapsed time is 638.541603 seconds.

chan =

    30

Elapsed time is 629.531849 seconds.

chan =

    31

Elapsed time is 627.414353 seconds.

chan =

    32

Elapsed time is 632.364315 seconds.

chan =

    33

Elapsed time is 623.120330 seconds.

chan =

    34

Elapsed time is 627.180219 seconds.

chan =

    35

Elapsed time is 628.400618 seconds.

chan =

    36

Elapsed time is 629.307574 seconds.

chan =

    37

Elapsed time is 620.972318 seconds.

chan =

    38

Elapsed time is 619.151816 seconds.

chan =

    39

Elapsed time is 622.211620 seconds.

chan =

    40

Elapsed time is 618.617814 seconds.

chan =

    41

Elapsed time is 622.810567 seconds.

chan =

    42

Elapsed time is 622.670611 seconds.

chan =

    43

Elapsed time is 617.892739 seconds.

chan =

    44

Elapsed time is 625.099912 seconds.

chan =

    45

Elapsed time is 621.915960 seconds.

chan =

    46

Elapsed time is 621.036637 seconds.

chan =

    47

Elapsed time is 623.397591 seconds.

chan =

    48

Elapsed time is 624.306881 seconds.

chan =

    49

Elapsed time is 627.546190 seconds.

chan =

    50

Elapsed time is 623.373677 seconds.

chan =

    51

Elapsed time is 538.486336 seconds.

chan =

    52

Elapsed time is 516.033177 seconds.

chan =

    53

Elapsed time is 528.361522 seconds.

chan =

    54

Elapsed time is 529.790834 seconds.

chan =

    55

Elapsed time is 531.907639 seconds.

chan =

    56

Elapsed time is 532.664356 seconds.

chan =

    57

Elapsed time is 534.414232 seconds.

chan =

    58

Elapsed time is 526.835704 seconds.

chan =

    59

Elapsed time is 510.427520 seconds.

chan =

    60

Elapsed time is 513.380579 seconds.

chan =

    61

Elapsed time is 514.918684 seconds.

chan =

    62

Elapsed time is 514.913494 seconds.

chan =

    63

Elapsed time is 509.749700 seconds.

chan =

    64

Elapsed time is 511.658635 seconds.

chan =

    65

Elapsed time is 512.482796 seconds.

chan =

    66

Elapsed time is 512.148768 seconds.

chan =

    67

Elapsed time is 509.589228 seconds.

chan =

    68

Elapsed time is 516.011933 seconds.

chan =

    69

Elapsed time is 513.178554 seconds.

chan =

    70

Elapsed time is 513.862741 seconds.

chan =

    71

Elapsed time is 508.671532 seconds.

chan =

    72

Elapsed time is 516.441032 seconds.

chan =

    73

Elapsed time is 517.029275 seconds.

chan =

    74

Elapsed time is 518.687842 seconds.

chan =

    75

Elapsed time is 512.875282 seconds.

chan =

    76

Elapsed time is 512.132055 seconds.

chan =

    77

Elapsed time is 509.427769 seconds.

chan =

    78

Elapsed time is 489.041213 seconds.

chan =

    79

Elapsed time is 472.924292 seconds.

chan =

    80

Elapsed time is 475.645865 seconds.

chan =

    81

Elapsed time is 474.959646 seconds.

chan =

    82

Elapsed time is 476.734576 seconds.

chan =

    83

Elapsed time is 477.648725 seconds.

chan =

    84

Elapsed time is 475.975895 seconds.

chan =

    85

Elapsed time is 472.538708 seconds.

chan =

    86

Elapsed time is 475.113495 seconds.

chan =

    87

Elapsed time is 473.992698 seconds.

chan =

    88

Elapsed time is 477.443368 seconds.

chan =

    89

Elapsed time is 476.546861 seconds.

chan =

    90

Elapsed time is 478.942044 seconds.

chan =

    91

Elapsed time is 475.168544 seconds.

chan =

    92

Elapsed time is 476.100647 seconds.

chan =

    93

Elapsed time is 474.980215 seconds.

chan =

    94

Elapsed time is 476.907348 seconds.

chan =

    95

Elapsed time is 479.005352 seconds.

chan =

    96

Elapsed time is 475.920574 seconds.

chan =

    97

Elapsed time is 474.658702 seconds.

chan =

    98

Elapsed time is 477.300212 seconds.

chan =

    99

Elapsed time is 476.605721 seconds.

chan =

   100

Elapsed time is 477.319308 seconds.

chan =

   101

Elapsed time is 475.678716 seconds.

chan =

   102

Elapsed time is 475.205002 seconds.

chan =

   103

Elapsed time is 476.450170 seconds.

chan =

   104

Elapsed time is 476.571169 seconds.

chan =

   105

Elapsed time is 476.300398 seconds.

chan =

   106

Elapsed time is 476.418155 seconds.

chan =

   107

Elapsed time is 474.083577 seconds.

chan =

   108

Elapsed time is 476.237099 seconds.

chan =

   109

Elapsed time is 472.065035 seconds.

chan =

   110

Elapsed time is 474.459535 seconds.

chan =

   111

Elapsed time is 473.243139 seconds.

chan =

   112

Elapsed time is 477.889409 seconds.

chan =

   113

Elapsed time is 476.939861 seconds.

chan =

   114

Elapsed time is 478.205796 seconds.

chan =

   115

Elapsed time is 475.030625 seconds.

chan =

   116

Elapsed time is 474.907113 seconds.

chan =

   117

Elapsed time is 470.071532 seconds.

chan =

   118

Elapsed time is 466.623103 seconds.

chan =

   119

Elapsed time is 472.142414 seconds.

chan =

   120

Elapsed time is 474.935475 seconds.

chan =

   121

Elapsed time is 472.362472 seconds.

chan =

   122

Elapsed time is 473.489694 seconds.

chan =

   123

Elapsed time is 470.282804 seconds.

chan =

   124

