getting started: 3601
attempting file: 3601
going for SLCH010 7
data loaded: SLCH010 7
HFB already done

chan =

     1

Elapsed time is 537.594443 seconds.

chan =

     2

Elapsed time is 531.619740 seconds.

chan =

     3

Elapsed time is 535.486237 seconds.

chan =

     4

Elapsed time is 530.802243 seconds.

chan =

     5

Elapsed time is 525.655171 seconds.

chan =

     6

Elapsed time is 511.845473 seconds.

chan =

     7

Elapsed time is 504.490007 seconds.

chan =

     8

Elapsed time is 517.867990 seconds.

chan =

     9

Elapsed time is 509.181445 seconds.

chan =

    10

Elapsed time is 502.194636 seconds.

chan =

    11

Elapsed time is 510.860091 seconds.

chan =

    12

Elapsed time is 516.317667 seconds.

chan =

    13

Elapsed time is 510.764383 seconds.

chan =

    14

Elapsed time is 503.991272 seconds.

chan =

    15

Elapsed time is 507.808517 seconds.

chan =

    16

Elapsed time is 506.524824 seconds.

chan =

    17

Elapsed time is 508.847442 seconds.

chan =

    18

Elapsed time is 502.999105 seconds.

chan =

    19

Elapsed time is 509.605449 seconds.

chan =

    20

Elapsed time is 508.168908 seconds.

chan =

    21

Elapsed time is 508.094272 seconds.

chan =

    22

Elapsed time is 500.604860 seconds.

chan =

    23

Elapsed time is 491.101922 seconds.

chan =

    24

Elapsed time is 445.669895 seconds.

chan =

    25

Elapsed time is 452.500387 seconds.

chan =

    26

Elapsed time is 448.327179 seconds.

chan =

    27

Elapsed time is 452.487735 seconds.

chan =

    28

Elapsed time is 448.800159 seconds.

chan =

    29

Elapsed time is 465.124775 seconds.

chan =

    30

Elapsed time is 527.718996 seconds.

chan =

    31

Elapsed time is 446.219588 seconds.

chan =

    32

Elapsed time is 465.973625 seconds.

chan =

    33

Elapsed time is 460.426617 seconds.

chan =

    34

Elapsed time is 454.476080 seconds.

chan =

    35

Elapsed time is 458.446863 seconds.

chan =

    36

Elapsed time is 458.923385 seconds.

chan =

    37

Elapsed time is 456.467527 seconds.

chan =

    38

Elapsed time is 452.339417 seconds.

chan =

    39

Elapsed time is 448.594754 seconds.

chan =

    40

Elapsed time is 449.396306 seconds.

chan =

    41

Elapsed time is 452.326407 seconds.

chan =

    42

Elapsed time is 447.407469 seconds.

chan =

    43

Elapsed time is 438.997472 seconds.

chan =

    44

Elapsed time is 566.861094 seconds.

chan =

    45

Elapsed time is 609.081437 seconds.

chan =

    46

Elapsed time is 516.598228 seconds.

chan =

    47

Elapsed time is 438.480205 seconds.

chan =

    48

Elapsed time is 433.968963 seconds.

chan =

    49

Elapsed time is 438.441676 seconds.

chan =

    50

Elapsed time is 475.884437 seconds.

chan =

    51

Elapsed time is 598.053721 seconds.

chan =

    52

Elapsed time is 552.326273 seconds.

chan =

    53

Elapsed time is 451.995474 seconds.

chan =

    54

Elapsed time is 544.553086 seconds.

chan =

    55

Elapsed time is 598.092980 seconds.

chan =

    56

Elapsed time is 466.306447 seconds.

chan =

    57

Elapsed time is 445.600892 seconds.

chan =

    58

Elapsed time is 429.584170 seconds.

chan =

    59

Elapsed time is 447.138437 seconds.

chan =

    60

Elapsed time is 436.058183 seconds.

chan =

    61

Elapsed time is 454.591961 seconds.

chan =

    62

Elapsed time is 483.240586 seconds.

chan =

    63

Elapsed time is 523.658212 seconds.

chan =

    64

Elapsed time is 529.799382 seconds.

chan =

    65

Elapsed time is 524.035586 seconds.

chan =

    66

Elapsed time is 530.453647 seconds.

chan =

    67

Elapsed time is 496.836420 seconds.

chan =

    68

Elapsed time is 585.043388 seconds.

chan =

    69

Elapsed time is 567.417836 seconds.

chan =

    70

Elapsed time is 592.403721 seconds.

chan =

    71

Elapsed time is 445.614094 seconds.

chan =

    72

Elapsed time is 445.333578 seconds.

chan =

    73

Elapsed time is 524.420547 seconds.

chan =

    74

Elapsed time is 602.650465 seconds.

chan =

    75

Elapsed time is 598.022342 seconds.

chan =

    76

Elapsed time is 601.991795 seconds.

chan =

    77

Elapsed time is 599.535473 seconds.

chan =

    78

Elapsed time is 596.605927 seconds.

chan =

    79

Elapsed time is 600.110450 seconds.

chan =

    80

Elapsed time is 593.579291 seconds.

chan =

    81

Elapsed time is 602.517574 seconds.

chan =

    82

Elapsed time is 600.496867 seconds.

chan =

    83

Elapsed time is 597.874506 seconds.

chan =

    84

Elapsed time is 595.964078 seconds.

chan =

    85

Elapsed time is 467.094667 seconds.

chan =

    86

Elapsed time is 370.853489 seconds.

chan =

    87

Elapsed time is 367.841517 seconds.

chan =

    88

Elapsed time is 369.490076 seconds.

chan =

    89

Elapsed time is 373.483472 seconds.

chan =

    90

Elapsed time is 367.266287 seconds.

chan =

    91

Elapsed time is 365.782446 seconds.

chan =

    92

Elapsed time is 372.993386 seconds.

chan =

    93

Elapsed time is 375.384764 seconds.

chan =

    94

Elapsed time is 371.649886 seconds.

chan =

    95

Elapsed time is 373.019541 seconds.

chan =

    96

Elapsed time is 365.859608 seconds.

chan =

    97

Elapsed time is 366.419465 seconds.

chan =

    98

Elapsed time is 373.662076 seconds.

chan =

    99

Elapsed time is 410.869772 seconds.

chan =

   100

Elapsed time is 406.907926 seconds.

chan =

   101

Elapsed time is 405.771878 seconds.

chan =

   102

Elapsed time is 397.527289 seconds.

chan =

   103

Elapsed time is 368.672278 seconds.

chan =

   104

Elapsed time is 370.277159 seconds.

chan =

   105

Elapsed time is 369.658077 seconds.

chan =

   106

Elapsed time is 363.011238 seconds.

chan =

   107

Elapsed time is 360.754029 seconds.

chan =

   108

Elapsed time is 361.933782 seconds.

chan =

   109

Elapsed time is 358.503656 seconds.

chan =

   110

Elapsed time is 363.881492 seconds.

chan =

   111

Elapsed time is 360.643579 seconds.

chan =

   112

Elapsed time is 360.569813 seconds.

chan =

   113

Elapsed time is 360.359317 seconds.

chan =

   114

Elapsed time is 359.795016 seconds.
attempting saving
save success: /projects/p31578/dtf8829/QuestConnect/CHANDAT/chanDat_SLCH010_007.mat
working on TF
encoding done
encoding RT done
