getting started: 3330
attempting file: 3330
going for SD5 79
data loaded: SD5 79
HFB already done

chan =

     1

Elapsed time is 231.628195 seconds.

chan =

     2

Elapsed time is 232.440149 seconds.

chan =

     3

Elapsed time is 240.962598 seconds.

chan =

     4

Elapsed time is 240.728684 seconds.

chan =

     5

Elapsed time is 240.187157 seconds.

chan =

     6

Elapsed time is 228.455370 seconds.

chan =

     7

Elapsed time is 243.504355 seconds.

chan =

     8

Elapsed time is 246.198009 seconds.

chan =

     9

Elapsed time is 233.968581 seconds.

chan =

    10

Elapsed time is 240.705136 seconds.

chan =

    11

Elapsed time is 233.872255 seconds.

chan =

    12

Elapsed time is 231.808213 seconds.

chan =

    13

Elapsed time is 239.722412 seconds.

chan =

    14

Elapsed time is 234.324687 seconds.

chan =

    15

Elapsed time is 230.793555 seconds.

chan =

    16

Elapsed time is 231.810538 seconds.

chan =

    17

Elapsed time is 240.934524 seconds.

chan =

    18

Elapsed time is 239.520569 seconds.

chan =

    19

Elapsed time is 236.588353 seconds.

chan =

    20

Elapsed time is 234.649965 seconds.

chan =

    21

Elapsed time is 238.389675 seconds.

chan =

    22

Elapsed time is 237.813644 seconds.

chan =

    23

Elapsed time is 233.991928 seconds.

chan =

    24

Elapsed time is 234.788727 seconds.

chan =

    25

Elapsed time is 238.727378 seconds.

chan =

    26

Elapsed time is 236.359366 seconds.

chan =

    27

Elapsed time is 231.656703 seconds.

chan =

    28

Elapsed time is 232.349798 seconds.

chan =

    29

Elapsed time is 218.251351 seconds.

chan =

    30

Elapsed time is 233.140417 seconds.

chan =

    31

Elapsed time is 227.115051 seconds.

chan =

    32

Elapsed time is 227.740240 seconds.

chan =

    33

Elapsed time is 227.133941 seconds.

chan =

    34

Elapsed time is 226.622723 seconds.

chan =

    35

Elapsed time is 224.822506 seconds.

chan =

    36

Elapsed time is 229.411764 seconds.

chan =

    37

Elapsed time is 222.685823 seconds.

chan =

    38

Elapsed time is 223.938157 seconds.

chan =

    39

Elapsed time is 224.117425 seconds.

chan =

    40

Elapsed time is 225.282344 seconds.

chan =

    41

Elapsed time is 227.684834 seconds.

chan =

    42

Elapsed time is 226.932938 seconds.

chan =

    43

Elapsed time is 222.014392 seconds.

chan =

    44

Elapsed time is 223.417209 seconds.

chan =

    45

Elapsed time is 221.655155 seconds.

chan =

    46

Elapsed time is 227.745437 seconds.

chan =

    47

Elapsed time is 226.447645 seconds.

chan =

    48

Elapsed time is 224.008854 seconds.

chan =

    49

Elapsed time is 225.401933 seconds.

chan =

    50

Elapsed time is 229.183347 seconds.

chan =

    51

Elapsed time is 225.401686 seconds.

chan =

    52

Elapsed time is 226.404054 seconds.

chan =

    53

Elapsed time is 226.385044 seconds.

chan =

    54

Elapsed time is 227.625099 seconds.

chan =

    55

Elapsed time is 227.726469 seconds.

chan =

    56

Elapsed time is 225.623221 seconds.

chan =

    57

Elapsed time is 222.261933 seconds.

chan =

    58

Elapsed time is 223.917738 seconds.

chan =

    59

Elapsed time is 229.153297 seconds.

chan =

    60

Elapsed time is 231.543151 seconds.

chan =

    61

Elapsed time is 226.412043 seconds.

chan =

    62

Elapsed time is 222.992882 seconds.

chan =

    63

Elapsed time is 227.164215 seconds.

chan =

    64

Elapsed time is 229.471681 seconds.

chan =

    65

Elapsed time is 226.708184 seconds.

chan =

    66

Elapsed time is 228.824579 seconds.

chan =

    67

Elapsed time is 227.913651 seconds.

chan =

    68

Elapsed time is 226.775021 seconds.

chan =

    69

Elapsed time is 224.057856 seconds.

chan =

    70

Elapsed time is 223.151902 seconds.

chan =

    71

Elapsed time is 223.121222 seconds.

chan =

    72

Elapsed time is 230.149295 seconds.

chan =

    73

Elapsed time is 230.691655 seconds.

chan =

    74

Elapsed time is 227.597643 seconds.

chan =

    75

Elapsed time is 229.149559 seconds.

chan =

    76

Elapsed time is 227.478294 seconds.

chan =

    77

Elapsed time is 224.669340 seconds.

chan =

    78

Elapsed time is 228.373102 seconds.

chan =

    79

Elapsed time is 224.869800 seconds.

chan =

    80

Elapsed time is 228.490791 seconds.

chan =

    81

Elapsed time is 226.963833 seconds.

chan =

    82

Elapsed time is 224.330012 seconds.

chan =

    83

Elapsed time is 217.238512 seconds.

chan =

    84

Elapsed time is 224.169490 seconds.

chan =

    85

Elapsed time is 222.525779 seconds.

chan =

    86

Elapsed time is 221.041927 seconds.

chan =

    87

Elapsed time is 225.553992 seconds.

chan =

    88

Elapsed time is 221.203693 seconds.

chan =

    89

Elapsed time is 219.698754 seconds.

chan =

    90

Elapsed time is 215.528906 seconds.

chan =

    91

Elapsed time is 221.007647 seconds.

chan =

    92

Elapsed time is 215.191528 seconds.

chan =

    93

Elapsed time is 216.154664 seconds.

chan =

    94

Elapsed time is 212.078849 seconds.

chan =

    95

Elapsed time is 215.632649 seconds.

chan =

    96

Elapsed time is 221.121157 seconds.

chan =

    97

Elapsed time is 219.780353 seconds.

chan =

    98

Elapsed time is 221.694278 seconds.

chan =

    99

Elapsed time is 216.527724 seconds.

chan =

   100

Elapsed time is 218.485311 seconds.

chan =

   101

Elapsed time is 216.441242 seconds.

chan =

   102

Elapsed time is 215.908937 seconds.

chan =

   103

Elapsed time is 219.794815 seconds.

chan =

   104

Elapsed time is 220.163104 seconds.

chan =

   105

Elapsed time is 218.829347 seconds.

chan =

   106

Elapsed time is 220.186001 seconds.

chan =

   107

Elapsed time is 218.984538 seconds.

chan =

   108

Elapsed time is 216.674407 seconds.

chan =

   109

Elapsed time is 216.604458 seconds.

