getting started: 3612
attempting file: 3612
going for SLCH010 18
data loaded: SLCH010 18
HFB already done

chan =

     1

Elapsed time is 482.519587 seconds.

chan =

     2

Elapsed time is 483.805667 seconds.

chan =

     3

Elapsed time is 472.875683 seconds.

chan =

     4

Elapsed time is 491.330453 seconds.

chan =

     5

Elapsed time is 480.292181 seconds.

chan =

     6

Elapsed time is 480.597060 seconds.

chan =

     7

Elapsed time is 478.504514 seconds.

chan =

     8

Elapsed time is 484.150930 seconds.

chan =

     9

Elapsed time is 482.268361 seconds.

chan =

    10

Elapsed time is 486.570456 seconds.

chan =

    11

Elapsed time is 475.746169 seconds.

chan =

    12

Elapsed time is 475.859412 seconds.

chan =

    13

Elapsed time is 479.012389 seconds.

chan =

    14

Elapsed time is 483.832552 seconds.

chan =

    15

Elapsed time is 483.708545 seconds.

chan =

    16

Elapsed time is 493.545411 seconds.

chan =

    17

Elapsed time is 474.921564 seconds.

chan =

    18

Elapsed time is 487.003667 seconds.

chan =

    19

Elapsed time is 479.810951 seconds.

chan =

    20

Elapsed time is 480.285723 seconds.

chan =

    21

Elapsed time is 471.269208 seconds.

chan =

    22

Elapsed time is 482.180247 seconds.

chan =

    23

Elapsed time is 481.684490 seconds.

chan =

    24

Elapsed time is 475.991563 seconds.

chan =

    25

Elapsed time is 483.847548 seconds.

chan =

    26

Elapsed time is 472.147589 seconds.

chan =

    27

Elapsed time is 478.801189 seconds.

chan =

    28

Elapsed time is 484.303934 seconds.

chan =

    29

Elapsed time is 477.210846 seconds.

chan =

    30

Elapsed time is 459.024258 seconds.

chan =

    31

Elapsed time is 473.916281 seconds.

chan =

    32

Elapsed time is 486.328238 seconds.

chan =

    33

Elapsed time is 496.042315 seconds.

chan =

    34

Elapsed time is 485.830098 seconds.

chan =

    35

Elapsed time is 483.055475 seconds.

chan =

    36

Elapsed time is 483.178579 seconds.

chan =

    37

Elapsed time is 483.992765 seconds.

chan =

    38

Elapsed time is 492.805695 seconds.

chan =

    39

Elapsed time is 479.904721 seconds.

chan =

    40

Elapsed time is 489.710966 seconds.

chan =

    41

Elapsed time is 477.592925 seconds.

chan =

    42

Elapsed time is 488.794081 seconds.

chan =

    43

Elapsed time is 487.209660 seconds.

chan =

    44

Elapsed time is 494.430745 seconds.

chan =

    45

Elapsed time is 486.542744 seconds.

chan =

    46

Elapsed time is 488.481320 seconds.

chan =

    47

Elapsed time is 490.780304 seconds.

chan =

    48

Elapsed time is 483.867606 seconds.

chan =

    49

Elapsed time is 482.786494 seconds.

chan =

    50

Elapsed time is 479.794231 seconds.

chan =

    51

Elapsed time is 482.938016 seconds.

chan =

    52

Elapsed time is 486.711176 seconds.

chan =

    53

Elapsed time is 489.134863 seconds.

chan =

    54

Elapsed time is 483.666882 seconds.

chan =

    55

Elapsed time is 481.515810 seconds.

chan =

    56

Elapsed time is 476.030099 seconds.

chan =

    57

Elapsed time is 482.257849 seconds.

chan =

    58

Elapsed time is 482.091926 seconds.

chan =

    59

Elapsed time is 479.433238 seconds.

chan =

    60

Elapsed time is 480.213138 seconds.

chan =

    61

Elapsed time is 473.684340 seconds.

chan =

    62

Elapsed time is 472.551630 seconds.

chan =

    63

Elapsed time is 479.453496 seconds.

chan =

    64

Elapsed time is 476.078713 seconds.

chan =

    65

Elapsed time is 470.989618 seconds.

chan =

    66

Elapsed time is 475.025682 seconds.

chan =

    67

Elapsed time is 478.381701 seconds.

chan =

    68

Elapsed time is 476.538464 seconds.

chan =

    69

Elapsed time is 474.829680 seconds.

chan =

    70

Elapsed time is 484.004674 seconds.

chan =

    71

Elapsed time is 488.078363 seconds.

chan =

    72

Elapsed time is 480.474362 seconds.

chan =

    73

Elapsed time is 477.850098 seconds.

chan =

    74

Elapsed time is 478.303018 seconds.

chan =

    75

Elapsed time is 478.413572 seconds.

chan =

    76

Elapsed time is 469.002297 seconds.

chan =

    77

Elapsed time is 489.108287 seconds.

chan =

    78

Elapsed time is 481.777539 seconds.

chan =

    79

Elapsed time is 488.983864 seconds.

chan =

    80

Elapsed time is 484.708699 seconds.

chan =

    81

Elapsed time is 479.534165 seconds.

chan =

    82

Elapsed time is 476.730172 seconds.

chan =

    83

Elapsed time is 476.923614 seconds.

chan =

    84

Elapsed time is 479.826064 seconds.

chan =

    85

Elapsed time is 474.052064 seconds.

chan =

    86

Elapsed time is 481.168944 seconds.

chan =

    87

Elapsed time is 481.109976 seconds.

chan =

    88

Elapsed time is 471.049910 seconds.

chan =

    89

Elapsed time is 479.225356 seconds.

chan =

    90

Elapsed time is 477.954946 seconds.

chan =

    91

Elapsed time is 481.149905 seconds.

chan =

    92

Elapsed time is 485.831476 seconds.

chan =

    93

Elapsed time is 476.101982 seconds.

chan =

    94

Elapsed time is 480.715371 seconds.

chan =

    95

Elapsed time is 472.870498 seconds.

chan =

    96

Elapsed time is 477.496682 seconds.

chan =

    97

Elapsed time is 485.638693 seconds.

chan =

    98

Elapsed time is 485.206631 seconds.

chan =

    99

Elapsed time is 483.231596 seconds.

chan =

   100

Elapsed time is 484.251201 seconds.

chan =

   101

Elapsed time is 483.946850 seconds.

chan =

   102

Elapsed time is 482.777425 seconds.

chan =

   103

Elapsed time is 483.845380 seconds.

chan =

   104

Elapsed time is 485.074625 seconds.

chan =

   105

Elapsed time is 478.380112 seconds.

chan =

   106

Elapsed time is 487.522817 seconds.

chan =

   107

Elapsed time is 487.390427 seconds.

chan =

   108

Elapsed time is 479.696385 seconds.

chan =

   109

Elapsed time is 486.451959 seconds.

chan =

   110

Elapsed time is 488.061560 seconds.

chan =

   111

Elapsed time is 488.163768 seconds.

chan =

   112

Elapsed time is 484.699931 seconds.

chan =

   113

Elapsed time is 488.640718 seconds.

chan =

   114

Elapsed time is 478.322416 seconds.
attempting saving
save success: /projects/p31578/dtf8829/QuestConnect/CHANDAT/chanDat_SLCH010_018.mat
working on TF
