getting started: 3271
attempting file: 3271
going for SD5 20
data loaded: SD5 20
HFB already done

chan =

     1

Elapsed time is 280.054952 seconds.

chan =

     2

Elapsed time is 276.651951 seconds.

chan =

     3

Elapsed time is 273.954140 seconds.

chan =

     4

Elapsed time is 290.369495 seconds.

chan =

     5

Elapsed time is 293.443596 seconds.

chan =

     6

Elapsed time is 286.796670 seconds.

chan =

     7

Elapsed time is 284.516361 seconds.

chan =

     8

Elapsed time is 290.406404 seconds.

chan =

     9

Elapsed time is 288.104895 seconds.

chan =

    10

Elapsed time is 285.721866 seconds.

chan =

    11

Elapsed time is 280.133449 seconds.

chan =

    12

Elapsed time is 274.131030 seconds.

chan =

    13

Elapsed time is 271.066072 seconds.

chan =

    14

Elapsed time is 266.378027 seconds.

chan =

    15

Elapsed time is 262.239619 seconds.

chan =

    16

Elapsed time is 256.750227 seconds.

chan =

    17

Elapsed time is 254.245391 seconds.

chan =

    18

Elapsed time is 246.296959 seconds.

chan =

    19

Elapsed time is 239.411496 seconds.

chan =

    20

Elapsed time is 223.001742 seconds.

chan =

    21

Elapsed time is 218.342375 seconds.

chan =

    22

Elapsed time is 217.066380 seconds.

chan =

    23

Elapsed time is 217.205171 seconds.

chan =

    24

Elapsed time is 217.181330 seconds.

chan =

    25

Elapsed time is 241.918974 seconds.

chan =

    26

Elapsed time is 249.473703 seconds.

chan =

    27

Elapsed time is 230.556073 seconds.

chan =

    28

Elapsed time is 251.850615 seconds.

chan =

    29

Elapsed time is 250.160765 seconds.

chan =

    30

Elapsed time is 240.384888 seconds.

chan =

    31

Elapsed time is 253.678528 seconds.

chan =

    32

Elapsed time is 253.978394 seconds.

chan =

    33

Elapsed time is 236.234423 seconds.

chan =

    34

Elapsed time is 251.246374 seconds.

chan =

    35

Elapsed time is 253.000024 seconds.

chan =

    36

Elapsed time is 254.410247 seconds.

chan =

    37

Elapsed time is 238.318096 seconds.

chan =

    38

Elapsed time is 247.052944 seconds.

chan =

    39

Elapsed time is 261.327543 seconds.

chan =

    40

Elapsed time is 263.033036 seconds.

chan =

    41

Elapsed time is 261.131879 seconds.

chan =

    42

Elapsed time is 259.913504 seconds.

chan =

    43

Elapsed time is 266.312752 seconds.

chan =

    44

Elapsed time is 242.634706 seconds.

chan =

    45

Elapsed time is 229.045744 seconds.

chan =

    46

Elapsed time is 222.329984 seconds.

chan =

    47

Elapsed time is 244.484570 seconds.

chan =

    48

Elapsed time is 256.124950 seconds.

chan =

    49

Elapsed time is 226.665002 seconds.

chan =

    50

Elapsed time is 227.867096 seconds.

chan =

    51

Elapsed time is 226.596334 seconds.

chan =

    52

Elapsed time is 215.746528 seconds.

chan =

    53

Elapsed time is 212.194882 seconds.

chan =

    54

Elapsed time is 215.205624 seconds.

chan =

    55

Elapsed time is 212.824358 seconds.

chan =

    56

Elapsed time is 212.968683 seconds.

chan =

    57

Elapsed time is 212.035142 seconds.

chan =

    58

Elapsed time is 211.960907 seconds.

chan =

    59

Elapsed time is 212.996216 seconds.

chan =

    60

Elapsed time is 212.830021 seconds.

chan =

    61

Elapsed time is 212.389896 seconds.

chan =

    62

Elapsed time is 215.803466 seconds.

chan =

    63

Elapsed time is 214.228036 seconds.

chan =

    64

Elapsed time is 212.409663 seconds.

chan =

    65

Elapsed time is 213.041120 seconds.

chan =

    66

Elapsed time is 216.859025 seconds.

chan =

    67

Elapsed time is 216.141740 seconds.

chan =

    68

Elapsed time is 216.555604 seconds.

chan =

    69

Elapsed time is 217.447613 seconds.

chan =

    70

Elapsed time is 216.847674 seconds.

chan =

    71

Elapsed time is 217.494739 seconds.

chan =

    72

Elapsed time is 216.420682 seconds.

chan =

    73

Elapsed time is 217.169765 seconds.

chan =

    74

Elapsed time is 217.255887 seconds.

chan =

    75

Elapsed time is 218.852928 seconds.

chan =

    76

Elapsed time is 215.732761 seconds.

chan =

    77

Elapsed time is 216.137678 seconds.

chan =

    78

Elapsed time is 215.249371 seconds.

chan =

    79

Elapsed time is 216.685155 seconds.

chan =

    80

Elapsed time is 216.368906 seconds.

chan =

    81

Elapsed time is 217.089089 seconds.

chan =

    82

Elapsed time is 212.469559 seconds.

chan =

    83

Elapsed time is 215.197063 seconds.

chan =

    84

Elapsed time is 213.127612 seconds.

chan =

    85

Elapsed time is 212.460324 seconds.

chan =

    86

Elapsed time is 212.412806 seconds.

chan =

    87

Elapsed time is 213.934282 seconds.

chan =

    88

Elapsed time is 213.326725 seconds.

chan =

    89

Elapsed time is 214.062612 seconds.

chan =

    90

Elapsed time is 213.579190 seconds.

chan =

    91

Elapsed time is 213.903380 seconds.

chan =

    92

Elapsed time is 213.014071 seconds.

chan =

    93

Elapsed time is 235.776095 seconds.

chan =

    94

Elapsed time is 333.118094 seconds.

chan =

    95

Elapsed time is 334.425219 seconds.

chan =

    96

Elapsed time is 331.252359 seconds.

chan =

    97

Elapsed time is 234.560761 seconds.

chan =

    98

Elapsed time is 213.155161 seconds.

chan =

    99

Elapsed time is 212.880008 seconds.

chan =

   100

Elapsed time is 212.464768 seconds.

chan =

   101

Elapsed time is 213.380482 seconds.

chan =

   102

Elapsed time is 212.965791 seconds.

chan =

   103

Elapsed time is 213.421516 seconds.

chan =

   104

Elapsed time is 212.783052 seconds.

chan =

   105

Elapsed time is 213.101974 seconds.

chan =

   106

Elapsed time is 211.907916 seconds.

chan =

   107

Elapsed time is 213.348729 seconds.

chan =

   108

Elapsed time is 213.803711 seconds.

chan =

   109

Elapsed time is 212.342984 seconds.

