getting started: 3004
attempting file: 3004
going for OH30 103
data loaded: OH30 103
HFB already done

chan =

     1

Elapsed time is 532.804534 seconds.

chan =

     2

Elapsed time is 563.114554 seconds.

chan =

     3

Elapsed time is 558.929794 seconds.

chan =

     4

Elapsed time is 550.015025 seconds.

chan =

     5

Elapsed time is 505.903011 seconds.

chan =

     6

Elapsed time is 544.482615 seconds.

chan =

     7

Elapsed time is 548.415519 seconds.

chan =

     8

Elapsed time is 545.645334 seconds.

chan =

     9

Elapsed time is 547.046529 seconds.

chan =

    10

Elapsed time is 542.753700 seconds.

chan =

    11

Elapsed time is 546.205646 seconds.

chan =

    12

Elapsed time is 542.519941 seconds.

chan =

    13

Elapsed time is 544.126027 seconds.

chan =

    14

Elapsed time is 545.736361 seconds.

chan =

    15

Elapsed time is 543.942210 seconds.

chan =

    16

Elapsed time is 504.136830 seconds.

chan =

    17

Elapsed time is 495.545223 seconds.

chan =

    18

Elapsed time is 497.320149 seconds.

chan =

    19

Elapsed time is 485.243156 seconds.

chan =

    20

Elapsed time is 485.534607 seconds.

chan =

    21

Elapsed time is 503.459055 seconds.

chan =

    22

Elapsed time is 471.530409 seconds.

chan =

    23

Elapsed time is 508.161089 seconds.

chan =

    24

Elapsed time is 502.740313 seconds.

chan =

    25

Elapsed time is 510.970145 seconds.

chan =

    26

Elapsed time is 482.856935 seconds.

chan =

    27

Elapsed time is 459.260800 seconds.

chan =

    28

Elapsed time is 872.558543 seconds.

chan =

    29

Elapsed time is 880.080254 seconds.

chan =

    30

Elapsed time is 881.528988 seconds.

chan =

    31

Elapsed time is 883.046239 seconds.

chan =

    32

Elapsed time is 879.192181 seconds.

chan =

    33

Elapsed time is 873.273964 seconds.

chan =

    34

Elapsed time is 876.237086 seconds.

chan =

    35

Elapsed time is 874.035793 seconds.

chan =

    36

Elapsed time is 878.162338 seconds.

chan =

    37

Elapsed time is 876.752456 seconds.

chan =

    38

Elapsed time is 876.515707 seconds.

chan =

    39

Elapsed time is 873.093583 seconds.

chan =

    40

Elapsed time is 883.618188 seconds.

chan =

    41

Elapsed time is 878.192637 seconds.

chan =

    42

Elapsed time is 880.636883 seconds.

chan =

    43

Elapsed time is 878.701129 seconds.

chan =

    44

Elapsed time is 882.918516 seconds.

chan =

    45

Elapsed time is 878.071041 seconds.

chan =

    46

Elapsed time is 880.026261 seconds.

chan =

    47

Elapsed time is 878.758233 seconds.

chan =

    48

Elapsed time is 874.793640 seconds.

chan =

    49

Elapsed time is 866.826988 seconds.

chan =

    50

Elapsed time is 866.435262 seconds.

chan =

    51

Elapsed time is 858.322729 seconds.

chan =

    52

Elapsed time is 867.974267 seconds.

chan =

    53

Elapsed time is 864.708434 seconds.

chan =

    54

Elapsed time is 869.397384 seconds.

chan =

    55

Elapsed time is 866.845925 seconds.

chan =

    56

Elapsed time is 872.910527 seconds.

chan =

    57

Elapsed time is 832.317781 seconds.

chan =

    58

Elapsed time is 831.986548 seconds.

chan =

    59

Elapsed time is 829.069192 seconds.

chan =

    60

Elapsed time is 822.368816 seconds.

chan =

    61

Elapsed time is 786.294150 seconds.

chan =

    62

Elapsed time is 785.557817 seconds.

chan =

    63

Elapsed time is 789.790332 seconds.

chan =

    64

Elapsed time is 789.048481 seconds.

chan =

    65

Elapsed time is 787.919837 seconds.

chan =

    66

Elapsed time is 790.368220 seconds.

chan =

    67

Elapsed time is 781.943315 seconds.

chan =

    68

Elapsed time is 786.927437 seconds.

chan =

    69

Elapsed time is 779.861731 seconds.

chan =

    70

Elapsed time is 784.110906 seconds.

chan =

    71

Elapsed time is 778.374143 seconds.

chan =

    72

Elapsed time is 789.192587 seconds.

chan =

    73

Elapsed time is 783.559591 seconds.

chan =

    74

Elapsed time is 773.029290 seconds.

chan =

    75

Elapsed time is 772.153782 seconds.

chan =

    76

Elapsed time is 759.272731 seconds.

chan =

    77

Elapsed time is 763.940243 seconds.

chan =

    78

Elapsed time is 758.893106 seconds.

chan =

    79

Elapsed time is 772.041402 seconds.

chan =

    80

Elapsed time is 765.980720 seconds.

chan =

    81

Elapsed time is 768.697826 seconds.

chan =

    82

Elapsed time is 761.616214 seconds.

chan =

    83

Elapsed time is 768.750219 seconds.

chan =

    84

Elapsed time is 764.457293 seconds.

chan =

    85

Elapsed time is 770.485173 seconds.

chan =

    86

Elapsed time is 759.347187 seconds.

chan =

    87

Elapsed time is 766.801366 seconds.

chan =

    88

Elapsed time is 766.868215 seconds.

chan =

    89

Elapsed time is 767.840095 seconds.

chan =

    90

Elapsed time is 762.128236 seconds.

chan =

    91

Elapsed time is 766.468321 seconds.

chan =

    92

Elapsed time is 768.570125 seconds.

chan =

    93

