getting started: 3615
attempting file: 3615
going for SLCH010 21
data loaded: SLCH010 21
HFB already done

chan =

     1

Elapsed time is 443.208519 seconds.

chan =

     2

Elapsed time is 433.039308 seconds.

chan =

     3

Elapsed time is 433.481243 seconds.

chan =

     4

Elapsed time is 414.585713 seconds.

chan =

     5

Elapsed time is 404.027300 seconds.

chan =

     6

Elapsed time is 403.214206 seconds.

chan =

     7

Elapsed time is 406.317089 seconds.

chan =

     8

Elapsed time is 407.870125 seconds.

chan =

     9

Elapsed time is 404.857888 seconds.

chan =

    10

Elapsed time is 442.191324 seconds.

chan =

    11

Elapsed time is 454.210015 seconds.

chan =

    12

Elapsed time is 457.006519 seconds.

chan =

    13

Elapsed time is 452.606052 seconds.

chan =

    14

Elapsed time is 454.920594 seconds.

chan =

    15

Elapsed time is 453.686450 seconds.

chan =

    16

Elapsed time is 454.679892 seconds.

chan =

    17

Elapsed time is 453.038396 seconds.

chan =

    18

Elapsed time is 456.755069 seconds.

chan =

    19

Elapsed time is 455.467672 seconds.

chan =

    20

Elapsed time is 458.605667 seconds.

chan =

    21

Elapsed time is 459.337108 seconds.

chan =

    22

Elapsed time is 504.614979 seconds.

chan =

    23

Elapsed time is 474.499451 seconds.

chan =

    24

Elapsed time is 483.813983 seconds.

chan =

    25

Elapsed time is 462.169390 seconds.

chan =

    26

Elapsed time is 460.347399 seconds.

chan =

    27

Elapsed time is 475.050138 seconds.

chan =

    28

Elapsed time is 485.228347 seconds.

chan =

    29

Elapsed time is 465.517180 seconds.

chan =

    30

Elapsed time is 450.043911 seconds.

chan =

    31

Elapsed time is 451.149976 seconds.

chan =

    32

Elapsed time is 453.189579 seconds.

chan =

    33

Elapsed time is 454.884483 seconds.

chan =

    34

Elapsed time is 451.605406 seconds.

chan =

    35

Elapsed time is 448.907388 seconds.

chan =

    36

Elapsed time is 448.490215 seconds.

chan =

    37

Elapsed time is 448.456697 seconds.

chan =

    38

Elapsed time is 449.000472 seconds.

chan =

    39

Elapsed time is 447.501767 seconds.

chan =

    40

Elapsed time is 447.176398 seconds.

chan =

    41

Elapsed time is 447.779526 seconds.

chan =

    42

Elapsed time is 447.138712 seconds.

chan =

    43

Elapsed time is 446.942699 seconds.

chan =

    44

Elapsed time is 450.643116 seconds.

chan =

    45

Elapsed time is 447.735021 seconds.

chan =

    46

Elapsed time is 449.169320 seconds.

chan =

    47

Elapsed time is 449.077410 seconds.

chan =

    48

Elapsed time is 448.028526 seconds.

chan =

    49

Elapsed time is 449.647137 seconds.

chan =

    50

Elapsed time is 446.778550 seconds.

chan =

    51

Elapsed time is 444.171562 seconds.

chan =

    52

Elapsed time is 450.022904 seconds.

chan =

    53

Elapsed time is 442.940320 seconds.

chan =

    54

Elapsed time is 446.559242 seconds.

chan =

    55

Elapsed time is 442.555633 seconds.

chan =

    56

Elapsed time is 444.312034 seconds.

chan =

    57

Elapsed time is 442.419754 seconds.

chan =

    58

Elapsed time is 436.726758 seconds.

chan =

    59

Elapsed time is 441.159648 seconds.

chan =

    60

Elapsed time is 441.437253 seconds.

chan =

    61

Elapsed time is 441.304695 seconds.

chan =

    62

Elapsed time is 442.070941 seconds.

chan =

    63

Elapsed time is 443.816612 seconds.

chan =

    64

Elapsed time is 444.307651 seconds.

chan =

    65

Elapsed time is 442.882572 seconds.

chan =

    66

Elapsed time is 442.475428 seconds.

chan =

    67

Elapsed time is 440.944497 seconds.

chan =

    68

Elapsed time is 442.800866 seconds.

chan =

    69

Elapsed time is 442.986227 seconds.

chan =

    70

Elapsed time is 443.749775 seconds.

chan =

    71

Elapsed time is 443.587760 seconds.

chan =

    72

Elapsed time is 439.417987 seconds.

chan =

    73

Elapsed time is 443.699586 seconds.

chan =

    74

Elapsed time is 442.250981 seconds.

chan =

    75

Elapsed time is 441.901469 seconds.

chan =

    76

Elapsed time is 441.123765 seconds.

chan =

    77

Elapsed time is 442.008621 seconds.

chan =

    78

Elapsed time is 442.359719 seconds.

chan =

    79

Elapsed time is 442.581039 seconds.

chan =

    80

Elapsed time is 441.004708 seconds.

chan =

    81

Elapsed time is 441.148624 seconds.

chan =

    82

Elapsed time is 438.947220 seconds.

chan =

    83

Elapsed time is 441.993150 seconds.

chan =

    84

Elapsed time is 442.368595 seconds.

chan =

    85

Elapsed time is 438.787506 seconds.

chan =

    86

Elapsed time is 438.101525 seconds.

chan =

    87

Elapsed time is 438.638099 seconds.

chan =

    88

Elapsed time is 438.751285 seconds.

chan =

    89

Elapsed time is 438.749133 seconds.

chan =

    90

Elapsed time is 440.191684 seconds.

chan =

    91

Elapsed time is 440.216018 seconds.

chan =

    92

Elapsed time is 440.538469 seconds.

chan =

    93

Elapsed time is 443.490360 seconds.

chan =

    94

Elapsed time is 439.902210 seconds.

chan =

    95

Elapsed time is 440.714516 seconds.

chan =

    96

Elapsed time is 441.683637 seconds.

chan =

    97

Elapsed time is 438.290742 seconds.

chan =

    98

Elapsed time is 442.236234 seconds.

chan =

    99

Elapsed time is 443.288873 seconds.

chan =

   100

Elapsed time is 441.948332 seconds.

chan =

   101

Elapsed time is 441.900759 seconds.

chan =

   102

Elapsed time is 445.888499 seconds.

chan =

   103

Elapsed time is 445.191885 seconds.

chan =

   104

Elapsed time is 448.683090 seconds.

chan =

   105

Elapsed time is 445.553999 seconds.

chan =

   106

Elapsed time is 442.452724 seconds.

chan =

   107

Elapsed time is 428.863222 seconds.

chan =

   108

Elapsed time is 421.851620 seconds.

chan =

   109

Elapsed time is 421.484579 seconds.

chan =

   110

Elapsed time is 420.600192 seconds.

chan =

   111

Elapsed time is 419.740919 seconds.

chan =

   112

Elapsed time is 420.596114 seconds.

chan =

   113

Elapsed time is 426.722237 seconds.

chan =

   114

Elapsed time is 426.690446 seconds.
attempting saving
save success: /projects/p31578/dtf8829/QuestConnect/CHANDAT/chanDat_SLCH010_021.mat
working on TF
encoding done
encoding RT done
