getting started: 3329
attempting file: 3329
going for SD5 78
data loaded: SD5 78
HFB already done

chan =

     1

Elapsed time is 233.478244 seconds.

chan =

     2

Elapsed time is 234.608235 seconds.

chan =

     3

Elapsed time is 242.687090 seconds.

chan =

     4

Elapsed time is 244.243605 seconds.

chan =

     5

Elapsed time is 242.003728 seconds.

chan =

     6

Elapsed time is 231.243337 seconds.

chan =

     7

Elapsed time is 243.422180 seconds.

chan =

     8

Elapsed time is 247.715287 seconds.

chan =

     9

Elapsed time is 237.190707 seconds.

chan =

    10

Elapsed time is 241.009747 seconds.

chan =

    11

Elapsed time is 237.845036 seconds.

chan =

    12

Elapsed time is 233.122957 seconds.

chan =

    13

Elapsed time is 238.787261 seconds.

chan =

    14

Elapsed time is 235.011716 seconds.

chan =

    15

Elapsed time is 233.270338 seconds.

chan =

    16

Elapsed time is 232.983187 seconds.

chan =

    17

Elapsed time is 242.469022 seconds.

chan =

    18

Elapsed time is 241.558390 seconds.

chan =

    19

Elapsed time is 241.036335 seconds.

chan =

    20

Elapsed time is 234.927268 seconds.

chan =

    21

Elapsed time is 240.335677 seconds.

chan =

    22

Elapsed time is 240.904645 seconds.

chan =

    23

Elapsed time is 236.022479 seconds.

chan =

    24

Elapsed time is 234.705448 seconds.

chan =

    25

Elapsed time is 243.026882 seconds.

chan =

    26

Elapsed time is 236.531748 seconds.

chan =

    27

Elapsed time is 234.032013 seconds.

chan =

    28

Elapsed time is 236.528991 seconds.

chan =

    29

Elapsed time is 218.010090 seconds.

chan =

    30

Elapsed time is 232.782932 seconds.

chan =

    31

Elapsed time is 231.307363 seconds.

chan =

    32

Elapsed time is 226.544980 seconds.

chan =

    33

Elapsed time is 229.707824 seconds.

chan =

    34

Elapsed time is 228.826311 seconds.

chan =

    35

Elapsed time is 227.032290 seconds.

chan =

    36

Elapsed time is 227.819595 seconds.

chan =

    37

Elapsed time is 223.367912 seconds.

chan =

    38

Elapsed time is 227.171239 seconds.

chan =

    39

Elapsed time is 226.226411 seconds.

chan =

    40

Elapsed time is 228.256425 seconds.

chan =

    41

Elapsed time is 229.443171 seconds.

chan =

    42

Elapsed time is 224.827081 seconds.

chan =

    43

Elapsed time is 223.888505 seconds.

chan =

    44

Elapsed time is 224.453671 seconds.

chan =

    45

Elapsed time is 226.507464 seconds.

chan =

    46

Elapsed time is 227.949847 seconds.

chan =

    47

Elapsed time is 229.389655 seconds.

chan =

    48

Elapsed time is 225.528584 seconds.

chan =

    49

Elapsed time is 229.392519 seconds.

chan =

    50

Elapsed time is 229.249978 seconds.

chan =

    51

Elapsed time is 227.529479 seconds.

chan =

    52

Elapsed time is 225.568205 seconds.

chan =

    53

Elapsed time is 225.024434 seconds.

chan =

    54

Elapsed time is 232.380602 seconds.

chan =

    55

Elapsed time is 226.864980 seconds.

chan =

    56

Elapsed time is 228.216043 seconds.

chan =

    57

Elapsed time is 224.156147 seconds.

chan =

    58

Elapsed time is 227.744942 seconds.

chan =

    59

Elapsed time is 230.667876 seconds.

chan =

    60

Elapsed time is 232.465550 seconds.

chan =

    61

Elapsed time is 223.655254 seconds.

chan =

    62

Elapsed time is 225.270272 seconds.

chan =

    63

Elapsed time is 230.529823 seconds.

chan =

    64

Elapsed time is 231.508972 seconds.

chan =

    65

Elapsed time is 229.811154 seconds.

chan =

    66

Elapsed time is 232.365877 seconds.

chan =

    67

Elapsed time is 227.629630 seconds.

chan =

    68

Elapsed time is 224.622701 seconds.

chan =

    69

Elapsed time is 228.863817 seconds.

chan =

    70

Elapsed time is 223.241052 seconds.

chan =

    71

Elapsed time is 228.828922 seconds.

chan =

    72

Elapsed time is 230.712792 seconds.

chan =

    73

Elapsed time is 230.076411 seconds.

chan =

    74

Elapsed time is 230.319718 seconds.

chan =

    75

Elapsed time is 225.798810 seconds.

chan =

    76

Elapsed time is 230.152215 seconds.

chan =

    77

Elapsed time is 229.057128 seconds.

chan =

    78

Elapsed time is 229.227679 seconds.

chan =

    79

Elapsed time is 230.177867 seconds.

chan =

    80

Elapsed time is 228.741766 seconds.

chan =

    81

Elapsed time is 227.156178 seconds.

chan =

    82

Elapsed time is 223.208677 seconds.

chan =

    83

Elapsed time is 224.142172 seconds.

chan =

    84

Elapsed time is 225.016227 seconds.

chan =

    85

Elapsed time is 222.055837 seconds.

chan =

    86

Elapsed time is 225.581639 seconds.

chan =

    87

Elapsed time is 222.843043 seconds.

chan =

    88

Elapsed time is 220.969546 seconds.

chan =

    89

Elapsed time is 220.563988 seconds.

chan =

    90

Elapsed time is 220.757000 seconds.

chan =

    91

Elapsed time is 218.935241 seconds.

chan =

    92

Elapsed time is 217.183588 seconds.

chan =

    93

Elapsed time is 214.909171 seconds.

chan =

    94

Elapsed time is 220.801622 seconds.

chan =

    95

Elapsed time is 221.027253 seconds.

chan =

    96

Elapsed time is 219.223717 seconds.

chan =

    97

Elapsed time is 227.327878 seconds.

chan =

    98

Elapsed time is 218.337345 seconds.

chan =

    99

Elapsed time is 222.146347 seconds.

chan =

   100

Elapsed time is 220.463979 seconds.

chan =

   101

Elapsed time is 217.200075 seconds.

chan =

   102

Elapsed time is 223.364841 seconds.

chan =

   103

Elapsed time is 220.414446 seconds.

chan =

   104

Elapsed time is 223.822834 seconds.

chan =

   105

Elapsed time is 223.217623 seconds.

chan =

   106

Elapsed time is 220.962439 seconds.

chan =

   107

Elapsed time is 218.614430 seconds.

chan =

   108

Elapsed time is 219.365087 seconds.

chan =

   109

Elapsed time is 215.311714 seconds.

