getting started: 3024
attempting file: 3024
going for OH30 123
data loaded: OH30 123
HFB already done

chan =

     1

Elapsed time is 559.242017 seconds.

chan =

     2

Elapsed time is 547.986582 seconds.

chan =

     3

Elapsed time is 573.021356 seconds.

chan =

     4

Elapsed time is 575.292934 seconds.

chan =

     5

Elapsed time is 572.204250 seconds.

chan =

     6

Elapsed time is 554.367462 seconds.

chan =

     7

Elapsed time is 610.704257 seconds.

chan =

     8

Elapsed time is 652.837472 seconds.

chan =

     9

Elapsed time is 648.776159 seconds.

chan =

    10

Elapsed time is 647.944993 seconds.

chan =

    11

Elapsed time is 650.514946 seconds.

chan =

    12

Elapsed time is 648.726021 seconds.

chan =

    13

Elapsed time is 647.327759 seconds.

chan =

    14

Elapsed time is 652.942158 seconds.

chan =

    15

Elapsed time is 650.710818 seconds.

chan =

    16

Elapsed time is 649.737344 seconds.

chan =

    17

Elapsed time is 647.420184 seconds.

chan =

    18

Elapsed time is 652.691230 seconds.

chan =

    19

Elapsed time is 649.495072 seconds.

chan =

    20

Elapsed time is 648.146762 seconds.

chan =

    21

Elapsed time is 640.681522 seconds.

chan =

    22

Elapsed time is 646.901748 seconds.

chan =

    23

Elapsed time is 652.677386 seconds.

chan =

    24

Elapsed time is 646.980105 seconds.

chan =

    25

Elapsed time is 654.214603 seconds.

chan =

    26

Elapsed time is 647.695512 seconds.

chan =

    27

Elapsed time is 644.866970 seconds.

chan =

    28

Elapsed time is 646.339868 seconds.

chan =

    29

Elapsed time is 637.989478 seconds.

chan =

    30

Elapsed time is 629.196469 seconds.

chan =

    31

Elapsed time is 627.383570 seconds.

chan =

    32

Elapsed time is 630.663938 seconds.

chan =

    33

Elapsed time is 625.686597 seconds.

chan =

    34

Elapsed time is 628.310611 seconds.

chan =

    35

Elapsed time is 627.994793 seconds.

chan =

    36

Elapsed time is 629.372144 seconds.

chan =

    37

Elapsed time is 622.358459 seconds.

chan =

    38

Elapsed time is 622.001515 seconds.

chan =

    39

Elapsed time is 621.345627 seconds.

chan =

    40

Elapsed time is 621.847617 seconds.

chan =

    41

Elapsed time is 624.725986 seconds.

chan =

    42

Elapsed time is 625.148303 seconds.

chan =

    43

Elapsed time is 622.485553 seconds.

chan =

    44

Elapsed time is 628.846365 seconds.

chan =

    45

Elapsed time is 623.537576 seconds.

chan =

    46

Elapsed time is 622.971939 seconds.

chan =

    47

Elapsed time is 622.752971 seconds.

chan =

    48

Elapsed time is 625.840759 seconds.

chan =

    49

Elapsed time is 629.625885 seconds.

chan =

    50

Elapsed time is 624.144338 seconds.

chan =

    51

Elapsed time is 531.075602 seconds.

chan =

    52

Elapsed time is 515.639351 seconds.

chan =

    53

Elapsed time is 532.109551 seconds.

chan =

    54

Elapsed time is 531.779894 seconds.

chan =

    55

Elapsed time is 534.263928 seconds.

chan =

    56

Elapsed time is 533.811411 seconds.

chan =

    57

Elapsed time is 535.709620 seconds.

chan =

    58

Elapsed time is 529.346376 seconds.

chan =

    59

Elapsed time is 512.602641 seconds.

chan =

    60

Elapsed time is 514.973621 seconds.

chan =

    61

Elapsed time is 515.816541 seconds.

chan =

    62

Elapsed time is 516.937607 seconds.

chan =

    63

Elapsed time is 512.324276 seconds.

chan =

    64

Elapsed time is 513.168498 seconds.

chan =

    65

Elapsed time is 514.734210 seconds.

chan =

    66

Elapsed time is 514.409875 seconds.

chan =

    67

Elapsed time is 511.994996 seconds.

chan =

    68

Elapsed time is 516.683856 seconds.

chan =

    69

Elapsed time is 515.933177 seconds.

chan =

    70

Elapsed time is 517.985252 seconds.

chan =

    71

Elapsed time is 515.016211 seconds.

chan =

    72

Elapsed time is 518.228859 seconds.

chan =

    73

Elapsed time is 520.035040 seconds.

chan =

    74

Elapsed time is 520.938626 seconds.

chan =

    75

Elapsed time is 516.796160 seconds.

chan =

    76

Elapsed time is 515.755795 seconds.

chan =

    77

Elapsed time is 507.915493 seconds.

chan =

    78

Elapsed time is 486.378479 seconds.

chan =

    79

Elapsed time is 474.672695 seconds.

chan =

    80

Elapsed time is 478.764768 seconds.

chan =

    81

Elapsed time is 478.643402 seconds.

chan =

    82

Elapsed time is 477.623377 seconds.

chan =

    83

Elapsed time is 480.167664 seconds.

chan =

    84

Elapsed time is 477.064524 seconds.

chan =

    85

Elapsed time is 476.113973 seconds.

chan =

    86

Elapsed time is 477.655682 seconds.

chan =

    87

Elapsed time is 477.957402 seconds.

chan =

    88

Elapsed time is 479.260175 seconds.

chan =

    89

Elapsed time is 478.643812 seconds.

chan =

    90

Elapsed time is 481.755637 seconds.

chan =

    91

Elapsed time is 479.567471 seconds.

chan =

    92

Elapsed time is 480.195667 seconds.

chan =

    93

Elapsed time is 478.923285 seconds.

chan =

    94

Elapsed time is 478.993103 seconds.

chan =

    95

Elapsed time is 480.659456 seconds.

chan =

    96

Elapsed time is 479.203060 seconds.

chan =

    97

Elapsed time is 478.131581 seconds.

chan =

    98

Elapsed time is 478.597781 seconds.

chan =

    99

Elapsed time is 475.395888 seconds.

chan =

   100

Elapsed time is 477.738305 seconds.

chan =

   101

Elapsed time is 474.899423 seconds.

chan =

   102

Elapsed time is 475.349752 seconds.

chan =

   103

Elapsed time is 475.308345 seconds.

chan =

   104

Elapsed time is 477.090959 seconds.

chan =

   105

Elapsed time is 474.732201 seconds.

chan =

   106

Elapsed time is 476.671413 seconds.

chan =

   107

Elapsed time is 475.235035 seconds.

chan =

   108

Elapsed time is 475.725227 seconds.

chan =

   109

Elapsed time is 469.183062 seconds.

chan =

   110

Elapsed time is 473.995769 seconds.

chan =

   111

Elapsed time is 474.242752 seconds.

chan =

   112

Elapsed time is 480.314798 seconds.

chan =

   113

Elapsed time is 474.810345 seconds.

chan =

   114

Elapsed time is 476.331201 seconds.

chan =

   115

Elapsed time is 474.040953 seconds.

chan =

   116

Elapsed time is 474.771489 seconds.

chan =

   117

Elapsed time is 468.561744 seconds.

chan =

   118

Elapsed time is 465.998318 seconds.

chan =

   119

Elapsed time is 470.934672 seconds.

chan =

   120

Elapsed time is 473.245465 seconds.

chan =

   121

Elapsed time is 470.348456 seconds.

chan =

   122

Elapsed time is 471.395370 seconds.

chan =

   123

Elapsed time is 470.835464 seconds.

chan =

   124

