getting started: 3613
attempting file: 3613
going for SLCH010 19
data loaded: SLCH010 19
HFB already done

chan =

     1

Elapsed time is 514.314011 seconds.

chan =

     2

Elapsed time is 520.642909 seconds.

chan =

     3

Elapsed time is 516.704277 seconds.

chan =

     4

Elapsed time is 520.329300 seconds.

chan =

     5

Elapsed time is 512.676023 seconds.

chan =

     6

Elapsed time is 511.386251 seconds.

chan =

     7

Elapsed time is 513.393071 seconds.

chan =

     8

Elapsed time is 513.821948 seconds.

chan =

     9

Elapsed time is 513.314625 seconds.

chan =

    10

Elapsed time is 514.312762 seconds.

chan =

    11

Elapsed time is 511.810773 seconds.

chan =

    12

Elapsed time is 522.775369 seconds.

chan =

    13

Elapsed time is 520.906718 seconds.

chan =

    14

Elapsed time is 518.637025 seconds.

chan =

    15

Elapsed time is 515.524677 seconds.

chan =

    16

Elapsed time is 514.186762 seconds.

chan =

    17

Elapsed time is 513.863197 seconds.

chan =

    18

Elapsed time is 514.550108 seconds.

chan =

    19

Elapsed time is 508.088481 seconds.

chan =

    20

Elapsed time is 513.393709 seconds.

chan =

    21

Elapsed time is 516.894048 seconds.

chan =

    22

Elapsed time is 510.476868 seconds.

chan =

    23

Elapsed time is 509.666913 seconds.

chan =

    24

Elapsed time is 514.780810 seconds.

chan =

    25

Elapsed time is 516.306572 seconds.

chan =

    26

Elapsed time is 513.910992 seconds.

chan =

    27

Elapsed time is 513.486145 seconds.

chan =

    28

Elapsed time is 505.304110 seconds.

chan =

    29

Elapsed time is 512.474349 seconds.

chan =

    30

Elapsed time is 513.079262 seconds.

chan =

    31

Elapsed time is 514.307732 seconds.

chan =

    32

Elapsed time is 514.276230 seconds.

chan =

    33

Elapsed time is 516.900241 seconds.

chan =

    34

Elapsed time is 514.950744 seconds.

chan =

    35

Elapsed time is 514.432429 seconds.

chan =

    36

Elapsed time is 515.265515 seconds.

chan =

    37

Elapsed time is 510.413569 seconds.

chan =

    38

Elapsed time is 503.537788 seconds.

chan =

    39

Elapsed time is 507.433433 seconds.

chan =

    40

Elapsed time is 504.657677 seconds.

chan =

    41

Elapsed time is 506.869992 seconds.

chan =

    42

Elapsed time is 505.431233 seconds.

chan =

    43

Elapsed time is 509.742326 seconds.

chan =

    44

Elapsed time is 513.014421 seconds.

chan =

    45

Elapsed time is 514.130155 seconds.

chan =

    46

Elapsed time is 511.635716 seconds.

chan =

    47

Elapsed time is 505.786749 seconds.

chan =

    48

Elapsed time is 509.409775 seconds.

chan =

    49

Elapsed time is 512.284576 seconds.

chan =

    50

Elapsed time is 510.536154 seconds.

chan =

    51

Elapsed time is 508.112372 seconds.

chan =

    52

Elapsed time is 513.840564 seconds.

chan =

    53

Elapsed time is 507.155225 seconds.

chan =

    54

Elapsed time is 506.800794 seconds.

chan =

    55

Elapsed time is 504.365376 seconds.

chan =

    56

Elapsed time is 502.331502 seconds.

chan =

    57

Elapsed time is 499.836232 seconds.

chan =

    58

Elapsed time is 496.386357 seconds.

chan =

    59

Elapsed time is 501.406995 seconds.

chan =

    60

Elapsed time is 493.806944 seconds.

chan =

    61

Elapsed time is 501.675173 seconds.

chan =

    62

Elapsed time is 500.812684 seconds.

chan =

    63

Elapsed time is 494.728577 seconds.

chan =

    64

Elapsed time is 496.839017 seconds.

chan =

    65

Elapsed time is 499.896807 seconds.

chan =

    66

Elapsed time is 503.326801 seconds.

chan =

    67

Elapsed time is 501.811020 seconds.

chan =

    68

Elapsed time is 506.492154 seconds.

chan =

    69

Elapsed time is 505.693182 seconds.

chan =

    70

Elapsed time is 509.815112 seconds.

chan =

    71

Elapsed time is 509.982224 seconds.

chan =

    72

Elapsed time is 512.021765 seconds.

chan =

    73

Elapsed time is 511.212197 seconds.

chan =

    74

Elapsed time is 498.757400 seconds.

chan =

    75

Elapsed time is 499.060985 seconds.

chan =

    76

Elapsed time is 497.448023 seconds.

chan =

    77

Elapsed time is 493.297293 seconds.

chan =

    78

Elapsed time is 490.936121 seconds.

chan =

    79

Elapsed time is 495.366675 seconds.

chan =

    80

Elapsed time is 495.935139 seconds.

chan =

    81

Elapsed time is 493.278977 seconds.

chan =

    82

Elapsed time is 486.542250 seconds.

chan =

    83

Elapsed time is 488.870429 seconds.

chan =

    84

Elapsed time is 486.334724 seconds.

chan =

    85

Elapsed time is 484.494655 seconds.

chan =

    86

Elapsed time is 484.885859 seconds.

chan =

    87

Elapsed time is 486.624147 seconds.

chan =

    88

Elapsed time is 486.256857 seconds.

chan =

    89

Elapsed time is 489.983366 seconds.

chan =

    90

Elapsed time is 485.267384 seconds.

chan =

    91

Elapsed time is 489.557893 seconds.

chan =

    92

Elapsed time is 490.529177 seconds.

chan =

    93

Elapsed time is 491.775660 seconds.

chan =

    94

Elapsed time is 489.447553 seconds.

chan =

    95

Elapsed time is 482.260762 seconds.

chan =

    96

Elapsed time is 479.398694 seconds.

chan =

    97

Elapsed time is 479.811706 seconds.

chan =

    98

Elapsed time is 491.271941 seconds.

chan =

    99

Elapsed time is 508.359886 seconds.

chan =

   100

Elapsed time is 514.271777 seconds.

chan =

   101

Elapsed time is 517.768437 seconds.

chan =

   102

Elapsed time is 515.117564 seconds.

chan =

   103

Elapsed time is 510.849551 seconds.

chan =

   104

Elapsed time is 517.056180 seconds.

chan =

   105

Elapsed time is 518.967485 seconds.

chan =

   106

Elapsed time is 518.690805 seconds.

chan =

   107

Elapsed time is 517.294282 seconds.

chan =

   108

Elapsed time is 508.943483 seconds.

chan =

   109

Elapsed time is 524.562366 seconds.

chan =

   110

Elapsed time is 519.822748 seconds.

chan =

   111

Elapsed time is 516.974616 seconds.

chan =

   112

Elapsed time is 511.248329 seconds.

chan =

   113

Elapsed time is 509.609741 seconds.

chan =

   114

Elapsed time is 511.531710 seconds.
attempting saving
save success: /projects/p31578/dtf8829/QuestConnect/CHANDAT/chanDat_SLCH010_019.mat
working on TF
