getting started: 3008
attempting file: 3008
going for OH30 107
data loaded: OH30 107
HFB already done

chan =

     1

Elapsed time is 549.841960 seconds.

chan =

     2

Elapsed time is 545.914557 seconds.

chan =

     3

Elapsed time is 536.940808 seconds.

chan =

     4

Elapsed time is 583.643807 seconds.

chan =

     5

Elapsed time is 581.632961 seconds.

chan =

     6

Elapsed time is 582.148605 seconds.

chan =

     7

Elapsed time is 577.841783 seconds.

chan =

     8

Elapsed time is 572.581379 seconds.

chan =

     9

Elapsed time is 566.398865 seconds.

chan =

    10

Elapsed time is 563.747353 seconds.

chan =

    11

Elapsed time is 568.115068 seconds.

chan =

    12

Elapsed time is 567.167874 seconds.

chan =

    13

Elapsed time is 561.969363 seconds.

chan =

    14

Elapsed time is 566.352682 seconds.

chan =

    15

Elapsed time is 566.522599 seconds.

chan =

    16

Elapsed time is 569.834544 seconds.

chan =

    17

Elapsed time is 567.080201 seconds.

chan =

    18

Elapsed time is 569.808301 seconds.

chan =

    19

Elapsed time is 571.670047 seconds.

chan =

    20

Elapsed time is 560.340240 seconds.

chan =

    21

Elapsed time is 578.291120 seconds.

chan =

    22

Elapsed time is 564.672695 seconds.

chan =

    23

Elapsed time is 553.837493 seconds.

chan =

    24

Elapsed time is 545.184522 seconds.

chan =

    25

Elapsed time is 543.978704 seconds.

chan =

    26

Elapsed time is 554.493737 seconds.

chan =

    27

Elapsed time is 542.043664 seconds.

chan =

    28

Elapsed time is 548.622982 seconds.

chan =

    29

Elapsed time is 542.495902 seconds.

chan =

    30

Elapsed time is 541.085394 seconds.

chan =

    31

Elapsed time is 543.023732 seconds.

chan =

    32

Elapsed time is 527.509857 seconds.

chan =

    33

Elapsed time is 535.568208 seconds.

chan =

    34

Elapsed time is 542.191816 seconds.

chan =

    35

Elapsed time is 531.818544 seconds.

chan =

    36

Elapsed time is 544.383167 seconds.

chan =

    37

Elapsed time is 542.374409 seconds.

chan =

    38

Elapsed time is 541.246862 seconds.

chan =

    39

Elapsed time is 541.837393 seconds.

chan =

    40

Elapsed time is 542.292580 seconds.

chan =

    41

Elapsed time is 545.460960 seconds.

chan =

    42

Elapsed time is 542.217077 seconds.

chan =

    43

Elapsed time is 538.398634 seconds.

chan =

    44

Elapsed time is 539.184291 seconds.

chan =

    45

Elapsed time is 537.745130 seconds.

chan =

    46

Elapsed time is 541.648318 seconds.

chan =

    47

Elapsed time is 543.389060 seconds.

chan =

    48

Elapsed time is 542.238947 seconds.

chan =

    49

Elapsed time is 546.700648 seconds.

chan =

    50

Elapsed time is 539.932629 seconds.

chan =

    51

Elapsed time is 548.236264 seconds.

chan =

    52

Elapsed time is 546.388505 seconds.

chan =

    53

Elapsed time is 538.147127 seconds.

chan =

    54

Elapsed time is 548.193797 seconds.

chan =

    55

Elapsed time is 544.735815 seconds.

chan =

    56

Elapsed time is 555.378534 seconds.

chan =

    57

Elapsed time is 539.271795 seconds.

chan =

    58

Elapsed time is 534.029073 seconds.

chan =

    59

Elapsed time is 540.951847 seconds.

chan =

    60

Elapsed time is 528.814025 seconds.

chan =

    61

Elapsed time is 528.959545 seconds.

chan =

    62

Elapsed time is 535.605622 seconds.

chan =

    63

Elapsed time is 530.589808 seconds.

chan =

    64

Elapsed time is 542.109686 seconds.

chan =

    65

Elapsed time is 532.268344 seconds.

chan =

    66

Elapsed time is 530.224823 seconds.

chan =

    67

Elapsed time is 537.394736 seconds.

chan =

    68

Elapsed time is 536.752790 seconds.

chan =

    69

Elapsed time is 539.912317 seconds.

chan =

    70

Elapsed time is 536.856101 seconds.

chan =

    71

Elapsed time is 533.045571 seconds.

chan =

    72

Elapsed time is 529.369238 seconds.

chan =

    73

Elapsed time is 522.679400 seconds.

chan =

    74

Elapsed time is 536.161028 seconds.

chan =

    75

Elapsed time is 526.241186 seconds.

chan =

    76

Elapsed time is 521.633780 seconds.

chan =

    77

Elapsed time is 514.703919 seconds.

chan =

    78

Elapsed time is 511.810394 seconds.

chan =

    79

Elapsed time is 517.725276 seconds.

chan =

    80

Elapsed time is 517.176003 seconds.

chan =

    81

Elapsed time is 513.644741 seconds.

chan =

    82

Elapsed time is 517.510349 seconds.

chan =

    83

Elapsed time is 512.215539 seconds.

chan =

    84

Elapsed time is 518.291916 seconds.

chan =

    85

Elapsed time is 515.059408 seconds.

chan =

    86

Elapsed time is 510.556404 seconds.

chan =

    87

Elapsed time is 516.941177 seconds.

chan =

    88

Elapsed time is 511.640628 seconds.

chan =

    89

Elapsed time is 522.121367 seconds.

chan =

    90

Elapsed time is 520.241919 seconds.

chan =

    91

Elapsed time is 514.438409 seconds.

chan =

    92

Elapsed time is 508.026983 seconds.

chan =

    93

Elapsed time is 478.170496 seconds.

chan =

    94

Elapsed time is 456.343620 seconds.

chan =

    95

Elapsed time is 457.571292 seconds.

chan =

    96

Elapsed time is 459.441081 seconds.

chan =

    97

Elapsed time is 456.124171 seconds.

chan =

    98

Elapsed time is 458.938878 seconds.

chan =

    99

Elapsed time is 458.275171 seconds.

chan =

   100

Elapsed time is 459.196592 seconds.

chan =

   101

Elapsed time is 454.914519 seconds.

chan =

   102

Elapsed time is 458.708781 seconds.

chan =

   103

Elapsed time is 458.693882 seconds.

chan =

   104

Elapsed time is 464.295740 seconds.

chan =

   105

Elapsed time is 467.001598 seconds.

chan =

   106

Elapsed time is 467.667882 seconds.

chan =

   107

Elapsed time is 466.237598 seconds.

chan =

   108

Elapsed time is 466.183367 seconds.

chan =

   109

Elapsed time is 463.474285 seconds.

chan =

   110

Elapsed time is 467.367477 seconds.

chan =

   111

Elapsed time is 463.446868 seconds.

chan =

   112

Elapsed time is 464.168998 seconds.

chan =

   113

Elapsed time is 463.339331 seconds.

chan =

   114

Elapsed time is 462.890672 seconds.

chan =

   115

Elapsed time is 463.665738 seconds.

chan =

   116

Elapsed time is 463.072902 seconds.

chan =

   117

Elapsed time is 462.329623 seconds.

chan =

   118

Elapsed time is 461.608924 seconds.

chan =

   119

Elapsed time is 465.085703 seconds.

chan =

   120

Elapsed time is 464.547898 seconds.

chan =

   121

Elapsed time is 464.211488 seconds.

chan =

   122

Elapsed time is 465.481203 seconds.

chan =

   123

Elapsed time is 457.062691 seconds.

chan =

   124

Elapsed time is 425.554729 seconds.

chan =

   125

Elapsed time is 405.803429 seconds.

chan =

   126

Elapsed time is 409.048750 seconds.

chan =

   127

Elapsed time is 404.685138 seconds.

chan =

   128

Elapsed time is 406.969507 seconds.

chan =

   129

Elapsed time is 407.154257 seconds.

chan =

   130

Elapsed time is 408.779762 seconds.

chan =

   131

Elapsed time is 405.817865 seconds.

chan =

   132

