getting started: 3649
attempting file: 3649
going for SLCH010 55
data loaded: SLCH010 55
HFB already done

chan =

     1

Elapsed time is 610.490964 seconds.

chan =

     2

Elapsed time is 608.524911 seconds.

chan =

     3

Elapsed time is 608.060007 seconds.

chan =

     4

Elapsed time is 605.124284 seconds.

chan =

     5

Elapsed time is 596.628393 seconds.

chan =

     6

Elapsed time is 592.856915 seconds.

chan =

     7

Elapsed time is 596.693216 seconds.

chan =

     8

Elapsed time is 599.066662 seconds.

chan =

     9

Elapsed time is 595.232830 seconds.

chan =

    10

Elapsed time is 592.673279 seconds.

chan =

    11

Elapsed time is 590.488466 seconds.

chan =

    12

Elapsed time is 597.777882 seconds.

chan =

    13

Elapsed time is 593.119909 seconds.

chan =

    14

Elapsed time is 593.062135 seconds.

chan =

    15

Elapsed time is 598.765437 seconds.

chan =

    16

Elapsed time is 587.709979 seconds.

chan =

    17

Elapsed time is 599.169358 seconds.

chan =

    18

Elapsed time is 600.725121 seconds.

chan =

    19

Elapsed time is 583.049838 seconds.

chan =

    20

Elapsed time is 573.614070 seconds.

chan =

    21

Elapsed time is 568.003976 seconds.

chan =

    22

Elapsed time is 582.722552 seconds.

chan =

    23

Elapsed time is 567.758658 seconds.

chan =

    24

Elapsed time is 575.334493 seconds.

chan =

    25

Elapsed time is 572.118166 seconds.

chan =

    26

Elapsed time is 571.401471 seconds.

chan =

    27

Elapsed time is 572.578334 seconds.

chan =

    28

Elapsed time is 551.830611 seconds.

chan =

    29

Elapsed time is 577.454932 seconds.

chan =

    30

Elapsed time is 573.795943 seconds.

chan =

    31

Elapsed time is 561.488553 seconds.

chan =

    32

Elapsed time is 567.994141 seconds.

chan =

    33

Elapsed time is 571.087580 seconds.

chan =

    34

Elapsed time is 572.192443 seconds.

chan =

    35

Elapsed time is 574.580862 seconds.

chan =

    36

Elapsed time is 566.136909 seconds.

chan =

    37

Elapsed time is 570.236345 seconds.

chan =

    38

Elapsed time is 566.583188 seconds.

chan =

    39

Elapsed time is 566.549283 seconds.

chan =

    40

Elapsed time is 569.044343 seconds.

chan =

    41

Elapsed time is 572.364107 seconds.

chan =

    42

Elapsed time is 574.652466 seconds.

chan =

    43

Elapsed time is 573.579846 seconds.

chan =

    44

Elapsed time is 575.728759 seconds.

chan =

    45

Elapsed time is 568.195310 seconds.

chan =

    46

Elapsed time is 576.689121 seconds.

chan =

    47

Elapsed time is 573.711754 seconds.

chan =

    48

Elapsed time is 567.587077 seconds.

chan =

    49

Elapsed time is 575.813700 seconds.

chan =

    50

Elapsed time is 572.973570 seconds.

chan =

    51

Elapsed time is 574.786968 seconds.

chan =

    52

Elapsed time is 559.187923 seconds.

chan =

    53

Elapsed time is 563.580933 seconds.

chan =

    54

Elapsed time is 559.425197 seconds.

chan =

    55

Elapsed time is 551.566314 seconds.

chan =

    56

Elapsed time is 564.237837 seconds.

chan =

    57

Elapsed time is 558.126338 seconds.

chan =

    58

Elapsed time is 563.743094 seconds.

chan =

    59

Elapsed time is 563.443299 seconds.

chan =

    60

Elapsed time is 557.260106 seconds.

chan =

    61

Elapsed time is 569.072854 seconds.

chan =

    62

Elapsed time is 563.515345 seconds.

chan =

    63

Elapsed time is 568.596682 seconds.

chan =

    64

Elapsed time is 565.396916 seconds.

chan =

    65

Elapsed time is 560.482025 seconds.

chan =

    66

Elapsed time is 553.429684 seconds.

chan =

    67

Elapsed time is 551.928995 seconds.

chan =

    68

Elapsed time is 561.078629 seconds.

chan =

    69

Elapsed time is 552.426845 seconds.

chan =

    70

Elapsed time is 549.774334 seconds.

chan =

    71

Elapsed time is 547.408052 seconds.

chan =

    72

Elapsed time is 541.056882 seconds.

chan =

    73

Elapsed time is 547.429337 seconds.

chan =

    74

Elapsed time is 544.980810 seconds.

chan =

    75

Elapsed time is 545.122855 seconds.

chan =

    76

Elapsed time is 538.674738 seconds.

chan =

    77

Elapsed time is 543.649338 seconds.

chan =

    78

Elapsed time is 544.202332 seconds.

chan =

    79

Elapsed time is 541.542006 seconds.

chan =

    80

Elapsed time is 544.308879 seconds.

chan =

    81

Elapsed time is 538.990127 seconds.

chan =

    82

Elapsed time is 547.841601 seconds.

chan =

    83

Elapsed time is 547.493007 seconds.

chan =

    84

Elapsed time is 541.213047 seconds.

chan =

    85

Elapsed time is 530.773604 seconds.

chan =

    86

Elapsed time is 494.199794 seconds.

chan =

    87

Elapsed time is 481.088842 seconds.

chan =

    88

Elapsed time is 479.608139 seconds.

chan =

    89

Elapsed time is 483.801284 seconds.

chan =

    90

Elapsed time is 480.872316 seconds.

chan =

    91

Elapsed time is 481.036770 seconds.

chan =

    92

Elapsed time is 481.847788 seconds.

chan =

    93

Elapsed time is 481.817742 seconds.

chan =

    94

Elapsed time is 480.332851 seconds.

chan =

    95

Elapsed time is 482.208368 seconds.

chan =

    96

Elapsed time is 480.125585 seconds.

chan =

    97

Elapsed time is 488.378116 seconds.

chan =

    98

Elapsed time is 486.690026 seconds.

chan =

    99

Elapsed time is 489.575200 seconds.

chan =

   100

Elapsed time is 488.849755 seconds.

chan =

   101

Elapsed time is 490.638198 seconds.

chan =

   102

Elapsed time is 493.317718 seconds.

chan =

   103

Elapsed time is 489.166976 seconds.

chan =

   104

Elapsed time is 487.023596 seconds.

chan =

   105

Elapsed time is 487.104934 seconds.

chan =

   106

Elapsed time is 486.681244 seconds.

chan =

   107

Elapsed time is 487.547124 seconds.

chan =

   108

Elapsed time is 485.796820 seconds.

chan =

   109

Elapsed time is 488.036331 seconds.

chan =

   110

Elapsed time is 488.896726 seconds.

chan =

   111

Elapsed time is 487.918842 seconds.

chan =

   112

Elapsed time is 484.818638 seconds.

chan =

   113

Elapsed time is 488.929361 seconds.

chan =

   114

Elapsed time is 486.964496 seconds.
attempting saving
save success: /projects/p31578/dtf8829/QuestConnect/CHANDAT/chanDat_SLCH010_055.mat
working on TF
