getting started: 3299
attempting file: 3299
going for SD5 48
data loaded: SD5 48
HFB already done

chan =

     1

Elapsed time is 260.309613 seconds.

chan =

     2

Elapsed time is 257.212279 seconds.

chan =

     3

Elapsed time is 253.867884 seconds.

chan =

     4

Elapsed time is 252.489523 seconds.

chan =

     5

Elapsed time is 254.516493 seconds.

chan =

     6

Elapsed time is 254.014828 seconds.

chan =

     7

Elapsed time is 248.254891 seconds.

chan =

     8

Elapsed time is 242.348175 seconds.

chan =

     9

Elapsed time is 249.435070 seconds.

chan =

    10

Elapsed time is 264.139861 seconds.

chan =

    11

Elapsed time is 265.879335 seconds.

chan =

    12

Elapsed time is 258.070815 seconds.

chan =

    13

Elapsed time is 258.623739 seconds.

chan =

    14

Elapsed time is 279.336996 seconds.

chan =

    15

Elapsed time is 287.283949 seconds.

chan =

    16

Elapsed time is 287.698077 seconds.

chan =

    17

Elapsed time is 288.175625 seconds.

chan =

    18

Elapsed time is 288.920830 seconds.

chan =

    19

Elapsed time is 282.590456 seconds.

chan =

    20

Elapsed time is 286.610810 seconds.

chan =

    21

Elapsed time is 287.305349 seconds.

chan =

    22

Elapsed time is 287.362530 seconds.

chan =

    23

Elapsed time is 287.040432 seconds.

chan =

    24

Elapsed time is 287.227770 seconds.

chan =

    25

Elapsed time is 288.947083 seconds.

chan =

    26

Elapsed time is 288.456479 seconds.

chan =

    27

Elapsed time is 287.944485 seconds.

chan =

    28

Elapsed time is 278.974115 seconds.

chan =

    29

Elapsed time is 285.124167 seconds.

chan =

    30

Elapsed time is 288.644390 seconds.

chan =

    31

Elapsed time is 288.019112 seconds.

chan =

    32

Elapsed time is 289.338501 seconds.

chan =

    33

Elapsed time is 282.704145 seconds.

chan =

    34

Elapsed time is 284.828133 seconds.

chan =

    35

Elapsed time is 290.570014 seconds.

chan =

    36

Elapsed time is 290.206821 seconds.

chan =

    37

Elapsed time is 287.636795 seconds.

chan =

    38

Elapsed time is 285.125708 seconds.

chan =

    39

Elapsed time is 287.101727 seconds.

chan =

    40

Elapsed time is 288.664246 seconds.

chan =

    41

Elapsed time is 289.066326 seconds.

chan =

    42

Elapsed time is 288.385921 seconds.

chan =

    43

Elapsed time is 280.765757 seconds.

chan =

    44

Elapsed time is 285.627882 seconds.

chan =

    45

Elapsed time is 288.521128 seconds.

chan =

    46

Elapsed time is 289.891279 seconds.

chan =

    47

Elapsed time is 290.551047 seconds.

chan =

    48

Elapsed time is 267.832302 seconds.

chan =

    49

Elapsed time is 262.497295 seconds.

chan =

    50

Elapsed time is 262.301507 seconds.

chan =

    51

Elapsed time is 290.652796 seconds.

chan =

    52

Elapsed time is 291.764470 seconds.

chan =

    53

Elapsed time is 290.042770 seconds.

chan =

    54

Elapsed time is 290.462783 seconds.

chan =

    55

Elapsed time is 284.076282 seconds.

chan =

    56

Elapsed time is 291.816060 seconds.

chan =

    57

Elapsed time is 292.386972 seconds.

chan =

    58

Elapsed time is 290.869241 seconds.

chan =

    59

Elapsed time is 292.355455 seconds.

chan =

    60

Elapsed time is 282.776536 seconds.

chan =

    61

Elapsed time is 290.864745 seconds.

chan =

    62

Elapsed time is 289.337841 seconds.

chan =

    63

Elapsed time is 292.872338 seconds.

chan =

    64

Elapsed time is 291.094538 seconds.

chan =

    65

Elapsed time is 291.844271 seconds.

chan =

    66

Elapsed time is 291.535403 seconds.

chan =

    67

Elapsed time is 286.728372 seconds.

chan =

    68

Elapsed time is 289.163624 seconds.

chan =

    69

Elapsed time is 287.328904 seconds.

chan =

    70

Elapsed time is 286.097572 seconds.

chan =

    71

Elapsed time is 282.795561 seconds.

chan =

    72

Elapsed time is 289.583472 seconds.

chan =

    73

Elapsed time is 287.757401 seconds.

chan =

    74

Elapsed time is 285.618548 seconds.

chan =

    75

Elapsed time is 282.414215 seconds.

chan =

    76

Elapsed time is 287.785282 seconds.

chan =

    77

Elapsed time is 286.934715 seconds.

chan =

    78

Elapsed time is 287.152981 seconds.

chan =

    79

Elapsed time is 284.602817 seconds.

chan =

    80

Elapsed time is 284.810774 seconds.

chan =

    81

Elapsed time is 285.721135 seconds.

chan =

    82

Elapsed time is 283.521058 seconds.

chan =

    83

Elapsed time is 288.757839 seconds.

chan =

    84

Elapsed time is 287.768857 seconds.

chan =

    85

Elapsed time is 283.565552 seconds.

chan =

    86

Elapsed time is 285.944858 seconds.

chan =

    87

Elapsed time is 285.051925 seconds.

chan =

    88

Elapsed time is 287.131961 seconds.

chan =

    89

Elapsed time is 283.216635 seconds.

chan =

    90

Elapsed time is 289.028615 seconds.

chan =

    91

Elapsed time is 284.434628 seconds.

chan =

    92

Elapsed time is 287.280470 seconds.

chan =

    93

Elapsed time is 288.647856 seconds.

chan =

    94

Elapsed time is 281.920646 seconds.

chan =

    95

Elapsed time is 287.175184 seconds.

chan =

    96

Elapsed time is 286.955137 seconds.

chan =

    97

Elapsed time is 286.979053 seconds.

chan =

    98

Elapsed time is 288.228389 seconds.

chan =

    99

Elapsed time is 286.231914 seconds.

chan =

   100

Elapsed time is 288.587018 seconds.

chan =

   101

Elapsed time is 286.724541 seconds.

chan =

   102

Elapsed time is 283.063322 seconds.

chan =

   103

Elapsed time is 284.465442 seconds.

chan =

   104

Elapsed time is 285.544844 seconds.

chan =

   105

Elapsed time is 281.039396 seconds.

chan =

   106

Elapsed time is 281.619683 seconds.

chan =

   107

Elapsed time is 280.556342 seconds.

chan =

   108

Elapsed time is 282.764686 seconds.

chan =

   109

Elapsed time is 276.675399 seconds.

