getting started: 3333
attempting file: 3333
going for SD5 82
data loaded: SD5 82
HFB already done

chan =

     1

Elapsed time is 299.260120 seconds.

chan =

     2

Elapsed time is 301.559036 seconds.

chan =

     3

Elapsed time is 302.457253 seconds.

chan =

     4

Elapsed time is 295.419046 seconds.

chan =

     5

Elapsed time is 297.190990 seconds.

chan =

     6

Elapsed time is 297.846136 seconds.

chan =

     7

Elapsed time is 290.581413 seconds.

chan =

     8

Elapsed time is 292.379399 seconds.

chan =

     9

Elapsed time is 296.803216 seconds.

chan =

    10

Elapsed time is 296.020756 seconds.

chan =

    11

Elapsed time is 296.850877 seconds.

chan =

    12

Elapsed time is 291.383001 seconds.

chan =

    13

Elapsed time is 292.261252 seconds.

chan =

    14

Elapsed time is 285.882779 seconds.

chan =

    15

Elapsed time is 288.908832 seconds.

chan =

    16

Elapsed time is 290.973828 seconds.

chan =

    17

Elapsed time is 290.248131 seconds.

chan =

    18

Elapsed time is 284.150052 seconds.

chan =

    19

Elapsed time is 283.316973 seconds.

chan =

    20

Elapsed time is 277.477050 seconds.

chan =

    21

Elapsed time is 283.086843 seconds.

chan =

    22

Elapsed time is 285.225307 seconds.

chan =

    23

Elapsed time is 297.453863 seconds.

chan =

    24

Elapsed time is 288.712248 seconds.

chan =

    25

Elapsed time is 281.912276 seconds.

chan =

    26

Elapsed time is 286.800483 seconds.

chan =

    27

Elapsed time is 285.726089 seconds.

chan =

    28

Elapsed time is 277.185479 seconds.

chan =

    29

Elapsed time is 274.551014 seconds.

chan =

    30

Elapsed time is 278.847438 seconds.

chan =

    31

Elapsed time is 272.717104 seconds.

chan =

    32

Elapsed time is 287.943259 seconds.

chan =

    33

Elapsed time is 276.990207 seconds.

chan =

    34

Elapsed time is 288.885009 seconds.

chan =

    35

Elapsed time is 287.396931 seconds.

chan =

    36

Elapsed time is 289.299074 seconds.

chan =

    37

Elapsed time is 277.939433 seconds.

chan =

    38

Elapsed time is 290.973600 seconds.

chan =

    39

Elapsed time is 283.406452 seconds.

chan =

    40

Elapsed time is 270.714984 seconds.

chan =

    41

Elapsed time is 274.424149 seconds.

chan =

    42

Elapsed time is 262.822748 seconds.

chan =

    43

Elapsed time is 262.309834 seconds.

chan =

    44

Elapsed time is 265.365781 seconds.

chan =

    45

Elapsed time is 261.585642 seconds.

chan =

    46

Elapsed time is 263.559809 seconds.

chan =

    47

Elapsed time is 271.146029 seconds.

chan =

    48

Elapsed time is 280.854677 seconds.

chan =

    49

Elapsed time is 283.201288 seconds.

chan =

    50

Elapsed time is 272.303664 seconds.

chan =

    51

Elapsed time is 265.654340 seconds.

chan =

    52

Elapsed time is 260.299134 seconds.

chan =

    53

Elapsed time is 258.194928 seconds.

chan =

    54

Elapsed time is 259.736173 seconds.

chan =

    55

Elapsed time is 261.228621 seconds.

chan =

    56

Elapsed time is 258.420883 seconds.

chan =

    57

Elapsed time is 261.563188 seconds.

chan =

    58

Elapsed time is 261.672602 seconds.

chan =

    59

Elapsed time is 261.221392 seconds.

chan =

    60

Elapsed time is 262.877826 seconds.

chan =

    61

Elapsed time is 263.416324 seconds.

chan =

    62

Elapsed time is 262.371153 seconds.

chan =

    63

Elapsed time is 262.636258 seconds.

chan =

    64

Elapsed time is 264.825761 seconds.

chan =

    65

Elapsed time is 260.298056 seconds.

chan =

    66

Elapsed time is 251.958043 seconds.

chan =

    67

Elapsed time is 243.004476 seconds.

chan =

    68

Elapsed time is 241.232382 seconds.

chan =

    69

Elapsed time is 247.651017 seconds.

chan =

    70

Elapsed time is 248.875165 seconds.

chan =

    71

Elapsed time is 248.267756 seconds.

chan =

    72

Elapsed time is 246.523844 seconds.

chan =

    73

Elapsed time is 241.384280 seconds.

chan =

    74

Elapsed time is 245.512512 seconds.

chan =

    75

Elapsed time is 245.537575 seconds.

chan =

    76

Elapsed time is 244.237730 seconds.

chan =

    77

Elapsed time is 246.898737 seconds.

chan =

    78

Elapsed time is 244.172792 seconds.

chan =

    79

Elapsed time is 247.393216 seconds.

chan =

    80

Elapsed time is 246.691203 seconds.

chan =

    81

Elapsed time is 246.970824 seconds.

chan =

    82

Elapsed time is 248.010985 seconds.

chan =

    83

Elapsed time is 248.000891 seconds.

chan =

    84

Elapsed time is 245.964779 seconds.

chan =

    85

Elapsed time is 241.780785 seconds.

chan =

    86

Elapsed time is 239.375013 seconds.

chan =

    87

Elapsed time is 239.166900 seconds.

chan =

    88

Elapsed time is 238.271566 seconds.

chan =

    89

Elapsed time is 239.172585 seconds.

chan =

    90

Elapsed time is 238.817162 seconds.

chan =

    91

Elapsed time is 267.423344 seconds.

chan =

    92

Elapsed time is 271.427222 seconds.

chan =

    93

Elapsed time is 260.437349 seconds.

chan =

    94

Elapsed time is 272.841547 seconds.

chan =

    95

Elapsed time is 273.367132 seconds.

chan =

    96

Elapsed time is 276.340143 seconds.

chan =

    97

Elapsed time is 273.857282 seconds.

chan =

    98

Elapsed time is 275.513249 seconds.

chan =

    99

Elapsed time is 274.538108 seconds.

chan =

   100

Elapsed time is 270.048699 seconds.

chan =

   101

Elapsed time is 258.904466 seconds.

chan =

   102

Elapsed time is 273.524005 seconds.

chan =

   103

Elapsed time is 274.308893 seconds.

chan =

   104

Elapsed time is 271.093379 seconds.

chan =

   105

Elapsed time is 272.472731 seconds.

chan =

   106

Elapsed time is 269.371259 seconds.

chan =

   107

Elapsed time is 246.862138 seconds.

chan =

   108

Elapsed time is 231.879968 seconds.

chan =

   109

Elapsed time is 276.696122 seconds.

