getting started: 3005
attempting file: 3005
going for OH30 104
data loaded: OH30 104
HFB already done

chan =

     1

Elapsed time is 465.117863 seconds.

chan =

     2

Elapsed time is 466.193840 seconds.

chan =

     3

Elapsed time is 462.428752 seconds.

chan =

     4

Elapsed time is 466.626391 seconds.

chan =

     5

Elapsed time is 467.140315 seconds.

chan =

     6

Elapsed time is 459.665854 seconds.

chan =

     7

Elapsed time is 461.623579 seconds.

chan =

     8

Elapsed time is 461.385320 seconds.

chan =

     9

Elapsed time is 455.959691 seconds.

chan =

    10

Elapsed time is 454.788124 seconds.

chan =

    11

Elapsed time is 455.318059 seconds.

chan =

    12

Elapsed time is 456.466583 seconds.

chan =

    13

Elapsed time is 453.321970 seconds.

chan =

    14

Elapsed time is 456.670430 seconds.

chan =

    15

Elapsed time is 456.012136 seconds.

chan =

    16

Elapsed time is 456.969017 seconds.

chan =

    17

Elapsed time is 453.656579 seconds.

chan =

    18

Elapsed time is 459.910314 seconds.

chan =

    19

Elapsed time is 457.674765 seconds.

chan =

    20

Elapsed time is 459.422995 seconds.

chan =

    21

Elapsed time is 457.501996 seconds.

chan =

    22

Elapsed time is 456.962629 seconds.

chan =

    23

Elapsed time is 455.583838 seconds.

chan =

    24

Elapsed time is 457.674979 seconds.

chan =

    25

Elapsed time is 455.806916 seconds.

chan =

    26

Elapsed time is 456.122678 seconds.

chan =

    27

Elapsed time is 453.749020 seconds.

chan =

    28

Elapsed time is 455.355730 seconds.

chan =

    29

Elapsed time is 458.289964 seconds.

chan =

    30

Elapsed time is 456.631020 seconds.

chan =

    31

Elapsed time is 455.081704 seconds.

chan =

    32

Elapsed time is 454.798640 seconds.

chan =

    33

Elapsed time is 448.747771 seconds.

chan =

    34

Elapsed time is 452.077799 seconds.

chan =

    35

Elapsed time is 446.160383 seconds.

chan =

    36

Elapsed time is 451.760048 seconds.

chan =

    37

Elapsed time is 449.817847 seconds.

chan =

    38

Elapsed time is 448.735922 seconds.

chan =

    39

Elapsed time is 446.132705 seconds.

chan =

    40

Elapsed time is 452.215096 seconds.

chan =

    41

Elapsed time is 447.929246 seconds.

chan =

    42

Elapsed time is 450.178896 seconds.

chan =

    43

Elapsed time is 446.726293 seconds.

chan =

    44

Elapsed time is 447.597818 seconds.

chan =

    45

Elapsed time is 451.088026 seconds.

chan =

    46

Elapsed time is 450.316759 seconds.

chan =

    47

Elapsed time is 451.084332 seconds.

chan =

    48

Elapsed time is 450.801451 seconds.

chan =

    49

Elapsed time is 450.121566 seconds.

chan =

    50

Elapsed time is 452.495952 seconds.

chan =

    51

Elapsed time is 449.600974 seconds.

chan =

    52

Elapsed time is 451.300073 seconds.

chan =

    53

Elapsed time is 450.478410 seconds.

chan =

    54

Elapsed time is 450.973039 seconds.

chan =

    55

Elapsed time is 450.396862 seconds.

chan =

    56

Elapsed time is 450.309453 seconds.

chan =

    57

Elapsed time is 452.933917 seconds.

chan =

    58

Elapsed time is 451.039303 seconds.

chan =

    59

Elapsed time is 448.531249 seconds.

chan =

    60

Elapsed time is 450.935931 seconds.

chan =

    61

Elapsed time is 452.586376 seconds.

chan =

    62

Elapsed time is 451.556820 seconds.

chan =

    63

Elapsed time is 450.960315 seconds.

chan =

    64

Elapsed time is 451.823661 seconds.

chan =

    65

Elapsed time is 453.172471 seconds.

chan =

    66

Elapsed time is 451.562463 seconds.

chan =

    67

Elapsed time is 448.108573 seconds.

chan =

    68

Elapsed time is 451.689028 seconds.

chan =

    69

Elapsed time is 446.823606 seconds.

chan =

    70

Elapsed time is 449.972264 seconds.

chan =

    71

Elapsed time is 449.592711 seconds.

chan =

    72

Elapsed time is 452.243949 seconds.

chan =

    73

Elapsed time is 452.442724 seconds.

chan =

    74

Elapsed time is 450.722708 seconds.

chan =

    75

Elapsed time is 448.810332 seconds.

chan =

    76

Elapsed time is 451.607579 seconds.

chan =

    77

Elapsed time is 448.973852 seconds.

chan =

    78

Elapsed time is 450.478574 seconds.

chan =

    79

Elapsed time is 447.197295 seconds.

chan =

    80

Elapsed time is 450.575988 seconds.

chan =

    81

Elapsed time is 450.324198 seconds.

chan =

    82

Elapsed time is 446.546137 seconds.

chan =

    83

Elapsed time is 451.208012 seconds.

chan =

    84

Elapsed time is 451.596729 seconds.

chan =

    85

Elapsed time is 449.811120 seconds.

chan =

    86

Elapsed time is 450.248166 seconds.

chan =

    87

Elapsed time is 447.709778 seconds.

chan =

    88

Elapsed time is 450.844633 seconds.

chan =

    89

Elapsed time is 453.674516 seconds.

chan =

    90

Elapsed time is 454.015789 seconds.

chan =

    91

Elapsed time is 452.908022 seconds.

chan =

    92

Elapsed time is 451.687499 seconds.

chan =

    93

Elapsed time is 451.210942 seconds.

chan =

    94

Elapsed time is 451.287894 seconds.

chan =

    95

Elapsed time is 451.030983 seconds.

chan =

    96

Elapsed time is 452.617013 seconds.

chan =

    97

Elapsed time is 451.921786 seconds.

chan =

    98

Elapsed time is 454.864012 seconds.

chan =

    99

Elapsed time is 452.967166 seconds.

chan =

   100

Elapsed time is 452.452240 seconds.

chan =

   101

Elapsed time is 430.867257 seconds.

chan =

   102

Elapsed time is 449.118649 seconds.

chan =

   103

Elapsed time is 490.006976 seconds.

chan =

   104

Elapsed time is 490.683470 seconds.

chan =

   105

Elapsed time is 466.825548 seconds.

chan =

   106

Elapsed time is 491.002700 seconds.

chan =

   107

Elapsed time is 481.526053 seconds.

chan =

   108

Elapsed time is 487.944203 seconds.

chan =

   109

Elapsed time is 487.734736 seconds.

chan =

   110

Elapsed time is 444.383581 seconds.

chan =

   111

Elapsed time is 402.740320 seconds.

chan =

   112

Elapsed time is 406.294660 seconds.

chan =

   113

Elapsed time is 406.617287 seconds.

chan =

   114

Elapsed time is 404.593997 seconds.

chan =

   115

Elapsed time is 403.048113 seconds.

chan =

   116

Elapsed time is 402.773943 seconds.

chan =

   117

Elapsed time is 404.697282 seconds.

chan =

   118

Elapsed time is 403.001505 seconds.

chan =

   119

Elapsed time is 406.196954 seconds.

chan =

   120

Elapsed time is 403.326913 seconds.

chan =

   121

Elapsed time is 406.081210 seconds.

chan =

   122

Elapsed time is 406.490186 seconds.

chan =

   123

Elapsed time is 405.476494 seconds.

chan =

   124

Elapsed time is 406.247829 seconds.

chan =

   125

Elapsed time is 407.598765 seconds.

chan =

   126

Elapsed time is 405.824162 seconds.

chan =

   127

Elapsed time is 405.659539 seconds.

chan =

   128

Elapsed time is 403.829721 seconds.

chan =

   129

Elapsed time is 403.147737 seconds.

chan =

   130

Elapsed time is 402.147212 seconds.

chan =

   131

Elapsed time is 400.874627 seconds.

chan =

   132

Elapsed time is 403.893181 seconds.

chan =

   133

Elapsed time is 405.402366 seconds.

chan =

   134

Elapsed time is 407.290045 seconds.

chan =

   135

Elapsed time is 406.217458 seconds.

chan =

   136

Elapsed time is 405.903627 seconds.

chan =

   137

Elapsed time is 406.245026 seconds.

chan =

   138

Elapsed time is 407.973936 seconds.

chan =

   139

Elapsed time is 402.008744 seconds.
attempting saving
save success: /projects/p31578/dtf8829/QuestConnect/CHANDAT/chanDat_OH30_104.mat
working on TF
encoding done
encoding RT done
