getting started: 3294
attempting file: 3294
going for SD5 43
data loaded: SD5 43
HFB already done

chan =

     1

Elapsed time is 301.455034 seconds.

chan =

     2

Elapsed time is 307.241894 seconds.

chan =

     3

Elapsed time is 304.814575 seconds.

chan =

     4

Elapsed time is 301.446084 seconds.

chan =

     5

Elapsed time is 301.338565 seconds.

chan =

     6

Elapsed time is 295.931077 seconds.

chan =

     7

Elapsed time is 298.287741 seconds.

chan =

     8

Elapsed time is 295.975091 seconds.

chan =

     9

Elapsed time is 297.757948 seconds.

chan =

    10

Elapsed time is 296.401782 seconds.

chan =

    11

Elapsed time is 298.050753 seconds.

chan =

    12

Elapsed time is 295.339813 seconds.

chan =

    13

Elapsed time is 296.828634 seconds.

chan =

    14

Elapsed time is 292.970984 seconds.

chan =

    15

Elapsed time is 295.805139 seconds.

chan =

    16

Elapsed time is 292.750252 seconds.

chan =

    17

Elapsed time is 294.789796 seconds.

chan =

    18

Elapsed time is 292.701972 seconds.

chan =

    19

Elapsed time is 294.487633 seconds.

chan =

    20

Elapsed time is 291.219775 seconds.

chan =

    21

Elapsed time is 292.297918 seconds.

chan =

    22

Elapsed time is 296.417491 seconds.

chan =

    23

Elapsed time is 303.622339 seconds.

chan =

    24

Elapsed time is 302.224837 seconds.

chan =

    25

Elapsed time is 302.581704 seconds.

chan =

    26

Elapsed time is 302.564029 seconds.

chan =

    27

Elapsed time is 303.557975 seconds.

chan =

    28

Elapsed time is 295.772772 seconds.

chan =

    29

Elapsed time is 297.618066 seconds.

chan =

    30

Elapsed time is 298.445880 seconds.

chan =

    31

Elapsed time is 297.673049 seconds.

chan =

    32

Elapsed time is 294.555437 seconds.

chan =

    33

Elapsed time is 290.864130 seconds.

chan =

    34

Elapsed time is 293.519306 seconds.

chan =

    35

Elapsed time is 291.810687 seconds.

chan =

    36

Elapsed time is 289.220020 seconds.

chan =

    37

Elapsed time is 277.311949 seconds.

chan =

    38

Elapsed time is 287.578260 seconds.

chan =

    39

Elapsed time is 267.413743 seconds.

chan =

    40

Elapsed time is 267.678175 seconds.

chan =

    41

Elapsed time is 269.822697 seconds.

chan =

    42

Elapsed time is 261.325313 seconds.

chan =

    43

Elapsed time is 274.647639 seconds.

chan =

    44

Elapsed time is 265.653261 seconds.

chan =

    45

Elapsed time is 257.436244 seconds.

chan =

    46

Elapsed time is 267.415271 seconds.

chan =

    47

Elapsed time is 269.493377 seconds.

chan =

    48

Elapsed time is 243.163941 seconds.

chan =

    49

Elapsed time is 233.422188 seconds.

chan =

    50

Elapsed time is 228.142551 seconds.

chan =

    51

Elapsed time is 228.836471 seconds.

chan =

    52

Elapsed time is 228.007447 seconds.

chan =

    53

Elapsed time is 228.701349 seconds.

chan =

    54

Elapsed time is 237.199989 seconds.

chan =

    55

Elapsed time is 233.998810 seconds.

chan =

    56

Elapsed time is 227.922048 seconds.

chan =

    57

Elapsed time is 232.935094 seconds.

chan =

    58

Elapsed time is 242.154863 seconds.

chan =

    59

Elapsed time is 243.715630 seconds.

chan =

    60

Elapsed time is 244.120547 seconds.

chan =

    61

Elapsed time is 243.575065 seconds.

chan =

    62

Elapsed time is 242.705133 seconds.

chan =

    63

Elapsed time is 244.019218 seconds.

chan =

    64

Elapsed time is 244.302241 seconds.

chan =

    65

Elapsed time is 244.738187 seconds.

chan =

    66

Elapsed time is 242.839293 seconds.

chan =

    67

Elapsed time is 242.982304 seconds.

chan =

    68

Elapsed time is 244.623903 seconds.

chan =

    69

Elapsed time is 244.441009 seconds.

chan =

    70

Elapsed time is 243.897028 seconds.

chan =

    71

Elapsed time is 243.737662 seconds.

chan =

    72

Elapsed time is 246.496217 seconds.

chan =

    73

Elapsed time is 236.298720 seconds.

chan =

    74

Elapsed time is 231.344397 seconds.

chan =

    75

Elapsed time is 232.173731 seconds.

chan =

    76

Elapsed time is 236.544103 seconds.

chan =

    77

Elapsed time is 235.734246 seconds.

chan =

    78

Elapsed time is 230.763024 seconds.

chan =

    79

Elapsed time is 230.608193 seconds.

chan =

    80

Elapsed time is 332.071732 seconds.

chan =

    81

Elapsed time is 343.039112 seconds.

chan =

    82

Elapsed time is 343.624690 seconds.

chan =

    83

Elapsed time is 344.620729 seconds.

chan =

    84

Elapsed time is 335.512899 seconds.

chan =

    85

Elapsed time is 343.555568 seconds.

chan =

    86

Elapsed time is 332.078536 seconds.

chan =

    87

Elapsed time is 341.735492 seconds.

chan =

    88

Elapsed time is 335.328582 seconds.

chan =

    89

Elapsed time is 338.155749 seconds.

chan =

    90

Elapsed time is 333.113384 seconds.

chan =

    91

Elapsed time is 344.818594 seconds.

chan =

    92

Elapsed time is 329.610535 seconds.

chan =

    93

Elapsed time is 336.147843 seconds.

chan =

    94

Elapsed time is 332.617493 seconds.

chan =

    95

Elapsed time is 330.424471 seconds.

chan =

    96

Elapsed time is 332.017740 seconds.

chan =

    97

Elapsed time is 341.607651 seconds.

chan =

    98

Elapsed time is 332.830038 seconds.

chan =

    99

Elapsed time is 333.535311 seconds.

chan =

   100

Elapsed time is 343.048076 seconds.

chan =

   101

Elapsed time is 274.835749 seconds.

chan =

   102

Elapsed time is 245.425795 seconds.

chan =

   103

Elapsed time is 255.477105 seconds.

chan =

   104

Elapsed time is 253.331181 seconds.

chan =

   105

Elapsed time is 229.955551 seconds.

chan =

   106

Elapsed time is 259.765119 seconds.

chan =

   107

Elapsed time is 265.082737 seconds.

chan =

   108

Elapsed time is 251.768553 seconds.

chan =

   109

Elapsed time is 228.118935 seconds.

