getting started: 3639
attempting file: 3639
going for SLCH010 45
data loaded: SLCH010 45
HFB already done

chan =

     1

Elapsed time is 553.993258 seconds.

chan =

     2

Elapsed time is 547.928427 seconds.

chan =

     3

Elapsed time is 587.618467 seconds.

chan =

     4

Elapsed time is 595.644515 seconds.

chan =

     5

Elapsed time is 593.568742 seconds.

chan =

     6

Elapsed time is 593.316583 seconds.

chan =

     7

Elapsed time is 593.928540 seconds.

chan =

     8

Elapsed time is 594.072786 seconds.

chan =

     9

Elapsed time is 595.437542 seconds.

chan =

    10

Elapsed time is 586.914003 seconds.

chan =

    11

Elapsed time is 582.490986 seconds.

chan =

    12

Elapsed time is 563.589292 seconds.

chan =

    13

Elapsed time is 556.653555 seconds.

chan =

    14

Elapsed time is 557.643672 seconds.

chan =

    15

Elapsed time is 543.507961 seconds.

chan =

    16

Elapsed time is 553.438670 seconds.

chan =

    17

Elapsed time is 569.971721 seconds.

chan =

    18

Elapsed time is 566.863483 seconds.

chan =

    19

Elapsed time is 568.702571 seconds.

chan =

    20

Elapsed time is 579.819658 seconds.

chan =

    21

Elapsed time is 567.820518 seconds.

chan =

    22

Elapsed time is 562.590809 seconds.

chan =

    23

Elapsed time is 699.340404 seconds.

chan =

    24

Elapsed time is 715.960136 seconds.

chan =

    25

Elapsed time is 711.446092 seconds.

chan =

    26

Elapsed time is 715.005350 seconds.

chan =

    27

Elapsed time is 707.821461 seconds.

chan =

    28

Elapsed time is 713.379917 seconds.

chan =

    29

Elapsed time is 713.928667 seconds.

chan =

    30

Elapsed time is 705.441092 seconds.

chan =

    31

Elapsed time is 715.586926 seconds.

chan =

    32

Elapsed time is 707.179926 seconds.

chan =

    33

Elapsed time is 720.155366 seconds.

chan =

    34

Elapsed time is 709.713331 seconds.

chan =

    35

Elapsed time is 714.220873 seconds.

chan =

    36

Elapsed time is 712.077076 seconds.

chan =

    37

Elapsed time is 713.349366 seconds.

chan =

    38

Elapsed time is 713.675656 seconds.

chan =

    39

Elapsed time is 715.066360 seconds.

chan =

    40

Elapsed time is 717.335632 seconds.

chan =

    41

Elapsed time is 710.425940 seconds.

chan =

    42

Elapsed time is 718.934060 seconds.

chan =

    43

Elapsed time is 691.462504 seconds.

chan =

    44

Elapsed time is 672.796286 seconds.

chan =

    45

Elapsed time is 668.861115 seconds.

chan =

    46

Elapsed time is 673.776249 seconds.

chan =

    47

Elapsed time is 665.362176 seconds.

chan =

    48

Elapsed time is 668.897696 seconds.

chan =

    49

Elapsed time is 673.286713 seconds.

chan =

    50

Elapsed time is 672.675344 seconds.

chan =

    51

Elapsed time is 686.698869 seconds.

chan =

    52

Elapsed time is 681.078662 seconds.

chan =

    53

Elapsed time is 675.821098 seconds.

chan =

    54

Elapsed time is 679.136937 seconds.

chan =

    55

Elapsed time is 630.140484 seconds.

chan =

    56

Elapsed time is 571.206027 seconds.

chan =

    57

Elapsed time is 569.705033 seconds.

chan =

    58

Elapsed time is 568.636940 seconds.

chan =

    59

Elapsed time is 575.494108 seconds.

chan =

    60

Elapsed time is 580.756856 seconds.

chan =

    61

Elapsed time is 581.624826 seconds.

chan =

    62

Elapsed time is 581.945046 seconds.

chan =

    63

Elapsed time is 582.505740 seconds.

chan =

    64

Elapsed time is 583.062799 seconds.

chan =

    65

Elapsed time is 585.495974 seconds.

chan =

    66

Elapsed time is 588.564887 seconds.

chan =

    67

Elapsed time is 589.570261 seconds.

chan =

    68

Elapsed time is 590.788637 seconds.

chan =

    69

Elapsed time is 587.686467 seconds.

chan =

    70

Elapsed time is 589.041270 seconds.

chan =

    71

Elapsed time is 578.411994 seconds.

chan =

    72

Elapsed time is 579.244802 seconds.

chan =

    73

Elapsed time is 578.617734 seconds.

chan =

    74

Elapsed time is 577.937467 seconds.

chan =

    75

Elapsed time is 577.238280 seconds.

chan =

    76

Elapsed time is 577.957436 seconds.

chan =

    77

Elapsed time is 576.697313 seconds.

chan =

    78

Elapsed time is 577.504488 seconds.

chan =

    79

Elapsed time is 575.131152 seconds.

chan =

    80

Elapsed time is 577.460452 seconds.

chan =

    81

Elapsed time is 575.817228 seconds.

chan =

    82

Elapsed time is 572.381942 seconds.

chan =

    83

Elapsed time is 530.679766 seconds.

chan =

    84

Elapsed time is 525.801832 seconds.

chan =

    85

Elapsed time is 524.766572 seconds.

chan =

    86

Elapsed time is 524.320749 seconds.

chan =

    87

Elapsed time is 523.649893 seconds.

chan =

    88

Elapsed time is 530.361522 seconds.

chan =

    89

Elapsed time is 528.724901 seconds.

chan =

    90

Elapsed time is 529.444737 seconds.

chan =

    91

Elapsed time is 527.831707 seconds.

chan =

    92

Elapsed time is 527.947708 seconds.

chan =

    93

Elapsed time is 528.532676 seconds.

chan =

    94

Elapsed time is 528.669464 seconds.

chan =

    95

Elapsed time is 524.766546 seconds.

chan =

    96

Elapsed time is 526.339842 seconds.

chan =

    97

Elapsed time is 523.623424 seconds.

chan =

    98

Elapsed time is 528.590594 seconds.

chan =

    99

Elapsed time is 526.813353 seconds.

chan =

   100

Elapsed time is 528.889022 seconds.

chan =

   101

Elapsed time is 518.268000 seconds.

chan =

   102

Elapsed time is 519.599800 seconds.

chan =

   103

Elapsed time is 513.994246 seconds.

chan =

   104

Elapsed time is 514.730013 seconds.

chan =

   105

Elapsed time is 512.822365 seconds.

chan =

   106

Elapsed time is 513.997817 seconds.

chan =

   107

Elapsed time is 510.947093 seconds.

chan =

   108

Elapsed time is 512.332309 seconds.

chan =

   109

Elapsed time is 512.505734 seconds.

chan =

   110

Elapsed time is 512.882181 seconds.

chan =

   111

