getting started: 3351
attempting file: 3351
going for SD5 100
data loaded: SD5 100
HFB already done

chan =

     1

Elapsed time is 296.194415 seconds.

chan =

     2

Elapsed time is 319.627376 seconds.

chan =

     3

Elapsed time is 309.553324 seconds.

chan =

     4

Elapsed time is 318.218741 seconds.

chan =

     5

Elapsed time is 306.840235 seconds.

chan =

     6

Elapsed time is 307.375564 seconds.

chan =

     7

Elapsed time is 299.063351 seconds.

chan =

     8

Elapsed time is 303.885059 seconds.

chan =

     9

Elapsed time is 306.768335 seconds.

chan =

    10

Elapsed time is 303.426642 seconds.

chan =

    11

Elapsed time is 306.128811 seconds.

chan =

    12

Elapsed time is 304.313840 seconds.

chan =

    13

Elapsed time is 304.371649 seconds.

chan =

    14

Elapsed time is 306.651302 seconds.

chan =

    15

Elapsed time is 308.080209 seconds.

chan =

    16

Elapsed time is 306.930326 seconds.

chan =

    17

Elapsed time is 305.230887 seconds.

chan =

    18

Elapsed time is 305.293739 seconds.

chan =

    19

Elapsed time is 309.255535 seconds.

chan =

    20

Elapsed time is 305.595758 seconds.

chan =

    21

Elapsed time is 306.865947 seconds.

chan =

    22

Elapsed time is 304.965832 seconds.

chan =

    23

Elapsed time is 302.091667 seconds.

chan =

    24

Elapsed time is 306.685250 seconds.

chan =

    25

Elapsed time is 306.141467 seconds.

chan =

    26

Elapsed time is 300.469936 seconds.

chan =

    27

Elapsed time is 302.451958 seconds.

chan =

    28

Elapsed time is 289.321220 seconds.

chan =

    29

Elapsed time is 296.083970 seconds.

chan =

    30

Elapsed time is 306.045304 seconds.

chan =

    31

Elapsed time is 301.649907 seconds.

chan =

    32

Elapsed time is 304.413375 seconds.

chan =

    33

Elapsed time is 303.334920 seconds.

chan =

    34

Elapsed time is 302.973754 seconds.

chan =

    35

Elapsed time is 306.021766 seconds.

chan =

    36

Elapsed time is 298.413147 seconds.

chan =

    37

Elapsed time is 303.946951 seconds.

chan =

    38

Elapsed time is 302.291207 seconds.

chan =

    39

Elapsed time is 300.372822 seconds.

chan =

    40

Elapsed time is 301.909932 seconds.

chan =

    41

Elapsed time is 297.027511 seconds.

chan =

    42

Elapsed time is 301.980340 seconds.

chan =

    43

Elapsed time is 298.381250 seconds.

chan =

    44

Elapsed time is 299.027659 seconds.

chan =

    45

Elapsed time is 303.278271 seconds.

chan =

    46

Elapsed time is 302.605153 seconds.

chan =

    47

Elapsed time is 304.263007 seconds.

chan =

    48

Elapsed time is 301.925246 seconds.

chan =

    49

Elapsed time is 300.991416 seconds.

chan =

    50

Elapsed time is 302.284016 seconds.

chan =

    51

Elapsed time is 298.192908 seconds.

chan =

    52

Elapsed time is 303.190947 seconds.

chan =

    53

Elapsed time is 297.521088 seconds.

chan =

    54

Elapsed time is 298.297236 seconds.

chan =

    55

Elapsed time is 302.163483 seconds.

chan =

    56

Elapsed time is 300.325328 seconds.

chan =

    57

Elapsed time is 297.298433 seconds.

chan =

    58

Elapsed time is 300.382141 seconds.

chan =

    59

Elapsed time is 293.426465 seconds.

chan =

    60

Elapsed time is 303.778911 seconds.

chan =

    61

Elapsed time is 302.236353 seconds.

chan =

    62

Elapsed time is 295.656030 seconds.

chan =

    63

Elapsed time is 302.530355 seconds.

chan =

    64

Elapsed time is 292.394016 seconds.

chan =

    65

Elapsed time is 293.474978 seconds.

chan =

    66

Elapsed time is 301.092104 seconds.

chan =

    67

Elapsed time is 298.772276 seconds.

chan =

    68

Elapsed time is 301.748610 seconds.

chan =

    69

Elapsed time is 301.359944 seconds.

chan =

    70

Elapsed time is 298.198622 seconds.

chan =

    71

Elapsed time is 303.219790 seconds.

chan =

    72

Elapsed time is 300.180135 seconds.

chan =

    73

Elapsed time is 302.415391 seconds.

chan =

    74

Elapsed time is 303.837080 seconds.

chan =

    75

Elapsed time is 297.523205 seconds.

chan =

    76

Elapsed time is 302.779300 seconds.

chan =

    77

Elapsed time is 299.230968 seconds.

chan =

    78

Elapsed time is 301.267795 seconds.

chan =

    79

Elapsed time is 303.946902 seconds.

chan =

    80

Elapsed time is 295.567698 seconds.

chan =

    81

Elapsed time is 302.364728 seconds.

chan =

    82

Elapsed time is 300.790674 seconds.

chan =

    83

Elapsed time is 301.905474 seconds.

chan =

    84

Elapsed time is 304.565395 seconds.

chan =

    85

Elapsed time is 295.647030 seconds.

chan =

    86

Elapsed time is 302.603702 seconds.

chan =

    87

Elapsed time is 299.416390 seconds.

chan =

    88

Elapsed time is 303.307340 seconds.

chan =

    89

Elapsed time is 303.941624 seconds.

chan =

    90

Elapsed time is 301.289328 seconds.

chan =

    91

Elapsed time is 301.904116 seconds.

chan =

    92

Elapsed time is 302.799761 seconds.

chan =

    93

Elapsed time is 303.065347 seconds.

chan =

    94

Elapsed time is 303.462421 seconds.

chan =

    95

Elapsed time is 296.674501 seconds.

chan =

    96

Elapsed time is 302.823923 seconds.

chan =

    97

Elapsed time is 275.241730 seconds.

chan =

    98

Elapsed time is 252.804822 seconds.

chan =

    99

Elapsed time is 257.069105 seconds.

chan =

   100

Elapsed time is 247.598448 seconds.

chan =

   101

Elapsed time is 233.933929 seconds.

chan =

   102

Elapsed time is 246.033727 seconds.

chan =

   103

Elapsed time is 265.067420 seconds.

chan =

   104

Elapsed time is 267.912423 seconds.

chan =

   105

Elapsed time is 267.927311 seconds.

chan =

   106

Elapsed time is 267.765617 seconds.

chan =

   107

Elapsed time is 266.705893 seconds.

chan =

   108

Elapsed time is 268.466314 seconds.

chan =

   109

Elapsed time is 266.590307 seconds.

