getting started: 3691
attempting file: 3691
going for SLCH010 97
data loaded: SLCH010 97
HFB already done

chan =

     1

Elapsed time is 591.324495 seconds.

chan =

     2

Elapsed time is 593.676458 seconds.

chan =

     3

Elapsed time is 592.992296 seconds.

chan =

     4

Elapsed time is 590.681266 seconds.

chan =

     5

Elapsed time is 587.701275 seconds.

chan =

     6

Elapsed time is 591.842380 seconds.

chan =

     7

Elapsed time is 597.914968 seconds.

chan =

     8

Elapsed time is 601.404287 seconds.

chan =

     9

Elapsed time is 598.620539 seconds.

chan =

    10

Elapsed time is 600.867135 seconds.

chan =

    11

Elapsed time is 596.870668 seconds.

chan =

    12

Elapsed time is 599.405336 seconds.

chan =

    13

Elapsed time is 597.757832 seconds.

chan =

    14

Elapsed time is 598.607228 seconds.

chan =

    15

Elapsed time is 597.032903 seconds.

chan =

    16

Elapsed time is 593.695096 seconds.

chan =

    17

Elapsed time is 565.335419 seconds.

chan =

    18

Elapsed time is 565.695380 seconds.

chan =

    19

Elapsed time is 563.193259 seconds.

chan =

    20

Elapsed time is 564.086014 seconds.

chan =

    21

Elapsed time is 564.910501 seconds.

chan =

    22

Elapsed time is 579.582482 seconds.

chan =

    23

Elapsed time is 675.554080 seconds.

chan =

    24

Elapsed time is 684.141119 seconds.

chan =

    25

Elapsed time is 651.531456 seconds.

chan =

    26

Elapsed time is 658.915651 seconds.

chan =

    27

Elapsed time is 656.526076 seconds.

chan =

    28

Elapsed time is 659.702295 seconds.

chan =

    29

Elapsed time is 653.626486 seconds.

chan =

    30

Elapsed time is 654.914646 seconds.

chan =

    31

Elapsed time is 653.213285 seconds.

chan =

    32

Elapsed time is 649.582896 seconds.

chan =

    33

Elapsed time is 674.758613 seconds.

chan =

    34

Elapsed time is 684.984419 seconds.

chan =

    35

Elapsed time is 675.560268 seconds.

chan =

    36

Elapsed time is 686.529826 seconds.

chan =

    37

Elapsed time is 683.757649 seconds.

chan =

    38

Elapsed time is 678.924714 seconds.

chan =

    39

Elapsed time is 683.914097 seconds.

chan =

    40

Elapsed time is 679.193689 seconds.

chan =

    41

Elapsed time is 683.456577 seconds.

chan =

    42

Elapsed time is 677.694279 seconds.

chan =

    43

Elapsed time is 680.531486 seconds.

chan =

    44

Elapsed time is 681.335856 seconds.

chan =

    45

Elapsed time is 672.606785 seconds.

chan =

    46

Elapsed time is 682.666779 seconds.

chan =

    47

Elapsed time is 671.450197 seconds.

chan =

    48

Elapsed time is 677.469328 seconds.

chan =

    49

Elapsed time is 670.778469 seconds.

chan =

    50

Elapsed time is 666.530857 seconds.

chan =

    51

Elapsed time is 674.095076 seconds.

chan =

    52

Elapsed time is 676.705638 seconds.

chan =

    53

Elapsed time is 668.516572 seconds.

chan =

    54

Elapsed time is 649.642139 seconds.

chan =

    55

Elapsed time is 640.548846 seconds.

chan =

    56

Elapsed time is 637.885083 seconds.

chan =

    57

Elapsed time is 637.994897 seconds.

chan =

    58

Elapsed time is 638.102028 seconds.

chan =

    59

Elapsed time is 635.016476 seconds.

chan =

    60

Elapsed time is 640.898798 seconds.

chan =

    61

Elapsed time is 634.154316 seconds.

chan =

    62

Elapsed time is 642.155791 seconds.

chan =

    63

Elapsed time is 645.764484 seconds.

chan =

    64

Elapsed time is 642.127002 seconds.

chan =

    65

Elapsed time is 640.981127 seconds.

chan =

    66

Elapsed time is 630.694542 seconds.

chan =

    67

Elapsed time is 645.525265 seconds.

chan =

    68

Elapsed time is 645.897632 seconds.

chan =

    69

Elapsed time is 641.537154 seconds.

chan =

    70

Elapsed time is 631.107951 seconds.

chan =

    71

Elapsed time is 636.116152 seconds.

chan =

    72

Elapsed time is 645.001787 seconds.

chan =

    73

Elapsed time is 630.716097 seconds.

chan =

    74

Elapsed time is 639.145682 seconds.

chan =

    75

Elapsed time is 631.833579 seconds.

chan =

    76

Elapsed time is 571.069576 seconds.

chan =

    77

Elapsed time is 535.277001 seconds.

chan =

    78

Elapsed time is 536.487347 seconds.

chan =

    79

Elapsed time is 534.082906 seconds.

chan =

    80

Elapsed time is 535.683909 seconds.

chan =

    81

Elapsed time is 535.883195 seconds.

chan =

    82

Elapsed time is 533.973289 seconds.

chan =

    83

Elapsed time is 534.391179 seconds.

chan =

    84

Elapsed time is 536.728097 seconds.

chan =

    85

Elapsed time is 535.640213 seconds.

chan =

    86

Elapsed time is 534.053329 seconds.

chan =

    87

Elapsed time is 529.321109 seconds.

chan =

    88

Elapsed time is 519.533774 seconds.

chan =

    89

Elapsed time is 521.160662 seconds.

chan =

    90

Elapsed time is 520.273487 seconds.

chan =

    91

Elapsed time is 520.137897 seconds.

chan =

    92

Elapsed time is 523.743202 seconds.

chan =

    93

Elapsed time is 520.683550 seconds.

chan =

    94

Elapsed time is 522.197304 seconds.

chan =

    95

Elapsed time is 519.933750 seconds.

chan =

    96

Elapsed time is 519.555552 seconds.

chan =

    97

Elapsed time is 519.013804 seconds.

chan =

    98

Elapsed time is 521.733185 seconds.

chan =

    99

Elapsed time is 519.606085 seconds.

chan =

   100

Elapsed time is 521.368230 seconds.

chan =

   101

Elapsed time is 520.780243 seconds.

chan =

   102

Elapsed time is 522.933562 seconds.

chan =

   103

Elapsed time is 521.929663 seconds.

chan =

   104

Elapsed time is 521.336739 seconds.

chan =

   105

Elapsed time is 507.231958 seconds.

chan =

   106

Elapsed time is 476.984963 seconds.

chan =

   107

Elapsed time is 469.833026 seconds.

chan =

   108

Elapsed time is 471.939555 seconds.

chan =

   109

Elapsed time is 472.519820 seconds.

chan =

   110

Elapsed time is 473.902488 seconds.

chan =

   111

