getting started: 3665
attempting file: 3665
going for SLCH010 71
data loaded: SLCH010 71
HFB already done

chan =

     1

Elapsed time is 660.172938 seconds.

chan =

     2

Elapsed time is 629.564897 seconds.

chan =

     3

Elapsed time is 613.443760 seconds.

chan =

     4

Elapsed time is 613.808982 seconds.

chan =

     5

Elapsed time is 609.858183 seconds.

chan =

     6

Elapsed time is 605.705385 seconds.

chan =

     7

Elapsed time is 607.712655 seconds.

chan =

     8

Elapsed time is 609.057731 seconds.

chan =

     9

Elapsed time is 617.164293 seconds.

chan =

    10

Elapsed time is 644.925757 seconds.

chan =

    11

Elapsed time is 637.589066 seconds.

chan =

    12

Elapsed time is 632.762709 seconds.

chan =

    13

Elapsed time is 635.651923 seconds.

chan =

    14

Elapsed time is 634.415764 seconds.

chan =

    15

Elapsed time is 621.870584 seconds.

chan =

    16

Elapsed time is 631.238722 seconds.

chan =

    17

Elapsed time is 630.064953 seconds.

chan =

    18

Elapsed time is 629.755281 seconds.

chan =

    19

Elapsed time is 626.386872 seconds.

chan =

    20

Elapsed time is 633.542195 seconds.

chan =

    21

Elapsed time is 614.915750 seconds.

chan =

    22

Elapsed time is 603.395117 seconds.

chan =

    23

Elapsed time is 604.005769 seconds.

chan =

    24

Elapsed time is 603.621450 seconds.

chan =

    25

Elapsed time is 606.128167 seconds.

chan =

    26

Elapsed time is 603.190489 seconds.

chan =

    27

Elapsed time is 601.368400 seconds.

chan =

    28

Elapsed time is 600.608376 seconds.

chan =

    29

Elapsed time is 598.512396 seconds.

chan =

    30

Elapsed time is 599.717868 seconds.

chan =

    31

Elapsed time is 598.216962 seconds.

chan =

    32

Elapsed time is 597.267192 seconds.

chan =

    33

Elapsed time is 598.886336 seconds.

chan =

    34

Elapsed time is 559.994116 seconds.

chan =

    35

Elapsed time is 698.489203 seconds.

chan =

    36

Elapsed time is 710.817738 seconds.

chan =

    37

Elapsed time is 687.397342 seconds.

chan =

    38

Elapsed time is 551.777503 seconds.

chan =

    39

Elapsed time is 509.011795 seconds.

chan =

    40

Elapsed time is 580.844934 seconds.

chan =

    41

Elapsed time is 575.473897 seconds.

chan =

    42

Elapsed time is 553.400636 seconds.

chan =

    43

Elapsed time is 556.497856 seconds.

chan =

    44

Elapsed time is 567.657151 seconds.

chan =

    45

Elapsed time is 547.830198 seconds.

chan =

    46

Elapsed time is 466.025571 seconds.

chan =

    47

Elapsed time is 468.328511 seconds.

chan =

    48

Elapsed time is 472.304795 seconds.

chan =

    49

Elapsed time is 482.771007 seconds.

chan =

    50

Elapsed time is 499.316837 seconds.

chan =

    51

Elapsed time is 525.255487 seconds.

chan =

    52

Elapsed time is 527.621075 seconds.

chan =

    53

Elapsed time is 523.779689 seconds.

chan =

    54

Elapsed time is 526.167305 seconds.

chan =

    55

Elapsed time is 501.503916 seconds.

chan =

    56

Elapsed time is 534.806745 seconds.

chan =

    57

Elapsed time is 571.116478 seconds.

chan =

    58

Elapsed time is 543.953051 seconds.

chan =

    59

Elapsed time is 567.216716 seconds.

chan =

    60

Elapsed time is 567.769916 seconds.

chan =

    61

Elapsed time is 570.182855 seconds.

chan =

    62

Elapsed time is 570.239637 seconds.

chan =

    63

Elapsed time is 537.294611 seconds.

chan =

    64

Elapsed time is 466.425461 seconds.

chan =

    65

Elapsed time is 510.636205 seconds.

chan =

    66

Elapsed time is 517.836818 seconds.

chan =

    67

Elapsed time is 469.989141 seconds.

chan =

    68

Elapsed time is 472.071022 seconds.

chan =

    69

Elapsed time is 470.855034 seconds.

chan =

    70

Elapsed time is 469.566663 seconds.

chan =

    71

Elapsed time is 471.532427 seconds.

chan =

    72

Elapsed time is 471.370566 seconds.

chan =

    73

Elapsed time is 471.495908 seconds.

chan =

    74

Elapsed time is 471.267104 seconds.

chan =

    75

Elapsed time is 469.943670 seconds.

chan =

    76

Elapsed time is 471.982252 seconds.

chan =

    77

Elapsed time is 469.512974 seconds.

chan =

    78

Elapsed time is 468.085200 seconds.

chan =

    79

Elapsed time is 465.092362 seconds.

chan =

    80

Elapsed time is 463.810167 seconds.

chan =

    81

Elapsed time is 464.150345 seconds.

chan =

    82

Elapsed time is 462.825854 seconds.

chan =

    83

Elapsed time is 463.319066 seconds.

chan =

    84

Elapsed time is 466.353455 seconds.

chan =

    85

Elapsed time is 464.739369 seconds.

chan =

    86

Elapsed time is 463.595094 seconds.

chan =

    87

Elapsed time is 464.576407 seconds.

chan =

    88

Elapsed time is 464.134887 seconds.

chan =

    89

Elapsed time is 465.956093 seconds.

chan =

    90

Elapsed time is 465.506208 seconds.

chan =

    91

Elapsed time is 463.028540 seconds.

chan =

    92

Elapsed time is 466.974641 seconds.

chan =

    93

Elapsed time is 466.090185 seconds.

chan =

    94

Elapsed time is 464.393367 seconds.

chan =

    95

Elapsed time is 464.312897 seconds.

chan =

    96

Elapsed time is 461.605642 seconds.

chan =

    97

Elapsed time is 461.753093 seconds.

chan =

    98

Elapsed time is 463.550021 seconds.

chan =

    99

Elapsed time is 460.242364 seconds.

chan =

   100

Elapsed time is 463.584412 seconds.

chan =

   101

Elapsed time is 463.436506 seconds.

chan =

   102

Elapsed time is 464.688708 seconds.

chan =

   103

Elapsed time is 462.007130 seconds.

chan =

   104

Elapsed time is 463.151683 seconds.

chan =

   105

Elapsed time is 463.212380 seconds.

chan =

   106

Elapsed time is 463.494280 seconds.

chan =

   107

Elapsed time is 462.056210 seconds.

chan =

   108

Elapsed time is 460.664330 seconds.

chan =

   109

Elapsed time is 461.876942 seconds.

chan =

   110

Elapsed time is 461.684559 seconds.

chan =

   111

Elapsed time is 463.657458 seconds.

chan =

   112

Elapsed time is 460.112343 seconds.

chan =

   113

Elapsed time is 462.308855 seconds.

chan =

   114

Elapsed time is 427.026120 seconds.
attempting saving
save success: /projects/p31578/dtf8829/QuestConnect/CHANDAT/chanDat_SLCH010_071.mat
working on TF
encoding done
encoding RT done
