getting started: 3338
attempting file: 3338
going for SD5 87
data loaded: SD5 87
HFB already done

chan =

     1

Elapsed time is 298.397966 seconds.

chan =

     2

Elapsed time is 301.759686 seconds.

chan =

     3

Elapsed time is 302.070409 seconds.

chan =

     4

Elapsed time is 293.976975 seconds.

chan =

     5

Elapsed time is 296.493580 seconds.

chan =

     6

Elapsed time is 297.915954 seconds.

chan =

     7

Elapsed time is 289.892964 seconds.

chan =

     8

Elapsed time is 291.095214 seconds.

chan =

     9

Elapsed time is 296.591754 seconds.

chan =

    10

Elapsed time is 294.130785 seconds.

chan =

    11

Elapsed time is 297.047969 seconds.

chan =

    12

Elapsed time is 290.720182 seconds.

chan =

    13

Elapsed time is 292.685729 seconds.

chan =

    14

Elapsed time is 285.232099 seconds.

chan =

    15

Elapsed time is 288.487086 seconds.

chan =

    16

Elapsed time is 291.192240 seconds.

chan =

    17

Elapsed time is 290.390565 seconds.

chan =

    18

Elapsed time is 285.377671 seconds.

chan =

    19

Elapsed time is 282.038154 seconds.

chan =

    20

Elapsed time is 276.151074 seconds.

chan =

    21

Elapsed time is 281.087706 seconds.

chan =

    22

Elapsed time is 283.235786 seconds.

chan =

    23

Elapsed time is 296.891841 seconds.

chan =

    24

Elapsed time is 288.598156 seconds.

chan =

    25

Elapsed time is 281.174546 seconds.

chan =

    26

Elapsed time is 286.992768 seconds.

chan =

    27

Elapsed time is 285.358408 seconds.

chan =

    28

Elapsed time is 276.755966 seconds.

chan =

    29

Elapsed time is 274.072641 seconds.

chan =

    30

Elapsed time is 277.639242 seconds.

chan =

    31

Elapsed time is 271.426620 seconds.

chan =

    32

Elapsed time is 286.587003 seconds.

chan =

    33

Elapsed time is 276.419895 seconds.

chan =

    34

Elapsed time is 286.746068 seconds.

chan =

    35

Elapsed time is 288.931993 seconds.

chan =

    36

Elapsed time is 287.184007 seconds.

chan =

    37

Elapsed time is 276.840275 seconds.

chan =

    38

Elapsed time is 289.114607 seconds.

chan =

    39

Elapsed time is 283.982642 seconds.

chan =

    40

Elapsed time is 270.259266 seconds.

chan =

    41

Elapsed time is 271.988516 seconds.

chan =

    42

Elapsed time is 262.133042 seconds.

chan =

    43

Elapsed time is 261.656393 seconds.

chan =

    44

Elapsed time is 264.642486 seconds.

chan =

    45

Elapsed time is 260.745371 seconds.

chan =

    46

Elapsed time is 261.721939 seconds.

chan =

    47

Elapsed time is 271.410104 seconds.

chan =

    48

Elapsed time is 277.162916 seconds.

chan =

    49

Elapsed time is 285.014506 seconds.

chan =

    50

Elapsed time is 270.232991 seconds.

chan =

    51

Elapsed time is 267.868363 seconds.

chan =

    52

Elapsed time is 257.996067 seconds.

chan =

    53

Elapsed time is 257.955082 seconds.

chan =

    54

Elapsed time is 254.654783 seconds.

chan =

    55

Elapsed time is 260.085996 seconds.

chan =

    56

Elapsed time is 253.944704 seconds.

chan =

    57

Elapsed time is 258.942490 seconds.

chan =

    58

Elapsed time is 257.748817 seconds.

chan =

    59

Elapsed time is 257.360362 seconds.

chan =

    60

Elapsed time is 260.685456 seconds.

chan =

    61

Elapsed time is 257.982553 seconds.

chan =

    62

Elapsed time is 259.589561 seconds.

chan =

    63

Elapsed time is 259.083814 seconds.

chan =

    64

Elapsed time is 261.970609 seconds.

chan =

    65

Elapsed time is 257.812491 seconds.

chan =

    66

Elapsed time is 251.157606 seconds.

chan =

    67

Elapsed time is 241.416903 seconds.

chan =

    68

Elapsed time is 234.068912 seconds.

chan =

    69

Elapsed time is 241.549369 seconds.

chan =

    70

Elapsed time is 244.088353 seconds.

chan =

    71

Elapsed time is 243.939643 seconds.

chan =

    72

Elapsed time is 241.829224 seconds.

chan =

    73

Elapsed time is 238.627996 seconds.

chan =

    74

Elapsed time is 236.609343 seconds.

chan =

    75

Elapsed time is 239.624068 seconds.

chan =

    76

Elapsed time is 238.145424 seconds.

chan =

    77

Elapsed time is 240.311686 seconds.

chan =

    78

Elapsed time is 238.613037 seconds.

chan =

    79

Elapsed time is 239.051486 seconds.

chan =

    80

Elapsed time is 243.624382 seconds.

chan =

    81

Elapsed time is 240.751929 seconds.

chan =

    82

Elapsed time is 241.437352 seconds.

chan =

    83

Elapsed time is 241.703998 seconds.

chan =

    84

Elapsed time is 245.528334 seconds.

chan =

    85

Elapsed time is 238.186297 seconds.

chan =

    86

Elapsed time is 234.523408 seconds.

chan =

    87

Elapsed time is 233.605424 seconds.

chan =

    88

Elapsed time is 230.674453 seconds.

chan =

    89

Elapsed time is 236.038051 seconds.

chan =

    90

Elapsed time is 234.427935 seconds.

chan =

    91

Elapsed time is 233.319559 seconds.

chan =

    92

Elapsed time is 267.693541 seconds.

chan =

    93

Elapsed time is 266.137689 seconds.

chan =

    94

Elapsed time is 252.076742 seconds.

chan =

    95

Elapsed time is 268.810496 seconds.

chan =

    96

Elapsed time is 266.657313 seconds.

chan =

    97

Elapsed time is 273.015796 seconds.

chan =

    98

Elapsed time is 268.113875 seconds.

chan =

    99

Elapsed time is 271.490698 seconds.

chan =

   100

Elapsed time is 268.572838 seconds.

chan =

   101

Elapsed time is 268.947873 seconds.

chan =

   102

Elapsed time is 252.578754 seconds.

chan =

   103

Elapsed time is 270.596947 seconds.

chan =

   104

Elapsed time is 266.687917 seconds.

chan =

   105

Elapsed time is 270.315328 seconds.

chan =

   106

Elapsed time is 262.761418 seconds.

chan =

   107

Elapsed time is 266.556922 seconds.

chan =

   108

Elapsed time is 245.961247 seconds.

chan =

   109

Elapsed time is 228.318958 seconds.

