getting started: 3689
attempting file: 3689
going for SLCH010 95
data loaded: SLCH010 95
HFB already done

chan =

     1

Elapsed time is 465.791947 seconds.

chan =

     2

Elapsed time is 464.731872 seconds.

chan =

     3

Elapsed time is 465.903349 seconds.

chan =

     4

Elapsed time is 465.625694 seconds.

chan =

     5

Elapsed time is 463.240473 seconds.

chan =

     6

Elapsed time is 460.092946 seconds.

chan =

     7

Elapsed time is 465.165541 seconds.

chan =

     8

Elapsed time is 462.084040 seconds.

chan =

     9

Elapsed time is 461.819422 seconds.

chan =

    10

Elapsed time is 459.596269 seconds.

chan =

    11

Elapsed time is 457.592957 seconds.

chan =

    12

Elapsed time is 442.312268 seconds.

chan =

    13

Elapsed time is 447.968331 seconds.

chan =

    14

Elapsed time is 459.672018 seconds.

chan =

    15

Elapsed time is 501.019668 seconds.

chan =

    16

Elapsed time is 492.685175 seconds.

chan =

    17

Elapsed time is 488.898747 seconds.

chan =

    18

Elapsed time is 483.008390 seconds.

chan =

    19

Elapsed time is 492.955209 seconds.

chan =

    20

Elapsed time is 504.568455 seconds.

chan =

    21

Elapsed time is 465.223888 seconds.

chan =

    22

Elapsed time is 471.224256 seconds.

chan =

    23

Elapsed time is 443.665926 seconds.

chan =

    24

Elapsed time is 479.686324 seconds.

chan =

    25

Elapsed time is 455.706919 seconds.

chan =

    26

Elapsed time is 442.015905 seconds.

chan =

    27

Elapsed time is 460.597709 seconds.

chan =

    28

Elapsed time is 491.095782 seconds.

chan =

    29

Elapsed time is 442.352249 seconds.

chan =

    30

Elapsed time is 440.832454 seconds.

chan =

    31

Elapsed time is 436.433221 seconds.

chan =

    32

Elapsed time is 429.287788 seconds.

chan =

    33

Elapsed time is 434.897563 seconds.

chan =

    34

Elapsed time is 433.782611 seconds.

chan =

    35

Elapsed time is 434.655604 seconds.

chan =

    36

Elapsed time is 434.824074 seconds.

chan =

    37

Elapsed time is 437.235807 seconds.

chan =

    38

Elapsed time is 425.467727 seconds.

chan =

    39

Elapsed time is 434.769565 seconds.

chan =

    40

Elapsed time is 434.470524 seconds.

chan =

    41

Elapsed time is 436.143006 seconds.

chan =

    42

Elapsed time is 436.395398 seconds.

chan =

    43

Elapsed time is 434.274810 seconds.

chan =

    44

Elapsed time is 434.482388 seconds.

chan =

    45

Elapsed time is 436.009045 seconds.

chan =

    46

Elapsed time is 433.575835 seconds.

chan =

    47

Elapsed time is 428.401377 seconds.

chan =

    48

Elapsed time is 420.338546 seconds.

chan =

    49

Elapsed time is 437.043131 seconds.

chan =

    50

Elapsed time is 433.075327 seconds.

chan =

    51

Elapsed time is 433.858427 seconds.

chan =

    52

Elapsed time is 427.074310 seconds.

chan =

    53

Elapsed time is 421.258112 seconds.

chan =

    54

Elapsed time is 416.170282 seconds.

chan =

    55

Elapsed time is 413.027451 seconds.

chan =

    56

Elapsed time is 415.017729 seconds.

chan =

    57

Elapsed time is 414.720530 seconds.

chan =

    58

Elapsed time is 408.860170 seconds.

chan =

    59

Elapsed time is 417.958996 seconds.

chan =

    60

Elapsed time is 417.825174 seconds.

chan =

    61

Elapsed time is 417.014167 seconds.

chan =

    62

Elapsed time is 405.954372 seconds.

chan =

    63

Elapsed time is 413.799193 seconds.

chan =

    64

Elapsed time is 412.155885 seconds.

chan =

    65

Elapsed time is 414.775193 seconds.

chan =

    66

Elapsed time is 411.746687 seconds.

chan =

    67

Elapsed time is 414.225940 seconds.

chan =

    68

Elapsed time is 410.463509 seconds.

chan =

    69

Elapsed time is 415.061342 seconds.

chan =

    70

Elapsed time is 407.889713 seconds.

chan =

    71

Elapsed time is 411.083270 seconds.

chan =

    72

Elapsed time is 419.323176 seconds.

chan =

    73

Elapsed time is 413.626104 seconds.

chan =

    74

Elapsed time is 410.258548 seconds.

chan =

    75

Elapsed time is 416.384301 seconds.

chan =

    76

Elapsed time is 412.294337 seconds.

chan =

    77

Elapsed time is 412.274937 seconds.

chan =

    78

Elapsed time is 414.331418 seconds.

chan =

    79

Elapsed time is 414.766945 seconds.

chan =

    80

Elapsed time is 409.818447 seconds.

chan =

    81

Elapsed time is 416.368558 seconds.

chan =

    82

Elapsed time is 414.759511 seconds.

chan =

    83

Elapsed time is 411.969588 seconds.

chan =

    84

Elapsed time is 409.902399 seconds.

chan =

    85

Elapsed time is 412.419918 seconds.

chan =

    86

Elapsed time is 404.929665 seconds.

chan =

    87

Elapsed time is 408.337559 seconds.

chan =

    88

Elapsed time is 400.716818 seconds.

chan =

    89

Elapsed time is 413.548369 seconds.

chan =

    90

Elapsed time is 403.020445 seconds.

chan =

    91

Elapsed time is 421.000827 seconds.

chan =

    92

Elapsed time is 412.582789 seconds.

chan =

    93

Elapsed time is 411.508576 seconds.

chan =

    94

Elapsed time is 410.558459 seconds.

chan =

    95

Elapsed time is 414.698322 seconds.

chan =

    96

Elapsed time is 408.830266 seconds.

chan =

    97

Elapsed time is 401.359259 seconds.

chan =

    98

Elapsed time is 415.633199 seconds.

chan =

    99

Elapsed time is 408.701842 seconds.

chan =

   100

Elapsed time is 407.547443 seconds.

chan =

   101

Elapsed time is 408.466415 seconds.

chan =

   102

Elapsed time is 410.311101 seconds.

chan =

   103

Elapsed time is 404.418261 seconds.

chan =

   104

Elapsed time is 407.365355 seconds.

chan =

   105

Elapsed time is 412.611748 seconds.

chan =

   106

Elapsed time is 572.243621 seconds.

chan =

   107

Elapsed time is 578.023108 seconds.

chan =

   108

Elapsed time is 574.259717 seconds.

chan =

   109

Elapsed time is 582.249189 seconds.

chan =

   110

Elapsed time is 576.301192 seconds.

chan =

   111

Elapsed time is 575.933861 seconds.

chan =

   112

Elapsed time is 580.582229 seconds.

chan =

   113

Elapsed time is 582.969301 seconds.

chan =

   114

Elapsed time is 558.892955 seconds.
attempting saving
save success: /projects/p31578/dtf8829/QuestConnect/CHANDAT/chanDat_SLCH010_095.mat
working on TF
