getting started: 3274
attempting file: 3274
going for SD5 23
data loaded: SD5 23
HFB already done

chan =

     1

Elapsed time is 297.162946 seconds.

chan =

     2

Elapsed time is 301.626142 seconds.

chan =

     3

Elapsed time is 299.485354 seconds.

chan =

     4

Elapsed time is 295.601849 seconds.

chan =

     5

Elapsed time is 293.461364 seconds.

chan =

     6

Elapsed time is 283.630302 seconds.

chan =

     7

Elapsed time is 269.503996 seconds.

chan =

     8

Elapsed time is 276.948308 seconds.

chan =

     9

Elapsed time is 287.534253 seconds.

chan =

    10

Elapsed time is 290.630661 seconds.

chan =

    11

Elapsed time is 287.650384 seconds.

chan =

    12

Elapsed time is 288.169772 seconds.

chan =

    13

Elapsed time is 288.734494 seconds.

chan =

    14

Elapsed time is 288.459155 seconds.

chan =

    15

Elapsed time is 290.981423 seconds.

chan =

    16

Elapsed time is 291.176848 seconds.

chan =

    17

Elapsed time is 289.701725 seconds.

chan =

    18

Elapsed time is 290.812884 seconds.

chan =

    19

Elapsed time is 290.906866 seconds.

chan =

    20

Elapsed time is 288.604274 seconds.

chan =

    21

Elapsed time is 288.823429 seconds.

chan =

    22

Elapsed time is 290.730132 seconds.

chan =

    23

Elapsed time is 289.174703 seconds.

chan =

    24

Elapsed time is 290.242091 seconds.

chan =

    25

Elapsed time is 290.939243 seconds.

chan =

    26

Elapsed time is 290.342959 seconds.

chan =

    27

Elapsed time is 266.784063 seconds.

chan =

    28

Elapsed time is 277.102733 seconds.

chan =

    29

Elapsed time is 255.227377 seconds.

chan =

    30

Elapsed time is 277.649700 seconds.

chan =

    31

Elapsed time is 267.886615 seconds.

chan =

    32

Elapsed time is 269.458243 seconds.

chan =

    33

Elapsed time is 266.015877 seconds.

chan =

    34

Elapsed time is 253.795136 seconds.

chan =

    35

Elapsed time is 259.901048 seconds.

chan =

    36

Elapsed time is 273.123892 seconds.

chan =

    37

Elapsed time is 267.039266 seconds.

chan =

    38

Elapsed time is 257.815224 seconds.

chan =

    39

Elapsed time is 254.988310 seconds.

chan =

    40

Elapsed time is 276.025406 seconds.

chan =

    41

Elapsed time is 273.488865 seconds.

chan =

    42

Elapsed time is 266.119753 seconds.

chan =

    43

Elapsed time is 278.928512 seconds.

chan =

    44

Elapsed time is 274.415320 seconds.

chan =

    45

Elapsed time is 277.381295 seconds.

chan =

    46

Elapsed time is 267.610189 seconds.

chan =

    47

Elapsed time is 247.136969 seconds.

chan =

    48

Elapsed time is 248.517804 seconds.

chan =

    49

Elapsed time is 359.232245 seconds.

chan =

    50

Elapsed time is 480.732508 seconds.

chan =

    51

Elapsed time is 478.060172 seconds.

chan =

    52

Elapsed time is 473.871285 seconds.

chan =

    53

Elapsed time is 468.450349 seconds.

chan =

    54

Elapsed time is 469.509533 seconds.

chan =

    55

Elapsed time is 472.109129 seconds.

chan =

    56

Elapsed time is 466.473454 seconds.

chan =

    57

Elapsed time is 464.149168 seconds.

chan =

    58

Elapsed time is 463.946252 seconds.

chan =

    59

Elapsed time is 466.781765 seconds.

chan =

    60

Elapsed time is 466.304511 seconds.

chan =

    61

Elapsed time is 470.290324 seconds.

chan =

    62

Elapsed time is 467.350516 seconds.

chan =

    63

Elapsed time is 465.633678 seconds.

chan =

    64

Elapsed time is 467.191135 seconds.

chan =

    65

Elapsed time is 463.694370 seconds.

chan =

    66

Elapsed time is 465.624982 seconds.

chan =

    67

Elapsed time is 467.584771 seconds.

chan =

    68

Elapsed time is 464.542008 seconds.

chan =

    69

Elapsed time is 466.858237 seconds.

chan =

    70

Elapsed time is 468.708781 seconds.

chan =

    71

Elapsed time is 466.444505 seconds.

chan =

    72

Elapsed time is 464.594285 seconds.

chan =

    73

Elapsed time is 467.848999 seconds.

chan =

    74

Elapsed time is 470.973326 seconds.

chan =

    75

Elapsed time is 468.094471 seconds.

chan =

    76

Elapsed time is 467.356153 seconds.

chan =

    77

Elapsed time is 466.793924 seconds.

chan =

    78

Elapsed time is 467.099978 seconds.

chan =

    79

Elapsed time is 470.425663 seconds.

chan =

    80

Elapsed time is 467.891665 seconds.

chan =

    81

Elapsed time is 468.173242 seconds.

chan =

    82

Elapsed time is 470.189485 seconds.

chan =

    83

Elapsed time is 466.331542 seconds.

chan =

    84

Elapsed time is 467.606966 seconds.

chan =

    85

Elapsed time is 470.648175 seconds.

chan =

    86

Elapsed time is 469.653126 seconds.

chan =

    87

Elapsed time is 467.156538 seconds.

chan =

    88

Elapsed time is 462.730411 seconds.

chan =

    89

Elapsed time is 459.675941 seconds.

chan =

    90

Elapsed time is 461.250701 seconds.

chan =

    91

Elapsed time is 461.411892 seconds.

chan =

    92

Elapsed time is 455.179318 seconds.

chan =

    93

Elapsed time is 460.727533 seconds.

chan =

    94

Elapsed time is 462.391540 seconds.

chan =

    95

Elapsed time is 460.533996 seconds.

chan =

    96

Elapsed time is 461.724466 seconds.

chan =

    97

Elapsed time is 465.159708 seconds.

chan =

    98

Elapsed time is 461.119757 seconds.

chan =

    99

Elapsed time is 459.797223 seconds.

chan =

   100

Elapsed time is 461.083979 seconds.

chan =

   101

Elapsed time is 460.415513 seconds.

chan =

   102

Elapsed time is 462.538725 seconds.

chan =

   103

Elapsed time is 463.875973 seconds.

chan =

   104

Elapsed time is 444.134951 seconds.

chan =

   105

Elapsed time is 441.350435 seconds.

chan =

   106

Elapsed time is 442.862268 seconds.

chan =

   107

Elapsed time is 439.907538 seconds.

chan =

   108

Elapsed time is 444.408524 seconds.

chan =

   109

Elapsed time is 440.836017 seconds.

