getting started: 3002
attempting file: 3002
going for OH30 101
data loaded: OH30 101
HFB already done

chan =

     1

Elapsed time is 464.397534 seconds.

chan =

     2

Elapsed time is 480.173820 seconds.

chan =

     3

Elapsed time is 498.325462 seconds.

chan =

     4

Elapsed time is 497.638361 seconds.

chan =

     5

Elapsed time is 497.897989 seconds.

chan =

     6

Elapsed time is 495.970258 seconds.

chan =

     7

Elapsed time is 497.422534 seconds.

chan =

     8

Elapsed time is 496.006081 seconds.

chan =

     9

Elapsed time is 495.393891 seconds.

chan =

    10

Elapsed time is 491.616574 seconds.

chan =

    11

Elapsed time is 495.037206 seconds.

chan =

    12

Elapsed time is 482.008152 seconds.

chan =

    13

Elapsed time is 463.190852 seconds.

chan =

    14

Elapsed time is 464.104037 seconds.

chan =

    15

Elapsed time is 465.095606 seconds.

chan =

    16

Elapsed time is 461.410482 seconds.

chan =

    17

Elapsed time is 460.968436 seconds.

chan =

    18

Elapsed time is 462.740392 seconds.

chan =

    19

Elapsed time is 464.167828 seconds.

chan =

    20

Elapsed time is 463.579725 seconds.

chan =

    21

Elapsed time is 463.435135 seconds.

chan =

    22

Elapsed time is 460.900069 seconds.

chan =

    23

Elapsed time is 463.719254 seconds.

chan =

    24

Elapsed time is 462.517440 seconds.

chan =

    25

Elapsed time is 464.998869 seconds.

chan =

    26

Elapsed time is 462.441331 seconds.

chan =

    27

Elapsed time is 463.892976 seconds.

chan =

    28

Elapsed time is 464.351534 seconds.

chan =

    29

Elapsed time is 466.703109 seconds.

chan =

    30

Elapsed time is 463.950579 seconds.

chan =

    31

Elapsed time is 465.211968 seconds.

chan =

    32

Elapsed time is 462.911523 seconds.

chan =

    33

Elapsed time is 460.921802 seconds.

chan =

    34

Elapsed time is 459.787012 seconds.

chan =

    35

Elapsed time is 442.424766 seconds.

chan =

    36

Elapsed time is 417.968968 seconds.

chan =

    37

Elapsed time is 393.007161 seconds.

chan =

    38

Elapsed time is 383.309792 seconds.

chan =

    39

Elapsed time is 381.849818 seconds.

chan =

    40

Elapsed time is 386.619726 seconds.

chan =

    41

Elapsed time is 382.774218 seconds.

chan =

    42

Elapsed time is 384.024839 seconds.

chan =

    43

Elapsed time is 382.196591 seconds.

chan =

    44

Elapsed time is 380.740881 seconds.

chan =

    45

Elapsed time is 382.352783 seconds.

chan =

    46

Elapsed time is 379.874027 seconds.

chan =

    47

Elapsed time is 380.296767 seconds.

chan =

    48

Elapsed time is 379.141596 seconds.

chan =

    49

Elapsed time is 382.372239 seconds.

chan =

    50

Elapsed time is 400.762759 seconds.

chan =

    51

Elapsed time is 401.145290 seconds.

chan =

    52

Elapsed time is 399.418598 seconds.

chan =

    53

Elapsed time is 399.558558 seconds.

chan =

    54

Elapsed time is 402.338154 seconds.

chan =

    55

Elapsed time is 397.959045 seconds.

chan =

    56

Elapsed time is 400.853827 seconds.

chan =

    57

Elapsed time is 398.952805 seconds.

chan =

    58

Elapsed time is 399.490985 seconds.

chan =

    59

Elapsed time is 399.435965 seconds.

chan =

    60

Elapsed time is 398.117943 seconds.

chan =

    61

Elapsed time is 400.577235 seconds.

chan =

    62

Elapsed time is 399.288793 seconds.

chan =

    63

Elapsed time is 398.823990 seconds.

chan =

    64

Elapsed time is 401.357211 seconds.

chan =

    65

Elapsed time is 397.244529 seconds.

chan =

    66

Elapsed time is 398.751990 seconds.

chan =

    67

Elapsed time is 396.259968 seconds.

chan =

    68

Elapsed time is 385.529967 seconds.

chan =

    69

Elapsed time is 380.277338 seconds.

chan =

    70

Elapsed time is 381.659776 seconds.

chan =

    71

Elapsed time is 382.531381 seconds.

chan =

    72

Elapsed time is 384.879843 seconds.

chan =

    73

Elapsed time is 380.439383 seconds.

chan =

    74

Elapsed time is 377.908691 seconds.

chan =

    75

Elapsed time is 376.213208 seconds.

chan =

    76

Elapsed time is 375.370110 seconds.

chan =

    77

Elapsed time is 375.525142 seconds.

chan =

    78

Elapsed time is 377.506032 seconds.

chan =

    79

Elapsed time is 373.007437 seconds.

chan =

    80

Elapsed time is 378.531582 seconds.

chan =

    81

Elapsed time is 372.690222 seconds.

chan =

    82

Elapsed time is 374.173773 seconds.

chan =

    83

Elapsed time is 375.020486 seconds.

chan =

    84

Elapsed time is 377.705682 seconds.

chan =

    85

Elapsed time is 374.747364 seconds.

chan =

    86

Elapsed time is 376.204768 seconds.

chan =

    87

Elapsed time is 375.174169 seconds.

chan =

    88

Elapsed time is 378.083306 seconds.

chan =

    89

Elapsed time is 378.108510 seconds.

chan =

    90

Elapsed time is 377.937223 seconds.

chan =

    91

Elapsed time is 373.220314 seconds.

chan =

    92

Elapsed time is 378.045169 seconds.

chan =

    93

Elapsed time is 373.815748 seconds.

chan =

    94

Elapsed time is 404.473838 seconds.

chan =

    95

Elapsed time is 408.449476 seconds.

chan =

    96

Elapsed time is 407.927452 seconds.

chan =

    97

Elapsed time is 392.874032 seconds.

chan =

    98

Elapsed time is 404.642904 seconds.

chan =

    99

Elapsed time is 402.553665 seconds.

chan =

   100

Elapsed time is 402.552893 seconds.

chan =

   101

Elapsed time is 398.062685 seconds.

chan =

   102

Elapsed time is 401.859995 seconds.

chan =

   103

Elapsed time is 399.361498 seconds.

chan =

   104

Elapsed time is 401.640526 seconds.

chan =

   105

Elapsed time is 402.576304 seconds.

chan =

   106

Elapsed time is 406.274254 seconds.

chan =

   107

Elapsed time is 401.533219 seconds.

chan =

   108

Elapsed time is 399.836973 seconds.

chan =

   109

Elapsed time is 402.236614 seconds.

chan =

   110

Elapsed time is 402.781498 seconds.

chan =

   111

Elapsed time is 405.158094 seconds.

chan =

   112

Elapsed time is 402.563886 seconds.

chan =

   113

Elapsed time is 405.905644 seconds.

chan =

   114

Elapsed time is 402.888770 seconds.

chan =

   115

Elapsed time is 399.686174 seconds.

chan =

   116

Elapsed time is 405.593701 seconds.

chan =

   117

Elapsed time is 402.300355 seconds.

chan =

   118

Elapsed time is 401.543299 seconds.

chan =

   119

Elapsed time is 403.289305 seconds.

chan =

   120

Elapsed time is 402.919942 seconds.

chan =

   121

Elapsed time is 407.836054 seconds.

chan =

   122

Elapsed time is 404.522685 seconds.

chan =

   123

Elapsed time is 401.457680 seconds.

chan =

   124

Elapsed time is 406.296249 seconds.

chan =

   125

Elapsed time is 403.021280 seconds.

chan =

   126

Elapsed time is 404.370188 seconds.

chan =

   127

Elapsed time is 404.108812 seconds.

chan =

   128

Elapsed time is 403.152417 seconds.

chan =

   129

Elapsed time is 402.507239 seconds.

chan =

   130

Elapsed time is 407.023202 seconds.

chan =

   131

Elapsed time is 401.047167 seconds.

chan =

   132

Elapsed time is 406.456732 seconds.

chan =

   133

Elapsed time is 397.632577 seconds.

chan =

   134

Elapsed time is 381.946267 seconds.

chan =

   135

Elapsed time is 379.647161 seconds.

chan =

   136

Elapsed time is 379.459554 seconds.

chan =

   137

Elapsed time is 379.836479 seconds.

chan =

   138

Elapsed time is 380.397281 seconds.

chan =

   139

Elapsed time is 366.538349 seconds.
attempting saving
save success: /projects/p31578/dtf8829/QuestConnect/CHANDAT/chanDat_OH30_101.mat
working on TF
encoding done
encoding RT done
