getting started: 3692
attempting file: 3692
going for SLCH010 98
data loaded: SLCH010 98
HFB already done

chan =

     1

Elapsed time is 596.732337 seconds.

chan =

     2

Elapsed time is 598.163839 seconds.

chan =

     3

Elapsed time is 597.854024 seconds.

chan =

     4

Elapsed time is 595.883413 seconds.

chan =

     5

Elapsed time is 592.041365 seconds.

chan =

     6

Elapsed time is 598.535037 seconds.

chan =

     7

Elapsed time is 604.594261 seconds.

chan =

     8

Elapsed time is 606.233806 seconds.

chan =

     9

Elapsed time is 604.261678 seconds.

chan =

    10

Elapsed time is 605.642091 seconds.

chan =

    11

Elapsed time is 601.327885 seconds.

chan =

    12

Elapsed time is 603.564903 seconds.

chan =

    13

Elapsed time is 602.502474 seconds.

chan =

    14

Elapsed time is 603.145266 seconds.

chan =

    15

Elapsed time is 602.351341 seconds.

chan =

    16

Elapsed time is 594.249340 seconds.

chan =

    17

Elapsed time is 568.702092 seconds.

chan =

    18

Elapsed time is 570.079092 seconds.

chan =

    19

Elapsed time is 567.715829 seconds.

chan =

    20

Elapsed time is 569.165124 seconds.

chan =

    21

Elapsed time is 570.294099 seconds.

chan =

    22

Elapsed time is 587.281333 seconds.

chan =

    23

Elapsed time is 700.902640 seconds.

chan =

    24

Elapsed time is 681.117011 seconds.

chan =

    25

Elapsed time is 656.977184 seconds.

chan =

    26

Elapsed time is 664.421073 seconds.

chan =

    27

Elapsed time is 663.254920 seconds.

chan =

    28

Elapsed time is 663.612855 seconds.

chan =

    29

Elapsed time is 659.379770 seconds.

chan =

    30

Elapsed time is 661.235373 seconds.

chan =

    31

Elapsed time is 660.093406 seconds.

chan =

    32

Elapsed time is 650.623242 seconds.

chan =

    33

Elapsed time is 692.430753 seconds.

chan =

    34

Elapsed time is 691.303518 seconds.

chan =

    35

Elapsed time is 681.892273 seconds.

chan =

    36

Elapsed time is 691.120355 seconds.

chan =

    37

Elapsed time is 679.763736 seconds.

chan =

    38

Elapsed time is 689.186499 seconds.

chan =

    39

Elapsed time is 689.088204 seconds.

chan =

    40

Elapsed time is 683.571256 seconds.

chan =

    41

Elapsed time is 686.215079 seconds.

chan =

    42

Elapsed time is 681.615299 seconds.

chan =

    43

Elapsed time is 688.526747 seconds.

chan =

    44

Elapsed time is 675.746147 seconds.

chan =

    45

Elapsed time is 687.162241 seconds.

chan =

    46

Elapsed time is 686.826316 seconds.

chan =

    47

Elapsed time is 676.410570 seconds.

chan =

    48

Elapsed time is 681.695582 seconds.

chan =

    49

Elapsed time is 671.318248 seconds.

chan =

    50

Elapsed time is 672.649161 seconds.

chan =

    51

Elapsed time is 680.094266 seconds.

chan =

    52

Elapsed time is 678.395543 seconds.

chan =

    53

Elapsed time is 671.466389 seconds.

chan =

    54

Elapsed time is 648.568562 seconds.

chan =

    55

Elapsed time is 642.934927 seconds.

chan =

    56

Elapsed time is 638.859519 seconds.

chan =

    57

Elapsed time is 644.805093 seconds.

chan =

    58

Elapsed time is 636.718719 seconds.

chan =

    59

Elapsed time is 646.459460 seconds.

chan =

    60

Elapsed time is 646.456215 seconds.

chan =

    61

Elapsed time is 640.137175 seconds.

chan =

    62

Elapsed time is 646.191004 seconds.

chan =

    63

Elapsed time is 645.238980 seconds.

chan =

    64

Elapsed time is 646.513723 seconds.

chan =

    65

Elapsed time is 646.419192 seconds.

chan =

    66

Elapsed time is 640.544973 seconds.

chan =

    67

Elapsed time is 652.643256 seconds.

chan =

    68

Elapsed time is 647.858420 seconds.

chan =

    69

Elapsed time is 635.992907 seconds.

chan =

    70

Elapsed time is 637.419254 seconds.

chan =

    71

Elapsed time is 651.208203 seconds.

chan =

    72

Elapsed time is 639.195182 seconds.

chan =

    73

Elapsed time is 647.326238 seconds.

chan =

    74

Elapsed time is 643.232291 seconds.

chan =

    75

Elapsed time is 596.104881 seconds.

chan =

    76

Elapsed time is 550.984878 seconds.

chan =

    77

Elapsed time is 538.724926 seconds.

chan =

    78

Elapsed time is 538.609977 seconds.

chan =

    79

Elapsed time is 540.167015 seconds.

chan =

    80

Elapsed time is 538.613161 seconds.

chan =

    81

Elapsed time is 539.226796 seconds.

chan =

    82

Elapsed time is 537.561812 seconds.

chan =

    83

Elapsed time is 540.076431 seconds.

chan =

    84

Elapsed time is 538.397032 seconds.

chan =

    85

Elapsed time is 539.895990 seconds.

chan =

    86

Elapsed time is 538.133659 seconds.

chan =

    87

Elapsed time is 521.621547 seconds.

chan =

    88

Elapsed time is 523.086326 seconds.

chan =

    89

Elapsed time is 523.934821 seconds.

chan =

    90

Elapsed time is 524.334850 seconds.

chan =

    91

Elapsed time is 524.410112 seconds.

chan =

    92

Elapsed time is 524.734410 seconds.

chan =

    93

Elapsed time is 524.297798 seconds.

chan =

    94

Elapsed time is 524.489958 seconds.

chan =

    95

Elapsed time is 523.712088 seconds.

chan =

    96

Elapsed time is 522.151198 seconds.

chan =

    97

Elapsed time is 521.346637 seconds.

chan =

    98

Elapsed time is 523.130208 seconds.

chan =

    99

Elapsed time is 523.255845 seconds.

chan =

   100

Elapsed time is 524.290906 seconds.

chan =

   101

Elapsed time is 522.691908 seconds.

chan =

   102

Elapsed time is 525.688775 seconds.

chan =

   103

Elapsed time is 524.103674 seconds.

chan =

   104

Elapsed time is 517.816780 seconds.

chan =

   105

Elapsed time is 482.012890 seconds.

chan =

   106

Elapsed time is 474.166518 seconds.

chan =

   107

Elapsed time is 473.238337 seconds.

chan =

   108

Elapsed time is 474.964896 seconds.

chan =

   109

Elapsed time is 475.836211 seconds.

chan =

   110

