getting started: 3681
attempting file: 3681
going for SLCH010 87
data loaded: SLCH010 87
HFB already done

chan =

     1

Elapsed time is 612.341664 seconds.

chan =

     2

Elapsed time is 615.934569 seconds.

chan =

     3

Elapsed time is 599.237999 seconds.

chan =

     4

Elapsed time is 578.719321 seconds.

chan =

     5

Elapsed time is 568.046105 seconds.

chan =

     6

Elapsed time is 528.303677 seconds.

chan =

     7

Elapsed time is 566.463072 seconds.

chan =

     8

Elapsed time is 570.775506 seconds.

chan =

     9

Elapsed time is 559.849550 seconds.

chan =

    10

Elapsed time is 564.860226 seconds.

chan =

    11

Elapsed time is 565.354766 seconds.

chan =

    12

Elapsed time is 560.687055 seconds.

chan =

    13

Elapsed time is 565.823425 seconds.

chan =

    14

Elapsed time is 564.441147 seconds.

chan =

    15

Elapsed time is 560.371448 seconds.

chan =

    16

Elapsed time is 562.053449 seconds.

chan =

    17

Elapsed time is 566.020812 seconds.

chan =

    18

Elapsed time is 563.072684 seconds.

chan =

    19

Elapsed time is 556.885096 seconds.

chan =

    20

Elapsed time is 559.645951 seconds.

chan =

    21

Elapsed time is 561.175837 seconds.

chan =

    22

Elapsed time is 559.717210 seconds.

chan =

    23

Elapsed time is 553.458531 seconds.

chan =

    24

Elapsed time is 558.205003 seconds.

chan =

    25

Elapsed time is 565.832773 seconds.

chan =

    26

Elapsed time is 558.768067 seconds.

chan =

    27

Elapsed time is 566.518309 seconds.

chan =

    28

Elapsed time is 565.471743 seconds.

chan =

    29

Elapsed time is 568.981571 seconds.

chan =

    30

Elapsed time is 566.599804 seconds.

chan =

    31

Elapsed time is 567.997785 seconds.

chan =

    32

Elapsed time is 569.505918 seconds.

chan =

    33

Elapsed time is 573.372859 seconds.

chan =

    34

Elapsed time is 568.000462 seconds.

chan =

    35

Elapsed time is 568.158809 seconds.

chan =

    36

Elapsed time is 569.610348 seconds.

chan =

    37

Elapsed time is 565.057516 seconds.

chan =

    38

Elapsed time is 562.025343 seconds.

chan =

    39

Elapsed time is 562.842787 seconds.

chan =

    40

Elapsed time is 561.737499 seconds.

chan =

    41

Elapsed time is 561.780766 seconds.

chan =

    42

Elapsed time is 562.412134 seconds.

chan =

    43

Elapsed time is 562.726672 seconds.

chan =

    44

Elapsed time is 560.495686 seconds.

chan =

    45

Elapsed time is 568.006255 seconds.

chan =

    46

Elapsed time is 566.221702 seconds.

chan =

    47

Elapsed time is 560.442130 seconds.

chan =

    48

Elapsed time is 561.262293 seconds.

chan =

    49

Elapsed time is 564.278229 seconds.

chan =

    50

Elapsed time is 560.053136 seconds.

chan =

    51

Elapsed time is 565.256225 seconds.

chan =

    52

Elapsed time is 567.513322 seconds.

chan =

    53

Elapsed time is 561.430372 seconds.

chan =

    54

Elapsed time is 575.055564 seconds.

chan =

    55

Elapsed time is 568.868524 seconds.

chan =

    56

Elapsed time is 568.764941 seconds.

chan =

    57

Elapsed time is 573.217753 seconds.

chan =

    58

Elapsed time is 566.708566 seconds.

chan =

    59

Elapsed time is 561.971276 seconds.

chan =

    60

Elapsed time is 555.048687 seconds.

chan =

    61

Elapsed time is 562.654157 seconds.

chan =

    62

Elapsed time is 563.106653 seconds.

chan =

    63

Elapsed time is 559.622068 seconds.

chan =

    64

Elapsed time is 560.247474 seconds.

chan =

    65

Elapsed time is 555.792161 seconds.

chan =

    66

Elapsed time is 558.341078 seconds.

chan =

    67

Elapsed time is 560.090933 seconds.

chan =

    68

Elapsed time is 555.494438 seconds.

chan =

    69

Elapsed time is 559.204520 seconds.

chan =

    70

Elapsed time is 557.684273 seconds.

chan =

    71

Elapsed time is 550.767690 seconds.

chan =

    72

Elapsed time is 544.778204 seconds.

chan =

    73

Elapsed time is 540.424157 seconds.

chan =

    74

Elapsed time is 540.026909 seconds.

chan =

    75

Elapsed time is 542.335907 seconds.

chan =

    76

Elapsed time is 518.819327 seconds.

chan =

    77

Elapsed time is 428.856115 seconds.

chan =

    78

Elapsed time is 429.312440 seconds.

chan =

    79

Elapsed time is 428.727112 seconds.

chan =

    80

Elapsed time is 425.756397 seconds.

chan =

    81

Elapsed time is 428.108506 seconds.

chan =

    82

Elapsed time is 427.299094 seconds.

chan =

    83

Elapsed time is 427.575053 seconds.

chan =

    84

Elapsed time is 421.601323 seconds.

chan =

    85

Elapsed time is 422.904883 seconds.

chan =

    86

Elapsed time is 417.445280 seconds.

chan =

    87

Elapsed time is 419.771527 seconds.

chan =

    88

Elapsed time is 421.420863 seconds.

chan =

    89

Elapsed time is 424.839921 seconds.

chan =

    90

Elapsed time is 419.599346 seconds.

chan =

    91

Elapsed time is 421.689487 seconds.

chan =

    92

Elapsed time is 421.377584 seconds.

chan =

    93

Elapsed time is 425.836561 seconds.

chan =

    94

Elapsed time is 421.244847 seconds.

chan =

    95

Elapsed time is 422.530741 seconds.

chan =

    96

Elapsed time is 419.291571 seconds.

chan =

    97

Elapsed time is 420.446497 seconds.

chan =

    98

Elapsed time is 421.918543 seconds.

chan =

    99

Elapsed time is 422.980260 seconds.

chan =

   100

Elapsed time is 420.683782 seconds.

chan =

   101

Elapsed time is 423.253991 seconds.

chan =

   102

Elapsed time is 422.458062 seconds.

chan =

   103

Elapsed time is 423.414623 seconds.

chan =

   104

Elapsed time is 422.161057 seconds.

chan =

   105

Elapsed time is 423.852218 seconds.

chan =

   106

Elapsed time is 424.520097 seconds.

chan =

   107

Elapsed time is 423.522852 seconds.

chan =

   108

Elapsed time is 422.616623 seconds.

chan =

   109

Elapsed time is 423.861668 seconds.

chan =

   110

Elapsed time is 423.135897 seconds.

chan =

   111

Elapsed time is 423.793383 seconds.

chan =

   112

Elapsed time is 423.025719 seconds.

chan =

   113

Elapsed time is 425.067315 seconds.

chan =

   114

Elapsed time is 423.979516 seconds.
attempting saving
save success: /projects/p31578/dtf8829/QuestConnect/CHANDAT/chanDat_SLCH010_087.mat
working on TF
