getting started: 3683
attempting file: 3683
going for SLCH010 89
data loaded: SLCH010 89
HFB already done

chan =

     1

Elapsed time is 481.328691 seconds.

chan =

     2

Elapsed time is 479.301643 seconds.

chan =

     3

Elapsed time is 475.771693 seconds.

chan =

     4

Elapsed time is 480.791792 seconds.

chan =

     5

Elapsed time is 476.875736 seconds.

chan =

     6

Elapsed time is 478.956613 seconds.

chan =

     7

Elapsed time is 475.035870 seconds.

chan =

     8

Elapsed time is 457.367133 seconds.

chan =

     9

Elapsed time is 464.000700 seconds.

chan =

    10

Elapsed time is 460.178951 seconds.

chan =

    11

Elapsed time is 460.010318 seconds.

chan =

    12

Elapsed time is 460.128733 seconds.

chan =

    13

Elapsed time is 433.971548 seconds.

chan =

    14

Elapsed time is 465.897315 seconds.

chan =

    15

Elapsed time is 438.814258 seconds.

chan =

    16

Elapsed time is 449.317475 seconds.

chan =

    17

Elapsed time is 430.545468 seconds.

chan =

    18

Elapsed time is 423.672137 seconds.

chan =

    19

Elapsed time is 412.581252 seconds.

chan =

    20

Elapsed time is 421.890467 seconds.

chan =

    21

Elapsed time is 397.948638 seconds.

chan =

    22

Elapsed time is 397.901730 seconds.

chan =

    23

Elapsed time is 395.110882 seconds.

chan =

    24

Elapsed time is 381.982995 seconds.

chan =

    25

Elapsed time is 389.804549 seconds.

chan =

    26

Elapsed time is 377.239710 seconds.

chan =

    27

Elapsed time is 377.439270 seconds.

chan =

    28

Elapsed time is 377.991540 seconds.

chan =

    29

Elapsed time is 378.331442 seconds.

chan =

    30

Elapsed time is 372.862333 seconds.

chan =

    31

Elapsed time is 376.391049 seconds.

chan =

    32

Elapsed time is 378.141973 seconds.

chan =

    33

Elapsed time is 379.587318 seconds.

chan =

    34

Elapsed time is 373.599183 seconds.

chan =

    35

Elapsed time is 375.785548 seconds.

chan =

    36

Elapsed time is 376.385941 seconds.

chan =

    37

Elapsed time is 376.777361 seconds.

chan =

    38

Elapsed time is 374.018206 seconds.

chan =

    39

Elapsed time is 377.606939 seconds.

chan =

    40

Elapsed time is 377.285094 seconds.

chan =

    41

Elapsed time is 377.491044 seconds.

chan =

    42

Elapsed time is 372.402433 seconds.

chan =

    43

Elapsed time is 374.697442 seconds.

chan =

    44

Elapsed time is 375.785718 seconds.

chan =

    45

Elapsed time is 375.970267 seconds.

chan =

    46

Elapsed time is 371.296655 seconds.

chan =

    47

Elapsed time is 374.825364 seconds.

chan =

    48

Elapsed time is 373.759791 seconds.

chan =

    49

Elapsed time is 374.961587 seconds.

chan =

    50

Elapsed time is 368.872411 seconds.

chan =

    51

Elapsed time is 374.544303 seconds.

chan =

    52

Elapsed time is 373.446621 seconds.

chan =

    53

Elapsed time is 370.475894 seconds.

chan =

    54

Elapsed time is 367.898494 seconds.

chan =

    55

Elapsed time is 373.363991 seconds.

chan =

    56

Elapsed time is 373.062668 seconds.

chan =

    57

Elapsed time is 374.435485 seconds.

chan =

    58

Elapsed time is 368.759553 seconds.

chan =

    59

Elapsed time is 378.043962 seconds.

chan =

    60

Elapsed time is 375.403543 seconds.

chan =

    61

Elapsed time is 376.060071 seconds.

chan =

    62

Elapsed time is 374.353794 seconds.

chan =

    63

Elapsed time is 377.779022 seconds.

chan =

    64

Elapsed time is 378.382682 seconds.

chan =

    65

Elapsed time is 376.529870 seconds.

chan =

    66

Elapsed time is 374.203383 seconds.

chan =

    67

Elapsed time is 377.517169 seconds.

chan =

    68

Elapsed time is 377.352714 seconds.

chan =

    69

Elapsed time is 375.726437 seconds.

chan =

    70

Elapsed time is 374.453200 seconds.

chan =

    71

Elapsed time is 377.397986 seconds.

chan =

    72

Elapsed time is 378.508994 seconds.

chan =

    73

Elapsed time is 376.447181 seconds.

chan =

    74

Elapsed time is 374.124849 seconds.

chan =

    75

Elapsed time is 378.415967 seconds.

chan =

    76

Elapsed time is 388.977480 seconds.

chan =

    77

Elapsed time is 389.100416 seconds.

chan =

    78

Elapsed time is 373.635680 seconds.

chan =

    79

Elapsed time is 382.251399 seconds.

chan =

    80

Elapsed time is 391.394615 seconds.

chan =

    81

Elapsed time is 387.846312 seconds.

chan =

    82

Elapsed time is 384.914755 seconds.

chan =

    83

Elapsed time is 390.883954 seconds.

chan =

    84

Elapsed time is 390.574797 seconds.

chan =

    85

Elapsed time is 390.513661 seconds.

chan =

    86

Elapsed time is 386.106962 seconds.

chan =

    87

Elapsed time is 386.535418 seconds.

chan =

    88

Elapsed time is 389.131308 seconds.

chan =

    89

Elapsed time is 389.980358 seconds.

chan =

    90

Elapsed time is 387.429287 seconds.

chan =

    91

Elapsed time is 390.232874 seconds.

chan =

    92

Elapsed time is 392.927760 seconds.

chan =

    93

Elapsed time is 394.523436 seconds.

chan =

    94

Elapsed time is 389.075179 seconds.

chan =

    95

Elapsed time is 387.380885 seconds.

chan =

    96

Elapsed time is 388.419604 seconds.

chan =

    97

Elapsed time is 389.235168 seconds.

chan =

    98

Elapsed time is 381.435785 seconds.

chan =

    99

Elapsed time is 394.053888 seconds.

chan =

   100

Elapsed time is 393.362738 seconds.

chan =

   101

Elapsed time is 394.499843 seconds.

chan =

   102

Elapsed time is 391.064388 seconds.

chan =

   103

Elapsed time is 394.723547 seconds.

chan =

   104

Elapsed time is 394.705691 seconds.

chan =

   105

Elapsed time is 395.950182 seconds.

chan =

   106

Elapsed time is 390.651842 seconds.

chan =

   107

Elapsed time is 395.311246 seconds.

chan =

   108

Elapsed time is 393.035444 seconds.

chan =

   109

Elapsed time is 396.640175 seconds.

chan =

   110

Elapsed time is 390.382404 seconds.

chan =

   111

Elapsed time is 396.059355 seconds.

chan =

   112

Elapsed time is 393.791389 seconds.

chan =

   113

Elapsed time is 396.462116 seconds.

chan =

   114

Elapsed time is 391.152803 seconds.
attempting saving
save success: /projects/p31578/dtf8829/QuestConnect/CHANDAT/chanDat_SLCH010_089.mat
working on TF
