getting started: 3030
attempting file: 3030
going for OH30 129
data loaded: OH30 129
HFB already done

chan =

     1

Elapsed time is 554.148032 seconds.

chan =

     2

Elapsed time is 540.946069 seconds.

chan =

     3

Elapsed time is 567.040799 seconds.

chan =

     4

Elapsed time is 569.691905 seconds.

chan =

     5

Elapsed time is 565.309409 seconds.

chan =

     6

Elapsed time is 550.992635 seconds.

chan =

     7

Elapsed time is 598.787156 seconds.

chan =

     8

Elapsed time is 646.007885 seconds.

chan =

     9

Elapsed time is 644.387384 seconds.

chan =

    10

Elapsed time is 642.272679 seconds.

chan =

    11

Elapsed time is 642.677135 seconds.

chan =

    12

Elapsed time is 639.569262 seconds.

chan =

    13

Elapsed time is 639.246591 seconds.

chan =

    14

Elapsed time is 642.015205 seconds.

chan =

    15

Elapsed time is 641.883360 seconds.

chan =

    16

Elapsed time is 646.149935 seconds.

chan =

    17

Elapsed time is 639.305650 seconds.

chan =

    18

Elapsed time is 643.306409 seconds.

chan =

    19

Elapsed time is 644.160363 seconds.

chan =

    20

Elapsed time is 645.255289 seconds.

chan =

    21

Elapsed time is 636.358807 seconds.

chan =

    22

Elapsed time is 638.377049 seconds.

chan =

    23

Elapsed time is 645.395253 seconds.

chan =

    24

Elapsed time is 642.492167 seconds.

chan =

    25

Elapsed time is 649.139375 seconds.

chan =

    26

Elapsed time is 644.830487 seconds.

chan =

    27

Elapsed time is 639.039830 seconds.

chan =

    28

Elapsed time is 640.113866 seconds.

chan =

    29

Elapsed time is 633.381712 seconds.

chan =

    30

Elapsed time is 624.810332 seconds.

chan =

    31

Elapsed time is 621.037347 seconds.

chan =

    32

Elapsed time is 624.071967 seconds.

chan =

    33

Elapsed time is 617.783107 seconds.

chan =

    34

Elapsed time is 620.493229 seconds.

chan =

    35

Elapsed time is 619.388105 seconds.

chan =

    36

Elapsed time is 619.046661 seconds.

chan =

    37

Elapsed time is 618.105874 seconds.

chan =

    38

Elapsed time is 615.007866 seconds.

chan =

    39

Elapsed time is 613.280805 seconds.

chan =

    40

Elapsed time is 613.828428 seconds.

chan =

    41

Elapsed time is 617.543217 seconds.

chan =

    42

Elapsed time is 618.648142 seconds.

chan =

    43

Elapsed time is 619.856486 seconds.

chan =

    44

Elapsed time is 620.464858 seconds.

chan =

    45

Elapsed time is 619.876774 seconds.

chan =

    46

Elapsed time is 621.262393 seconds.

chan =

    47

Elapsed time is 614.660433 seconds.

chan =

    48

Elapsed time is 617.792977 seconds.

chan =

    49

Elapsed time is 624.325083 seconds.

chan =

    50

Elapsed time is 621.755673 seconds.

chan =

    51

Elapsed time is 580.671984 seconds.

chan =

    52

Elapsed time is 512.153002 seconds.

chan =

    53

Elapsed time is 518.761854 seconds.

chan =

    54

Elapsed time is 529.021236 seconds.

chan =

    55

Elapsed time is 528.677295 seconds.

chan =

    56

Elapsed time is 529.178552 seconds.

chan =

    57

Elapsed time is 531.113734 seconds.

chan =

    58

Elapsed time is 533.450907 seconds.

chan =

    59

Elapsed time is 514.361529 seconds.

chan =

    60

Elapsed time is 509.952671 seconds.

chan =

    61

Elapsed time is 513.251041 seconds.

chan =

    62

Elapsed time is 513.809741 seconds.

chan =

    63

Elapsed time is 509.029426 seconds.

chan =

    64

Elapsed time is 509.923943 seconds.

chan =

    65

Elapsed time is 509.716775 seconds.

chan =

    66

Elapsed time is 510.253202 seconds.

chan =

    67

Elapsed time is 507.925047 seconds.

chan =

    68

Elapsed time is 511.354959 seconds.

chan =

    69

Elapsed time is 511.789595 seconds.

chan =

    70

Elapsed time is 511.456478 seconds.

chan =

    71

Elapsed time is 508.593256 seconds.

chan =

    72

Elapsed time is 513.661362 seconds.

chan =

    73

Elapsed time is 513.594324 seconds.

chan =

    74

Elapsed time is 517.522881 seconds.

chan =

    75

Elapsed time is 514.295560 seconds.

chan =

    76

Elapsed time is 511.582194 seconds.

chan =

    77

Elapsed time is 508.296776 seconds.

chan =

    78

Elapsed time is 504.479340 seconds.

chan =

    79

Elapsed time is 474.129134 seconds.

chan =

    80

Elapsed time is 473.523476 seconds.

chan =

    81

Elapsed time is 471.574384 seconds.

chan =

    82

Elapsed time is 473.988687 seconds.

chan =

    83

Elapsed time is 474.451619 seconds.

chan =

    84

Elapsed time is 474.871923 seconds.

chan =

    85

Elapsed time is 470.296762 seconds.

chan =

    86

Elapsed time is 471.717722 seconds.

chan =

    87

Elapsed time is 471.812436 seconds.

chan =

    88

Elapsed time is 472.347069 seconds.

chan =

    89

Elapsed time is 472.745973 seconds.

chan =

    90

Elapsed time is 474.468721 seconds.

chan =

    91

Elapsed time is 473.450148 seconds.

chan =

    92

Elapsed time is 473.951495 seconds.

chan =

    93

Elapsed time is 471.100760 seconds.

chan =

    94

Elapsed time is 473.103213 seconds.

chan =

    95

Elapsed time is 475.703632 seconds.

chan =

    96

Elapsed time is 474.114166 seconds.

chan =

    97

Elapsed time is 474.687431 seconds.

chan =

    98

Elapsed time is 476.378047 seconds.

chan =

    99

Elapsed time is 476.821953 seconds.

chan =

   100

Elapsed time is 477.548380 seconds.

chan =

   101

Elapsed time is 474.638208 seconds.

chan =

   102

Elapsed time is 476.885689 seconds.

chan =

   103

Elapsed time is 475.429025 seconds.

chan =

   104

Elapsed time is 477.151262 seconds.

chan =

   105

Elapsed time is 474.940401 seconds.

chan =

   106

Elapsed time is 473.559413 seconds.

chan =

   107

Elapsed time is 473.485452 seconds.

chan =

   108

Elapsed time is 473.288171 seconds.

chan =

   109

Elapsed time is 472.238741 seconds.

chan =

   110

Elapsed time is 470.639745 seconds.

chan =

   111

Elapsed time is 471.293948 seconds.

chan =

   112

Elapsed time is 476.210569 seconds.

chan =

   113

Elapsed time is 477.068655 seconds.

chan =

   114

Elapsed time is 473.748910 seconds.

chan =

   115

Elapsed time is 474.487535 seconds.

chan =

   116

Elapsed time is 474.251783 seconds.

chan =

   117

Elapsed time is 472.836704 seconds.

chan =

   118

Elapsed time is 465.523632 seconds.

chan =

   119

Elapsed time is 471.035655 seconds.

chan =

   120

Elapsed time is 472.496228 seconds.

chan =

   121

Elapsed time is 473.126670 seconds.

chan =

   122

Elapsed time is 469.620354 seconds.

chan =

   123

Elapsed time is 470.198654 seconds.

chan =

   124

Elapsed time is 470.836083 seconds.

chan =

   125

