getting started: 3323
attempting file: 3323
going for SD5 72
data loaded: SD5 72
HFB already done

chan =

     1

Elapsed time is 286.337466 seconds.

chan =

     2

Elapsed time is 296.822486 seconds.

chan =

     3

Elapsed time is 294.268014 seconds.

chan =

     4

Elapsed time is 285.973412 seconds.

chan =

     5

Elapsed time is 284.687671 seconds.

chan =

     6

Elapsed time is 285.688959 seconds.

chan =

     7

Elapsed time is 281.291485 seconds.

chan =

     8

Elapsed time is 270.239293 seconds.

chan =

     9

Elapsed time is 281.577995 seconds.

chan =

    10

Elapsed time is 281.757779 seconds.

chan =

    11

Elapsed time is 284.194222 seconds.

chan =

    12

Elapsed time is 279.069524 seconds.

chan =

    13

Elapsed time is 287.783505 seconds.

chan =

    14

Elapsed time is 282.415931 seconds.

chan =

    15

Elapsed time is 284.084425 seconds.

chan =

    16

Elapsed time is 277.367928 seconds.

chan =

    17

Elapsed time is 237.285808 seconds.

chan =

    18

Elapsed time is 282.351741 seconds.

chan =

    19

Elapsed time is 284.344915 seconds.

chan =

    20

Elapsed time is 280.298511 seconds.

chan =

    21

Elapsed time is 282.423677 seconds.

chan =

    22

Elapsed time is 284.207797 seconds.

chan =

    23

Elapsed time is 282.837492 seconds.

chan =

    24

Elapsed time is 273.752823 seconds.

chan =

    25

Elapsed time is 279.232256 seconds.

chan =

    26

Elapsed time is 269.501332 seconds.

chan =

    27

Elapsed time is 271.971782 seconds.

chan =

    28

Elapsed time is 271.488140 seconds.

chan =

    29

Elapsed time is 266.950330 seconds.

chan =

    30

Elapsed time is 276.140025 seconds.

chan =

    31

Elapsed time is 278.022722 seconds.

chan =

    32

Elapsed time is 277.545536 seconds.

chan =

    33

Elapsed time is 272.204465 seconds.

chan =

    34

Elapsed time is 274.490280 seconds.

chan =

    35

Elapsed time is 271.571649 seconds.

chan =

    36

Elapsed time is 276.558028 seconds.

chan =

    37

Elapsed time is 274.380306 seconds.

chan =

    38

Elapsed time is 275.571856 seconds.

chan =

    39

Elapsed time is 266.304508 seconds.

chan =

    40

Elapsed time is 281.223014 seconds.

chan =

    41

Elapsed time is 277.536293 seconds.

chan =

    42

Elapsed time is 274.642107 seconds.

chan =

    43

Elapsed time is 272.749139 seconds.

chan =

    44

Elapsed time is 266.575139 seconds.

chan =

    45

Elapsed time is 275.025181 seconds.

chan =

    46

Elapsed time is 273.712932 seconds.

chan =

    47

Elapsed time is 272.131604 seconds.

chan =

    48

Elapsed time is 267.030260 seconds.

chan =

    49

Elapsed time is 273.253832 seconds.

chan =

    50

Elapsed time is 271.653549 seconds.

chan =

    51

Elapsed time is 271.890081 seconds.

chan =

    52

Elapsed time is 269.265781 seconds.

chan =

    53

Elapsed time is 258.226219 seconds.

chan =

    54

Elapsed time is 268.290381 seconds.

chan =

    55

Elapsed time is 264.051021 seconds.

chan =

    56

Elapsed time is 259.588269 seconds.

chan =

    57

Elapsed time is 263.778206 seconds.

chan =

    58

Elapsed time is 264.646960 seconds.

chan =

    59

Elapsed time is 265.744107 seconds.

chan =

    60

Elapsed time is 264.220463 seconds.

chan =

    61

Elapsed time is 259.622086 seconds.

chan =

    62

Elapsed time is 267.196223 seconds.

chan =

    63

Elapsed time is 265.492457 seconds.

chan =

    64

Elapsed time is 258.777803 seconds.

chan =

    65

Elapsed time is 264.379527 seconds.

chan =

    66

Elapsed time is 268.741729 seconds.

chan =

    67

Elapsed time is 265.226045 seconds.

chan =

    68

Elapsed time is 265.611739 seconds.

chan =

    69

Elapsed time is 254.336549 seconds.

chan =

    70

Elapsed time is 268.790538 seconds.

chan =

    71

Elapsed time is 266.949349 seconds.

chan =

    72

Elapsed time is 263.454831 seconds.

chan =

    73

Elapsed time is 264.523475 seconds.

chan =

    74

Elapsed time is 269.071863 seconds.

chan =

    75

Elapsed time is 271.498816 seconds.

chan =

    76

Elapsed time is 268.173379 seconds.

chan =

    77

Elapsed time is 258.384932 seconds.

chan =

    78

Elapsed time is 270.384721 seconds.

chan =

    79

Elapsed time is 266.273642 seconds.

chan =

    80

Elapsed time is 268.316054 seconds.

chan =

    81

Elapsed time is 259.243729 seconds.

chan =

    82

Elapsed time is 271.235016 seconds.

chan =

    83

Elapsed time is 270.626472 seconds.

chan =

    84

Elapsed time is 270.080122 seconds.

chan =

    85

Elapsed time is 257.870361 seconds.

chan =

    86

Elapsed time is 270.217237 seconds.

chan =

    87

Elapsed time is 265.045713 seconds.

chan =

    88

Elapsed time is 266.424270 seconds.

chan =

    89

Elapsed time is 259.776249 seconds.

chan =

    90

Elapsed time is 271.362333 seconds.

chan =

    91

Elapsed time is 268.940722 seconds.

chan =

    92

Elapsed time is 266.032482 seconds.

chan =

    93

Elapsed time is 263.969513 seconds.

chan =

    94

Elapsed time is 270.870156 seconds.

chan =

    95

Elapsed time is 271.149149 seconds.

chan =

    96

Elapsed time is 271.719922 seconds.

chan =

    97

Elapsed time is 264.731822 seconds.

chan =

    98

Elapsed time is 269.563557 seconds.

chan =

    99

Elapsed time is 272.627728 seconds.

chan =

   100

Elapsed time is 271.822268 seconds.

chan =

   101

Elapsed time is 265.275280 seconds.

chan =

   102

Elapsed time is 272.600649 seconds.

chan =

   103

Elapsed time is 273.745654 seconds.

chan =

   104

Elapsed time is 264.975677 seconds.

chan =

   105

Elapsed time is 267.493678 seconds.

chan =

   106

Elapsed time is 268.806645 seconds.

chan =

   107

Elapsed time is 268.739948 seconds.

chan =

   108

Elapsed time is 259.986577 seconds.

chan =

   109

Elapsed time is 267.791511 seconds.

