getting started: 3676
attempting file: 3676
going for SLCH010 82
data loaded: SLCH010 82
HFB already done

chan =

     1

Elapsed time is 480.583915 seconds.

chan =

     2

Elapsed time is 477.640238 seconds.

chan =

     3

Elapsed time is 476.200242 seconds.

chan =

     4

Elapsed time is 470.626394 seconds.

chan =

     5

Elapsed time is 467.525840 seconds.

chan =

     6

Elapsed time is 463.917178 seconds.

chan =

     7

Elapsed time is 468.478525 seconds.

chan =

     8

Elapsed time is 465.643575 seconds.

chan =

     9

Elapsed time is 461.231806 seconds.

chan =

    10

Elapsed time is 470.144839 seconds.

chan =

    11

Elapsed time is 462.707653 seconds.

chan =

    12

Elapsed time is 463.752752 seconds.

chan =

    13

Elapsed time is 463.136089 seconds.

chan =

    14

Elapsed time is 458.027027 seconds.

chan =

    15

Elapsed time is 466.406388 seconds.

chan =

    16

Elapsed time is 466.502004 seconds.

chan =

    17

Elapsed time is 458.723083 seconds.

chan =

    18

Elapsed time is 455.773920 seconds.

chan =

    19

Elapsed time is 454.922586 seconds.

chan =

    20

Elapsed time is 454.728919 seconds.

chan =

    21

Elapsed time is 455.436636 seconds.

chan =

    22

Elapsed time is 462.008399 seconds.

chan =

    23

Elapsed time is 460.867495 seconds.

chan =

    24

Elapsed time is 452.010511 seconds.

chan =

    25

Elapsed time is 463.128351 seconds.

chan =

    26

Elapsed time is 457.754017 seconds.

chan =

    27

Elapsed time is 456.995298 seconds.

chan =

    28

Elapsed time is 451.510923 seconds.

chan =

    29

Elapsed time is 472.030393 seconds.

chan =

    30

Elapsed time is 548.244895 seconds.

chan =

    31

Elapsed time is 465.517044 seconds.

chan =

    32

Elapsed time is 434.385394 seconds.

chan =

    33

Elapsed time is 483.495552 seconds.

chan =

    34

Elapsed time is 510.745081 seconds.

chan =

    35

Elapsed time is 601.862790 seconds.

chan =

    36

Elapsed time is 591.687636 seconds.

chan =

    37

Elapsed time is 579.705816 seconds.

chan =

    38

Elapsed time is 588.676782 seconds.

chan =

    39

Elapsed time is 558.164231 seconds.

chan =

    40

Elapsed time is 556.100031 seconds.

chan =

    41

Elapsed time is 553.216489 seconds.

chan =

    42

Elapsed time is 544.421705 seconds.

chan =

    43

Elapsed time is 530.133911 seconds.

chan =

    44

Elapsed time is 504.482123 seconds.

chan =

    45

Elapsed time is 500.488185 seconds.

chan =

    46

Elapsed time is 457.995252 seconds.

chan =

    47

Elapsed time is 440.574980 seconds.

chan =

    48

Elapsed time is 430.494503 seconds.

chan =

    49

Elapsed time is 428.367767 seconds.

chan =

    50

Elapsed time is 436.062650 seconds.

chan =

    51

Elapsed time is 579.901870 seconds.

chan =

    52

Elapsed time is 597.017475 seconds.

chan =

    53

Elapsed time is 589.291595 seconds.

chan =

    54

Elapsed time is 594.169396 seconds.

chan =

    55

Elapsed time is 583.970432 seconds.

chan =

    56

Elapsed time is 540.276952 seconds.

chan =

    57

Elapsed time is 517.101101 seconds.

chan =

    58

Elapsed time is 509.225857 seconds.

chan =

    59

Elapsed time is 495.479683 seconds.

chan =

    60

Elapsed time is 476.461147 seconds.

chan =

    61

Elapsed time is 475.787351 seconds.

chan =

    62

Elapsed time is 471.666003 seconds.

chan =

    63

Elapsed time is 460.417361 seconds.

chan =

    64

Elapsed time is 436.233225 seconds.

chan =

    65

Elapsed time is 422.814256 seconds.

chan =

    66

Elapsed time is 430.428142 seconds.

chan =

    67

Elapsed time is 435.013560 seconds.

chan =

    68

Elapsed time is 439.750303 seconds.

chan =

    69

Elapsed time is 439.757915 seconds.

chan =

    70

Elapsed time is 435.804365 seconds.

chan =

    71

Elapsed time is 441.002225 seconds.

chan =

    72

Elapsed time is 438.516694 seconds.

chan =

    73

Elapsed time is 440.892278 seconds.

chan =

    74

Elapsed time is 434.199534 seconds.

chan =

    75

Elapsed time is 426.576139 seconds.

chan =

    76

Elapsed time is 424.900612 seconds.

chan =

    77

Elapsed time is 425.010780 seconds.

chan =

    78

Elapsed time is 432.428744 seconds.

chan =

    79

Elapsed time is 429.137869 seconds.

chan =

    80

Elapsed time is 436.951656 seconds.

chan =

    81

Elapsed time is 432.362802 seconds.

chan =

    82

Elapsed time is 473.735601 seconds.

chan =

    83

Elapsed time is 460.319830 seconds.

chan =

    84

Elapsed time is 480.321736 seconds.

chan =

    85

Elapsed time is 454.972813 seconds.

chan =

    86

Elapsed time is 428.837174 seconds.

chan =

    87

Elapsed time is 421.845583 seconds.

chan =

    88

Elapsed time is 525.055653 seconds.

chan =

    89

Elapsed time is 499.576543 seconds.

chan =

    90

Elapsed time is 410.509687 seconds.

chan =

    91

Elapsed time is 401.978314 seconds.

chan =

    92

Elapsed time is 399.486111 seconds.

chan =

    93

Elapsed time is 386.616077 seconds.

chan =

    94

Elapsed time is 401.551438 seconds.

chan =

    95

Elapsed time is 425.962538 seconds.

chan =

    96

Elapsed time is 423.558854 seconds.

chan =

    97

Elapsed time is 394.233052 seconds.

chan =

    98

Elapsed time is 423.822332 seconds.

chan =

    99

Elapsed time is 419.863432 seconds.

chan =

   100

Elapsed time is 394.010705 seconds.

chan =

   101

Elapsed time is 420.660727 seconds.

chan =

   102

Elapsed time is 423.545586 seconds.

chan =

   103

Elapsed time is 404.916474 seconds.

chan =

   104

Elapsed time is 502.243354 seconds.

chan =

   105

Elapsed time is 494.656399 seconds.

chan =

   106

Elapsed time is 497.015380 seconds.

chan =

   107

Elapsed time is 491.926576 seconds.

chan =

   108

Elapsed time is 492.969278 seconds.

chan =

   109

Elapsed time is 493.367210 seconds.

chan =

   110

Elapsed time is 499.392033 seconds.

chan =

   111

Elapsed time is 491.985877 seconds.

chan =

   112

Elapsed time is 485.596524 seconds.

chan =

   113

Elapsed time is 494.162043 seconds.

chan =

   114

Elapsed time is 497.731023 seconds.
attempting saving
save success: /projects/p31578/dtf8829/QuestConnect/CHANDAT/chanDat_SLCH010_082.mat
working on TF
