getting started: 3641
attempting file: 3641
going for SLCH010 47
data loaded: SLCH010 47
HFB already done

chan =

     1

Elapsed time is 550.819545 seconds.

chan =

     2

Elapsed time is 546.190249 seconds.

chan =

     3

Elapsed time is 584.177944 seconds.

chan =

     4

Elapsed time is 593.605258 seconds.

chan =

     5

Elapsed time is 588.225833 seconds.

chan =

     6

Elapsed time is 589.792229 seconds.

chan =

     7

Elapsed time is 589.595577 seconds.

chan =

     8

Elapsed time is 591.638431 seconds.

chan =

     9

Elapsed time is 589.122181 seconds.

chan =

    10

Elapsed time is 584.694065 seconds.

chan =

    11

Elapsed time is 578.863661 seconds.

chan =

    12

Elapsed time is 562.821738 seconds.

chan =

    13

Elapsed time is 550.798845 seconds.

chan =

    14

Elapsed time is 555.239459 seconds.

chan =

    15

Elapsed time is 541.209747 seconds.

chan =

    16

Elapsed time is 546.941274 seconds.

chan =

    17

Elapsed time is 571.672382 seconds.

chan =

    18

Elapsed time is 559.294348 seconds.

chan =

    19

Elapsed time is 565.012264 seconds.

chan =

    20

Elapsed time is 576.687228 seconds.

chan =

    21

Elapsed time is 569.024085 seconds.

chan =

    22

Elapsed time is 548.324611 seconds.

chan =

    23

Elapsed time is 687.340687 seconds.

chan =

    24

Elapsed time is 713.449394 seconds.

chan =

    25

Elapsed time is 711.396551 seconds.

chan =

    26

Elapsed time is 711.772999 seconds.

chan =

    27

Elapsed time is 708.303954 seconds.

chan =

    28

Elapsed time is 705.550672 seconds.

chan =

    29

Elapsed time is 710.610293 seconds.

chan =

    30

Elapsed time is 703.163145 seconds.

chan =

    31

Elapsed time is 710.324339 seconds.

chan =

    32

Elapsed time is 704.889803 seconds.

chan =

    33

Elapsed time is 714.498241 seconds.

chan =

    34

Elapsed time is 710.402646 seconds.

chan =

    35

Elapsed time is 711.693892 seconds.

chan =

    36

Elapsed time is 714.224870 seconds.

chan =

    37

Elapsed time is 710.226818 seconds.

chan =

    38

Elapsed time is 716.690091 seconds.

chan =

    39

Elapsed time is 712.387949 seconds.

chan =

    40

Elapsed time is 718.478730 seconds.

chan =

    41

Elapsed time is 711.069356 seconds.

chan =

    42

Elapsed time is 720.856150 seconds.

chan =

    43

Elapsed time is 699.947768 seconds.

chan =

    44

Elapsed time is 670.461821 seconds.

chan =

    45

Elapsed time is 669.099677 seconds.

chan =

    46

Elapsed time is 671.498247 seconds.

chan =

    47

Elapsed time is 666.394702 seconds.

chan =

    48

Elapsed time is 661.753583 seconds.

chan =

    49

Elapsed time is 669.171537 seconds.

chan =

    50

Elapsed time is 664.414266 seconds.

chan =

    51

Elapsed time is 689.236720 seconds.

chan =

    52

Elapsed time is 676.674643 seconds.

chan =

    53

Elapsed time is 673.884805 seconds.

chan =

    54

Elapsed time is 676.482719 seconds.

chan =

    55

Elapsed time is 647.722918 seconds.

chan =

    56

Elapsed time is 570.596349 seconds.

chan =

    57

Elapsed time is 568.040592 seconds.

chan =

    58

Elapsed time is 564.265994 seconds.

chan =

    59

Elapsed time is 571.560876 seconds.

chan =

    60

Elapsed time is 575.684103 seconds.

chan =

    61

Elapsed time is 580.128211 seconds.

chan =

    62

Elapsed time is 578.091968 seconds.

chan =

    63

Elapsed time is 579.769448 seconds.

chan =

    64

Elapsed time is 579.242822 seconds.

chan =

    65

Elapsed time is 582.069650 seconds.

chan =

    66

Elapsed time is 584.431543 seconds.

chan =

    67

Elapsed time is 586.538583 seconds.

chan =

    68

Elapsed time is 586.360581 seconds.

chan =

    69

Elapsed time is 585.076070 seconds.

chan =

    70

Elapsed time is 586.588778 seconds.

chan =

    71

Elapsed time is 577.174648 seconds.

chan =

    72

Elapsed time is 575.298239 seconds.

chan =

    73

Elapsed time is 575.190264 seconds.

chan =

    74

Elapsed time is 574.601936 seconds.

chan =

    75

Elapsed time is 574.410142 seconds.

chan =

    76

Elapsed time is 574.889585 seconds.

chan =

    77

Elapsed time is 572.937554 seconds.

chan =

    78

Elapsed time is 574.091710 seconds.

chan =

    79

Elapsed time is 572.904100 seconds.

chan =

    80

Elapsed time is 571.489823 seconds.

chan =

    81

Elapsed time is 574.107607 seconds.

chan =

    82

Elapsed time is 572.565808 seconds.

chan =

    83

Elapsed time is 545.497183 seconds.

chan =

    84

Elapsed time is 521.083833 seconds.

chan =

    85

Elapsed time is 523.485793 seconds.

chan =

    86

Elapsed time is 519.714049 seconds.

chan =

    87

Elapsed time is 520.133311 seconds.

chan =

    88

Elapsed time is 524.263393 seconds.

chan =

    89

Elapsed time is 526.927265 seconds.

chan =

    90

Elapsed time is 523.308962 seconds.

chan =

    91

Elapsed time is 527.686424 seconds.

chan =

    92

Elapsed time is 525.188065 seconds.

chan =

    93

Elapsed time is 524.595067 seconds.

chan =

    94

Elapsed time is 523.054569 seconds.

chan =

    95

Elapsed time is 524.114834 seconds.

chan =

    96

Elapsed time is 520.720916 seconds.

chan =

    97

Elapsed time is 522.212828 seconds.

chan =

    98

Elapsed time is 523.093230 seconds.

chan =

    99

Elapsed time is 523.426701 seconds.

chan =

   100

Elapsed time is 526.201737 seconds.

chan =

   101

Elapsed time is 522.407800 seconds.

chan =

   102

Elapsed time is 513.850346 seconds.

chan =

   103

Elapsed time is 513.151837 seconds.

chan =

   104

Elapsed time is 508.549789 seconds.

chan =

   105

Elapsed time is 509.422254 seconds.

chan =

   106

Elapsed time is 508.559039 seconds.

chan =

   107

Elapsed time is 509.708772 seconds.

chan =

   108

Elapsed time is 507.979295 seconds.

chan =

   109

Elapsed time is 509.544192 seconds.

chan =

   110

Elapsed time is 506.989454 seconds.

chan =

   111

