getting started: 3697
attempting file: 3697
going for SLCH010 103
data loaded: SLCH010 103
HFB already done

chan =

     1

Elapsed time is 514.757462 seconds.

chan =

     2

Elapsed time is 512.190187 seconds.

chan =

     3

Elapsed time is 511.589788 seconds.

chan =

     4

Elapsed time is 511.515136 seconds.

chan =

     5

Elapsed time is 505.658051 seconds.

chan =

     6

Elapsed time is 506.337942 seconds.

chan =

     7

Elapsed time is 506.277242 seconds.

chan =

     8

Elapsed time is 505.143604 seconds.

chan =

     9

Elapsed time is 500.652414 seconds.

chan =

    10

Elapsed time is 495.813493 seconds.

chan =

    11

Elapsed time is 498.154890 seconds.

chan =

    12

Elapsed time is 503.722297 seconds.

chan =

    13

Elapsed time is 503.044416 seconds.

chan =

    14

Elapsed time is 501.300043 seconds.

chan =

    15

Elapsed time is 500.960761 seconds.

chan =

    16

Elapsed time is 503.501047 seconds.

chan =

    17

Elapsed time is 499.787971 seconds.

chan =

    18

Elapsed time is 499.570566 seconds.

chan =

    19

Elapsed time is 499.467094 seconds.

chan =

    20

Elapsed time is 499.056608 seconds.

chan =

    21

Elapsed time is 484.323654 seconds.

chan =

    22

Elapsed time is 488.504319 seconds.

chan =

    23

Elapsed time is 483.600134 seconds.

chan =

    24

Elapsed time is 493.962877 seconds.

chan =

    25

Elapsed time is 493.614159 seconds.

chan =

    26

Elapsed time is 490.403449 seconds.

chan =

    27

Elapsed time is 489.564481 seconds.

chan =

    28

Elapsed time is 488.214508 seconds.

chan =

    29

Elapsed time is 491.802294 seconds.

chan =

    30

Elapsed time is 486.209520 seconds.

chan =

    31

Elapsed time is 494.752929 seconds.

chan =

    32

Elapsed time is 494.831870 seconds.

chan =

    33

Elapsed time is 494.473302 seconds.

chan =

    34

Elapsed time is 497.013891 seconds.

chan =

    35

Elapsed time is 494.700313 seconds.

chan =

    36

Elapsed time is 491.247499 seconds.

chan =

    37

Elapsed time is 491.499984 seconds.

chan =

    38

Elapsed time is 492.072994 seconds.

chan =

    39

Elapsed time is 487.035950 seconds.

chan =

    40

Elapsed time is 489.717318 seconds.

chan =

    41

Elapsed time is 488.076479 seconds.

chan =

    42

Elapsed time is 486.851735 seconds.

chan =

    43

Elapsed time is 485.800159 seconds.

chan =

    44

Elapsed time is 487.146595 seconds.

chan =

    45

Elapsed time is 487.104343 seconds.

chan =

    46

Elapsed time is 499.296751 seconds.

chan =

    47

Elapsed time is 496.484795 seconds.

chan =

    48

Elapsed time is 497.726926 seconds.

chan =

    49

Elapsed time is 500.685629 seconds.

chan =

    50

Elapsed time is 492.334408 seconds.

chan =

    51

Elapsed time is 492.435981 seconds.

chan =

    52

Elapsed time is 492.534338 seconds.

chan =

    53

Elapsed time is 488.926908 seconds.

chan =

    54

Elapsed time is 493.051659 seconds.

chan =

    55

Elapsed time is 487.537427 seconds.

chan =

    56

Elapsed time is 495.965704 seconds.

chan =

    57

Elapsed time is 487.805406 seconds.

chan =

    58

Elapsed time is 493.646900 seconds.

chan =

    59

Elapsed time is 496.131571 seconds.

chan =

    60

Elapsed time is 489.299672 seconds.

chan =

    61

Elapsed time is 489.086592 seconds.

chan =

    62

Elapsed time is 488.086046 seconds.

chan =

    63

Elapsed time is 495.556119 seconds.

chan =

    64

Elapsed time is 492.888594 seconds.

chan =

    65

Elapsed time is 495.339332 seconds.

chan =

    66

Elapsed time is 496.979392 seconds.

chan =

    67

Elapsed time is 482.388095 seconds.

chan =

    68

Elapsed time is 482.365261 seconds.

chan =

    69

Elapsed time is 479.739660 seconds.

chan =

    70

Elapsed time is 481.017628 seconds.

chan =

    71

Elapsed time is 483.949419 seconds.

chan =

    72

Elapsed time is 480.310926 seconds.

chan =

    73

Elapsed time is 479.340730 seconds.

chan =

    74

Elapsed time is 471.461297 seconds.

chan =

    75

Elapsed time is 467.569801 seconds.

chan =

    76

Elapsed time is 471.175123 seconds.

chan =

    77

Elapsed time is 469.472514 seconds.

chan =

    78

Elapsed time is 468.401799 seconds.

chan =

    79

Elapsed time is 469.848751 seconds.

chan =

    80

Elapsed time is 470.327288 seconds.

chan =

    81

Elapsed time is 470.828271 seconds.

chan =

    82

Elapsed time is 471.959487 seconds.

chan =

    83

Elapsed time is 469.961295 seconds.

chan =

    84

Elapsed time is 473.241706 seconds.

chan =

    85

Elapsed time is 473.691361 seconds.

chan =

    86

Elapsed time is 472.645274 seconds.

chan =

    87

Elapsed time is 469.739624 seconds.

chan =

    88

Elapsed time is 473.221824 seconds.

chan =

    89

Elapsed time is 470.307618 seconds.

chan =

    90

Elapsed time is 472.388226 seconds.

chan =

    91

Elapsed time is 467.917416 seconds.

chan =

    92

Elapsed time is 495.421651 seconds.

chan =

    93

Elapsed time is 495.012270 seconds.

chan =

    94

Elapsed time is 498.145503 seconds.

chan =

    95

Elapsed time is 495.258006 seconds.

chan =

    96

Elapsed time is 494.113320 seconds.

chan =

    97

Elapsed time is 492.521224 seconds.

chan =

    98

Elapsed time is 495.656241 seconds.

chan =

    99

Elapsed time is 493.853076 seconds.

chan =

   100

Elapsed time is 494.498084 seconds.

chan =

   101

Elapsed time is 496.078856 seconds.

chan =

   102

Elapsed time is 496.950335 seconds.

chan =

   103

Elapsed time is 497.249466 seconds.

chan =

   104

Elapsed time is 495.718554 seconds.

chan =

   105

Elapsed time is 493.997406 seconds.

chan =

   106

Elapsed time is 497.221823 seconds.

chan =

   107

Elapsed time is 496.106011 seconds.

chan =

   108

Elapsed time is 500.191922 seconds.

chan =

   109

Elapsed time is 499.308231 seconds.

chan =

   110

Elapsed time is 501.959633 seconds.

chan =

   111

Elapsed time is 500.600793 seconds.

chan =

   112

Elapsed time is 502.362638 seconds.

chan =

   113

Elapsed time is 495.659606 seconds.

chan =

   114

Elapsed time is 469.277182 seconds.
attempting saving
save success: /projects/p31578/dtf8829/QuestConnect/CHANDAT/chanDat_SLCH010_103.mat
working on TF
