getting started: 3020
attempting file: 3020
going for OH30 119
data loaded: OH30 119
HFB already done

chan =

     1

Elapsed time is 468.369553 seconds.

chan =

     2

Elapsed time is 467.656373 seconds.

chan =

     3

Elapsed time is 466.441158 seconds.

chan =

     4

Elapsed time is 468.435440 seconds.

chan =

     5

Elapsed time is 465.632511 seconds.

chan =

     6

Elapsed time is 460.447047 seconds.

chan =

     7

Elapsed time is 467.648449 seconds.

chan =

     8

Elapsed time is 469.281066 seconds.

chan =

     9

Elapsed time is 462.031303 seconds.

chan =

    10

Elapsed time is 469.401224 seconds.

chan =

    11

Elapsed time is 462.805198 seconds.

chan =

    12

Elapsed time is 465.541888 seconds.

chan =

    13

Elapsed time is 461.852220 seconds.

chan =

    14

Elapsed time is 467.807220 seconds.

chan =

    15

Elapsed time is 471.315974 seconds.

chan =

    16

Elapsed time is 461.184329 seconds.

chan =

    17

Elapsed time is 466.155012 seconds.

chan =

    18

Elapsed time is 472.454930 seconds.

chan =

    19

Elapsed time is 473.352845 seconds.

chan =

    20

Elapsed time is 503.264990 seconds.

chan =

    21

Elapsed time is 503.512696 seconds.

chan =

    22

Elapsed time is 477.868299 seconds.

chan =

    23

Elapsed time is 499.009962 seconds.

chan =

    24

Elapsed time is 495.584943 seconds.

chan =

    25

Elapsed time is 488.873341 seconds.

chan =

    26

Elapsed time is 460.702554 seconds.

chan =

    27

Elapsed time is 455.605873 seconds.

chan =

    28

Elapsed time is 472.189023 seconds.

chan =

    29

Elapsed time is 492.924040 seconds.

chan =

    30

Elapsed time is 459.901835 seconds.

chan =

    31

Elapsed time is 479.026882 seconds.

chan =

    32

Elapsed time is 460.685674 seconds.

chan =

    33

Elapsed time is 442.792039 seconds.

chan =

    34

Elapsed time is 438.947110 seconds.

chan =

    35

Elapsed time is 427.527984 seconds.

chan =

    36

Elapsed time is 389.176961 seconds.

chan =

    37

Elapsed time is 384.038716 seconds.

chan =

    38

Elapsed time is 391.511610 seconds.

chan =

    39

Elapsed time is 383.788480 seconds.

chan =

    40

Elapsed time is 386.473109 seconds.

chan =

    41

Elapsed time is 389.783214 seconds.

chan =

    42

Elapsed time is 385.807578 seconds.

chan =

    43

Elapsed time is 387.372094 seconds.

chan =

    44

Elapsed time is 385.694345 seconds.

chan =

    45

Elapsed time is 385.021623 seconds.

chan =

    46

Elapsed time is 382.944155 seconds.

chan =

    47

Elapsed time is 379.319532 seconds.

chan =

    48

Elapsed time is 380.766012 seconds.

chan =

    49

Elapsed time is 388.774951 seconds.

chan =

    50

Elapsed time is 384.053566 seconds.

chan =

    51

Elapsed time is 383.811955 seconds.

chan =

    52

Elapsed time is 386.828588 seconds.

chan =

    53

Elapsed time is 380.930114 seconds.

chan =

    54

Elapsed time is 386.431740 seconds.

chan =

    55

Elapsed time is 384.808378 seconds.

chan =

    56

Elapsed time is 388.932544 seconds.

chan =

    57

Elapsed time is 380.736037 seconds.

chan =

    58

Elapsed time is 385.759759 seconds.

chan =

    59

Elapsed time is 382.918143 seconds.

chan =

    60

Elapsed time is 386.298231 seconds.

chan =

    61

Elapsed time is 388.927763 seconds.

chan =

    62

Elapsed time is 387.638148 seconds.

chan =

    63

Elapsed time is 395.133314 seconds.

chan =

    64

Elapsed time is 381.187214 seconds.

chan =

    65

Elapsed time is 380.565031 seconds.

chan =

    66

Elapsed time is 379.514380 seconds.

chan =

    67

Elapsed time is 380.004808 seconds.

chan =

    68

Elapsed time is 383.159508 seconds.

chan =

    69

Elapsed time is 385.257160 seconds.

chan =

    70

Elapsed time is 385.162264 seconds.

chan =

    71

Elapsed time is 382.951030 seconds.

chan =

    72

Elapsed time is 384.163753 seconds.

chan =

    73

Elapsed time is 377.805882 seconds.

chan =

    74

Elapsed time is 385.981159 seconds.

chan =

    75

Elapsed time is 390.106600 seconds.

chan =

    76

Elapsed time is 395.896500 seconds.

chan =

    77

Elapsed time is 387.365641 seconds.

chan =

    78

Elapsed time is 383.305793 seconds.

chan =

    79

Elapsed time is 377.962761 seconds.

chan =

    80

Elapsed time is 370.514366 seconds.

chan =

    81

Elapsed time is 353.421593 seconds.

chan =

    82

Elapsed time is 343.533889 seconds.

chan =

    83

Elapsed time is 373.418559 seconds.

chan =

    84

Elapsed time is 373.840574 seconds.

chan =

    85

Elapsed time is 371.750000 seconds.

chan =

    86

Elapsed time is 398.510079 seconds.

chan =

    87

Elapsed time is 393.417577 seconds.

chan =

    88

Elapsed time is 397.538800 seconds.

chan =

    89

Elapsed time is 394.341206 seconds.

chan =

    90

Elapsed time is 391.587422 seconds.

chan =

    91

Elapsed time is 391.679662 seconds.

chan =

    92

Elapsed time is 391.507917 seconds.

chan =

    93

Elapsed time is 387.266691 seconds.

chan =

    94

Elapsed time is 390.711880 seconds.

chan =

    95

Elapsed time is 366.060692 seconds.

chan =

    96

Elapsed time is 377.426969 seconds.

chan =

    97

Elapsed time is 421.202047 seconds.

chan =

    98

Elapsed time is 417.958394 seconds.

chan =

    99

Elapsed time is 389.958132 seconds.

chan =

   100

Elapsed time is 392.242903 seconds.

chan =

   101

Elapsed time is 382.944304 seconds.

chan =

   102

Elapsed time is 345.143349 seconds.

chan =

   103

Elapsed time is 349.253261 seconds.

chan =

   104

Elapsed time is 370.129621 seconds.

chan =

   105

Elapsed time is 414.613912 seconds.

chan =

   106

Elapsed time is 505.936217 seconds.

chan =

   107

Elapsed time is 509.187241 seconds.

chan =

   108

Elapsed time is 458.922401 seconds.

chan =

   109

Elapsed time is 341.782915 seconds.

chan =

   110

Elapsed time is 341.357155 seconds.

chan =

   111

Elapsed time is 344.083083 seconds.

chan =

   112

Elapsed time is 344.189360 seconds.

chan =

   113

Elapsed time is 343.265762 seconds.

chan =

   114

Elapsed time is 343.011272 seconds.

chan =

   115

Elapsed time is 344.926926 seconds.

chan =

   116

Elapsed time is 343.374753 seconds.

chan =

   117

Elapsed time is 341.722589 seconds.

chan =

   118

Elapsed time is 335.000786 seconds.

chan =

   119

Elapsed time is 342.328721 seconds.

chan =

   120

Elapsed time is 342.735901 seconds.

chan =

   121

Elapsed time is 345.646373 seconds.

chan =

   122

Elapsed time is 341.473979 seconds.

chan =

   123

Elapsed time is 344.380595 seconds.

chan =

   124

Elapsed time is 345.769581 seconds.

chan =

   125

Elapsed time is 341.953981 seconds.

chan =

   126

Elapsed time is 341.760411 seconds.

chan =

   127

Elapsed time is 342.217083 seconds.

chan =

   128

Elapsed time is 340.430072 seconds.

chan =

   129

Elapsed time is 343.743473 seconds.

chan =

   130

Elapsed time is 340.928919 seconds.

chan =

   131

Elapsed time is 339.025011 seconds.

chan =

   132

Elapsed time is 344.267779 seconds.

chan =

   133

Elapsed time is 343.535985 seconds.

chan =

   134

Elapsed time is 346.977946 seconds.

chan =

   135

Elapsed time is 344.684568 seconds.

chan =

   136

Elapsed time is 341.685339 seconds.

chan =

   137

Elapsed time is 340.646076 seconds.

chan =

   138

Elapsed time is 344.693690 seconds.

chan =

   139

Elapsed time is 347.235400 seconds.
attempting saving
save success: /projects/p31578/dtf8829/QuestConnect/CHANDAT/chanDat_OH30_119.mat
working on TF
encoding done
encoding RT done
