getting started: 3255
attempting file: 3255
going for SD5 4
data loaded: SD5 4
HFB already done

chan =

     1

Elapsed time is 281.601408 seconds.

chan =

     2

Elapsed time is 264.862527 seconds.

chan =

     3

Elapsed time is 272.015746 seconds.

chan =

     4

Elapsed time is 284.106887 seconds.

chan =

     5

Elapsed time is 275.062024 seconds.

chan =

     6

Elapsed time is 281.619092 seconds.

chan =

     7

Elapsed time is 281.357084 seconds.

chan =

     8

Elapsed time is 277.954515 seconds.

chan =

     9

Elapsed time is 284.754955 seconds.

chan =

    10

Elapsed time is 275.703992 seconds.

chan =

    11

Elapsed time is 274.934520 seconds.

chan =

    12

Elapsed time is 286.532052 seconds.

chan =

    13

Elapsed time is 275.015927 seconds.

chan =

    14

Elapsed time is 284.180211 seconds.

chan =

    15

Elapsed time is 274.310910 seconds.

chan =

    16

Elapsed time is 282.622708 seconds.

chan =

    17

Elapsed time is 281.208845 seconds.

chan =

    18

Elapsed time is 282.300485 seconds.

chan =

    19

Elapsed time is 281.956611 seconds.

chan =

    20

Elapsed time is 278.240731 seconds.

chan =

    21

Elapsed time is 276.011025 seconds.

chan =

    22

Elapsed time is 282.435408 seconds.

chan =

    23

Elapsed time is 275.932855 seconds.

chan =

    24

Elapsed time is 285.496276 seconds.

chan =

    25

Elapsed time is 275.278153 seconds.

chan =

    26

Elapsed time is 286.713564 seconds.

chan =

    27

Elapsed time is 274.114709 seconds.

chan =

    28

Elapsed time is 274.402363 seconds.

chan =

    29

Elapsed time is 279.006698 seconds.

chan =

    30

Elapsed time is 278.768951 seconds.

chan =

    31

Elapsed time is 282.885020 seconds.

chan =

    32

Elapsed time is 275.355992 seconds.

chan =

    33

Elapsed time is 274.925909 seconds.

chan =

    34

Elapsed time is 280.008733 seconds.

chan =

    35

Elapsed time is 277.906570 seconds.

chan =

    36

Elapsed time is 281.626383 seconds.

chan =

    37

Elapsed time is 275.794335 seconds.

chan =

    38

Elapsed time is 279.638219 seconds.

chan =

    39

Elapsed time is 275.011475 seconds.

chan =

    40

Elapsed time is 276.612554 seconds.

chan =

    41

Elapsed time is 271.333748 seconds.

chan =

    42

Elapsed time is 274.881496 seconds.

chan =

    43

Elapsed time is 271.245173 seconds.

chan =

    44

Elapsed time is 277.975246 seconds.

chan =

    45

Elapsed time is 272.887469 seconds.

chan =

    46

Elapsed time is 281.730875 seconds.

chan =

    47

Elapsed time is 275.740539 seconds.

chan =

    48

Elapsed time is 274.290400 seconds.

chan =

    49

Elapsed time is 273.523172 seconds.

chan =

    50

Elapsed time is 268.981904 seconds.

chan =

    51

Elapsed time is 363.772247 seconds.

chan =

    52

Elapsed time is 419.404722 seconds.

chan =

    53

Elapsed time is 416.768672 seconds.

chan =

    54

Elapsed time is 415.830092 seconds.

chan =

    55

Elapsed time is 415.903358 seconds.

chan =

    56

Elapsed time is 419.051962 seconds.

chan =

    57

Elapsed time is 417.861872 seconds.

chan =

    58

Elapsed time is 417.350538 seconds.

chan =

    59

Elapsed time is 419.553326 seconds.

chan =

    60

Elapsed time is 419.520600 seconds.

chan =

    61

Elapsed time is 417.932619 seconds.

chan =

    62

Elapsed time is 416.261094 seconds.

chan =

    63

Elapsed time is 417.772215 seconds.

chan =

    64

Elapsed time is 416.381933 seconds.

chan =

    65

Elapsed time is 415.208501 seconds.

chan =

    66

Elapsed time is 414.559612 seconds.

chan =

    67

Elapsed time is 415.781288 seconds.

chan =

    68

Elapsed time is 420.670546 seconds.

chan =

    69

Elapsed time is 418.803121 seconds.

chan =

    70

Elapsed time is 422.733952 seconds.

chan =

    71

Elapsed time is 415.262510 seconds.

chan =

    72

Elapsed time is 417.127015 seconds.

chan =

    73

Elapsed time is 412.596343 seconds.

chan =

    74

Elapsed time is 415.262674 seconds.

chan =

    75

Elapsed time is 413.597593 seconds.

chan =

    76

Elapsed time is 413.885580 seconds.

chan =

    77

Elapsed time is 412.729339 seconds.

chan =

    78

Elapsed time is 415.267796 seconds.

chan =

    79

Elapsed time is 413.190933 seconds.

chan =

    80

Elapsed time is 412.239817 seconds.

chan =

    81

Elapsed time is 408.188495 seconds.

chan =

    82

Elapsed time is 410.097171 seconds.

chan =

    83

Elapsed time is 413.035405 seconds.

chan =

    84

Elapsed time is 417.112169 seconds.

chan =

    85

Elapsed time is 415.512945 seconds.

chan =

    86

Elapsed time is 413.944282 seconds.

chan =

    87

Elapsed time is 413.898772 seconds.

chan =

    88

Elapsed time is 416.020013 seconds.

chan =

    89

Elapsed time is 412.343618 seconds.

chan =

    90

Elapsed time is 415.722275 seconds.

chan =

    91

Elapsed time is 415.146134 seconds.

chan =

    92

Elapsed time is 414.937844 seconds.

chan =

    93

Elapsed time is 415.192980 seconds.

chan =

    94

Elapsed time is 414.391733 seconds.

chan =

    95

Elapsed time is 417.007338 seconds.

chan =

    96

Elapsed time is 415.344690 seconds.

chan =

    97

Elapsed time is 415.655608 seconds.

chan =

    98

Elapsed time is 416.263029 seconds.

chan =

    99

Elapsed time is 417.356559 seconds.

chan =

   100

Elapsed time is 416.206981 seconds.

chan =

   101

Elapsed time is 412.265469 seconds.

chan =

   102

Elapsed time is 411.321343 seconds.

chan =

   103

Elapsed time is 415.648403 seconds.

chan =

   104

Elapsed time is 414.187461 seconds.

chan =

   105

Elapsed time is 412.232309 seconds.

chan =

   106

Elapsed time is 408.443746 seconds.

chan =

   107

Elapsed time is 412.414927 seconds.

chan =

   108

Elapsed time is 412.486655 seconds.

chan =

   109

Elapsed time is 411.330888 seconds.

