getting started: 3673
attempting file: 3673
going for SLCH010 79
data loaded: SLCH010 79
HFB already done

chan =

     1

Elapsed time is 511.787558 seconds.

chan =

     2

Elapsed time is 496.111517 seconds.

chan =

     3

Elapsed time is 507.369155 seconds.

chan =

     4

Elapsed time is 534.143658 seconds.

chan =

     5

Elapsed time is 519.319811 seconds.

chan =

     6

Elapsed time is 565.223905 seconds.

chan =

     7

Elapsed time is 567.482085 seconds.

chan =

     8

Elapsed time is 565.938562 seconds.

chan =

     9

Elapsed time is 568.779473 seconds.

chan =

    10

Elapsed time is 568.414408 seconds.

chan =

    11

Elapsed time is 565.709342 seconds.

chan =

    12

Elapsed time is 566.514570 seconds.

chan =

    13

Elapsed time is 563.684078 seconds.

chan =

    14

Elapsed time is 567.882313 seconds.

chan =

    15

Elapsed time is 558.087110 seconds.

chan =

    16

Elapsed time is 568.995728 seconds.

chan =

    17

Elapsed time is 570.691467 seconds.

chan =

    18

Elapsed time is 566.062968 seconds.

chan =

    19

Elapsed time is 570.027480 seconds.

chan =

    20

Elapsed time is 561.363712 seconds.

chan =

    21

Elapsed time is 573.507197 seconds.

chan =

    22

Elapsed time is 571.928923 seconds.

chan =

    23

Elapsed time is 518.216258 seconds.

chan =

    24

Elapsed time is 555.873128 seconds.

chan =

    25

Elapsed time is 578.087713 seconds.

chan =

    26

Elapsed time is 568.823923 seconds.

chan =

    27

Elapsed time is 575.507361 seconds.

chan =

    28

Elapsed time is 571.745535 seconds.

chan =

    29

Elapsed time is 568.659099 seconds.

chan =

    30

Elapsed time is 578.637533 seconds.

chan =

    31

Elapsed time is 575.669784 seconds.

chan =

    32

Elapsed time is 572.036700 seconds.

chan =

    33

Elapsed time is 571.072489 seconds.

chan =

    34

Elapsed time is 562.451818 seconds.

chan =

    35

Elapsed time is 571.211400 seconds.

chan =

    36

Elapsed time is 566.155408 seconds.

chan =

    37

Elapsed time is 575.359181 seconds.

chan =

    38

Elapsed time is 575.451111 seconds.

chan =

    39

Elapsed time is 570.849419 seconds.

chan =

    40

Elapsed time is 569.275904 seconds.

chan =

    41

Elapsed time is 568.795603 seconds.

chan =

    42

Elapsed time is 569.590384 seconds.

chan =

    43

Elapsed time is 568.479518 seconds.

chan =

    44

Elapsed time is 568.286716 seconds.

chan =

    45

Elapsed time is 569.143183 seconds.

chan =

    46

Elapsed time is 568.459724 seconds.

chan =

    47

Elapsed time is 573.091095 seconds.

chan =

    48

Elapsed time is 571.224676 seconds.

chan =

    49

Elapsed time is 572.011719 seconds.

chan =

    50

Elapsed time is 563.746421 seconds.

chan =

    51

Elapsed time is 564.449346 seconds.

chan =

    52

Elapsed time is 562.836785 seconds.

chan =

    53

Elapsed time is 552.971652 seconds.

chan =

    54

Elapsed time is 545.986698 seconds.

chan =

    55

Elapsed time is 517.520522 seconds.

chan =

    56

Elapsed time is 521.477371 seconds.

chan =

    57

Elapsed time is 517.148910 seconds.

chan =

    58

Elapsed time is 509.985678 seconds.

chan =

    59

Elapsed time is 522.664376 seconds.

chan =

    60

Elapsed time is 517.061444 seconds.

chan =

    61

Elapsed time is 512.481032 seconds.

chan =

    62

Elapsed time is 514.508372 seconds.

chan =

    63

Elapsed time is 518.831953 seconds.

chan =

    64

Elapsed time is 515.649463 seconds.

chan =

    65

Elapsed time is 509.810586 seconds.

chan =

    66

Elapsed time is 519.290962 seconds.

chan =

    67

Elapsed time is 518.654806 seconds.

chan =

    68

Elapsed time is 520.422466 seconds.

chan =

    69

Elapsed time is 512.044984 seconds.

chan =

    70

Elapsed time is 516.077458 seconds.

chan =

    71

Elapsed time is 521.147215 seconds.

chan =

    72

Elapsed time is 521.282891 seconds.

chan =

    73

Elapsed time is 508.635655 seconds.

chan =

    74

Elapsed time is 519.903672 seconds.

chan =

    75

Elapsed time is 514.434943 seconds.

chan =

    76

Elapsed time is 510.447186 seconds.

chan =

    77

Elapsed time is 514.997635 seconds.

chan =

    78

Elapsed time is 510.879615 seconds.

chan =

    79

Elapsed time is 514.299674 seconds.

chan =

    80

Elapsed time is 485.221123 seconds.

chan =

    81

Elapsed time is 495.605894 seconds.

chan =

    82

Elapsed time is 487.205332 seconds.

chan =

    83

Elapsed time is 482.531028 seconds.

chan =

    84

Elapsed time is 470.621742 seconds.

chan =

    85

Elapsed time is 481.585943 seconds.

chan =

    86

Elapsed time is 473.727156 seconds.

chan =

    87

Elapsed time is 469.557716 seconds.

chan =

    88

Elapsed time is 467.836483 seconds.

chan =

    89

Elapsed time is 466.801707 seconds.

chan =

    90

Elapsed time is 490.740036 seconds.

chan =

    91

Elapsed time is 509.663899 seconds.

chan =

    92

Elapsed time is 534.926250 seconds.

chan =

    93

Elapsed time is 535.907159 seconds.

chan =

    94

Elapsed time is 536.094648 seconds.

chan =

    95

Elapsed time is 516.782032 seconds.

chan =

    96

Elapsed time is 533.289482 seconds.

chan =

    97

Elapsed time is 536.250531 seconds.

chan =

    98

Elapsed time is 536.674503 seconds.

chan =

    99

Elapsed time is 537.415431 seconds.

chan =

   100

Elapsed time is 537.350280 seconds.

chan =

   101

Elapsed time is 538.702744 seconds.

chan =

   102

Elapsed time is 538.664311 seconds.

chan =

   103

Elapsed time is 538.095558 seconds.

chan =

   104

Elapsed time is 531.225326 seconds.

chan =

   105

Elapsed time is 539.537301 seconds.

chan =

   106

Elapsed time is 528.685238 seconds.

chan =

   107

Elapsed time is 529.887173 seconds.

chan =

   108

Elapsed time is 534.066613 seconds.

chan =

   109

Elapsed time is 529.687582 seconds.

chan =

   110

Elapsed time is 535.534903 seconds.

chan =

   111

Elapsed time is 537.402866 seconds.

chan =

   112

Elapsed time is 536.226647 seconds.

chan =

   113

Elapsed time is 538.851161 seconds.

chan =

   114

Elapsed time is 525.449702 seconds.
attempting saving
save success: /projects/p31578/dtf8829/QuestConnect/CHANDAT/chanDat_SLCH010_079.mat
working on TF
