getting started: 3036
attempting file: 3036
going for OH30 135
data loaded: OH30 135
HFB already done

chan =

     1

Elapsed time is 522.792151 seconds.

chan =

     2

Elapsed time is 545.711821 seconds.

chan =

     3

Elapsed time is 534.850918 seconds.

chan =

     4

Elapsed time is 540.801267 seconds.

chan =

     5

Elapsed time is 548.006966 seconds.

chan =

     6

Elapsed time is 542.710864 seconds.

chan =

     7

Elapsed time is 542.253803 seconds.

chan =

     8

Elapsed time is 545.841372 seconds.

chan =

     9

Elapsed time is 532.662959 seconds.

chan =

    10

Elapsed time is 532.206582 seconds.

chan =

    11

Elapsed time is 532.336876 seconds.

chan =

    12

Elapsed time is 531.703558 seconds.

chan =

    13

Elapsed time is 531.497971 seconds.

chan =

    14

Elapsed time is 511.961926 seconds.

chan =

    15

Elapsed time is 526.318005 seconds.

chan =

    16

Elapsed time is 525.312511 seconds.

chan =

    17

Elapsed time is 519.788960 seconds.

chan =

    18

Elapsed time is 530.430357 seconds.

chan =

    19

Elapsed time is 526.697353 seconds.

chan =

    20

Elapsed time is 526.852734 seconds.

chan =

    21

Elapsed time is 523.443141 seconds.

chan =

    22

Elapsed time is 524.291609 seconds.

chan =

    23

Elapsed time is 523.589839 seconds.

chan =

    24

Elapsed time is 523.999782 seconds.

chan =

    25

Elapsed time is 525.795398 seconds.

chan =

    26

Elapsed time is 520.950879 seconds.

chan =

    27

Elapsed time is 524.314663 seconds.

chan =

    28

Elapsed time is 526.339835 seconds.

chan =

    29

Elapsed time is 525.202309 seconds.

chan =

    30

Elapsed time is 519.626705 seconds.

chan =

    31

Elapsed time is 518.889172 seconds.

chan =

    32

Elapsed time is 512.249141 seconds.

chan =

    33

Elapsed time is 515.375576 seconds.

chan =

    34

Elapsed time is 507.268776 seconds.

chan =

    35

Elapsed time is 491.461302 seconds.

chan =

    36

Elapsed time is 503.101772 seconds.

chan =

    37

Elapsed time is 491.729916 seconds.

chan =

    38

Elapsed time is 505.837388 seconds.

chan =

    39

Elapsed time is 505.831582 seconds.

chan =

    40

Elapsed time is 495.766265 seconds.

chan =

    41

Elapsed time is 508.343049 seconds.

chan =

    42

Elapsed time is 493.395620 seconds.

chan =

    43

Elapsed time is 508.404394 seconds.

chan =

    44

Elapsed time is 509.338626 seconds.

chan =

    45

Elapsed time is 490.406093 seconds.

chan =

    46

Elapsed time is 506.848323 seconds.

chan =

    47

Elapsed time is 506.200098 seconds.

chan =

    48

Elapsed time is 480.444728 seconds.

chan =

    49

Elapsed time is 510.463641 seconds.

chan =

    50

Elapsed time is 490.273824 seconds.

chan =

    51

Elapsed time is 503.696759 seconds.

chan =

    52

Elapsed time is 508.880409 seconds.

chan =

    53

Elapsed time is 486.408234 seconds.

chan =

    54

Elapsed time is 507.226308 seconds.

chan =

    55

Elapsed time is 510.211916 seconds.

chan =

    56

Elapsed time is 484.802901 seconds.

chan =

    57

Elapsed time is 509.625531 seconds.

chan =

    58

Elapsed time is 500.872865 seconds.

chan =

    59

Elapsed time is 500.518647 seconds.

chan =

    60

Elapsed time is 480.364706 seconds.

chan =

    61

Elapsed time is 446.174149 seconds.

chan =

    62

Elapsed time is 476.457273 seconds.

chan =

    63

Elapsed time is 464.230621 seconds.

chan =

    64

Elapsed time is 435.856174 seconds.

chan =

    65

Elapsed time is 482.306520 seconds.

chan =

    66

Elapsed time is 460.010929 seconds.

chan =

    67

Elapsed time is 461.829413 seconds.

chan =

    68

Elapsed time is 474.944635 seconds.

chan =

    69

Elapsed time is 477.862108 seconds.

chan =

    70

Elapsed time is 447.524946 seconds.

chan =

    71

Elapsed time is 473.836443 seconds.

chan =

    72

Elapsed time is 483.471319 seconds.

chan =

    73

Elapsed time is 471.739464 seconds.

chan =

    74

Elapsed time is 472.873256 seconds.

chan =

    75

Elapsed time is 452.939525 seconds.

chan =

    76

Elapsed time is 479.872002 seconds.

chan =

    77

Elapsed time is 470.771578 seconds.

chan =

    78

Elapsed time is 462.594499 seconds.

chan =

    79

Elapsed time is 470.833835 seconds.

chan =

    80

Elapsed time is 480.788157 seconds.

chan =

    81

Elapsed time is 454.195596 seconds.

chan =

    82

Elapsed time is 472.073184 seconds.

chan =

    83

Elapsed time is 479.993748 seconds.

chan =

    84

Elapsed time is 474.774056 seconds.

chan =

    85

Elapsed time is 479.455678 seconds.

chan =

    86

Elapsed time is 464.379880 seconds.

chan =

    87

Elapsed time is 468.668662 seconds.

chan =

    88

Elapsed time is 481.071294 seconds.

chan =

    89

Elapsed time is 459.982872 seconds.

chan =

    90

Elapsed time is 481.024645 seconds.

chan =

    91

Elapsed time is 483.825208 seconds.

chan =

    92

Elapsed time is 451.587910 seconds.

chan =

    93

Elapsed time is 474.172441 seconds.

chan =

    94

Elapsed time is 473.970284 seconds.

chan =

    95

Elapsed time is 470.663729 seconds.

chan =

    96

Elapsed time is 474.149439 seconds.

chan =

    97

Elapsed time is 471.334093 seconds.

chan =

    98

Elapsed time is 474.188598 seconds.

chan =

    99

Elapsed time is 481.605174 seconds.

chan =

   100

Elapsed time is 448.848465 seconds.

chan =

   101

Elapsed time is 471.418204 seconds.

chan =

   102

Elapsed time is 523.432906 seconds.

chan =

   103

Elapsed time is 524.912650 seconds.

chan =

   104

Elapsed time is 526.780512 seconds.

chan =

   105

Elapsed time is 524.532410 seconds.

chan =

   106

Elapsed time is 525.619236 seconds.

chan =

   107

Elapsed time is 523.971392 seconds.

chan =

   108

Elapsed time is 523.809275 seconds.

chan =

   109

Elapsed time is 520.452267 seconds.

chan =

   110

Elapsed time is 522.167876 seconds.

chan =

   111

Elapsed time is 521.363383 seconds.

chan =

   112

Elapsed time is 525.322754 seconds.

chan =

   113

Elapsed time is 525.985024 seconds.

chan =

   114

Elapsed time is 522.417749 seconds.

chan =

   115

Elapsed time is 522.984354 seconds.

chan =

   116

Elapsed time is 523.125155 seconds.

chan =

   117

Elapsed time is 521.838385 seconds.

chan =

   118

Elapsed time is 515.768184 seconds.

chan =

   119

Elapsed time is 523.026029 seconds.

chan =

   120

Elapsed time is 523.517047 seconds.

chan =

   121

Elapsed time is 525.027696 seconds.

chan =

   122

Elapsed time is 524.251801 seconds.

chan =

   123

Elapsed time is 523.281158 seconds.

chan =

   124

Elapsed time is 522.348924 seconds.

chan =

   125

Elapsed time is 525.687785 seconds.

chan =

   126

Elapsed time is 523.281412 seconds.

chan =

   127

Elapsed time is 523.585077 seconds.

chan =

   128

Elapsed time is 522.625883 seconds.

chan =

   129

Elapsed time is 520.749344 seconds.

chan =

   130

Elapsed time is 522.269830 seconds.

chan =

   131

Elapsed time is 518.273575 seconds.

chan =

   132

Elapsed time is 470.932931 seconds.

chan =

   133

Elapsed time is 455.889888 seconds.

chan =

   134

Elapsed time is 457.773787 seconds.

chan =

   135

