getting started: 3656
attempting file: 3656
going for SLCH010 62
data loaded: SLCH010 62
HFB already done

chan =

     1

Elapsed time is 573.169295 seconds.

chan =

     2

Elapsed time is 528.127087 seconds.

chan =

     3

Elapsed time is 502.075535 seconds.

chan =

     4

Elapsed time is 477.497704 seconds.

chan =

     5

Elapsed time is 449.892474 seconds.

chan =

     6

Elapsed time is 525.783523 seconds.

chan =

     7

Elapsed time is 510.306790 seconds.

chan =

     8

Elapsed time is 512.271637 seconds.

chan =

     9

Elapsed time is 510.465374 seconds.

chan =

    10

Elapsed time is 510.645322 seconds.

chan =

    11

Elapsed time is 506.136415 seconds.

chan =

    12

Elapsed time is 499.319985 seconds.

chan =

    13

Elapsed time is 522.211009 seconds.

chan =

    14

Elapsed time is 526.638652 seconds.

chan =

    15

Elapsed time is 524.912314 seconds.

chan =

    16

Elapsed time is 508.139129 seconds.

chan =

    17

Elapsed time is 523.721241 seconds.

chan =

    18

Elapsed time is 514.649587 seconds.

chan =

    19

Elapsed time is 503.362439 seconds.

chan =

    20

Elapsed time is 518.184997 seconds.

chan =

    21

Elapsed time is 503.487863 seconds.

chan =

    22

Elapsed time is 510.438912 seconds.

chan =

    23

Elapsed time is 484.686189 seconds.

chan =

    24

Elapsed time is 479.310491 seconds.

chan =

    25

Elapsed time is 510.552515 seconds.

chan =

    26

Elapsed time is 479.265062 seconds.

chan =

    27

Elapsed time is 480.794769 seconds.

chan =

    28

Elapsed time is 477.930689 seconds.

chan =

    29

Elapsed time is 480.308838 seconds.

chan =

    30

Elapsed time is 477.012707 seconds.

chan =

    31

Elapsed time is 480.318160 seconds.

chan =

    32

Elapsed time is 478.616819 seconds.

chan =

    33

Elapsed time is 482.424294 seconds.

chan =

    34

Elapsed time is 477.943020 seconds.

chan =

    35

Elapsed time is 477.296298 seconds.

chan =

    36

Elapsed time is 470.810164 seconds.

chan =

    37

Elapsed time is 473.661644 seconds.

chan =

    38

Elapsed time is 472.377075 seconds.

chan =

    39

Elapsed time is 473.619314 seconds.

chan =

    40

Elapsed time is 471.543107 seconds.

chan =

    41

Elapsed time is 451.270685 seconds.

chan =

    42

Elapsed time is 384.953222 seconds.

chan =

    43

Elapsed time is 394.432769 seconds.

chan =

    44

Elapsed time is 398.542526 seconds.

chan =

    45

Elapsed time is 400.242802 seconds.

chan =

    46

Elapsed time is 389.642200 seconds.

chan =

    47

Elapsed time is 389.991541 seconds.

chan =

    48

Elapsed time is 384.131555 seconds.

chan =

    49

Elapsed time is 389.816676 seconds.

chan =

    50

Elapsed time is 389.729631 seconds.

chan =

    51

Elapsed time is 467.450423 seconds.

chan =

    52

Elapsed time is 459.906928 seconds.

chan =

    53

Elapsed time is 401.253484 seconds.

chan =

    54

Elapsed time is 458.561987 seconds.

chan =

    55

Elapsed time is 462.845015 seconds.

chan =

    56

Elapsed time is 458.733940 seconds.

chan =

    57

Elapsed time is 395.017962 seconds.

chan =

    58

Elapsed time is 383.376813 seconds.

chan =

    59

Elapsed time is 392.151414 seconds.

chan =

    60

Elapsed time is 390.143227 seconds.

chan =

    61

Elapsed time is 395.071098 seconds.

chan =

    62

Elapsed time is 390.831266 seconds.

chan =

    63

Elapsed time is 418.493549 seconds.

chan =

    64

Elapsed time is 411.528311 seconds.

chan =

    65

Elapsed time is 430.685751 seconds.

chan =

    66

Elapsed time is 428.203305 seconds.

chan =

    67

Elapsed time is 431.112584 seconds.

chan =

    68

Elapsed time is 429.310653 seconds.

chan =

    69

Elapsed time is 421.854839 seconds.

chan =

    70

Elapsed time is 386.750633 seconds.

chan =

    71

Elapsed time is 393.526772 seconds.

chan =

    72

Elapsed time is 388.127679 seconds.

chan =

    73

Elapsed time is 414.807431 seconds.

chan =

    74

Elapsed time is 455.747693 seconds.

chan =

    75

Elapsed time is 423.159603 seconds.

chan =

    76

Elapsed time is 451.715266 seconds.

chan =

    77

Elapsed time is 465.861934 seconds.

chan =

    78

Elapsed time is 462.370309 seconds.

chan =

    79

Elapsed time is 467.663346 seconds.

chan =

    80

Elapsed time is 404.909891 seconds.

chan =

    81

Elapsed time is 514.372363 seconds.

chan =

    82

Elapsed time is 399.919511 seconds.

chan =

    83

Elapsed time is 390.773023 seconds.

chan =

    84

Elapsed time is 411.319549 seconds.

chan =

    85

Elapsed time is 452.089360 seconds.

chan =

    86

Elapsed time is 432.710008 seconds.

chan =

    87

Elapsed time is 392.458543 seconds.

chan =

    88

Elapsed time is 387.628101 seconds.

chan =

    89

Elapsed time is 399.123149 seconds.

chan =

    90

Elapsed time is 595.206709 seconds.

chan =

    91

Elapsed time is 606.095608 seconds.

chan =

    92

Elapsed time is 598.173720 seconds.

chan =

    93

Elapsed time is 604.045707 seconds.

chan =

    94

Elapsed time is 592.822110 seconds.

chan =

    95

Elapsed time is 605.391376 seconds.

chan =

    96

Elapsed time is 586.458357 seconds.

chan =

    97

Elapsed time is 593.388523 seconds.

chan =

    98

Elapsed time is 602.781687 seconds.

chan =

    99

Elapsed time is 593.885947 seconds.

chan =

   100

Elapsed time is 590.818192 seconds.

chan =

   101

Elapsed time is 604.346531 seconds.

chan =

   102

Elapsed time is 592.888937 seconds.

chan =

   103

Elapsed time is 596.592882 seconds.

chan =

   104

Elapsed time is 595.537809 seconds.

chan =

   105

Elapsed time is 604.530872 seconds.

chan =

   106

Elapsed time is 593.378354 seconds.

chan =

   107

Elapsed time is 594.256155 seconds.

chan =

   108

Elapsed time is 601.357803 seconds.

chan =

   109

Elapsed time is 592.810383 seconds.

chan =

   110

Elapsed time is 591.032260 seconds.

chan =

   111

Elapsed time is 602.782016 seconds.

chan =

   112

Elapsed time is 595.826140 seconds.

chan =

   113

Elapsed time is 594.564056 seconds.

chan =

   114

Elapsed time is 499.152645 seconds.
attempting saving
save success: /projects/p31578/dtf8829/QuestConnect/CHANDAT/chanDat_SLCH010_062.mat
working on TF
