getting started: 3314
attempting file: 3314
going for SD5 63
data loaded: SD5 63
HFB already done

chan =

     1

Elapsed time is 276.866637 seconds.

chan =

     2

Elapsed time is 281.357380 seconds.

chan =

     3

Elapsed time is 273.437910 seconds.

chan =

     4

Elapsed time is 274.287676 seconds.

chan =

     5

Elapsed time is 273.282907 seconds.

chan =

     6

Elapsed time is 272.704113 seconds.

chan =

     7

Elapsed time is 271.009517 seconds.

chan =

     8

Elapsed time is 269.233472 seconds.

chan =

     9

Elapsed time is 269.855117 seconds.

chan =

    10

Elapsed time is 270.219449 seconds.

chan =

    11

Elapsed time is 270.295932 seconds.

chan =

    12

Elapsed time is 268.677019 seconds.

chan =

    13

Elapsed time is 264.307581 seconds.

chan =

    14

Elapsed time is 259.032831 seconds.

chan =

    15

Elapsed time is 255.524797 seconds.

chan =

    16

Elapsed time is 254.893223 seconds.

chan =

    17

Elapsed time is 258.883611 seconds.

chan =

    18

Elapsed time is 258.090398 seconds.

chan =

    19

Elapsed time is 253.120558 seconds.

chan =

    20

Elapsed time is 248.132132 seconds.

chan =

    21

Elapsed time is 246.503128 seconds.

chan =

    22

Elapsed time is 247.821906 seconds.

chan =

    23

Elapsed time is 249.074739 seconds.

chan =

    24

Elapsed time is 250.049044 seconds.

chan =

    25

Elapsed time is 267.578564 seconds.

chan =

    26

Elapsed time is 271.749328 seconds.

chan =

    27

Elapsed time is 268.670040 seconds.

chan =

    28

Elapsed time is 271.207390 seconds.

chan =

    29

Elapsed time is 265.905013 seconds.

chan =

    30

Elapsed time is 272.355158 seconds.

chan =

    31

Elapsed time is 270.362402 seconds.

chan =

    32

Elapsed time is 274.700818 seconds.

chan =

    33

Elapsed time is 267.345942 seconds.

chan =

    34

Elapsed time is 259.770793 seconds.

chan =

    35

Elapsed time is 274.161599 seconds.

chan =

    36

Elapsed time is 276.275724 seconds.

chan =

    37

Elapsed time is 259.552598 seconds.

chan =

    38

Elapsed time is 275.302468 seconds.

chan =

    39

Elapsed time is 271.654551 seconds.

chan =

    40

Elapsed time is 255.378306 seconds.

chan =

    41

Elapsed time is 269.769642 seconds.

chan =

    42

Elapsed time is 271.072569 seconds.

chan =

    43

Elapsed time is 273.091023 seconds.

chan =

    44

Elapsed time is 257.595622 seconds.

chan =

    45

Elapsed time is 264.502216 seconds.

chan =

    46

Elapsed time is 275.950454 seconds.

chan =

    47

Elapsed time is 265.853695 seconds.

chan =

    48

Elapsed time is 250.787780 seconds.

chan =

    49

Elapsed time is 248.782076 seconds.

chan =

    50

Elapsed time is 249.016356 seconds.

chan =

    51

Elapsed time is 252.469805 seconds.

chan =

    52

Elapsed time is 255.419737 seconds.

chan =

    53

Elapsed time is 244.102744 seconds.

chan =

    54

Elapsed time is 240.806937 seconds.

chan =

    55

Elapsed time is 240.803736 seconds.

chan =

    56

Elapsed time is 240.192549 seconds.

chan =

    57

Elapsed time is 240.753548 seconds.

chan =

    58

Elapsed time is 243.366764 seconds.

chan =

    59

Elapsed time is 249.652699 seconds.

chan =

    60

Elapsed time is 240.568801 seconds.

chan =

    61

Elapsed time is 239.749650 seconds.

chan =

    62

Elapsed time is 254.635912 seconds.

chan =

    63

Elapsed time is 254.390473 seconds.

chan =

    64

Elapsed time is 254.511446 seconds.

chan =

    65

Elapsed time is 254.572389 seconds.

chan =

    66

Elapsed time is 253.336898 seconds.

chan =

    67

Elapsed time is 252.836322 seconds.

chan =

    68

Elapsed time is 253.658791 seconds.

chan =

    69

Elapsed time is 254.169773 seconds.

chan =

    70

Elapsed time is 254.605390 seconds.

chan =

    71

Elapsed time is 251.576139 seconds.

chan =

    72

Elapsed time is 253.219351 seconds.

chan =

    73

Elapsed time is 252.761211 seconds.

chan =

    74

Elapsed time is 253.872670 seconds.

chan =

    75

Elapsed time is 253.965505 seconds.

chan =

    76

Elapsed time is 252.532678 seconds.

chan =

    77

Elapsed time is 239.461205 seconds.

chan =

    78

Elapsed time is 237.997929 seconds.

chan =

    79

Elapsed time is 239.480666 seconds.

chan =

    80

Elapsed time is 243.090643 seconds.

chan =

    81

Elapsed time is 243.367442 seconds.

chan =

    82

Elapsed time is 242.463039 seconds.

chan =

    83

Elapsed time is 243.364512 seconds.

chan =

    84

Elapsed time is 243.564892 seconds.

chan =

    85

Elapsed time is 239.904341 seconds.

chan =

    86

Elapsed time is 237.894524 seconds.

chan =

    87

Elapsed time is 235.064502 seconds.

chan =

    88

Elapsed time is 235.640928 seconds.

chan =

    89

Elapsed time is 235.407881 seconds.

chan =

    90

Elapsed time is 236.185108 seconds.

chan =

    91

Elapsed time is 235.724006 seconds.

chan =

    92

Elapsed time is 236.032593 seconds.

chan =

    93

Elapsed time is 236.850942 seconds.

chan =

    94

Elapsed time is 236.045266 seconds.

chan =

    95

Elapsed time is 235.375853 seconds.

chan =

    96

Elapsed time is 250.944716 seconds.

chan =

    97

Elapsed time is 265.364355 seconds.

chan =

    98

Elapsed time is 266.118857 seconds.

chan =

    99

Elapsed time is 265.638151 seconds.

chan =

   100

Elapsed time is 266.420282 seconds.

chan =

   101

Elapsed time is 251.674237 seconds.

chan =

   102

Elapsed time is 266.553657 seconds.

chan =

   103

Elapsed time is 265.590120 seconds.

chan =

   104

Elapsed time is 265.946979 seconds.

chan =

   105

Elapsed time is 265.446449 seconds.

chan =

   106

Elapsed time is 248.256873 seconds.

chan =

   107

Elapsed time is 265.058196 seconds.

chan =

   108

Elapsed time is 263.724224 seconds.

chan =

   109

Elapsed time is 261.328305 seconds.

