getting started: 3015
attempting file: 3015
going for OH30 114
data loaded: OH30 114
HFB already done

chan =

     1

Elapsed time is 546.480937 seconds.

chan =

     2

Elapsed time is 542.016752 seconds.

chan =

     3

Elapsed time is 538.983560 seconds.

chan =

     4

Elapsed time is 536.539947 seconds.

chan =

     5

Elapsed time is 533.568736 seconds.

chan =

     6

Elapsed time is 531.982273 seconds.

chan =

     7

Elapsed time is 525.796923 seconds.

chan =

     8

Elapsed time is 518.490549 seconds.

chan =

     9

Elapsed time is 522.413139 seconds.

chan =

    10

Elapsed time is 512.680055 seconds.

chan =

    11

Elapsed time is 516.526927 seconds.

chan =

    12

Elapsed time is 517.732550 seconds.

chan =

    13

Elapsed time is 515.321928 seconds.

chan =

    14

Elapsed time is 511.311020 seconds.

chan =

    15

Elapsed time is 469.622264 seconds.

chan =

    16

Elapsed time is 486.334739 seconds.

chan =

    17

Elapsed time is 482.055964 seconds.

chan =

    18

Elapsed time is 480.679662 seconds.

chan =

    19

Elapsed time is 456.912405 seconds.

chan =

    20

Elapsed time is 441.654005 seconds.

chan =

    21

Elapsed time is 482.218253 seconds.

chan =

    22

Elapsed time is 476.370878 seconds.

chan =

    23

Elapsed time is 481.454963 seconds.

chan =

    24

Elapsed time is 475.290200 seconds.

chan =

    25

Elapsed time is 473.652048 seconds.

chan =

    26

Elapsed time is 462.396637 seconds.

chan =

    27

Elapsed time is 464.848880 seconds.

chan =

    28

Elapsed time is 460.218161 seconds.

chan =

    29

Elapsed time is 447.899995 seconds.

chan =

    30

Elapsed time is 451.563250 seconds.

chan =

    31

Elapsed time is 430.569622 seconds.

chan =

    32

Elapsed time is 444.231797 seconds.

chan =

    33

Elapsed time is 436.841837 seconds.

chan =

    34

Elapsed time is 436.452731 seconds.

chan =

    35

Elapsed time is 442.108920 seconds.

chan =

    36

Elapsed time is 439.741519 seconds.

chan =

    37

Elapsed time is 434.592219 seconds.

chan =

    38

Elapsed time is 436.250702 seconds.

chan =

    39

Elapsed time is 422.741499 seconds.

chan =

    40

Elapsed time is 420.260838 seconds.

chan =

    41

Elapsed time is 441.117116 seconds.

chan =

    42

Elapsed time is 430.236929 seconds.

chan =

    43

Elapsed time is 428.650849 seconds.

chan =

    44

Elapsed time is 432.024529 seconds.

chan =

    45

Elapsed time is 421.831558 seconds.

chan =

    46

Elapsed time is 427.624098 seconds.

chan =

    47

Elapsed time is 437.388480 seconds.

chan =

    48

Elapsed time is 429.485590 seconds.

chan =

    49

Elapsed time is 421.665644 seconds.

chan =

    50

Elapsed time is 415.846405 seconds.

chan =

    51

Elapsed time is 419.916244 seconds.

chan =

    52

Elapsed time is 424.272685 seconds.

chan =

    53

Elapsed time is 418.152753 seconds.

chan =

    54

Elapsed time is 407.852180 seconds.

chan =

    55

Elapsed time is 422.402125 seconds.

chan =

    56

Elapsed time is 416.353566 seconds.

chan =

    57

Elapsed time is 422.286390 seconds.

chan =

    58

Elapsed time is 420.911172 seconds.

chan =

    59

Elapsed time is 418.842865 seconds.

chan =

    60

Elapsed time is 416.059439 seconds.

chan =

    61

Elapsed time is 421.759846 seconds.

chan =

    62

Elapsed time is 414.781154 seconds.

chan =

    63

Elapsed time is 420.062623 seconds.

chan =

    64

Elapsed time is 417.277047 seconds.

chan =

    65

Elapsed time is 421.175763 seconds.

chan =

    66

Elapsed time is 422.116791 seconds.

chan =

    67

Elapsed time is 417.525835 seconds.

chan =

    68

Elapsed time is 412.483333 seconds.

chan =

    69

Elapsed time is 414.965138 seconds.

chan =

    70

Elapsed time is 413.389248 seconds.

chan =

    71

Elapsed time is 410.005246 seconds.

chan =

    72

Elapsed time is 410.412036 seconds.

chan =

    73

Elapsed time is 419.784658 seconds.

chan =

    74

Elapsed time is 417.376638 seconds.

chan =

    75

Elapsed time is 416.772177 seconds.

chan =

    76

Elapsed time is 426.413136 seconds.

chan =

    77

Elapsed time is 432.795217 seconds.

chan =

    78

Elapsed time is 428.965035 seconds.

chan =

    79

Elapsed time is 421.709918 seconds.

chan =

    80

Elapsed time is 425.422684 seconds.

chan =

    81

Elapsed time is 422.699027 seconds.

chan =

    82

Elapsed time is 418.363560 seconds.

chan =

    83

Elapsed time is 426.453094 seconds.

chan =

    84

Elapsed time is 419.700965 seconds.

chan =

    85

Elapsed time is 420.235328 seconds.

chan =

    86

Elapsed time is 419.897289 seconds.

chan =

    87

Elapsed time is 411.736751 seconds.

chan =

    88

Elapsed time is 417.806100 seconds.

chan =

    89

Elapsed time is 418.772477 seconds.

chan =

    90

Elapsed time is 413.785986 seconds.

chan =

    91

Elapsed time is 420.631024 seconds.

chan =

    92

Elapsed time is 411.316895 seconds.

chan =

    93

Elapsed time is 414.894225 seconds.

chan =

    94

Elapsed time is 414.597257 seconds.

chan =

    95

Elapsed time is 417.899609 seconds.

chan =

    96

Elapsed time is 419.160300 seconds.

chan =

    97

Elapsed time is 415.309808 seconds.

chan =

    98

Elapsed time is 416.797803 seconds.

chan =

    99

Elapsed time is 421.971479 seconds.

chan =

   100

Elapsed time is 412.025450 seconds.

chan =

   101

Elapsed time is 411.853262 seconds.

chan =

   102

Elapsed time is 414.992291 seconds.

chan =

   103

Elapsed time is 403.948680 seconds.

chan =

   104

Elapsed time is 400.285829 seconds.

chan =

   105

Elapsed time is 451.447666 seconds.

chan =

   106

Elapsed time is 432.709420 seconds.

chan =

   107

Elapsed time is 428.773303 seconds.

chan =

   108

Elapsed time is 442.333356 seconds.

chan =

   109

Elapsed time is 423.288795 seconds.

chan =

   110

Elapsed time is 416.301019 seconds.

chan =

   111

Elapsed time is 444.867093 seconds.

chan =

   112

Elapsed time is 416.231349 seconds.

chan =

   113

Elapsed time is 445.893189 seconds.

chan =

   114

Elapsed time is 458.424673 seconds.

chan =

   115

Elapsed time is 464.929090 seconds.

chan =

   116

Elapsed time is 465.213820 seconds.

chan =

   117

Elapsed time is 463.895692 seconds.

chan =

   118

Elapsed time is 459.179355 seconds.

chan =

   119

Elapsed time is 466.062813 seconds.

chan =

   120

Elapsed time is 465.027875 seconds.

chan =

   121

Elapsed time is 466.920491 seconds.

chan =

   122

Elapsed time is 468.333302 seconds.

chan =

   123

Elapsed time is 454.425657 seconds.

chan =

   124

Elapsed time is 465.818681 seconds.

chan =

   125

Elapsed time is 469.898006 seconds.

chan =

   126

Elapsed time is 467.820145 seconds.

chan =

   127

Elapsed time is 469.475599 seconds.

chan =

   128

Elapsed time is 463.344849 seconds.

chan =

   129

Elapsed time is 459.209736 seconds.

chan =

   130

Elapsed time is 468.393110 seconds.

chan =

   131

Elapsed time is 460.647902 seconds.

chan =

   132

Elapsed time is 468.750774 seconds.

chan =

   133

Elapsed time is 467.444924 seconds.

chan =

   134

Elapsed time is 461.683507 seconds.

chan =

   135

Elapsed time is 469.246407 seconds.

chan =

   136

Elapsed time is 448.663446 seconds.

chan =

   137

Elapsed time is 503.022827 seconds.

chan =

   138

Elapsed time is 491.204363 seconds.

chan =

   139

Elapsed time is 496.870052 seconds.
attempting saving
save success: /projects/p31578/dtf8829/QuestConnect/CHANDAT/chanDat_OH30_114.mat
working on TF
encoding done
encoding RT done
