getting started: 3666
attempting file: 3666
going for SLCH010 72
data loaded: SLCH010 72
HFB already done

chan =

     1

Elapsed time is 659.964650 seconds.

chan =

     2

Elapsed time is 628.235714 seconds.

chan =

     3

Elapsed time is 613.262101 seconds.

chan =

     4

Elapsed time is 612.946549 seconds.

chan =

     5

Elapsed time is 609.119993 seconds.

chan =

     6

Elapsed time is 605.301276 seconds.

chan =

     7

Elapsed time is 607.820674 seconds.

chan =

     8

Elapsed time is 609.010189 seconds.

chan =

     9

Elapsed time is 616.680762 seconds.

chan =

    10

Elapsed time is 643.515223 seconds.

chan =

    11

Elapsed time is 637.488976 seconds.

chan =

    12

Elapsed time is 631.880380 seconds.

chan =

    13

Elapsed time is 633.057678 seconds.

chan =

    14

Elapsed time is 633.885323 seconds.

chan =

    15

Elapsed time is 620.882054 seconds.

chan =

    16

Elapsed time is 631.069271 seconds.

chan =

    17

Elapsed time is 628.626924 seconds.

chan =

    18

Elapsed time is 628.752292 seconds.

chan =

    19

Elapsed time is 625.919543 seconds.

chan =

    20

Elapsed time is 631.566514 seconds.

chan =

    21

Elapsed time is 614.608969 seconds.

chan =

    22

Elapsed time is 600.084173 seconds.

chan =

    23

Elapsed time is 603.090004 seconds.

chan =

    24

Elapsed time is 603.449747 seconds.

chan =

    25

Elapsed time is 603.834714 seconds.

chan =

    26

Elapsed time is 603.126906 seconds.

chan =

    27

Elapsed time is 601.141852 seconds.

chan =

    28

Elapsed time is 600.302771 seconds.

chan =

    29

Elapsed time is 599.548954 seconds.

chan =

    30

Elapsed time is 599.312838 seconds.

chan =

    31

Elapsed time is 597.679335 seconds.

chan =

    32

Elapsed time is 597.007036 seconds.

chan =

    33

Elapsed time is 597.831456 seconds.

chan =

    34

Elapsed time is 559.997721 seconds.

chan =

    35

Elapsed time is 687.166102 seconds.

chan =

    36

Elapsed time is 709.561531 seconds.

chan =

    37

Elapsed time is 685.644629 seconds.

chan =

    38

Elapsed time is 561.149473 seconds.

chan =

    39

Elapsed time is 502.858044 seconds.

chan =

    40

Elapsed time is 581.445401 seconds.

chan =

    41

Elapsed time is 573.700104 seconds.

chan =

    42

Elapsed time is 559.584737 seconds.

chan =

    43

Elapsed time is 549.826986 seconds.

chan =

    44

Elapsed time is 565.971267 seconds.

chan =

    45

Elapsed time is 550.415315 seconds.

chan =

    46

Elapsed time is 458.801441 seconds.

chan =

    47

Elapsed time is 461.639248 seconds.

chan =

    48

Elapsed time is 463.112605 seconds.

chan =

    49

Elapsed time is 478.173286 seconds.

chan =

    50

Elapsed time is 483.771725 seconds.

chan =

    51

Elapsed time is 519.359091 seconds.

chan =

    52

Elapsed time is 519.171993 seconds.

chan =

    53

Elapsed time is 516.731739 seconds.

chan =

    54

Elapsed time is 517.255793 seconds.

chan =

    55

Elapsed time is 499.680439 seconds.

chan =

    56

Elapsed time is 509.545676 seconds.

chan =

    57

Elapsed time is 565.578820 seconds.

chan =

    58

Elapsed time is 538.648179 seconds.

chan =

    59

Elapsed time is 560.881446 seconds.

chan =

    60

Elapsed time is 559.707730 seconds.

chan =

    61

Elapsed time is 562.401840 seconds.

chan =

    62

Elapsed time is 561.541196 seconds.

chan =

    63

Elapsed time is 560.707559 seconds.

chan =

    64

Elapsed time is 460.106624 seconds.

chan =

    65

Elapsed time is 468.296921 seconds.

chan =

    66

Elapsed time is 545.762069 seconds.

chan =

    67

Elapsed time is 464.112691 seconds.

chan =

    68

Elapsed time is 462.530291 seconds.

chan =

    69

Elapsed time is 463.552815 seconds.

chan =

    70

Elapsed time is 461.830747 seconds.

chan =

    71

Elapsed time is 465.039542 seconds.

chan =

    72

Elapsed time is 463.749150 seconds.

chan =

    73

Elapsed time is 462.727677 seconds.

chan =

    74

Elapsed time is 462.570175 seconds.

chan =

    75

Elapsed time is 463.848062 seconds.

chan =

    76

Elapsed time is 463.101302 seconds.

chan =

    77

Elapsed time is 463.595304 seconds.

chan =

    78

Elapsed time is 461.980264 seconds.

chan =

    79

Elapsed time is 460.538626 seconds.

chan =

    80

Elapsed time is 458.717963 seconds.

chan =

    81

Elapsed time is 460.254312 seconds.

chan =

    82

Elapsed time is 458.570600 seconds.

chan =

    83

Elapsed time is 458.875752 seconds.

chan =

    84

Elapsed time is 459.757549 seconds.

chan =

    85

Elapsed time is 460.286943 seconds.

chan =

    86

Elapsed time is 457.416192 seconds.

chan =

    87

Elapsed time is 455.654210 seconds.

chan =

    88

Elapsed time is 455.036468 seconds.

chan =

    89

Elapsed time is 457.665155 seconds.

chan =

    90

Elapsed time is 457.042013 seconds.

chan =

    91

Elapsed time is 457.137211 seconds.

chan =

    92

Elapsed time is 459.229066 seconds.

chan =

    93

Elapsed time is 459.806941 seconds.

chan =

    94

Elapsed time is 458.110828 seconds.

chan =

    95

Elapsed time is 458.071769 seconds.

chan =

    96

Elapsed time is 454.871382 seconds.

chan =

    97

Elapsed time is 456.281517 seconds.

chan =

    98

Elapsed time is 455.839809 seconds.

chan =

    99

Elapsed time is 456.263384 seconds.

chan =

   100

Elapsed time is 456.831642 seconds.

chan =

   101

Elapsed time is 459.392729 seconds.

chan =

   102

Elapsed time is 457.729211 seconds.

chan =

   103

Elapsed time is 457.890069 seconds.

chan =

   104

Elapsed time is 458.025501 seconds.

chan =

   105

Elapsed time is 458.669620 seconds.

chan =

   106

Elapsed time is 460.570404 seconds.

chan =

   107

Elapsed time is 457.303891 seconds.

chan =

   108

Elapsed time is 457.771727 seconds.

chan =

   109

Elapsed time is 459.849952 seconds.

chan =

   110

Elapsed time is 458.236828 seconds.

chan =

   111

Elapsed time is 459.230329 seconds.

chan =

   112

Elapsed time is 459.625432 seconds.

chan =

   113

Elapsed time is 458.971736 seconds.

chan =

   114

Elapsed time is 460.604748 seconds.
attempting saving
save success: /projects/p31578/dtf8829/QuestConnect/CHANDAT/chanDat_SLCH010_072.mat
working on TF
