getting started: 3303
attempting file: 3303
going for SD5 52
data loaded: SD5 52
HFB already done

chan =

     1

Elapsed time is 260.264964 seconds.

chan =

     2

Elapsed time is 254.853010 seconds.

chan =

     3

Elapsed time is 251.694642 seconds.

chan =

     4

Elapsed time is 247.385739 seconds.

chan =

     5

Elapsed time is 250.918295 seconds.

chan =

     6

Elapsed time is 249.211283 seconds.

chan =

     7

Elapsed time is 245.361384 seconds.

chan =

     8

Elapsed time is 238.122695 seconds.

chan =

     9

Elapsed time is 242.956228 seconds.

chan =

    10

Elapsed time is 260.778531 seconds.

chan =

    11

Elapsed time is 263.012682 seconds.

chan =

    12

Elapsed time is 261.849818 seconds.

chan =

    13

Elapsed time is 248.184632 seconds.

chan =

    14

Elapsed time is 276.622984 seconds.

chan =

    15

Elapsed time is 285.001912 seconds.

chan =

    16

Elapsed time is 286.803566 seconds.

chan =

    17

Elapsed time is 288.795640 seconds.

chan =

    18

Elapsed time is 286.794889 seconds.

chan =

    19

Elapsed time is 280.313837 seconds.

chan =

    20

Elapsed time is 286.187656 seconds.

chan =

    21

Elapsed time is 285.252258 seconds.

chan =

    22

Elapsed time is 286.681269 seconds.

chan =

    23

Elapsed time is 286.882077 seconds.

chan =

    24

Elapsed time is 285.060974 seconds.

chan =

    25

Elapsed time is 287.776166 seconds.

chan =

    26

Elapsed time is 286.851186 seconds.

chan =

    27

Elapsed time is 288.371120 seconds.

chan =

    28

Elapsed time is 279.671714 seconds.

chan =

    29

Elapsed time is 284.415815 seconds.

chan =

    30

Elapsed time is 290.339660 seconds.

chan =

    31

Elapsed time is 286.453248 seconds.

chan =

    32

Elapsed time is 287.266548 seconds.

chan =

    33

Elapsed time is 282.268463 seconds.

chan =

    34

Elapsed time is 280.874347 seconds.

chan =

    35

Elapsed time is 287.502891 seconds.

chan =

    36

Elapsed time is 288.173084 seconds.

chan =

    37

Elapsed time is 286.064650 seconds.

chan =

    38

Elapsed time is 288.563491 seconds.

chan =

    39

Elapsed time is 281.995766 seconds.

chan =

    40

Elapsed time is 287.901448 seconds.

chan =

    41

Elapsed time is 286.878608 seconds.

chan =

    42

Elapsed time is 288.998088 seconds.

chan =

    43

Elapsed time is 280.680816 seconds.

chan =

    44

Elapsed time is 281.778153 seconds.

chan =

    45

Elapsed time is 288.373389 seconds.

chan =

    46

Elapsed time is 289.518949 seconds.

chan =

    47

Elapsed time is 288.184978 seconds.

chan =

    48

Elapsed time is 278.716626 seconds.

chan =

    49

Elapsed time is 251.532735 seconds.

chan =

    50

Elapsed time is 265.930516 seconds.

chan =

    51

Elapsed time is 276.869368 seconds.

chan =

    52

Elapsed time is 291.182992 seconds.

chan =

    53

Elapsed time is 288.233640 seconds.

chan =

    54

Elapsed time is 290.118951 seconds.

chan =

    55

Elapsed time is 283.871608 seconds.

chan =

    56

Elapsed time is 288.911982 seconds.

chan =

    57

Elapsed time is 290.536108 seconds.

chan =

    58

Elapsed time is 289.901487 seconds.

chan =

    59

Elapsed time is 291.183112 seconds.

chan =

    60

Elapsed time is 283.891689 seconds.

chan =

    61

Elapsed time is 287.055759 seconds.

chan =

    62

Elapsed time is 292.173166 seconds.

chan =

    63

Elapsed time is 292.178684 seconds.

chan =

    64

Elapsed time is 294.112958 seconds.

chan =

    65

Elapsed time is 290.918150 seconds.

chan =

    66

Elapsed time is 291.481195 seconds.

chan =

    67

Elapsed time is 286.399153 seconds.

chan =

    68

Elapsed time is 288.096428 seconds.

chan =

    69

Elapsed time is 285.990810 seconds.

chan =

    70

Elapsed time is 289.312476 seconds.

chan =

    71

Elapsed time is 284.219595 seconds.

chan =

    72

Elapsed time is 288.616341 seconds.

chan =

    73

Elapsed time is 286.230863 seconds.

chan =

    74

Elapsed time is 287.597679 seconds.

chan =

    75

Elapsed time is 283.823848 seconds.

chan =

    76

Elapsed time is 285.619303 seconds.

chan =

    77

Elapsed time is 286.807379 seconds.

chan =

    78

Elapsed time is 289.227467 seconds.

chan =

    79

Elapsed time is 287.164158 seconds.

chan =

    80

Elapsed time is 286.927854 seconds.

chan =

    81

Elapsed time is 289.363345 seconds.

chan =

    82

Elapsed time is 283.840900 seconds.

chan =

    83

Elapsed time is 288.412373 seconds.

chan =

    84

Elapsed time is 290.847178 seconds.

chan =

    85

Elapsed time is 283.707024 seconds.

chan =

    86

Elapsed time is 289.316527 seconds.

chan =

    87

Elapsed time is 288.207069 seconds.

chan =

    88

Elapsed time is 289.601631 seconds.

chan =

    89

Elapsed time is 287.378956 seconds.

chan =

    90

Elapsed time is 287.684398 seconds.

chan =

    91

Elapsed time is 286.980590 seconds.

chan =

    92

Elapsed time is 281.565213 seconds.

chan =

    93

Elapsed time is 288.454770 seconds.

chan =

    94

Elapsed time is 281.921884 seconds.

chan =

    95

Elapsed time is 289.661581 seconds.

chan =

    96

Elapsed time is 288.399801 seconds.

chan =

    97

Elapsed time is 289.512646 seconds.

chan =

    98

Elapsed time is 290.777265 seconds.

chan =

    99

Elapsed time is 286.164180 seconds.

chan =

   100

Elapsed time is 289.839052 seconds.

chan =

   101

Elapsed time is 289.093953 seconds.

chan =

   102

Elapsed time is 285.147146 seconds.

chan =

   103

Elapsed time is 285.370786 seconds.

chan =

   104

Elapsed time is 288.287667 seconds.

chan =

   105

Elapsed time is 283.068396 seconds.

chan =

   106

Elapsed time is 282.705048 seconds.

chan =

   107

Elapsed time is 283.359206 seconds.

chan =

   108

Elapsed time is 280.367662 seconds.

chan =

   109

Elapsed time is 279.736230 seconds.

