getting started: 3618
attempting file: 3618
going for SLCH010 24
data loaded: SLCH010 24
HFB already done

chan =

     1

Elapsed time is 476.690406 seconds.

chan =

     2

Elapsed time is 472.937221 seconds.

chan =

     3

Elapsed time is 471.062787 seconds.

chan =

     4

Elapsed time is 471.683971 seconds.

chan =

     5

Elapsed time is 465.045756 seconds.

chan =

     6

Elapsed time is 456.059147 seconds.

chan =

     7

Elapsed time is 457.636081 seconds.

chan =

     8

Elapsed time is 595.967004 seconds.

chan =

     9

Elapsed time is 850.198941 seconds.

chan =

    10

Elapsed time is 839.860554 seconds.

chan =

    11

Elapsed time is 485.792542 seconds.

chan =

    12

Elapsed time is 600.723109 seconds.

chan =

    13

Elapsed time is 524.772027 seconds.

chan =

    14

Elapsed time is 567.498167 seconds.

chan =

    15

Elapsed time is 562.067477 seconds.

chan =

    16

Elapsed time is 563.757590 seconds.

chan =

    17

Elapsed time is 565.379905 seconds.

chan =

    18

Elapsed time is 532.156674 seconds.

chan =

    19

Elapsed time is 565.243646 seconds.

chan =

    20

Elapsed time is 559.156020 seconds.

chan =

    21

Elapsed time is 552.766064 seconds.

chan =

    22

Elapsed time is 554.442333 seconds.

chan =

    23

Elapsed time is 554.377043 seconds.

chan =

    24

Elapsed time is 552.903684 seconds.

chan =

    25

Elapsed time is 554.961546 seconds.

chan =

    26

Elapsed time is 552.802877 seconds.

chan =

    27

Elapsed time is 552.034842 seconds.

chan =

    28

Elapsed time is 551.257846 seconds.

chan =

    29

Elapsed time is 550.477904 seconds.

chan =

    30

Elapsed time is 552.081533 seconds.

chan =

    31

Elapsed time is 550.961713 seconds.

chan =

    32

Elapsed time is 552.765357 seconds.

chan =

    33

Elapsed time is 549.020273 seconds.

chan =

    34

Elapsed time is 554.355951 seconds.

chan =

    35

Elapsed time is 620.828433 seconds.

chan =

    36

Elapsed time is 579.248502 seconds.

chan =

    37

Elapsed time is 526.888829 seconds.

chan =

    38

Elapsed time is 622.524691 seconds.

chan =

    39

Elapsed time is 613.935368 seconds.

chan =

    40

Elapsed time is 623.946846 seconds.

chan =

    41

Elapsed time is 612.538124 seconds.

chan =

    42

Elapsed time is 615.400484 seconds.

chan =

    43

Elapsed time is 619.151446 seconds.

chan =

    44

Elapsed time is 616.007902 seconds.

chan =

    45

Elapsed time is 621.300262 seconds.

chan =

    46

Elapsed time is 608.987956 seconds.

chan =

    47

Elapsed time is 619.770355 seconds.

chan =

    48

Elapsed time is 618.297324 seconds.

chan =

    49

Elapsed time is 617.617628 seconds.

chan =

    50

Elapsed time is 622.967729 seconds.

chan =

    51

Elapsed time is 615.588925 seconds.

chan =

    52

Elapsed time is 619.019998 seconds.

chan =

    53

Elapsed time is 596.216039 seconds.

chan =

    54

Elapsed time is 614.181313 seconds.

chan =

    55

Elapsed time is 596.341925 seconds.

chan =

    56

Elapsed time is 599.192812 seconds.

chan =

    57

Elapsed time is 601.512772 seconds.

chan =

    58

Elapsed time is 558.012139 seconds.

chan =

    59

Elapsed time is 534.126396 seconds.

chan =

    60

Elapsed time is 532.000471 seconds.

chan =

    61

Elapsed time is 531.637881 seconds.

chan =

    62

Elapsed time is 534.641230 seconds.

chan =

    63

Elapsed time is 533.224029 seconds.

chan =

    64

Elapsed time is 531.970835 seconds.

chan =

    65

Elapsed time is 531.229665 seconds.

chan =

    66

Elapsed time is 532.865396 seconds.

chan =

    67

Elapsed time is 539.142678 seconds.

chan =

    68

Elapsed time is 539.123278 seconds.

chan =

    69

Elapsed time is 535.501067 seconds.

chan =

    70

Elapsed time is 537.102204 seconds.

chan =

    71

Elapsed time is 540.577720 seconds.

chan =

    72

Elapsed time is 539.437809 seconds.

chan =

    73

Elapsed time is 536.227721 seconds.

chan =

    74

Elapsed time is 538.333273 seconds.

chan =

    75

Elapsed time is 536.691291 seconds.

chan =

    76

Elapsed time is 537.376393 seconds.

chan =

    77

Elapsed time is 534.639433 seconds.

chan =

    78

Elapsed time is 539.840090 seconds.

chan =

    79

Elapsed time is 537.018502 seconds.

chan =

    80

Elapsed time is 539.056908 seconds.

chan =

    81

Elapsed time is 538.074436 seconds.

chan =

    82

Elapsed time is 538.756307 seconds.

chan =

    83

Elapsed time is 537.685628 seconds.

chan =

    84

Elapsed time is 538.004004 seconds.

chan =

    85

Elapsed time is 532.224080 seconds.

chan =

    86

Elapsed time is 523.099056 seconds.

chan =

    87

Elapsed time is 517.612792 seconds.

chan =

    88

Elapsed time is 518.223159 seconds.

chan =

    89

Elapsed time is 521.310185 seconds.

chan =

    90

Elapsed time is 521.115587 seconds.

chan =

    91

Elapsed time is 518.904835 seconds.

chan =

    92

Elapsed time is 520.185765 seconds.

chan =

    93

Elapsed time is 426.528949 seconds.

chan =

    94

Elapsed time is 424.268012 seconds.

chan =

    95

Elapsed time is 425.336147 seconds.

chan =

    96

Elapsed time is 424.930531 seconds.

chan =

    97

Elapsed time is 427.481009 seconds.

chan =

    98

Elapsed time is 429.438364 seconds.

chan =

    99

Elapsed time is 427.530918 seconds.

chan =

   100

Elapsed time is 425.833335 seconds.

chan =

   101

Elapsed time is 426.519777 seconds.

chan =

   102

Elapsed time is 416.343500 seconds.

chan =

   103

Elapsed time is 413.070808 seconds.

chan =

   104

Elapsed time is 413.656852 seconds.

chan =

   105

Elapsed time is 413.805867 seconds.

chan =

   106

Elapsed time is 413.055247 seconds.

chan =

   107

Elapsed time is 413.259716 seconds.

chan =

   108

Elapsed time is 414.836934 seconds.

chan =

   109

Elapsed time is 412.721900 seconds.

chan =

   110

Elapsed time is 409.414719 seconds.

chan =

   111

Elapsed time is 413.516837 seconds.

chan =

   112

Elapsed time is 409.711663 seconds.

chan =

   113

Elapsed time is 412.124765 seconds.

chan =

   114

Elapsed time is 414.169922 seconds.
attempting saving
save success: /projects/p31578/dtf8829/QuestConnect/CHANDAT/chanDat_SLCH010_024.mat
working on TF
