getting started: 3664
attempting file: 3664
going for SLCH010 70
data loaded: SLCH010 70
HFB already done

chan =

     1

Elapsed time is 659.722134 seconds.

chan =

     2

Elapsed time is 627.958501 seconds.

chan =

     3

Elapsed time is 613.716474 seconds.

chan =

     4

Elapsed time is 610.928750 seconds.

chan =

     5

Elapsed time is 606.193701 seconds.

chan =

     6

Elapsed time is 606.240862 seconds.

chan =

     7

Elapsed time is 605.839250 seconds.

chan =

     8

Elapsed time is 607.312573 seconds.

chan =

     9

Elapsed time is 614.500492 seconds.

chan =

    10

Elapsed time is 640.468583 seconds.

chan =

    11

Elapsed time is 637.450326 seconds.

chan =

    12

Elapsed time is 631.342229 seconds.

chan =

    13

Elapsed time is 631.449082 seconds.

chan =

    14

Elapsed time is 633.523976 seconds.

chan =

    15

Elapsed time is 617.813451 seconds.

chan =

    16

Elapsed time is 630.591674 seconds.

chan =

    17

Elapsed time is 627.398938 seconds.

chan =

    18

Elapsed time is 628.482031 seconds.

chan =

    19

Elapsed time is 624.970215 seconds.

chan =

    20

Elapsed time is 632.475888 seconds.

chan =

    21

Elapsed time is 615.102572 seconds.

chan =

    22

Elapsed time is 601.730036 seconds.

chan =

    23

Elapsed time is 601.900195 seconds.

chan =

    24

Elapsed time is 604.060926 seconds.

chan =

    25

Elapsed time is 603.779289 seconds.

chan =

    26

Elapsed time is 602.238015 seconds.

chan =

    27

Elapsed time is 601.292905 seconds.

chan =

    28

Elapsed time is 598.776115 seconds.

chan =

    29

Elapsed time is 599.057413 seconds.

chan =

    30

Elapsed time is 600.896002 seconds.

chan =

    31

Elapsed time is 596.368344 seconds.

chan =

    32

Elapsed time is 596.936374 seconds.

chan =

    33

Elapsed time is 598.183161 seconds.

chan =

    34

Elapsed time is 562.803528 seconds.

chan =

    35

Elapsed time is 682.744446 seconds.

chan =

    36

Elapsed time is 709.902141 seconds.

chan =

    37

Elapsed time is 685.780186 seconds.

chan =

    38

Elapsed time is 568.522343 seconds.

chan =

    39

Elapsed time is 499.694124 seconds.

chan =

    40

Elapsed time is 583.798286 seconds.

chan =

    41

Elapsed time is 575.268472 seconds.

chan =

    42

Elapsed time is 563.216338 seconds.

chan =

    43

Elapsed time is 547.896786 seconds.

chan =

    44

Elapsed time is 566.976129 seconds.

chan =

    45

Elapsed time is 556.753166 seconds.

chan =

    46

Elapsed time is 467.334682 seconds.

chan =

    47

Elapsed time is 467.818207 seconds.

chan =

    48

Elapsed time is 471.339178 seconds.

chan =

    49

Elapsed time is 482.290171 seconds.

chan =

    50

Elapsed time is 494.186667 seconds.

chan =

    51

Elapsed time is 525.261899 seconds.

chan =

    52

Elapsed time is 525.986615 seconds.

chan =

    53

Elapsed time is 521.085056 seconds.

chan =

    54

Elapsed time is 520.662293 seconds.

chan =

    55

Elapsed time is 498.710458 seconds.

chan =

    56

Elapsed time is 518.742584 seconds.

chan =

    57

Elapsed time is 563.602597 seconds.

chan =

    58

Elapsed time is 536.331483 seconds.

chan =

    59

Elapsed time is 559.722286 seconds.

chan =

    60

Elapsed time is 559.636100 seconds.

chan =

    61

Elapsed time is 560.235064 seconds.

chan =

    62

Elapsed time is 563.754546 seconds.

chan =

    63

Elapsed time is 552.670888 seconds.

chan =

    64

Elapsed time is 460.307498 seconds.

chan =

    65

Elapsed time is 480.516117 seconds.

chan =

    66

Elapsed time is 538.482636 seconds.

chan =

    67

Elapsed time is 466.025027 seconds.

chan =

    68

Elapsed time is 465.732504 seconds.

chan =

    69

Elapsed time is 466.188963 seconds.

chan =

    70

Elapsed time is 465.096223 seconds.

chan =

    71

Elapsed time is 465.336027 seconds.

chan =

    72

Elapsed time is 464.565010 seconds.

chan =

    73

Elapsed time is 463.985149 seconds.

chan =

    74

Elapsed time is 463.997226 seconds.

chan =

    75

Elapsed time is 464.133147 seconds.

chan =

    76

Elapsed time is 464.224243 seconds.

chan =

    77

Elapsed time is 464.151672 seconds.

chan =

    78

Elapsed time is 464.644357 seconds.

chan =

    79

Elapsed time is 461.077977 seconds.

chan =

    80

Elapsed time is 459.280077 seconds.

chan =

    81

Elapsed time is 458.290795 seconds.

chan =

    82

Elapsed time is 458.549781 seconds.

chan =

    83

Elapsed time is 456.565548 seconds.

chan =

    84

Elapsed time is 457.711316 seconds.

chan =

    85

Elapsed time is 457.880478 seconds.

chan =

    86

Elapsed time is 457.816679 seconds.

chan =

    87

Elapsed time is 457.084868 seconds.

chan =

    88

Elapsed time is 459.188406 seconds.

chan =

    89

Elapsed time is 460.818809 seconds.

chan =

    90

Elapsed time is 460.599200 seconds.

chan =

    91

Elapsed time is 459.540995 seconds.

chan =

    92

Elapsed time is 459.777072 seconds.

chan =

    93

Elapsed time is 461.755221 seconds.

chan =

    94

Elapsed time is 460.094244 seconds.

chan =

    95

Elapsed time is 457.938338 seconds.

chan =

    96

Elapsed time is 455.104225 seconds.

chan =

    97

Elapsed time is 456.164085 seconds.

chan =

    98

Elapsed time is 458.882972 seconds.

chan =

    99

Elapsed time is 457.550715 seconds.

chan =

   100

Elapsed time is 458.960690 seconds.

chan =

   101

Elapsed time is 459.311240 seconds.

chan =

   102

Elapsed time is 461.124070 seconds.

chan =

   103

Elapsed time is 462.172120 seconds.

chan =

   104

Elapsed time is 459.502153 seconds.

chan =

   105

Elapsed time is 461.079787 seconds.

chan =

   106

Elapsed time is 461.345174 seconds.

chan =

   107

Elapsed time is 460.859274 seconds.

chan =

   108

Elapsed time is 459.988970 seconds.

chan =

   109

Elapsed time is 460.364831 seconds.

chan =

   110

Elapsed time is 461.183296 seconds.

chan =

   111

Elapsed time is 460.458343 seconds.

chan =

   112

Elapsed time is 459.976517 seconds.

chan =

   113

Elapsed time is 461.186774 seconds.

chan =

   114

Elapsed time is 458.234354 seconds.
attempting saving
save success: /projects/p31578/dtf8829/QuestConnect/CHANDAT/chanDat_SLCH010_070.mat
working on TF
