getting started: 3640
attempting file: 3640
going for SLCH010 46
data loaded: SLCH010 46
HFB already done

chan =

     1

Elapsed time is 553.197406 seconds.

chan =

     2

Elapsed time is 548.206188 seconds.

chan =

     3

Elapsed time is 588.007492 seconds.

chan =

     4

Elapsed time is 595.863252 seconds.

chan =

     5

Elapsed time is 592.137748 seconds.

chan =

     6

Elapsed time is 592.005568 seconds.

chan =

     7

Elapsed time is 591.500072 seconds.

chan =

     8

Elapsed time is 593.062273 seconds.

chan =

     9

Elapsed time is 591.464725 seconds.

chan =

    10

Elapsed time is 586.799549 seconds.

chan =

    11

Elapsed time is 582.119477 seconds.

chan =

    12

Elapsed time is 561.822721 seconds.

chan =

    13

Elapsed time is 555.122360 seconds.

chan =

    14

Elapsed time is 556.536982 seconds.

chan =

    15

Elapsed time is 541.977754 seconds.

chan =

    16

Elapsed time is 551.714683 seconds.

chan =

    17

Elapsed time is 570.839001 seconds.

chan =

    18

Elapsed time is 565.077468 seconds.

chan =

    19

Elapsed time is 568.535792 seconds.

chan =

    20

Elapsed time is 578.034793 seconds.

chan =

    21

Elapsed time is 567.740705 seconds.

chan =

    22

Elapsed time is 558.931378 seconds.

chan =

    23

Elapsed time is 695.429936 seconds.

chan =

    24

Elapsed time is 716.592972 seconds.

chan =

    25

Elapsed time is 710.768861 seconds.

chan =

    26

Elapsed time is 716.391420 seconds.

chan =

    27

Elapsed time is 705.417638 seconds.

chan =

    28

Elapsed time is 711.125616 seconds.

chan =

    29

Elapsed time is 714.103719 seconds.

chan =

    30

Elapsed time is 705.484617 seconds.

chan =

    31

Elapsed time is 715.385744 seconds.

chan =

    32

Elapsed time is 706.643157 seconds.

chan =

    33

Elapsed time is 716.171550 seconds.

chan =

    34

Elapsed time is 713.655393 seconds.

chan =

    35

Elapsed time is 713.718657 seconds.

chan =

    36

Elapsed time is 711.555191 seconds.

chan =

    37

Elapsed time is 716.269074 seconds.

chan =

    38

Elapsed time is 716.900614 seconds.

chan =

    39

Elapsed time is 714.181754 seconds.

chan =

    40

Elapsed time is 718.099844 seconds.

chan =

    41

Elapsed time is 707.491947 seconds.

chan =

    42

Elapsed time is 716.116812 seconds.

chan =

    43

Elapsed time is 692.702658 seconds.

chan =

    44

Elapsed time is 671.906430 seconds.

chan =

    45

Elapsed time is 670.173974 seconds.

chan =

    46

Elapsed time is 672.428114 seconds.

chan =

    47

Elapsed time is 665.800947 seconds.

chan =

    48

Elapsed time is 667.559755 seconds.

chan =

    49

Elapsed time is 670.385757 seconds.

chan =

    50

Elapsed time is 670.863725 seconds.

chan =

    51

Elapsed time is 685.978597 seconds.

chan =

    52

Elapsed time is 680.031221 seconds.

chan =

    53

Elapsed time is 674.180350 seconds.

chan =

    54

Elapsed time is 679.107439 seconds.

chan =

    55

Elapsed time is 635.226638 seconds.

chan =

    56

Elapsed time is 571.161660 seconds.

chan =

    57

Elapsed time is 570.038990 seconds.

chan =

    58

Elapsed time is 567.267655 seconds.

chan =

    59

Elapsed time is 574.422372 seconds.

chan =

    60

Elapsed time is 579.822896 seconds.

chan =

    61

Elapsed time is 581.633969 seconds.

chan =

    62

Elapsed time is 581.160570 seconds.

chan =

    63

Elapsed time is 581.582214 seconds.

chan =

    64

Elapsed time is 582.144678 seconds.

chan =

    65

Elapsed time is 585.434095 seconds.

chan =

    66

Elapsed time is 587.650377 seconds.

chan =

    67

Elapsed time is 588.858352 seconds.

chan =

    68

Elapsed time is 589.441551 seconds.

chan =

    69

Elapsed time is 587.444266 seconds.

chan =

    70

Elapsed time is 588.778633 seconds.

chan =

    71

Elapsed time is 578.772510 seconds.

chan =

    72

Elapsed time is 578.306564 seconds.

chan =

    73

Elapsed time is 577.697390 seconds.

chan =

    74

Elapsed time is 577.580565 seconds.

chan =

    75

Elapsed time is 576.602570 seconds.

chan =

    76

Elapsed time is 576.666087 seconds.

chan =

    77

Elapsed time is 576.277283 seconds.

chan =

    78

Elapsed time is 576.877877 seconds.

chan =

    79

Elapsed time is 574.816676 seconds.

chan =

    80

Elapsed time is 575.845719 seconds.

chan =

    81

Elapsed time is 575.952474 seconds.

chan =

    82

Elapsed time is 574.147500 seconds.

chan =

    83

Elapsed time is 535.686233 seconds.

chan =

    84

Elapsed time is 526.434723 seconds.

chan =

    85

Elapsed time is 526.181326 seconds.

chan =

    86

Elapsed time is 524.311661 seconds.

chan =

    87

Elapsed time is 524.702447 seconds.

chan =

    88

Elapsed time is 530.114937 seconds.

chan =

    89

Elapsed time is 530.322123 seconds.

chan =

    90

Elapsed time is 529.850132 seconds.

chan =

    91

Elapsed time is 528.815685 seconds.

chan =

    92

Elapsed time is 529.127626 seconds.

chan =

    93

Elapsed time is 528.918653 seconds.

chan =

    94

Elapsed time is 528.344788 seconds.

chan =

    95

Elapsed time is 525.088979 seconds.

chan =

    96

Elapsed time is 524.725615 seconds.

chan =

    97

Elapsed time is 524.145682 seconds.

chan =

    98

Elapsed time is 528.439193 seconds.

chan =

    99

Elapsed time is 527.493790 seconds.

chan =

   100

Elapsed time is 529.548083 seconds.

chan =

   101

Elapsed time is 518.428723 seconds.

chan =

   102

Elapsed time is 518.102408 seconds.

chan =

   103

Elapsed time is 513.585522 seconds.

chan =

   104

Elapsed time is 514.178923 seconds.

chan =

   105

Elapsed time is 511.747335 seconds.

chan =

   106

Elapsed time is 515.470592 seconds.

chan =

   107

Elapsed time is 510.792804 seconds.

chan =

   108

Elapsed time is 512.206419 seconds.

chan =

   109

Elapsed time is 511.867906 seconds.

chan =

   110

Elapsed time is 511.321587 seconds.

chan =

   111

