getting started: 3690
attempting file: 3690
going for SLCH010 96
data loaded: SLCH010 96
HFB already done

chan =

     1

Elapsed time is 463.066061 seconds.

chan =

     2

Elapsed time is 462.691738 seconds.

chan =

     3

Elapsed time is 461.184342 seconds.

chan =

     4

Elapsed time is 461.022910 seconds.

chan =

     5

Elapsed time is 457.745974 seconds.

chan =

     6

Elapsed time is 456.068729 seconds.

chan =

     7

Elapsed time is 459.820009 seconds.

chan =

     8

Elapsed time is 458.355369 seconds.

chan =

     9

Elapsed time is 455.898217 seconds.

chan =

    10

Elapsed time is 454.844308 seconds.

chan =

    11

Elapsed time is 455.418472 seconds.

chan =

    12

Elapsed time is 436.551496 seconds.

chan =

    13

Elapsed time is 438.975065 seconds.

chan =

    14

Elapsed time is 446.363271 seconds.

chan =

    15

Elapsed time is 502.250281 seconds.

chan =

    16

Elapsed time is 483.021559 seconds.

chan =

    17

Elapsed time is 484.800900 seconds.

chan =

    18

Elapsed time is 476.977443 seconds.

chan =

    19

Elapsed time is 486.228782 seconds.

chan =

    20

Elapsed time is 499.538933 seconds.

chan =

    21

Elapsed time is 457.737240 seconds.

chan =

    22

Elapsed time is 479.291406 seconds.

chan =

    23

Elapsed time is 444.305129 seconds.

chan =

    24

Elapsed time is 468.339072 seconds.

chan =

    25

Elapsed time is 451.645769 seconds.

chan =

    26

Elapsed time is 438.498011 seconds.

chan =

    27

Elapsed time is 431.503127 seconds.

chan =

    28

Elapsed time is 496.562036 seconds.

chan =

    29

Elapsed time is 446.276469 seconds.

chan =

    30

Elapsed time is 437.020199 seconds.

chan =

    31

Elapsed time is 428.877722 seconds.

chan =

    32

Elapsed time is 426.935622 seconds.

chan =

    33

Elapsed time is 430.171868 seconds.

chan =

    34

Elapsed time is 431.225508 seconds.

chan =

    35

Elapsed time is 426.542036 seconds.

chan =

    36

Elapsed time is 433.984972 seconds.

chan =

    37

Elapsed time is 428.667838 seconds.

chan =

    38

Elapsed time is 424.966997 seconds.

chan =

    39

Elapsed time is 426.242031 seconds.

chan =

    40

Elapsed time is 433.782399 seconds.

chan =

    41

Elapsed time is 429.566045 seconds.

chan =

    42

Elapsed time is 433.215880 seconds.

chan =

    43

Elapsed time is 430.545226 seconds.

chan =

    44

Elapsed time is 429.857656 seconds.

chan =

    45

Elapsed time is 428.658497 seconds.

chan =

    46

Elapsed time is 430.539441 seconds.

chan =

    47

Elapsed time is 427.054999 seconds.

chan =

    48

Elapsed time is 417.251442 seconds.

chan =

    49

Elapsed time is 420.506823 seconds.

chan =

    50

Elapsed time is 430.884485 seconds.

chan =

    51

Elapsed time is 427.077094 seconds.

chan =

    52

Elapsed time is 429.126265 seconds.

chan =

    53

Elapsed time is 418.141075 seconds.

chan =

    54

Elapsed time is 416.943221 seconds.

chan =

    55

Elapsed time is 405.994150 seconds.

chan =

    56

Elapsed time is 415.440846 seconds.

chan =

    57

Elapsed time is 406.638736 seconds.

chan =

    58

Elapsed time is 411.062338 seconds.

chan =

    59

Elapsed time is 411.709039 seconds.

chan =

    60

Elapsed time is 412.764575 seconds.

chan =

    61

Elapsed time is 414.417458 seconds.

chan =

    62

Elapsed time is 411.338487 seconds.

chan =

    63

Elapsed time is 404.178562 seconds.

chan =

    64

Elapsed time is 411.094483 seconds.

chan =

    65

Elapsed time is 405.990079 seconds.

chan =

    66

Elapsed time is 405.768255 seconds.

chan =

    67

Elapsed time is 408.923276 seconds.

chan =

    68

Elapsed time is 409.115004 seconds.

chan =

    69

Elapsed time is 404.770763 seconds.

chan =

    70

Elapsed time is 410.370276 seconds.

chan =

    71

Elapsed time is 406.092959 seconds.

chan =

    72

Elapsed time is 405.659420 seconds.

chan =

    73

Elapsed time is 412.188003 seconds.

chan =

    74

Elapsed time is 406.605376 seconds.

chan =

    75

Elapsed time is 405.433330 seconds.

chan =

    76

Elapsed time is 412.660424 seconds.

chan =

    77

Elapsed time is 407.666087 seconds.

chan =

    78

Elapsed time is 407.942325 seconds.

chan =

    79

Elapsed time is 410.025498 seconds.

chan =

    80

Elapsed time is 409.376673 seconds.

chan =

    81

Elapsed time is 408.201396 seconds.

chan =

    82

Elapsed time is 409.108785 seconds.

chan =

    83

Elapsed time is 409.922364 seconds.

chan =

    84

Elapsed time is 409.909269 seconds.

chan =

    85

Elapsed time is 404.462639 seconds.

chan =

    86

Elapsed time is 406.877303 seconds.

chan =

    87

Elapsed time is 399.626349 seconds.

chan =

    88

Elapsed time is 403.155099 seconds.

chan =

    89

Elapsed time is 399.331793 seconds.

chan =

    90

Elapsed time is 408.154061 seconds.

chan =

    91

Elapsed time is 397.617156 seconds.

chan =

    92

Elapsed time is 416.932583 seconds.

chan =

    93

Elapsed time is 407.718305 seconds.

chan =

    94

Elapsed time is 405.377894 seconds.

chan =

    95

Elapsed time is 405.624717 seconds.

chan =

    96

Elapsed time is 407.478137 seconds.

chan =

    97

Elapsed time is 406.207576 seconds.

chan =

    98

Elapsed time is 400.486213 seconds.

chan =

    99

Elapsed time is 409.989392 seconds.

chan =

   100

Elapsed time is 405.634841 seconds.

chan =

   101

Elapsed time is 401.614376 seconds.

chan =

   102

Elapsed time is 407.309130 seconds.

chan =

   103

Elapsed time is 407.216627 seconds.

chan =

   104

Elapsed time is 400.564640 seconds.

chan =

   105

Elapsed time is 399.777479 seconds.

chan =

   106

Elapsed time is 401.889516 seconds.

chan =

   107

Elapsed time is 546.939288 seconds.

chan =

   108

Elapsed time is 570.801689 seconds.

chan =

   109

Elapsed time is 573.290932 seconds.

chan =

   110

Elapsed time is 573.969477 seconds.

chan =

   111

Elapsed time is 574.271557 seconds.

chan =

   112

Elapsed time is 577.897169 seconds.

chan =

   113

Elapsed time is 570.451077 seconds.

chan =

   114

Elapsed time is 577.060044 seconds.
attempting saving
save success: /projects/p31578/dtf8829/QuestConnect/CHANDAT/chanDat_SLCH010_096.mat
working on TF
