getting started: 3706
attempting file: 3706
going for SLCH010 112
data loaded: SLCH010 112
HFB already done

chan =

     1

Elapsed time is 529.459199 seconds.

chan =

     2

Elapsed time is 504.022432 seconds.

chan =

     3

Elapsed time is 498.944948 seconds.

chan =

     4

Elapsed time is 502.701064 seconds.

chan =

     5

Elapsed time is 494.696626 seconds.

chan =

     6

Elapsed time is 499.536519 seconds.

chan =

     7

Elapsed time is 497.198159 seconds.

chan =

     8

Elapsed time is 499.372116 seconds.

chan =

     9

Elapsed time is 497.297348 seconds.

chan =

    10

Elapsed time is 498.482968 seconds.

chan =

    11

Elapsed time is 510.867894 seconds.

chan =

    12

Elapsed time is 547.385308 seconds.

chan =

    13

Elapsed time is 557.085403 seconds.

chan =

    14

Elapsed time is 550.178902 seconds.

chan =

    15

Elapsed time is 551.856994 seconds.

chan =

    16

Elapsed time is 537.432120 seconds.

chan =

    17

Elapsed time is 549.110752 seconds.

chan =

    18

Elapsed time is 550.059753 seconds.

chan =

    19

Elapsed time is 551.107572 seconds.

chan =

    20

Elapsed time is 532.693001 seconds.

chan =

    21

Elapsed time is 532.500442 seconds.

chan =

    22

Elapsed time is 501.360360 seconds.

chan =

    23

Elapsed time is 495.329280 seconds.

chan =

    24

Elapsed time is 496.500123 seconds.

chan =

    25

Elapsed time is 499.128718 seconds.

chan =

    26

Elapsed time is 492.262998 seconds.

chan =

    27

Elapsed time is 495.136337 seconds.

chan =

    28

Elapsed time is 495.503112 seconds.

chan =

    29

Elapsed time is 497.382739 seconds.

chan =

    30

Elapsed time is 493.420764 seconds.

chan =

    31

Elapsed time is 496.589509 seconds.

chan =

    32

Elapsed time is 497.992105 seconds.

chan =

    33

Elapsed time is 503.712407 seconds.

chan =

    34

Elapsed time is 499.185483 seconds.

chan =

    35

Elapsed time is 495.492480 seconds.

chan =

    36

Elapsed time is 495.015749 seconds.

chan =

    37

Elapsed time is 499.066519 seconds.

chan =

    38

Elapsed time is 497.017090 seconds.

chan =

    39

Elapsed time is 493.504321 seconds.

chan =

    40

Elapsed time is 495.746018 seconds.

chan =

    41

Elapsed time is 494.118631 seconds.

chan =

    42

Elapsed time is 493.458238 seconds.

chan =

    43

Elapsed time is 489.157539 seconds.

chan =

    44

Elapsed time is 494.632258 seconds.

chan =

    45

Elapsed time is 495.316088 seconds.

chan =

    46

Elapsed time is 492.998130 seconds.

chan =

    47

Elapsed time is 495.669880 seconds.

chan =

    48

Elapsed time is 498.782594 seconds.

chan =

    49

Elapsed time is 498.700753 seconds.

chan =

    50

Elapsed time is 498.497862 seconds.

chan =

    51

Elapsed time is 495.101504 seconds.

chan =

    52

Elapsed time is 496.786214 seconds.

chan =

    53

Elapsed time is 492.032200 seconds.

chan =

    54

Elapsed time is 498.530087 seconds.

chan =

    55

Elapsed time is 497.051972 seconds.

chan =

    56

Elapsed time is 497.980174 seconds.

chan =

    57

Elapsed time is 497.833481 seconds.

chan =

    58

Elapsed time is 496.080795 seconds.

chan =

    59

Elapsed time is 506.713286 seconds.

chan =

    60

Elapsed time is 516.179959 seconds.

chan =

    61

Elapsed time is 520.869775 seconds.

chan =

    62

Elapsed time is 525.828767 seconds.

chan =

    63

Elapsed time is 528.049423 seconds.

chan =

    64

Elapsed time is 531.755271 seconds.

chan =

    65

Elapsed time is 510.479220 seconds.

chan =

    66

Elapsed time is 505.623773 seconds.

chan =

    67

Elapsed time is 501.479880 seconds.

chan =

    68

Elapsed time is 502.476771 seconds.

chan =

    69

Elapsed time is 505.342072 seconds.

chan =

    70

Elapsed time is 509.179270 seconds.

chan =

    71

Elapsed time is 501.090733 seconds.

chan =

    72

Elapsed time is 498.469521 seconds.

chan =

    73

Elapsed time is 497.164483 seconds.

chan =

    74

Elapsed time is 513.245531 seconds.

chan =

    75

Elapsed time is 606.933538 seconds.

chan =

    76

Elapsed time is 579.621772 seconds.

chan =

    77

Elapsed time is 608.228739 seconds.

chan =

    78

Elapsed time is 606.191598 seconds.

chan =

    79

Elapsed time is 562.737941 seconds.

chan =

    80

Elapsed time is 609.761975 seconds.

chan =

    81

Elapsed time is 616.103400 seconds.

chan =

    82

Elapsed time is 612.701819 seconds.

chan =

    83

Elapsed time is 605.575911 seconds.

chan =

    84

Elapsed time is 610.825571 seconds.

chan =

    85

Elapsed time is 594.690926 seconds.

chan =

    86

Elapsed time is 602.091378 seconds.

chan =

    87

Elapsed time is 599.519455 seconds.

chan =

    88

Elapsed time is 605.036678 seconds.

chan =

    89

Elapsed time is 603.369670 seconds.

chan =

    90

Elapsed time is 601.149513 seconds.

chan =

    91

Elapsed time is 602.678567 seconds.

chan =

    92

Elapsed time is 602.349838 seconds.

chan =

    93

Elapsed time is 602.370775 seconds.

chan =

    94

Elapsed time is 598.730433 seconds.

chan =

    95

Elapsed time is 600.411331 seconds.

chan =

    96

Elapsed time is 605.143714 seconds.

chan =

    97

Elapsed time is 602.070542 seconds.

chan =

    98

Elapsed time is 613.002001 seconds.

chan =

    99

Elapsed time is 600.122694 seconds.

chan =

   100

Elapsed time is 597.028930 seconds.

chan =

   101

Elapsed time is 597.686116 seconds.

chan =

   102

Elapsed time is 602.825186 seconds.

chan =

   103

Elapsed time is 585.966158 seconds.

chan =

   104

Elapsed time is 494.403882 seconds.

chan =

   105

Elapsed time is 488.740377 seconds.

chan =

   106

Elapsed time is 490.399505 seconds.

chan =

   107

Elapsed time is 491.330688 seconds.

chan =

   108

Elapsed time is 486.829630 seconds.

chan =

   109

Elapsed time is 492.999458 seconds.

chan =

   110

Elapsed time is 491.144174 seconds.

chan =

   111

Elapsed time is 494.845173 seconds.

chan =

   112

Elapsed time is 490.767995 seconds.

chan =

   113

Elapsed time is 487.973596 seconds.

chan =

   114

Elapsed time is 471.311316 seconds.
attempting saving
save success: /projects/p31578/dtf8829/QuestConnect/CHANDAT/chanDat_SLCH010_112.mat
working on TF
encoding done
encoding RT done
