getting started: 3000
attempting file: 3000
going for OH30 99
data loaded: OH30 99
HFB already done

chan =

     1

Elapsed time is 574.508199 seconds.

chan =

     2

Elapsed time is 574.011818 seconds.

chan =

     3

Elapsed time is 590.509193 seconds.

chan =

     4

Elapsed time is 597.503114 seconds.

chan =

     5

Elapsed time is 591.277465 seconds.

chan =

     6

Elapsed time is 589.818074 seconds.

chan =

     7

Elapsed time is 592.638072 seconds.

chan =

     8

Elapsed time is 591.757442 seconds.

chan =

     9

Elapsed time is 589.031878 seconds.

chan =

    10

Elapsed time is 587.722553 seconds.

chan =

    11

Elapsed time is 591.314950 seconds.

chan =

    12

Elapsed time is 587.418897 seconds.

chan =

    13

Elapsed time is 571.241441 seconds.

chan =

    14

Elapsed time is 567.283679 seconds.

chan =

    15

Elapsed time is 568.945223 seconds.

chan =

    16

Elapsed time is 571.761680 seconds.

chan =

    17

Elapsed time is 569.951081 seconds.

chan =

    18

Elapsed time is 571.812381 seconds.

chan =

    19

Elapsed time is 573.855631 seconds.

chan =

    20

Elapsed time is 576.011141 seconds.

chan =

    21

Elapsed time is 573.875018 seconds.

chan =

    22

Elapsed time is 571.861168 seconds.

chan =

    23

Elapsed time is 572.294151 seconds.

chan =

    24

Elapsed time is 571.534244 seconds.

chan =

    25

Elapsed time is 575.243215 seconds.

chan =

    26

Elapsed time is 573.143712 seconds.

chan =

    27

Elapsed time is 571.461458 seconds.

chan =

    28

Elapsed time is 575.285557 seconds.

chan =

    29

Elapsed time is 576.547883 seconds.

chan =

    30

Elapsed time is 574.388421 seconds.

chan =

    31

Elapsed time is 574.298840 seconds.

chan =

    32

Elapsed time is 574.832024 seconds.

chan =

    33

Elapsed time is 571.187826 seconds.

chan =

    34

Elapsed time is 572.381148 seconds.

chan =

    35

Elapsed time is 573.054671 seconds.

chan =

    36

Elapsed time is 573.890987 seconds.

chan =

    37

Elapsed time is 574.693637 seconds.

chan =

    38

Elapsed time is 570.487491 seconds.

chan =

    39

Elapsed time is 572.764875 seconds.

chan =

    40

Elapsed time is 572.222051 seconds.

chan =

    41

Elapsed time is 576.178559 seconds.

chan =

    42

Elapsed time is 573.653303 seconds.

chan =

    43

Elapsed time is 575.878048 seconds.

chan =

    44

Elapsed time is 573.252258 seconds.

chan =

    45

Elapsed time is 579.760196 seconds.

chan =

    46

Elapsed time is 576.589539 seconds.

chan =

    47

Elapsed time is 579.204628 seconds.

chan =

    48

Elapsed time is 574.190481 seconds.

chan =

    49

Elapsed time is 582.085297 seconds.

chan =

    50

Elapsed time is 577.520886 seconds.

chan =

    51

Elapsed time is 578.392133 seconds.

chan =

    52

Elapsed time is 577.818062 seconds.

chan =

    53

Elapsed time is 576.604274 seconds.

chan =

    54

Elapsed time is 573.793670 seconds.

chan =

    55

Elapsed time is 576.881178 seconds.

chan =

    56

Elapsed time is 576.712119 seconds.

chan =

    57

Elapsed time is 579.834046 seconds.

chan =

    58

Elapsed time is 576.005863 seconds.

chan =

    59

Elapsed time is 578.392228 seconds.

chan =

    60

Elapsed time is 566.748637 seconds.

chan =

    61

Elapsed time is 564.363363 seconds.

chan =

    62

Elapsed time is 558.824750 seconds.

chan =

    63

Elapsed time is 558.630030 seconds.

chan =

    64

Elapsed time is 557.911025 seconds.

chan =

    65

Elapsed time is 559.366751 seconds.

chan =

    66

Elapsed time is 557.574787 seconds.

chan =

    67

Elapsed time is 556.880458 seconds.

chan =

    68

Elapsed time is 558.854694 seconds.

chan =

    69

Elapsed time is 563.897955 seconds.

chan =

    70

Elapsed time is 561.538458 seconds.

chan =

    71

Elapsed time is 564.707519 seconds.

chan =

    72

Elapsed time is 564.731269 seconds.

chan =

    73

Elapsed time is 567.469191 seconds.

chan =

    74

Elapsed time is 564.011382 seconds.

chan =

    75

Elapsed time is 563.205845 seconds.

chan =

    76

Elapsed time is 562.498980 seconds.

chan =

    77

Elapsed time is 561.675371 seconds.

chan =

    78

Elapsed time is 562.083746 seconds.

chan =

    79

Elapsed time is 561.323419 seconds.

chan =

    80

Elapsed time is 561.124187 seconds.

chan =

    81

Elapsed time is 561.388386 seconds.

chan =

    82

Elapsed time is 560.627259 seconds.

chan =

    83

Elapsed time is 566.837403 seconds.

chan =

    84

Elapsed time is 565.038879 seconds.

chan =

    85

Elapsed time is 564.394356 seconds.

chan =

    86

Elapsed time is 562.414635 seconds.

chan =

    87

Elapsed time is 564.145397 seconds.

chan =

    88

Elapsed time is 563.302465 seconds.

chan =

    89

Elapsed time is 566.856283 seconds.

chan =

    90

Elapsed time is 565.707154 seconds.

chan =

    91

Elapsed time is 566.363375 seconds.

chan =

    92

Elapsed time is 564.136610 seconds.

chan =

    93

Elapsed time is 562.165232 seconds.

chan =

    94

Elapsed time is 550.374927 seconds.

chan =

    95

Elapsed time is 558.279631 seconds.

chan =

    96

Elapsed time is 555.520321 seconds.

chan =

    97

Elapsed time is 556.566133 seconds.

chan =

    98

Elapsed time is 555.843627 seconds.

chan =

    99

Elapsed time is 557.885659 seconds.

chan =

   100

Elapsed time is 556.326938 seconds.

chan =

   101

Elapsed time is 552.225136 seconds.

chan =

   102

Elapsed time is 551.838285 seconds.

chan =

   103

Elapsed time is 556.089917 seconds.

chan =

   104

Elapsed time is 557.106241 seconds.

chan =

   105

Elapsed time is 557.251022 seconds.

chan =

   106

Elapsed time is 557.721925 seconds.

chan =

   107

Elapsed time is 557.176789 seconds.

chan =

   108

Elapsed time is 555.620017 seconds.

chan =

   109

Elapsed time is 552.735459 seconds.

chan =

   110

Elapsed time is 549.982031 seconds.

chan =

   111

Elapsed time is 549.054846 seconds.

chan =

   112

Elapsed time is 552.636875 seconds.

chan =

   113

Elapsed time is 552.245033 seconds.

chan =

   114

Elapsed time is 547.826039 seconds.

chan =

   115

Elapsed time is 549.422037 seconds.

chan =

   116

Elapsed time is 549.012045 seconds.

chan =

   117

Elapsed time is 550.093621 seconds.

chan =

   118

Elapsed time is 547.219593 seconds.

chan =

   119

Elapsed time is 553.543425 seconds.

chan =

   120

