getting started: 3604
attempting file: 3604
going for SLCH010 10
data loaded: SLCH010 10
HFB already done

chan =

     1

Elapsed time is 607.016856 seconds.

chan =

     2

Elapsed time is 608.783657 seconds.

chan =

     3

Elapsed time is 600.906882 seconds.

chan =

     4

Elapsed time is 581.982747 seconds.

chan =

     5

Elapsed time is 684.791558 seconds.

chan =

     6

Elapsed time is 688.536305 seconds.

chan =

     7

Elapsed time is 689.435924 seconds.

chan =

     8

Elapsed time is 691.190438 seconds.

chan =

     9

Elapsed time is 689.081190 seconds.

chan =

    10

Elapsed time is 690.362831 seconds.

chan =

    11

Elapsed time is 689.364956 seconds.

chan =

    12

Elapsed time is 686.886868 seconds.

chan =

    13

Elapsed time is 688.364122 seconds.

chan =

    14

Elapsed time is 688.205042 seconds.

chan =

    15

Elapsed time is 689.567875 seconds.

chan =

    16

Elapsed time is 687.423286 seconds.

chan =

    17

Elapsed time is 689.674858 seconds.

chan =

    18

Elapsed time is 681.953653 seconds.

chan =

    19

Elapsed time is 691.817083 seconds.

chan =

    20

Elapsed time is 688.802601 seconds.

chan =

    21

Elapsed time is 691.326206 seconds.

chan =

    22

Elapsed time is 691.918533 seconds.

chan =

    23

Elapsed time is 683.213555 seconds.

chan =

    24

Elapsed time is 683.619859 seconds.

chan =

    25

Elapsed time is 678.220072 seconds.

chan =

    26

Elapsed time is 668.405124 seconds.

chan =

    27

Elapsed time is 664.493000 seconds.

chan =

    28

Elapsed time is 666.329111 seconds.

chan =

    29

Elapsed time is 664.623926 seconds.

chan =

    30

Elapsed time is 665.062848 seconds.

chan =

    31

Elapsed time is 665.032371 seconds.

chan =

    32

Elapsed time is 666.075569 seconds.

chan =

    33

Elapsed time is 660.676328 seconds.

chan =

    34

Elapsed time is 661.943397 seconds.

chan =

    35

Elapsed time is 658.958784 seconds.

chan =

    36

Elapsed time is 659.207672 seconds.

chan =

    37

Elapsed time is 662.011755 seconds.

chan =

    38

Elapsed time is 662.675833 seconds.

chan =

    39

Elapsed time is 660.328057 seconds.

chan =

    40

Elapsed time is 662.230348 seconds.

chan =

    41

Elapsed time is 664.019483 seconds.

chan =

    42

Elapsed time is 659.927801 seconds.

chan =

    43

Elapsed time is 665.949608 seconds.

chan =

    44

Elapsed time is 664.514781 seconds.

chan =

    45

Elapsed time is 660.521590 seconds.

chan =

    46

Elapsed time is 578.009533 seconds.

chan =

    47

Elapsed time is 544.798637 seconds.

chan =

    48

Elapsed time is 562.518525 seconds.

chan =

    49

Elapsed time is 562.891887 seconds.

chan =

    50

Elapsed time is 564.743226 seconds.

chan =

    51

Elapsed time is 564.692238 seconds.

chan =

    52

Elapsed time is 567.432475 seconds.

chan =

    53

Elapsed time is 549.908219 seconds.

chan =

    54

Elapsed time is 543.626926 seconds.

chan =

    55

Elapsed time is 545.547771 seconds.

chan =

    56

Elapsed time is 545.022765 seconds.

chan =

    57

Elapsed time is 545.635071 seconds.

chan =

    58

Elapsed time is 542.452677 seconds.

chan =

    59

Elapsed time is 548.488273 seconds.

chan =

    60

Elapsed time is 542.135933 seconds.

chan =

    61

Elapsed time is 547.375812 seconds.

chan =

    62

Elapsed time is 548.701545 seconds.

chan =

    63

Elapsed time is 548.232186 seconds.

chan =

    64

Elapsed time is 550.141935 seconds.

chan =

    65

Elapsed time is 545.557008 seconds.

chan =

    66

Elapsed time is 548.740098 seconds.

chan =

    67

Elapsed time is 552.637572 seconds.

chan =

    68

Elapsed time is 549.818517 seconds.

chan =

    69

Elapsed time is 546.142986 seconds.

chan =

    70

Elapsed time is 547.960828 seconds.

chan =

    71

Elapsed time is 534.528933 seconds.

chan =

    72

Elapsed time is 510.203795 seconds.

chan =

    73

Elapsed time is 506.289223 seconds.

chan =

    74

Elapsed time is 507.977686 seconds.

chan =

    75

Elapsed time is 506.870925 seconds.

chan =

    76

Elapsed time is 506.779587 seconds.

chan =

    77

Elapsed time is 504.738822 seconds.

chan =

    78

Elapsed time is 505.162669 seconds.

chan =

    79

Elapsed time is 506.597566 seconds.

chan =

    80

Elapsed time is 505.643139 seconds.

chan =

    81

Elapsed time is 508.256006 seconds.

chan =

    82

Elapsed time is 507.608643 seconds.

chan =

    83

Elapsed time is 506.754880 seconds.

chan =

    84

Elapsed time is 505.322033 seconds.

chan =

    85

Elapsed time is 505.322178 seconds.

chan =

    86

Elapsed time is 509.490056 seconds.

chan =

    87

Elapsed time is 506.519410 seconds.

chan =

    88

Elapsed time is 503.785428 seconds.

chan =

    89

Elapsed time is 509.894322 seconds.

chan =

    90

Elapsed time is 508.356088 seconds.

chan =

    91

Elapsed time is 508.215494 seconds.

chan =

    92

Elapsed time is 507.967993 seconds.

chan =

    93

Elapsed time is 509.766345 seconds.

chan =

    94

Elapsed time is 507.835213 seconds.

chan =

    95

Elapsed time is 506.804372 seconds.

chan =

    96

Elapsed time is 505.278830 seconds.

chan =

    97

Elapsed time is 505.262729 seconds.

chan =

    98

Elapsed time is 507.188512 seconds.

chan =

    99

Elapsed time is 504.701490 seconds.

chan =

   100

Elapsed time is 505.916755 seconds.

chan =

   101

Elapsed time is 505.099164 seconds.

chan =

   102

Elapsed time is 506.618648 seconds.

chan =

   103

Elapsed time is 508.581186 seconds.

chan =

   104

Elapsed time is 506.861710 seconds.

chan =

   105

Elapsed time is 506.674095 seconds.

chan =

   106

Elapsed time is 507.758939 seconds.

chan =

   107

Elapsed time is 504.241262 seconds.

chan =

   108

Elapsed time is 499.087400 seconds.

chan =

   109

Elapsed time is 501.483240 seconds.

chan =

   110

Elapsed time is 502.123222 seconds.

chan =

   111

Elapsed time is 503.440522 seconds.

chan =

   112

Elapsed time is 499.560926 seconds.

chan =

   113

Elapsed time is 500.828353 seconds.

chan =

   114

Elapsed time is 502.279795 seconds.
attempting saving
save success: /projects/p31578/dtf8829/QuestConnect/CHANDAT/chanDat_SLCH010_010.mat
working on TF
encoding done
encoding RT done
