getting started: 3598
attempting file: 3598
going for SLCH010 4
data loaded: SLCH010 4
HFB already done

chan =

     1

Elapsed time is 410.907323 seconds.

chan =

     2

Elapsed time is 414.509949 seconds.

chan =

     3

Elapsed time is 413.620068 seconds.

chan =

     4

Elapsed time is 415.277268 seconds.

chan =

     5

Elapsed time is 412.123025 seconds.

chan =

     6

Elapsed time is 410.247170 seconds.

chan =

     7

Elapsed time is 405.929203 seconds.

chan =

     8

Elapsed time is 408.621888 seconds.

chan =

     9

Elapsed time is 406.409394 seconds.

chan =

    10

Elapsed time is 407.673274 seconds.

chan =

    11

Elapsed time is 400.008642 seconds.

chan =

    12

Elapsed time is 401.932319 seconds.

chan =

    13

Elapsed time is 405.324118 seconds.

chan =

    14

Elapsed time is 399.661090 seconds.

chan =

    15

Elapsed time is 408.919778 seconds.

chan =

    16

Elapsed time is 413.673477 seconds.

chan =

    17

Elapsed time is 410.720760 seconds.

chan =

    18

Elapsed time is 411.214925 seconds.

chan =

    19

Elapsed time is 412.772975 seconds.

chan =

    20

Elapsed time is 402.828088 seconds.

chan =

    21

Elapsed time is 412.244791 seconds.

chan =

    22

Elapsed time is 412.165924 seconds.

chan =

    23

Elapsed time is 402.661470 seconds.

chan =

    24

Elapsed time is 403.985022 seconds.

chan =

    25

Elapsed time is 409.688297 seconds.

chan =

    26

Elapsed time is 398.346078 seconds.

chan =

    27

Elapsed time is 403.762726 seconds.

chan =

    28

Elapsed time is 401.807401 seconds.

chan =

    29

Elapsed time is 398.144319 seconds.

chan =

    30

Elapsed time is 395.979421 seconds.

chan =

    31

Elapsed time is 402.474160 seconds.

chan =

    32

Elapsed time is 401.680367 seconds.

chan =

    33

Elapsed time is 402.590317 seconds.

chan =

    34

Elapsed time is 401.807369 seconds.

chan =

    35

Elapsed time is 407.503145 seconds.

chan =

    36

Elapsed time is 401.301894 seconds.

chan =

    37

Elapsed time is 405.585810 seconds.

chan =

    38

Elapsed time is 405.859873 seconds.

chan =

    39

Elapsed time is 408.144161 seconds.

chan =

    40

Elapsed time is 409.654318 seconds.

chan =

    41

Elapsed time is 406.836031 seconds.

chan =

    42

Elapsed time is 403.710371 seconds.

chan =

    43

Elapsed time is 395.858492 seconds.

chan =

    44

Elapsed time is 393.851492 seconds.

chan =

    45

Elapsed time is 396.411789 seconds.

chan =

    46

Elapsed time is 400.327487 seconds.

chan =

    47

Elapsed time is 392.952126 seconds.

chan =

    48

Elapsed time is 388.813435 seconds.

chan =

    49

Elapsed time is 387.504797 seconds.

chan =

    50

Elapsed time is 389.968339 seconds.

chan =

    51

Elapsed time is 387.637925 seconds.

chan =

    52

Elapsed time is 389.622400 seconds.

chan =

    53

Elapsed time is 395.588684 seconds.

chan =

    54

Elapsed time is 394.171128 seconds.

chan =

    55

Elapsed time is 391.399061 seconds.

chan =

    56

Elapsed time is 394.325190 seconds.

chan =

    57

Elapsed time is 399.672860 seconds.

chan =

    58

Elapsed time is 393.061672 seconds.

chan =

    59

Elapsed time is 396.712100 seconds.

chan =

    60

Elapsed time is 392.446288 seconds.

chan =

    61

Elapsed time is 396.651124 seconds.

chan =

    62

Elapsed time is 396.237153 seconds.

chan =

    63

Elapsed time is 397.260993 seconds.

chan =

    64

Elapsed time is 402.854085 seconds.

chan =

    65

Elapsed time is 401.588393 seconds.

chan =

    66

Elapsed time is 401.741849 seconds.

chan =

    67

Elapsed time is 406.523599 seconds.

chan =

    68

Elapsed time is 402.213900 seconds.

chan =

    69

Elapsed time is 400.584748 seconds.

chan =

    70

Elapsed time is 401.020220 seconds.

chan =

    71

Elapsed time is 405.968762 seconds.

chan =

    72

Elapsed time is 406.466101 seconds.

chan =

    73

Elapsed time is 404.287950 seconds.

chan =

    74

Elapsed time is 398.360040 seconds.

chan =

    75

Elapsed time is 396.496676 seconds.

chan =

    76

Elapsed time is 395.631749 seconds.

chan =

    77

Elapsed time is 395.225315 seconds.

chan =

    78

Elapsed time is 394.810619 seconds.

chan =

    79

Elapsed time is 392.135837 seconds.

chan =

    80

Elapsed time is 394.408330 seconds.

chan =

    81

Elapsed time is 400.041601 seconds.

chan =

    82

Elapsed time is 406.258385 seconds.

chan =

    83

Elapsed time is 408.492422 seconds.

chan =

    84

Elapsed time is 412.158950 seconds.

chan =

    85

Elapsed time is 409.222924 seconds.

chan =

    86

Elapsed time is 410.391214 seconds.

chan =

    87

Elapsed time is 401.823294 seconds.

chan =

    88

Elapsed time is 403.235595 seconds.

chan =

    89

Elapsed time is 408.172263 seconds.

chan =

    90

Elapsed time is 401.236286 seconds.

chan =

    91

Elapsed time is 399.671430 seconds.

chan =

    92

Elapsed time is 402.552904 seconds.

chan =

    93

Elapsed time is 405.144461 seconds.

chan =

    94

Elapsed time is 402.151389 seconds.

chan =

    95

Elapsed time is 402.118510 seconds.

chan =

    96

Elapsed time is 402.046998 seconds.

chan =

    97

Elapsed time is 404.816959 seconds.

chan =

    98

Elapsed time is 406.372288 seconds.

chan =

    99

Elapsed time is 403.000465 seconds.

chan =

   100

Elapsed time is 401.779747 seconds.

chan =

   101

Elapsed time is 403.489445 seconds.

chan =

   102

Elapsed time is 403.319643 seconds.

chan =

   103

Elapsed time is 409.441579 seconds.

chan =

   104

Elapsed time is 408.734151 seconds.

chan =

   105

Elapsed time is 411.483975 seconds.

chan =

   106

Elapsed time is 404.502091 seconds.

chan =

   107

Elapsed time is 405.380530 seconds.

chan =

   108

Elapsed time is 403.413641 seconds.

chan =

   109

Elapsed time is 405.018530 seconds.

chan =

   110

Elapsed time is 404.971346 seconds.

chan =

   111

Elapsed time is 378.236761 seconds.

chan =

   112

Elapsed time is 370.018292 seconds.

chan =

   113

Elapsed time is 373.750852 seconds.

chan =

   114

Elapsed time is 376.274788 seconds.
attempting saving
save success: /projects/p31578/dtf8829/QuestConnect/CHANDAT/chanDat_SLCH010_004.mat
working on TF
encoding done
encoding RT done
