getting started: 3653
attempting file: 3653
going for SLCH010 59
data loaded: SLCH010 59
HFB already done

chan =

     1

Elapsed time is 418.448177 seconds.

chan =

     2

Elapsed time is 425.754144 seconds.

chan =

     3

Elapsed time is 421.789199 seconds.

chan =

     4

Elapsed time is 420.450350 seconds.

chan =

     5

Elapsed time is 422.024566 seconds.

chan =

     6

Elapsed time is 416.928554 seconds.

chan =

     7

Elapsed time is 418.977296 seconds.

chan =

     8

Elapsed time is 415.848488 seconds.

chan =

     9

Elapsed time is 414.375784 seconds.

chan =

    10

Elapsed time is 413.738009 seconds.

chan =

    11

Elapsed time is 412.481153 seconds.

chan =

    12

Elapsed time is 417.372162 seconds.

chan =

    13

Elapsed time is 413.013370 seconds.

chan =

    14

Elapsed time is 438.487953 seconds.

chan =

    15

Elapsed time is 439.597563 seconds.

chan =

    16

Elapsed time is 434.544061 seconds.

chan =

    17

Elapsed time is 425.223667 seconds.

chan =

    18

Elapsed time is 431.652426 seconds.

chan =

    19

Elapsed time is 431.103352 seconds.

chan =

    20

Elapsed time is 444.626357 seconds.

chan =

    21

Elapsed time is 443.274001 seconds.

chan =

    22

Elapsed time is 444.977799 seconds.

chan =

    23

Elapsed time is 431.228275 seconds.

chan =

    24

Elapsed time is 422.174364 seconds.

chan =

    25

Elapsed time is 429.645297 seconds.

chan =

    26

Elapsed time is 432.513282 seconds.

chan =

    27

Elapsed time is 420.927038 seconds.

chan =

    28

Elapsed time is 426.246905 seconds.

chan =

    29

Elapsed time is 424.954722 seconds.

chan =

    30

Elapsed time is 422.701739 seconds.

chan =

    31

Elapsed time is 424.499259 seconds.

chan =

    32

Elapsed time is 418.032297 seconds.

chan =

    33

Elapsed time is 404.463113 seconds.

chan =

    34

Elapsed time is 409.451378 seconds.

chan =

    35

Elapsed time is 404.016008 seconds.

chan =

    36

Elapsed time is 405.884811 seconds.

chan =

    37

Elapsed time is 404.153208 seconds.

chan =

    38

Elapsed time is 406.777213 seconds.

chan =

    39

Elapsed time is 406.357244 seconds.

chan =

    40

Elapsed time is 405.846385 seconds.

chan =

    41

Elapsed time is 404.587379 seconds.

chan =

    42

Elapsed time is 408.529831 seconds.

chan =

    43

Elapsed time is 401.175796 seconds.

chan =

    44

Elapsed time is 403.674501 seconds.

chan =

    45

Elapsed time is 400.755632 seconds.

chan =

    46

Elapsed time is 402.257191 seconds.

chan =

    47

Elapsed time is 402.021193 seconds.

chan =

    48

Elapsed time is 403.903263 seconds.

chan =

    49

Elapsed time is 399.907966 seconds.

chan =

    50

Elapsed time is 402.320845 seconds.

chan =

    51

Elapsed time is 401.530257 seconds.

chan =

    52

Elapsed time is 402.649520 seconds.

chan =

    53

Elapsed time is 399.616231 seconds.

chan =

    54

Elapsed time is 401.192441 seconds.

chan =

    55

Elapsed time is 399.300597 seconds.

chan =

    56

Elapsed time is 402.557346 seconds.

chan =

    57

Elapsed time is 396.983123 seconds.

chan =

    58

Elapsed time is 397.547342 seconds.

chan =

    59

Elapsed time is 401.057466 seconds.

chan =

    60

Elapsed time is 403.195893 seconds.

chan =

    61

Elapsed time is 399.916097 seconds.

chan =

    62

Elapsed time is 403.200053 seconds.

chan =

    63

Elapsed time is 400.711121 seconds.

chan =

    64

Elapsed time is 405.132510 seconds.

chan =

    65

Elapsed time is 400.371800 seconds.

chan =

    66

Elapsed time is 404.019730 seconds.

chan =

    67

Elapsed time is 404.221934 seconds.

chan =

    68

Elapsed time is 402.673363 seconds.

chan =

    69

Elapsed time is 402.789420 seconds.

chan =

    70

Elapsed time is 403.052068 seconds.

chan =

    71

Elapsed time is 404.818429 seconds.

chan =

    72

Elapsed time is 409.003429 seconds.

chan =

    73

Elapsed time is 418.278956 seconds.

chan =

    74

Elapsed time is 425.078875 seconds.

chan =

    75

Elapsed time is 418.489518 seconds.

chan =

    76

Elapsed time is 426.156862 seconds.

chan =

    77

Elapsed time is 417.434652 seconds.

chan =

    78

Elapsed time is 412.163552 seconds.

chan =

    79

Elapsed time is 406.041057 seconds.

chan =

    80

Elapsed time is 408.804292 seconds.

chan =

    81

Elapsed time is 406.622568 seconds.

chan =

    82

Elapsed time is 408.177326 seconds.

chan =

    83

Elapsed time is 403.938368 seconds.

chan =

    84

Elapsed time is 401.347951 seconds.

chan =

    85

Elapsed time is 398.709389 seconds.

chan =

    86

Elapsed time is 403.573633 seconds.

chan =

    87

Elapsed time is 396.787897 seconds.

chan =

    88

Elapsed time is 398.353328 seconds.

chan =

    89

Elapsed time is 396.270691 seconds.

chan =

    90

Elapsed time is 403.974484 seconds.

chan =

    91

Elapsed time is 399.959401 seconds.

chan =

    92

Elapsed time is 404.593409 seconds.

chan =

    93

Elapsed time is 400.130568 seconds.

chan =

    94

Elapsed time is 404.076740 seconds.

chan =

    95

Elapsed time is 397.634244 seconds.

chan =

    96

Elapsed time is 399.755044 seconds.

chan =

    97

Elapsed time is 397.872010 seconds.

chan =

    98

Elapsed time is 402.013290 seconds.

chan =

    99

Elapsed time is 396.652964 seconds.

chan =

   100

Elapsed time is 403.242497 seconds.

chan =

   101

Elapsed time is 400.483676 seconds.

chan =

   102

Elapsed time is 405.992106 seconds.

chan =

   103

Elapsed time is 401.383913 seconds.

chan =

   104

Elapsed time is 402.282205 seconds.

chan =

   105

Elapsed time is 399.480306 seconds.

chan =

   106

Elapsed time is 403.587980 seconds.

chan =

   107

Elapsed time is 399.582045 seconds.

chan =

   108

Elapsed time is 403.077115 seconds.

chan =

   109

Elapsed time is 397.742144 seconds.

chan =

   110

Elapsed time is 403.030239 seconds.

chan =

   111

Elapsed time is 399.019801 seconds.

chan =

   112

Elapsed time is 403.770405 seconds.

chan =

   113

Elapsed time is 399.714240 seconds.

chan =

   114

Elapsed time is 405.380692 seconds.
attempting saving
save success: /projects/p31578/dtf8829/QuestConnect/CHANDAT/chanDat_SLCH010_059.mat
working on TF
