getting started: 3292
attempting file: 3292
going for SD5 41
data loaded: SD5 41
HFB already done

chan =

     1

Elapsed time is 302.128160 seconds.

chan =

     2

Elapsed time is 307.675506 seconds.

chan =

     3

Elapsed time is 303.685118 seconds.

chan =

     4

Elapsed time is 303.372312 seconds.

chan =

     5

Elapsed time is 299.868087 seconds.

chan =

     6

Elapsed time is 296.641533 seconds.

chan =

     7

Elapsed time is 297.662787 seconds.

chan =

     8

Elapsed time is 296.539328 seconds.

chan =

     9

Elapsed time is 297.310658 seconds.

chan =

    10

Elapsed time is 297.671754 seconds.

chan =

    11

Elapsed time is 296.938291 seconds.

chan =

    12

Elapsed time is 296.637098 seconds.

chan =

    13

Elapsed time is 296.731666 seconds.

chan =

    14

Elapsed time is 294.013843 seconds.

chan =

    15

Elapsed time is 295.658991 seconds.

chan =

    16

Elapsed time is 293.684705 seconds.

chan =

    17

Elapsed time is 294.847578 seconds.

chan =

    18

Elapsed time is 292.573328 seconds.

chan =

    19

Elapsed time is 294.615107 seconds.

chan =

    20

Elapsed time is 291.682549 seconds.

chan =

    21

Elapsed time is 292.203399 seconds.

chan =

    22

Elapsed time is 297.166973 seconds.

chan =

    23

Elapsed time is 303.205227 seconds.

chan =

    24

Elapsed time is 302.637672 seconds.

chan =

    25

Elapsed time is 302.403953 seconds.

chan =

    26

Elapsed time is 303.113279 seconds.

chan =

    27

Elapsed time is 303.350014 seconds.

chan =

    28

Elapsed time is 296.371338 seconds.

chan =

    29

Elapsed time is 297.717680 seconds.

chan =

    30

Elapsed time is 298.976723 seconds.

chan =

    31

Elapsed time is 297.592629 seconds.

chan =

    32

Elapsed time is 295.210825 seconds.

chan =

    33

Elapsed time is 290.975030 seconds.

chan =

    34

Elapsed time is 294.120276 seconds.

chan =

    35

Elapsed time is 291.879094 seconds.

chan =

    36

Elapsed time is 289.387630 seconds.

chan =

    37

Elapsed time is 277.450737 seconds.

chan =

    38

Elapsed time is 287.283983 seconds.

chan =

    39

Elapsed time is 266.660250 seconds.

chan =

    40

Elapsed time is 268.659193 seconds.

chan =

    41

Elapsed time is 270.015677 seconds.

chan =

    42

Elapsed time is 262.616726 seconds.

chan =

    43

Elapsed time is 276.649866 seconds.

chan =

    44

Elapsed time is 266.940074 seconds.

chan =

    45

Elapsed time is 261.196875 seconds.

chan =

    46

Elapsed time is 272.410593 seconds.

chan =

    47

Elapsed time is 269.830581 seconds.

chan =

    48

Elapsed time is 245.883898 seconds.

chan =

    49

Elapsed time is 236.304484 seconds.

chan =

    50

Elapsed time is 231.676297 seconds.

chan =

    51

Elapsed time is 232.659224 seconds.

chan =

    52

Elapsed time is 231.007153 seconds.

chan =

    53

Elapsed time is 232.626580 seconds.

chan =

    54

Elapsed time is 243.004787 seconds.

chan =

    55

Elapsed time is 235.146510 seconds.

chan =

    56

Elapsed time is 231.256457 seconds.

chan =

    57

Elapsed time is 239.765977 seconds.

chan =

    58

Elapsed time is 244.282297 seconds.

chan =

    59

Elapsed time is 246.865967 seconds.

chan =

    60

Elapsed time is 246.087100 seconds.

chan =

    61

Elapsed time is 245.678025 seconds.

chan =

    62

Elapsed time is 242.702021 seconds.

chan =

    63

Elapsed time is 243.845414 seconds.

chan =

    64

Elapsed time is 244.429745 seconds.

chan =

    65

Elapsed time is 244.582872 seconds.

chan =

    66

Elapsed time is 243.673792 seconds.

chan =

    67

Elapsed time is 243.950068 seconds.

chan =

    68

Elapsed time is 244.935711 seconds.

chan =

    69

Elapsed time is 244.735893 seconds.

chan =

    70

Elapsed time is 244.938634 seconds.

chan =

    71

Elapsed time is 246.756153 seconds.

chan =

    72

Elapsed time is 246.401184 seconds.

chan =

    73

Elapsed time is 236.085985 seconds.

chan =

    74

Elapsed time is 234.144876 seconds.

chan =

    75

Elapsed time is 236.298426 seconds.

chan =

    76

Elapsed time is 239.623233 seconds.

chan =

    77

Elapsed time is 236.713921 seconds.

chan =

    78

Elapsed time is 232.815188 seconds.

chan =

    79

Elapsed time is 259.763861 seconds.

chan =

    80

Elapsed time is 351.255771 seconds.

chan =

    81

Elapsed time is 345.651230 seconds.

chan =

    82

Elapsed time is 346.872086 seconds.

chan =

    83

Elapsed time is 346.430453 seconds.

chan =

    84

Elapsed time is 336.211153 seconds.

chan =

    85

Elapsed time is 344.109592 seconds.

chan =

    86

Elapsed time is 333.301655 seconds.

chan =

    87

Elapsed time is 333.352863 seconds.

chan =

    88

Elapsed time is 346.009299 seconds.

chan =

    89

Elapsed time is 334.672429 seconds.

chan =

    90

Elapsed time is 336.387017 seconds.

chan =

    91

Elapsed time is 336.245139 seconds.

chan =

    92

Elapsed time is 336.692719 seconds.

chan =

    93

Elapsed time is 335.925541 seconds.

chan =

    94

Elapsed time is 329.145535 seconds.

chan =

    95

Elapsed time is 328.819878 seconds.

chan =

    96

Elapsed time is 342.872759 seconds.

chan =

    97

Elapsed time is 334.354003 seconds.

chan =

    98

Elapsed time is 344.774552 seconds.

chan =

    99

Elapsed time is 335.927797 seconds.

chan =

   100

Elapsed time is 335.994958 seconds.

chan =

   101

Elapsed time is 243.358895 seconds.

chan =

   102

Elapsed time is 242.496509 seconds.

chan =

   103

Elapsed time is 259.473284 seconds.

chan =

   104

Elapsed time is 248.556741 seconds.

chan =

   105

Elapsed time is 234.440865 seconds.

chan =

   106

Elapsed time is 264.592649 seconds.

chan =

   107

Elapsed time is 266.263343 seconds.

chan =

   108

Elapsed time is 243.636964 seconds.

chan =

   109

Elapsed time is 226.699069 seconds.

