getting started: 3258
attempting file: 3258
going for SD5 7
data loaded: SD5 7
HFB already done

chan =

     1

Elapsed time is 288.330974 seconds.

chan =

     2

Elapsed time is 285.846015 seconds.

chan =

     3

Elapsed time is 286.000156 seconds.

chan =

     4

Elapsed time is 294.108351 seconds.

chan =

     5

Elapsed time is 293.446218 seconds.

chan =

     6

Elapsed time is 298.496368 seconds.

chan =

     7

Elapsed time is 294.132126 seconds.

chan =

     8

Elapsed time is 293.762620 seconds.

chan =

     9

Elapsed time is 293.554318 seconds.

chan =

    10

Elapsed time is 293.650782 seconds.

chan =

    11

Elapsed time is 294.082438 seconds.

chan =

    12

Elapsed time is 293.104972 seconds.

chan =

    13

Elapsed time is 293.980980 seconds.

chan =

    14

Elapsed time is 290.676402 seconds.

chan =

    15

Elapsed time is 296.291249 seconds.

chan =

    16

Elapsed time is 297.181473 seconds.

chan =

    17

Elapsed time is 299.744551 seconds.

chan =

    18

Elapsed time is 298.187684 seconds.

chan =

    19

Elapsed time is 298.354862 seconds.

chan =

    20

Elapsed time is 295.696002 seconds.

chan =

    21

Elapsed time is 297.133216 seconds.

chan =

    22

Elapsed time is 296.777213 seconds.

chan =

    23

Elapsed time is 298.112054 seconds.

chan =

    24

Elapsed time is 296.293455 seconds.

chan =

    25

Elapsed time is 294.699458 seconds.

chan =

    26

Elapsed time is 293.956892 seconds.

chan =

    27

Elapsed time is 294.698883 seconds.

chan =

    28

Elapsed time is 294.644735 seconds.

chan =

    29

Elapsed time is 292.994400 seconds.

chan =

    30

Elapsed time is 296.389582 seconds.

chan =

    31

Elapsed time is 291.130366 seconds.

chan =

    32

Elapsed time is 294.956875 seconds.

chan =

    33

Elapsed time is 294.346574 seconds.

chan =

    34

Elapsed time is 296.892760 seconds.

chan =

    35

Elapsed time is 295.475945 seconds.

chan =

    36

Elapsed time is 286.386640 seconds.

chan =

    37

Elapsed time is 279.371377 seconds.

chan =

    38

Elapsed time is 281.283231 seconds.

chan =

    39

Elapsed time is 279.244672 seconds.

chan =

    40

Elapsed time is 278.376603 seconds.

chan =

    41

Elapsed time is 279.744533 seconds.

chan =

    42

Elapsed time is 280.426347 seconds.

chan =

    43

Elapsed time is 279.840426 seconds.

chan =

    44

Elapsed time is 281.001202 seconds.

chan =

    45

Elapsed time is 283.070084 seconds.

chan =

    46

Elapsed time is 282.077911 seconds.

chan =

    47

Elapsed time is 287.667799 seconds.

chan =

    48

Elapsed time is 286.250890 seconds.

chan =

    49

Elapsed time is 347.935643 seconds.

chan =

    50

Elapsed time is 349.080395 seconds.

chan =

    51

Elapsed time is 346.426193 seconds.

chan =

    52

Elapsed time is 328.735483 seconds.

chan =

    53

Elapsed time is 323.375424 seconds.

chan =

    54

Elapsed time is 323.771049 seconds.

chan =

    55

Elapsed time is 327.038119 seconds.

chan =

    56

Elapsed time is 328.286490 seconds.

chan =

    57

Elapsed time is 327.210869 seconds.

chan =

    58

Elapsed time is 326.710239 seconds.

chan =

    59

Elapsed time is 327.733108 seconds.

chan =

    60

Elapsed time is 329.009876 seconds.

chan =

    61

Elapsed time is 327.023443 seconds.

chan =

    62

Elapsed time is 325.217059 seconds.

chan =

    63

Elapsed time is 326.299856 seconds.

chan =

    64

Elapsed time is 327.684473 seconds.

chan =

    65

Elapsed time is 327.717497 seconds.

chan =

    66

Elapsed time is 327.170053 seconds.

chan =

    67

Elapsed time is 327.623327 seconds.

chan =

    68

Elapsed time is 323.484541 seconds.

chan =

    69

Elapsed time is 337.512311 seconds.

chan =

    70

Elapsed time is 345.989854 seconds.

chan =

    71

Elapsed time is 344.279802 seconds.

chan =

    72

Elapsed time is 344.867969 seconds.

chan =

    73

Elapsed time is 335.882060 seconds.

chan =

    74

Elapsed time is 344.633656 seconds.

chan =

    75

Elapsed time is 347.022269 seconds.

chan =

    76

Elapsed time is 344.385746 seconds.

chan =

    77

Elapsed time is 345.024219 seconds.

chan =

    78

Elapsed time is 331.794491 seconds.

chan =

    79

Elapsed time is 343.691149 seconds.

chan =

    80

Elapsed time is 344.864976 seconds.

chan =

    81

Elapsed time is 344.211551 seconds.

chan =

    82

Elapsed time is 345.117034 seconds.

chan =

    83

Elapsed time is 340.629388 seconds.

chan =

    84

Elapsed time is 343.285173 seconds.

chan =

    85

Elapsed time is 340.721326 seconds.

chan =

    86

Elapsed time is 343.811020 seconds.

chan =

    87

Elapsed time is 338.595332 seconds.

chan =

    88

Elapsed time is 343.490526 seconds.

chan =

    89

Elapsed time is 341.522451 seconds.

chan =

    90

Elapsed time is 344.801712 seconds.

chan =

    91

Elapsed time is 343.866084 seconds.

chan =

    92

Elapsed time is 332.264503 seconds.

chan =

    93

Elapsed time is 341.118951 seconds.

chan =

    94

Elapsed time is 341.377995 seconds.

chan =

    95

Elapsed time is 344.369017 seconds.

chan =

    96

Elapsed time is 341.021591 seconds.

chan =

    97

Elapsed time is 336.131611 seconds.

chan =

    98

Elapsed time is 341.664680 seconds.

chan =

    99

Elapsed time is 337.457007 seconds.

chan =

   100

Elapsed time is 343.628918 seconds.

chan =

   101

Elapsed time is 340.567525 seconds.

chan =

   102

Elapsed time is 333.540209 seconds.

chan =

   103

Elapsed time is 336.005233 seconds.

chan =

   104

Elapsed time is 338.241037 seconds.

chan =

   105

Elapsed time is 342.314616 seconds.

chan =

   106

Elapsed time is 338.841732 seconds.

chan =

   107

Elapsed time is 338.763875 seconds.

chan =

   108

Elapsed time is 340.281220 seconds.

chan =

   109

Elapsed time is 337.835326 seconds.

