getting started: 3361
attempting file: 3361
going for SD5 110
data loaded: SD5 110
HFB already done

chan =

     1

Elapsed time is 291.705674 seconds.

chan =

     2

Elapsed time is 286.610839 seconds.

chan =

     3

Elapsed time is 267.936608 seconds.

chan =

     4

Elapsed time is 319.305394 seconds.

chan =

     5

Elapsed time is 353.363732 seconds.

chan =

     6

Elapsed time is 349.282241 seconds.

chan =

     7

Elapsed time is 349.703651 seconds.

chan =

     8

Elapsed time is 344.533136 seconds.

chan =

     9

Elapsed time is 349.089788 seconds.

chan =

    10

Elapsed time is 345.716468 seconds.

chan =

    11

Elapsed time is 347.284729 seconds.

chan =

    12

Elapsed time is 343.387872 seconds.

chan =

    13

Elapsed time is 349.661541 seconds.

chan =

    14

Elapsed time is 344.247114 seconds.

chan =

    15

Elapsed time is 349.035733 seconds.

chan =

    16

Elapsed time is 342.605133 seconds.

chan =

    17

Elapsed time is 347.729542 seconds.

chan =

    18

Elapsed time is 343.248999 seconds.

chan =

    19

Elapsed time is 347.804523 seconds.

chan =

    20

Elapsed time is 341.099130 seconds.

chan =

    21

Elapsed time is 345.416919 seconds.

chan =

    22

Elapsed time is 341.828455 seconds.

chan =

    23

Elapsed time is 348.953029 seconds.

chan =

    24

Elapsed time is 337.847578 seconds.

chan =

    25

Elapsed time is 343.309603 seconds.

chan =

    26

Elapsed time is 336.027228 seconds.

chan =

    27

Elapsed time is 343.742968 seconds.

chan =

    28

Elapsed time is 333.413498 seconds.

chan =

    29

Elapsed time is 337.567975 seconds.

chan =

    30

Elapsed time is 332.358848 seconds.

chan =

    31

Elapsed time is 338.868904 seconds.

chan =

    32

Elapsed time is 328.398014 seconds.

chan =

    33

Elapsed time is 332.047432 seconds.

chan =

    34

Elapsed time is 330.338869 seconds.

chan =

    35

Elapsed time is 333.106163 seconds.

chan =

    36

Elapsed time is 329.979334 seconds.

chan =

    37

Elapsed time is 333.208712 seconds.

chan =

    38

Elapsed time is 328.905867 seconds.

chan =

    39

Elapsed time is 330.515086 seconds.

chan =

    40

Elapsed time is 328.267618 seconds.

chan =

    41

Elapsed time is 328.812924 seconds.

chan =

    42

Elapsed time is 327.717323 seconds.

chan =

    43

Elapsed time is 328.458745 seconds.

chan =

    44

Elapsed time is 329.162129 seconds.

chan =

    45

Elapsed time is 330.127109 seconds.

chan =

    46

Elapsed time is 331.274096 seconds.

chan =

    47

Elapsed time is 331.414691 seconds.

chan =

    48

Elapsed time is 332.558998 seconds.

chan =

    49

Elapsed time is 329.841744 seconds.

chan =

    50

Elapsed time is 328.711842 seconds.

chan =

    51

Elapsed time is 328.595680 seconds.

chan =

    52

Elapsed time is 326.985620 seconds.

chan =

    53

Elapsed time is 325.343410 seconds.

chan =

    54

Elapsed time is 326.876716 seconds.

chan =

    55

Elapsed time is 326.373114 seconds.

chan =

    56

Elapsed time is 327.361240 seconds.

chan =

    57

Elapsed time is 327.234618 seconds.

chan =

    58

Elapsed time is 326.514186 seconds.

chan =

    59

Elapsed time is 327.947777 seconds.

chan =

    60

Elapsed time is 329.188297 seconds.

chan =

    61

Elapsed time is 325.904400 seconds.

chan =

    62

Elapsed time is 328.196234 seconds.

chan =

    63

Elapsed time is 326.333152 seconds.

chan =

    64

Elapsed time is 336.431080 seconds.

chan =

    65

Elapsed time is 337.631390 seconds.

chan =

    66

Elapsed time is 339.796125 seconds.

chan =

    67

Elapsed time is 335.586059 seconds.

chan =

    68

Elapsed time is 331.741779 seconds.

chan =

    69

Elapsed time is 331.814384 seconds.

chan =

    70

Elapsed time is 335.437464 seconds.

chan =

    71

Elapsed time is 333.571660 seconds.

chan =

    72

Elapsed time is 334.856765 seconds.

chan =

    73

Elapsed time is 328.888371 seconds.

chan =

    74

Elapsed time is 335.457483 seconds.

chan =

    75

Elapsed time is 336.131671 seconds.

chan =

    76

Elapsed time is 336.944102 seconds.

chan =

    77

Elapsed time is 333.875295 seconds.

chan =

    78

Elapsed time is 334.191772 seconds.

chan =

    79

Elapsed time is 333.632131 seconds.

chan =

    80

Elapsed time is 337.428408 seconds.

chan =

    81

Elapsed time is 335.508511 seconds.

chan =

    82

Elapsed time is 333.140395 seconds.

chan =

    83

Elapsed time is 333.062487 seconds.

chan =

    84

Elapsed time is 339.301520 seconds.

chan =

    85

Elapsed time is 334.222063 seconds.

chan =

    86

Elapsed time is 335.316109 seconds.

chan =

    87

Elapsed time is 332.973945 seconds.

chan =

    88

Elapsed time is 337.896260 seconds.

chan =

    89

Elapsed time is 335.520521 seconds.

chan =

    90

Elapsed time is 338.266426 seconds.

chan =

    91

Elapsed time is 336.658515 seconds.

chan =

    92

Elapsed time is 337.684607 seconds.

chan =

    93

Elapsed time is 333.916831 seconds.

chan =

    94

Elapsed time is 337.698847 seconds.

chan =

    95

Elapsed time is 332.511097 seconds.

chan =

    96

Elapsed time is 331.501973 seconds.

chan =

    97

Elapsed time is 330.845670 seconds.

chan =

    98

Elapsed time is 339.847887 seconds.

chan =

    99

Elapsed time is 333.810453 seconds.

chan =

   100

Elapsed time is 339.955824 seconds.

chan =

   101

Elapsed time is 328.298956 seconds.

chan =

   102

Elapsed time is 329.298557 seconds.

chan =

   103

Elapsed time is 324.536634 seconds.

chan =

   104

Elapsed time is 327.875072 seconds.

chan =

   105

Elapsed time is 324.008600 seconds.

chan =

   106

Elapsed time is 325.810468 seconds.

chan =

   107

Elapsed time is 325.545344 seconds.

chan =

   108

Elapsed time is 326.959756 seconds.

chan =

   109

Elapsed time is 323.725203 seconds.

