getting started: 3667
attempting file: 3667
going for SLCH010 73
data loaded: SLCH010 73
HFB already done

chan =

     1

Elapsed time is 660.530915 seconds.

chan =

     2

Elapsed time is 628.962488 seconds.

chan =

     3

Elapsed time is 613.943274 seconds.

chan =

     4

Elapsed time is 612.746512 seconds.

chan =

     5

Elapsed time is 608.475303 seconds.

chan =

     6

Elapsed time is 606.768598 seconds.

chan =

     7

Elapsed time is 606.992899 seconds.

chan =

     8

Elapsed time is 608.479296 seconds.

chan =

     9

Elapsed time is 618.047467 seconds.

chan =

    10

Elapsed time is 643.187598 seconds.

chan =

    11

Elapsed time is 637.598441 seconds.

chan =

    12

Elapsed time is 631.967585 seconds.

chan =

    13

Elapsed time is 634.389968 seconds.

chan =

    14

Elapsed time is 634.100816 seconds.

chan =

    15

Elapsed time is 620.794639 seconds.

chan =

    16

Elapsed time is 631.646835 seconds.

chan =

    17

Elapsed time is 630.262113 seconds.

chan =

    18

Elapsed time is 629.092542 seconds.

chan =

    19

Elapsed time is 626.717623 seconds.

chan =

    20

Elapsed time is 632.303492 seconds.

chan =

    21

Elapsed time is 614.580594 seconds.

chan =

    22

Elapsed time is 602.345130 seconds.

chan =

    23

Elapsed time is 602.314915 seconds.

chan =

    24

Elapsed time is 602.913322 seconds.

chan =

    25

Elapsed time is 605.573446 seconds.

chan =

    26

Elapsed time is 601.552006 seconds.

chan =

    27

Elapsed time is 602.271573 seconds.

chan =

    28

Elapsed time is 599.144715 seconds.

chan =

    29

Elapsed time is 599.833204 seconds.

chan =

    30

Elapsed time is 600.231508 seconds.

chan =

    31

Elapsed time is 597.784294 seconds.

chan =

    32

Elapsed time is 597.856122 seconds.

chan =

    33

Elapsed time is 599.425418 seconds.

chan =

    34

Elapsed time is 559.339506 seconds.

chan =

    35

Elapsed time is 694.176060 seconds.

chan =

    36

Elapsed time is 706.640267 seconds.

chan =

    37

Elapsed time is 686.758381 seconds.

chan =

    38

Elapsed time is 556.482880 seconds.

chan =

    39

Elapsed time is 505.646077 seconds.

chan =

    40

Elapsed time is 579.830013 seconds.

chan =

    41

Elapsed time is 575.585876 seconds.

chan =

    42

Elapsed time is 556.256372 seconds.

chan =

    43

Elapsed time is 553.835500 seconds.

chan =

    44

Elapsed time is 565.524731 seconds.

chan =

    45

Elapsed time is 552.140516 seconds.

chan =

    46

Elapsed time is 466.631415 seconds.

chan =

    47

Elapsed time is 467.122749 seconds.

chan =

    48

Elapsed time is 471.841610 seconds.

chan =

    49

Elapsed time is 484.342419 seconds.

chan =

    50

Elapsed time is 496.945353 seconds.

chan =

    51

Elapsed time is 526.530991 seconds.

chan =

    52

Elapsed time is 524.863789 seconds.

chan =

    53

Elapsed time is 524.684859 seconds.

chan =

    54

Elapsed time is 525.956621 seconds.

chan =

    55

Elapsed time is 501.635510 seconds.

chan =

    56

Elapsed time is 530.443141 seconds.

chan =

    57

Elapsed time is 571.472169 seconds.

chan =

    58

Elapsed time is 543.621958 seconds.

chan =

    59

Elapsed time is 569.396485 seconds.

chan =

    60

Elapsed time is 567.846907 seconds.

chan =

    61

Elapsed time is 571.413233 seconds.

chan =

    62

Elapsed time is 569.752527 seconds.

chan =

    63

Elapsed time is 539.778950 seconds.

chan =

    64

Elapsed time is 463.507375 seconds.

chan =

    65

Elapsed time is 508.979572 seconds.

chan =

    66

Elapsed time is 520.858526 seconds.

chan =

    67

Elapsed time is 470.225510 seconds.

chan =

    68

Elapsed time is 469.412112 seconds.

chan =

    69

Elapsed time is 469.755072 seconds.

chan =

    70

Elapsed time is 468.973810 seconds.

chan =

    71

Elapsed time is 470.611924 seconds.

chan =

    72

Elapsed time is 468.931223 seconds.

chan =

    73

Elapsed time is 469.403465 seconds.

chan =

    74

Elapsed time is 469.131807 seconds.

chan =

    75

Elapsed time is 468.603304 seconds.

chan =

    76

Elapsed time is 466.412962 seconds.

chan =

    77

Elapsed time is 467.532719 seconds.

chan =

    78

Elapsed time is 465.760753 seconds.

chan =

    79

Elapsed time is 462.607722 seconds.

chan =

    80

Elapsed time is 460.322413 seconds.

chan =

    81

Elapsed time is 462.297364 seconds.

chan =

    82

Elapsed time is 460.301522 seconds.

chan =

    83

Elapsed time is 460.072820 seconds.

chan =

    84

Elapsed time is 459.904169 seconds.

chan =

    85

Elapsed time is 460.918771 seconds.

chan =

    86

Elapsed time is 458.194775 seconds.

chan =

    87

Elapsed time is 460.724138 seconds.

chan =

    88

Elapsed time is 459.282367 seconds.

chan =

    89

Elapsed time is 460.362516 seconds.

chan =

    90

Elapsed time is 457.771977 seconds.

chan =

    91

Elapsed time is 460.512386 seconds.

chan =

    92

Elapsed time is 461.994086 seconds.

chan =

    93

Elapsed time is 462.222409 seconds.

chan =

    94

Elapsed time is 460.753782 seconds.

chan =

    95

Elapsed time is 460.363646 seconds.

chan =

    96

Elapsed time is 457.761986 seconds.

chan =

    97

Elapsed time is 459.334449 seconds.

chan =

    98

Elapsed time is 459.591845 seconds.

chan =

    99

Elapsed time is 459.856024 seconds.

chan =

   100

Elapsed time is 461.203712 seconds.

chan =

   101

Elapsed time is 461.037523 seconds.

chan =

   102

Elapsed time is 463.225723 seconds.

chan =

   103

Elapsed time is 461.374249 seconds.

chan =

   104

Elapsed time is 461.837870 seconds.

chan =

   105

Elapsed time is 460.563980 seconds.

chan =

   106

Elapsed time is 461.750170 seconds.

chan =

   107

Elapsed time is 458.308165 seconds.

chan =

   108

Elapsed time is 458.932419 seconds.

chan =

   109

Elapsed time is 458.445845 seconds.

chan =

   110

Elapsed time is 460.639584 seconds.

chan =

   111

Elapsed time is 460.168421 seconds.

chan =

   112

Elapsed time is 459.654283 seconds.

chan =

   113

Elapsed time is 459.078480 seconds.

chan =

   114

Elapsed time is 446.473446 seconds.
attempting saving
save success: /projects/p31578/dtf8829/QuestConnect/CHANDAT/chanDat_SLCH010_073.mat
working on TF
