getting started: 3657
attempting file: 3657
going for SLCH010 63
data loaded: SLCH010 63
HFB already done

chan =

     1

Elapsed time is 564.427175 seconds.

chan =

     2

Elapsed time is 559.785721 seconds.

chan =

     3

Elapsed time is 572.178932 seconds.

chan =

     4

Elapsed time is 580.375252 seconds.

chan =

     5

Elapsed time is 558.505780 seconds.

chan =

     6

Elapsed time is 543.625620 seconds.

chan =

     7

Elapsed time is 569.177410 seconds.

chan =

     8

Elapsed time is 574.218688 seconds.

chan =

     9

Elapsed time is 563.954589 seconds.

chan =

    10

Elapsed time is 572.830543 seconds.

chan =

    11

Elapsed time is 557.946770 seconds.

chan =

    12

Elapsed time is 563.909721 seconds.

chan =

    13

Elapsed time is 566.635414 seconds.

chan =

    14

Elapsed time is 557.325949 seconds.

chan =

    15

Elapsed time is 561.774852 seconds.

chan =

    16

Elapsed time is 567.390503 seconds.

chan =

    17

Elapsed time is 558.800229 seconds.

chan =

    18

Elapsed time is 568.643685 seconds.

chan =

    19

Elapsed time is 562.221267 seconds.

chan =

    20

Elapsed time is 561.482625 seconds.

chan =

    21

Elapsed time is 568.272884 seconds.

chan =

    22

Elapsed time is 561.869155 seconds.

chan =

    23

Elapsed time is 564.610625 seconds.

chan =

    24

Elapsed time is 559.324579 seconds.

chan =

    25

Elapsed time is 562.394740 seconds.

chan =

    26

Elapsed time is 565.802581 seconds.

chan =

    27

Elapsed time is 555.255783 seconds.

chan =

    28

Elapsed time is 562.526924 seconds.

chan =

    29

Elapsed time is 554.551695 seconds.

chan =

    30

Elapsed time is 563.854850 seconds.

chan =

    31

Elapsed time is 564.590449 seconds.

chan =

    32

Elapsed time is 553.893967 seconds.

chan =

    33

Elapsed time is 561.639550 seconds.

chan =

    34

Elapsed time is 560.013989 seconds.

chan =

    35

Elapsed time is 558.212449 seconds.

chan =

    36

Elapsed time is 561.490732 seconds.

chan =

    37

Elapsed time is 552.655407 seconds.

chan =

    38

Elapsed time is 565.344069 seconds.

chan =

    39

Elapsed time is 553.547289 seconds.

chan =

    40

Elapsed time is 564.889427 seconds.

chan =

    41

Elapsed time is 562.549603 seconds.

chan =

    42

Elapsed time is 557.237859 seconds.

chan =

    43

Elapsed time is 557.819720 seconds.

chan =

    44

Elapsed time is 557.838959 seconds.

chan =

    45

Elapsed time is 562.091791 seconds.

chan =

    46

Elapsed time is 558.634337 seconds.

chan =

    47

Elapsed time is 555.346839 seconds.

chan =

    48

Elapsed time is 563.706336 seconds.

chan =

    49

Elapsed time is 558.536252 seconds.

chan =

    50

Elapsed time is 564.220717 seconds.

chan =

    51

Elapsed time is 553.356406 seconds.

chan =

    52

Elapsed time is 560.313545 seconds.

chan =

    53

Elapsed time is 551.006627 seconds.

chan =

    54

Elapsed time is 550.577959 seconds.

chan =

    55

Elapsed time is 549.654974 seconds.

chan =

    56

Elapsed time is 534.016729 seconds.

chan =

    57

Elapsed time is 546.272532 seconds.

chan =

    58

Elapsed time is 548.493987 seconds.

chan =

    59

Elapsed time is 527.054851 seconds.

chan =

    60

Elapsed time is 520.610568 seconds.

chan =

    61

Elapsed time is 515.886576 seconds.

chan =

    62

Elapsed time is 518.970863 seconds.

chan =

    63

Elapsed time is 508.205630 seconds.

chan =

    64

Elapsed time is 511.005789 seconds.

chan =

    65

Elapsed time is 507.346842 seconds.

chan =

    66

Elapsed time is 507.884513 seconds.

chan =

    67

Elapsed time is 507.346527 seconds.

chan =

    68

Elapsed time is 508.700066 seconds.

chan =

    69

Elapsed time is 507.812414 seconds.

chan =

    70

Elapsed time is 508.810607 seconds.

chan =

    71

Elapsed time is 508.423670 seconds.

chan =

    72

Elapsed time is 511.718907 seconds.

chan =

    73

Elapsed time is 508.585949 seconds.

chan =

    74

Elapsed time is 509.894218 seconds.

chan =

    75

Elapsed time is 508.765877 seconds.

chan =

    76

Elapsed time is 510.701891 seconds.

chan =

    77

Elapsed time is 490.202878 seconds.

chan =

    78

Elapsed time is 479.020589 seconds.

chan =

    79

Elapsed time is 478.706065 seconds.

chan =

    80

Elapsed time is 479.308324 seconds.

chan =

    81

Elapsed time is 479.252813 seconds.

chan =

    82

Elapsed time is 475.810619 seconds.

chan =

    83

Elapsed time is 470.406287 seconds.

chan =

    84

Elapsed time is 471.563470 seconds.

chan =

    85

Elapsed time is 473.406941 seconds.

chan =

    86

Elapsed time is 471.452391 seconds.

chan =

    87

Elapsed time is 469.811629 seconds.

chan =

    88

Elapsed time is 472.662144 seconds.

chan =

    89

Elapsed time is 473.423177 seconds.

chan =

    90

Elapsed time is 468.343961 seconds.

chan =

    91

Elapsed time is 468.283328 seconds.

chan =

    92

Elapsed time is 470.170352 seconds.

chan =

    93

Elapsed time is 469.030103 seconds.

chan =

    94

Elapsed time is 474.576202 seconds.

chan =

    95

Elapsed time is 469.821777 seconds.

chan =

    96

Elapsed time is 471.138787 seconds.

chan =

    97

Elapsed time is 470.119446 seconds.

chan =

    98

Elapsed time is 478.134308 seconds.

chan =

    99

Elapsed time is 472.971623 seconds.

chan =

   100

Elapsed time is 470.916027 seconds.

chan =

   101

Elapsed time is 473.536976 seconds.

chan =

   102

Elapsed time is 475.605807 seconds.

chan =

   103

Elapsed time is 472.849428 seconds.

chan =

   104

Elapsed time is 476.698535 seconds.

chan =

   105

Elapsed time is 470.258245 seconds.

chan =

   106

Elapsed time is 473.021506 seconds.

chan =

   107

Elapsed time is 472.421855 seconds.

chan =

   108

Elapsed time is 473.123188 seconds.

chan =

   109

Elapsed time is 472.223407 seconds.

chan =

   110

Elapsed time is 477.371379 seconds.

chan =

   111

Elapsed time is 472.365610 seconds.

chan =

   112

Elapsed time is 475.541408 seconds.

chan =

   113

Elapsed time is 472.544986 seconds.

chan =

   114

Elapsed time is 461.752952 seconds.
attempting saving
save success: /projects/p31578/dtf8829/QuestConnect/CHANDAT/chanDat_SLCH010_063.mat
working on TF
