getting started: 3287
attempting file: 3287
going for SD5 36
data loaded: SD5 36
HFB already done

chan =

     1

Elapsed time is 286.913321 seconds.

chan =

     2

Elapsed time is 284.472244 seconds.

chan =

     3

Elapsed time is 291.732605 seconds.

chan =

     4

Elapsed time is 293.275280 seconds.

chan =

     5

Elapsed time is 293.312632 seconds.

chan =

     6

Elapsed time is 290.275762 seconds.

chan =

     7

Elapsed time is 289.005733 seconds.

chan =

     8

Elapsed time is 286.431215 seconds.

chan =

     9

Elapsed time is 288.242872 seconds.

chan =

    10

Elapsed time is 282.716088 seconds.

chan =

    11

Elapsed time is 278.953331 seconds.

chan =

    12

Elapsed time is 275.799832 seconds.

chan =

    13

Elapsed time is 279.431026 seconds.

chan =

    14

Elapsed time is 277.483448 seconds.

chan =

    15

Elapsed time is 280.089812 seconds.

chan =

    16

Elapsed time is 281.354491 seconds.

chan =

    17

Elapsed time is 282.176156 seconds.

chan =

    18

Elapsed time is 278.923301 seconds.

chan =

    19

Elapsed time is 280.877887 seconds.

chan =

    20

Elapsed time is 277.455397 seconds.

chan =

    21

Elapsed time is 277.505588 seconds.

chan =

    22

Elapsed time is 279.138164 seconds.

chan =

    23

Elapsed time is 291.917343 seconds.

chan =

    24

Elapsed time is 299.647104 seconds.

chan =

    25

Elapsed time is 300.418223 seconds.

chan =

    26

Elapsed time is 297.408713 seconds.

chan =

    27

Elapsed time is 299.148014 seconds.

chan =

    28

Elapsed time is 300.313991 seconds.

chan =

    29

Elapsed time is 296.786327 seconds.

chan =

    30

Elapsed time is 291.924634 seconds.

chan =

    31

Elapsed time is 297.003633 seconds.

chan =

    32

Elapsed time is 295.296538 seconds.

chan =

    33

Elapsed time is 292.596462 seconds.

chan =

    34

Elapsed time is 284.302754 seconds.

chan =

    35

Elapsed time is 291.451978 seconds.

chan =

    36

Elapsed time is 292.649418 seconds.

chan =

    37

Elapsed time is 274.121016 seconds.

chan =

    38

Elapsed time is 287.701138 seconds.

chan =

    39

Elapsed time is 289.071158 seconds.

chan =

    40

Elapsed time is 289.126847 seconds.

chan =

    41

Elapsed time is 284.284464 seconds.

chan =

    42

Elapsed time is 282.304598 seconds.

chan =

    43

Elapsed time is 272.210127 seconds.

chan =

    44

Elapsed time is 272.490209 seconds.

chan =

    45

Elapsed time is 272.606627 seconds.

chan =

    46

Elapsed time is 255.741120 seconds.

chan =

    47

Elapsed time is 256.857414 seconds.

chan =

    48

Elapsed time is 250.029935 seconds.

chan =

    49

Elapsed time is 237.028570 seconds.

chan =

    50

Elapsed time is 233.136531 seconds.

chan =

    51

Elapsed time is 234.345188 seconds.

chan =

    52

Elapsed time is 233.463301 seconds.

chan =

    53

Elapsed time is 234.179524 seconds.

chan =

    54

Elapsed time is 232.104694 seconds.

chan =

    55

Elapsed time is 242.805943 seconds.

chan =

    56

Elapsed time is 236.429757 seconds.

chan =

    57

Elapsed time is 231.510602 seconds.

chan =

    58

Elapsed time is 233.428065 seconds.

chan =

    59

Elapsed time is 243.537177 seconds.

chan =

    60

Elapsed time is 244.386448 seconds.

chan =

    61

Elapsed time is 243.116829 seconds.

chan =

    62

Elapsed time is 244.014961 seconds.

chan =

    63

Elapsed time is 243.834577 seconds.

chan =

    64

Elapsed time is 244.630888 seconds.

chan =

    65

Elapsed time is 244.198558 seconds.

chan =

    66

Elapsed time is 244.410683 seconds.

chan =

    67

Elapsed time is 243.366941 seconds.

chan =

    68

Elapsed time is 244.099471 seconds.

chan =

    69

Elapsed time is 243.071587 seconds.

chan =

    70

Elapsed time is 242.598660 seconds.

chan =

    71

Elapsed time is 244.355890 seconds.

chan =

    72

Elapsed time is 243.320243 seconds.

chan =

    73

Elapsed time is 243.933042 seconds.

chan =

    74

Elapsed time is 233.341448 seconds.

chan =

    75

Elapsed time is 230.573659 seconds.

chan =

    76

Elapsed time is 229.973079 seconds.

chan =

    77

Elapsed time is 232.958089 seconds.

chan =

    78

Elapsed time is 231.530127 seconds.

chan =

    79

Elapsed time is 233.740323 seconds.

chan =

    80

Elapsed time is 234.549887 seconds.

chan =

    81

Elapsed time is 231.354713 seconds.

chan =

    82

Elapsed time is 231.952549 seconds.

chan =

    83

Elapsed time is 232.363679 seconds.

chan =

    84

Elapsed time is 232.952110 seconds.

chan =

    85

Elapsed time is 231.845890 seconds.

chan =

    86

Elapsed time is 231.037965 seconds.

chan =

    87

Elapsed time is 218.659942 seconds.

chan =

    88

Elapsed time is 216.757218 seconds.

chan =

    89

Elapsed time is 214.217866 seconds.

chan =

    90

Elapsed time is 215.364804 seconds.

chan =

    91

Elapsed time is 213.637300 seconds.

chan =

    92

Elapsed time is 215.149550 seconds.

chan =

    93

Elapsed time is 214.758568 seconds.

chan =

    94

Elapsed time is 214.626435 seconds.

chan =

    95

Elapsed time is 215.086830 seconds.

chan =

    96

Elapsed time is 213.534475 seconds.

chan =

    97

Elapsed time is 215.163601 seconds.

chan =

    98

Elapsed time is 217.409138 seconds.

chan =

    99

Elapsed time is 216.203595 seconds.

chan =

   100

Elapsed time is 214.491460 seconds.

chan =

   101

Elapsed time is 215.525193 seconds.

chan =

   102

Elapsed time is 215.291919 seconds.

chan =

   103

Elapsed time is 217.153898 seconds.

chan =

   104

Elapsed time is 224.048982 seconds.

chan =

   105

Elapsed time is 217.392541 seconds.

chan =

   106

Elapsed time is 211.832164 seconds.

chan =

   107

Elapsed time is 208.547503 seconds.

chan =

   108

Elapsed time is 208.465829 seconds.

chan =

   109

Elapsed time is 207.683073 seconds.

