getting started: 3677
attempting file: 3677
going for SLCH010 83
data loaded: SLCH010 83
HFB already done

chan =

     1

Elapsed time is 507.947210 seconds.

chan =

     2

Elapsed time is 508.506378 seconds.

chan =

     3

Elapsed time is 507.629385 seconds.

chan =

     4

Elapsed time is 506.031144 seconds.

chan =

     5

Elapsed time is 501.768365 seconds.

chan =

     6

Elapsed time is 505.313856 seconds.

chan =

     7

Elapsed time is 498.777297 seconds.

chan =

     8

Elapsed time is 480.009602 seconds.

chan =

     9

Elapsed time is 450.435037 seconds.

chan =

    10

Elapsed time is 417.694956 seconds.

chan =

    11

Elapsed time is 392.420540 seconds.

chan =

    12

Elapsed time is 438.808079 seconds.

chan =

    13

Elapsed time is 486.289159 seconds.

chan =

    14

Elapsed time is 471.845556 seconds.

chan =

    15

Elapsed time is 448.609073 seconds.

chan =

    16

Elapsed time is 470.046262 seconds.

chan =

    17

Elapsed time is 464.199373 seconds.

chan =

    18

Elapsed time is 436.378768 seconds.

chan =

    19

Elapsed time is 425.942370 seconds.

chan =

    20

Elapsed time is 417.218950 seconds.

chan =

    21

Elapsed time is 457.910845 seconds.

chan =

    22

Elapsed time is 451.629194 seconds.

chan =

    23

Elapsed time is 412.314476 seconds.

chan =

    24

Elapsed time is 401.475271 seconds.

chan =

    25

Elapsed time is 365.510819 seconds.

chan =

    26

Elapsed time is 360.657850 seconds.

chan =

    27

Elapsed time is 361.622373 seconds.

chan =

    28

Elapsed time is 361.821171 seconds.

chan =

    29

Elapsed time is 359.103826 seconds.

chan =

    30

Elapsed time is 361.415655 seconds.

chan =

    31

Elapsed time is 361.597939 seconds.

chan =

    32

Elapsed time is 363.920390 seconds.

chan =

    33

Elapsed time is 366.819337 seconds.

chan =

    34

Elapsed time is 364.166249 seconds.

chan =

    35

Elapsed time is 356.510323 seconds.

chan =

    36

Elapsed time is 357.264831 seconds.

chan =

    37

Elapsed time is 355.900982 seconds.

chan =

    38

Elapsed time is 359.093894 seconds.

chan =

    39

Elapsed time is 356.899792 seconds.

chan =

    40

Elapsed time is 356.558168 seconds.

chan =

    41

Elapsed time is 356.013776 seconds.

chan =

    42

Elapsed time is 356.751297 seconds.

chan =

    43

Elapsed time is 355.801432 seconds.

chan =

    44

Elapsed time is 351.630136 seconds.

chan =

    45

Elapsed time is 355.825798 seconds.

chan =

    46

Elapsed time is 351.672628 seconds.

chan =

    47

Elapsed time is 353.791817 seconds.

chan =

    48

Elapsed time is 348.449611 seconds.

chan =

    49

Elapsed time is 350.891167 seconds.

chan =

    50

Elapsed time is 351.066618 seconds.

chan =

    51

Elapsed time is 560.243334 seconds.

chan =

    52

Elapsed time is 565.557844 seconds.

chan =

    53

Elapsed time is 536.559551 seconds.

chan =

    54

Elapsed time is 545.740463 seconds.

chan =

    55

Elapsed time is 535.459514 seconds.

chan =

    56

Elapsed time is 550.951413 seconds.

chan =

    57

Elapsed time is 518.803248 seconds.

chan =

    58

Elapsed time is 530.065986 seconds.

chan =

    59

Elapsed time is 535.784846 seconds.

chan =

    60

Elapsed time is 544.341579 seconds.

chan =

    61

Elapsed time is 540.372130 seconds.

chan =

    62

Elapsed time is 536.795838 seconds.

chan =

    63

Elapsed time is 525.351575 seconds.

chan =

    64

Elapsed time is 390.757135 seconds.

chan =

    65

Elapsed time is 337.390707 seconds.

chan =

    66

Elapsed time is 338.491430 seconds.

chan =

    67

Elapsed time is 351.824581 seconds.

chan =

    68

Elapsed time is 341.581678 seconds.

chan =

    69

Elapsed time is 376.172741 seconds.

chan =

    70

Elapsed time is 463.939807 seconds.

chan =

    71

Elapsed time is 458.903941 seconds.

chan =

    72

Elapsed time is 427.249571 seconds.

chan =

    73

Elapsed time is 362.309083 seconds.

chan =

    74

Elapsed time is 364.738382 seconds.

chan =

    75

Elapsed time is 361.199742 seconds.

chan =

    76

Elapsed time is 354.574230 seconds.

chan =

    77

Elapsed time is 331.362833 seconds.

chan =

    78

Elapsed time is 336.229994 seconds.

chan =

    79

Elapsed time is 332.686302 seconds.

chan =

    80

Elapsed time is 334.074832 seconds.

chan =

    81

Elapsed time is 333.407579 seconds.

chan =

    82

Elapsed time is 408.904352 seconds.

chan =

    83

Elapsed time is 419.979911 seconds.

chan =

    84

Elapsed time is 421.850842 seconds.

chan =

    85

Elapsed time is 422.406354 seconds.

chan =

    86

Elapsed time is 420.209899 seconds.

chan =

    87

Elapsed time is 418.458445 seconds.

chan =

    88

Elapsed time is 418.544095 seconds.

chan =

    89

Elapsed time is 423.167823 seconds.

chan =

    90

Elapsed time is 421.947195 seconds.

chan =

    91

Elapsed time is 420.145778 seconds.

chan =

    92

Elapsed time is 421.605634 seconds.

chan =

    93

Elapsed time is 421.107627 seconds.

chan =

    94

Elapsed time is 388.375093 seconds.

chan =

    95

Elapsed time is 332.648624 seconds.

chan =

    96

Elapsed time is 333.307240 seconds.

chan =

    97

Elapsed time is 340.942011 seconds.

chan =

    98

Elapsed time is 477.937106 seconds.

chan =

    99

Elapsed time is 479.985245 seconds.

chan =

   100

Elapsed time is 481.263321 seconds.

chan =

   101

Elapsed time is 460.896776 seconds.

chan =

   102

Elapsed time is 483.346497 seconds.

chan =

   103

Elapsed time is 462.348179 seconds.

chan =

   104

Elapsed time is 480.701136 seconds.

chan =

   105

Elapsed time is 460.555693 seconds.

chan =

   106

Elapsed time is 481.861413 seconds.

chan =

   107

Elapsed time is 456.916254 seconds.

chan =

   108

Elapsed time is 479.365282 seconds.

chan =

   109

Elapsed time is 458.758772 seconds.

chan =

   110

Elapsed time is 480.446408 seconds.

chan =

   111

Elapsed time is 462.508630 seconds.

chan =

   112

Elapsed time is 479.919879 seconds.

chan =

   113

Elapsed time is 462.962025 seconds.

chan =

   114

Elapsed time is 481.153496 seconds.
attempting saving
save success: /projects/p31578/dtf8829/QuestConnect/CHANDAT/chanDat_SLCH010_083.mat
working on TF
