getting started: 3663
attempting file: 3663
going for SLCH010 69
data loaded: SLCH010 69
HFB already done

chan =

     1

Elapsed time is 631.440024 seconds.

chan =

     2

Elapsed time is 609.029501 seconds.

chan =

     3

Elapsed time is 590.012405 seconds.

chan =

     4

Elapsed time is 570.365620 seconds.

chan =

     5

Elapsed time is 545.648828 seconds.

chan =

     6

Elapsed time is 524.720813 seconds.

chan =

     7

Elapsed time is 520.233704 seconds.

chan =

     8

Elapsed time is 522.513574 seconds.

chan =

     9

Elapsed time is 514.464164 seconds.

chan =

    10

Elapsed time is 523.718792 seconds.

chan =

    11

Elapsed time is 544.845796 seconds.

chan =

    12

Elapsed time is 547.744053 seconds.

chan =

    13

Elapsed time is 546.563633 seconds.

chan =

    14

Elapsed time is 527.438070 seconds.

chan =

    15

Elapsed time is 544.239836 seconds.

chan =

    16

Elapsed time is 537.151387 seconds.

chan =

    17

Elapsed time is 533.083406 seconds.

chan =

    18

Elapsed time is 546.094349 seconds.

chan =

    19

Elapsed time is 536.189318 seconds.

chan =

    20

Elapsed time is 543.351477 seconds.

chan =

    21

Elapsed time is 532.022238 seconds.

chan =

    22

Elapsed time is 541.965337 seconds.

chan =

    23

Elapsed time is 543.865670 seconds.

chan =

    24

Elapsed time is 527.602832 seconds.

chan =

    25

Elapsed time is 510.147450 seconds.

chan =

    26

Elapsed time is 507.025462 seconds.

chan =

    27

Elapsed time is 524.542527 seconds.

chan =

    28

Elapsed time is 520.385936 seconds.

chan =

    29

Elapsed time is 541.909774 seconds.

chan =

    30

Elapsed time is 539.717269 seconds.

chan =

    31

Elapsed time is 540.009674 seconds.

chan =

    32

Elapsed time is 540.778472 seconds.

chan =

    33

Elapsed time is 540.806230 seconds.

chan =

    34

Elapsed time is 536.595134 seconds.

chan =

    35

Elapsed time is 475.309318 seconds.

chan =

    36

Elapsed time is 455.884894 seconds.

chan =

    37

Elapsed time is 448.830599 seconds.

chan =

    38

Elapsed time is 450.265283 seconds.

chan =

    39

Elapsed time is 450.163467 seconds.

chan =

    40

Elapsed time is 551.315658 seconds.

chan =

    41

Elapsed time is 848.597691 seconds.

chan =

    42

Elapsed time is 826.764088 seconds.

chan =

    43

Elapsed time is 528.114591 seconds.

chan =

    44

Elapsed time is 399.909675 seconds.

chan =

    45

Elapsed time is 470.541797 seconds.

chan =

    46

Elapsed time is 518.022564 seconds.

chan =

    47

Elapsed time is 519.279534 seconds.

chan =

    48

Elapsed time is 485.821203 seconds.

chan =

    49

Elapsed time is 468.897308 seconds.

chan =

    50

Elapsed time is 448.060596 seconds.

chan =

    51

Elapsed time is 435.918031 seconds.

chan =

    52

Elapsed time is 394.166670 seconds.

chan =

    53

Elapsed time is 369.980941 seconds.

chan =

    54

Elapsed time is 380.495262 seconds.

chan =

    55

Elapsed time is 393.599177 seconds.

chan =

    56

Elapsed time is 402.756785 seconds.

chan =

    57

Elapsed time is 522.206890 seconds.

chan =

    58

Elapsed time is 539.236305 seconds.

chan =

    59

Elapsed time is 538.004538 seconds.

chan =

    60

Elapsed time is 532.112580 seconds.

chan =

    61

Elapsed time is 537.388193 seconds.

chan =

    62

Elapsed time is 520.755465 seconds.

chan =

    63

Elapsed time is 444.621577 seconds.

chan =

    64

Elapsed time is 446.364064 seconds.

chan =

    65

Elapsed time is 433.473431 seconds.

chan =

    66

Elapsed time is 439.870573 seconds.

chan =

    67

Elapsed time is 453.514936 seconds.

chan =

    68

Elapsed time is 446.768577 seconds.

chan =

    69

Elapsed time is 448.876050 seconds.

chan =

    70

Elapsed time is 444.405809 seconds.

chan =

    71

Elapsed time is 447.285327 seconds.

chan =

    72

Elapsed time is 442.980093 seconds.

chan =

    73

Elapsed time is 360.006024 seconds.

chan =

    74

Elapsed time is 360.693304 seconds.

chan =

    75

Elapsed time is 407.507174 seconds.

chan =

    76

Elapsed time is 450.514240 seconds.

chan =

    77

Elapsed time is 696.504692 seconds.

chan =

    78

Elapsed time is 694.113888 seconds.

chan =

    79

Elapsed time is 665.951745 seconds.

chan =

    80

Elapsed time is 673.644192 seconds.

chan =

    81

Elapsed time is 676.947972 seconds.

chan =

    82

Elapsed time is 679.053573 seconds.

chan =

    83

Elapsed time is 680.112306 seconds.

chan =

    84

Elapsed time is 675.668537 seconds.

chan =

    85

Elapsed time is 661.988060 seconds.

chan =

    86

Elapsed time is 650.104583 seconds.

chan =

    87

Elapsed time is 652.450771 seconds.

chan =

    88

Elapsed time is 651.572504 seconds.

chan =

    89

Elapsed time is 653.620608 seconds.

chan =

    90

Elapsed time is 652.623813 seconds.

chan =

    91

Elapsed time is 651.396253 seconds.

chan =

    92

Elapsed time is 643.794082 seconds.

chan =

    93

Elapsed time is 657.145094 seconds.

chan =

    94

Elapsed time is 636.141727 seconds.

chan =

    95

Elapsed time is 652.274749 seconds.

chan =

    96

Elapsed time is 636.961622 seconds.

chan =

    97

Elapsed time is 345.705406 seconds.

chan =

    98

Elapsed time is 347.533717 seconds.

chan =

    99

Elapsed time is 348.657930 seconds.

chan =

   100

Elapsed time is 347.305663 seconds.

chan =

   101

Elapsed time is 347.260960 seconds.

chan =

   102

Elapsed time is 348.882162 seconds.

chan =

   103

Elapsed time is 349.641148 seconds.

chan =

   104

Elapsed time is 348.380450 seconds.

chan =

   105

Elapsed time is 347.865599 seconds.

chan =

   106

Elapsed time is 348.324897 seconds.

chan =

   107

Elapsed time is 348.051587 seconds.

chan =

   108

Elapsed time is 347.054998 seconds.

chan =

   109

Elapsed time is 347.269978 seconds.

chan =

   110

Elapsed time is 348.064521 seconds.

chan =

   111

Elapsed time is 348.627224 seconds.

chan =

   112

Elapsed time is 347.223134 seconds.

chan =

   113

Elapsed time is 347.818773 seconds.

chan =

   114

Elapsed time is 348.308583 seconds.
attempting saving
save success: /projects/p31578/dtf8829/QuestConnect/CHANDAT/chanDat_SLCH010_069.mat
working on TF
encoding done
encoding RT done
