getting started: 3652
attempting file: 3652
going for SLCH010 58
data loaded: SLCH010 58
HFB already done

chan =

     1

Elapsed time is 643.907920 seconds.

chan =

     2

Elapsed time is 621.208606 seconds.

chan =

     3

Elapsed time is 594.765509 seconds.

chan =

     4

Elapsed time is 580.699603 seconds.

chan =

     5

Elapsed time is 575.493704 seconds.

chan =

     6

Elapsed time is 580.238068 seconds.

chan =

     7

Elapsed time is 584.163220 seconds.

chan =

     8

Elapsed time is 586.621114 seconds.

chan =

     9

Elapsed time is 584.291561 seconds.

chan =

    10

Elapsed time is 585.847511 seconds.

chan =

    11

Elapsed time is 582.216163 seconds.

chan =

    12

Elapsed time is 586.068864 seconds.

chan =

    13

Elapsed time is 589.080563 seconds.

chan =

    14

Elapsed time is 614.441354 seconds.

chan =

    15

Elapsed time is 585.948534 seconds.

chan =

    16

Elapsed time is 593.452320 seconds.

chan =

    17

Elapsed time is 605.194395 seconds.

chan =

    18

Elapsed time is 606.859382 seconds.

chan =

    19

Elapsed time is 595.255975 seconds.

chan =

    20

Elapsed time is 601.676043 seconds.

chan =

    21

Elapsed time is 577.009696 seconds.

chan =

    22

Elapsed time is 565.042662 seconds.

chan =

    23

Elapsed time is 532.123723 seconds.

chan =

    24

Elapsed time is 527.452051 seconds.

chan =

    25

Elapsed time is 542.153300 seconds.

chan =

    26

Elapsed time is 537.672701 seconds.

chan =

    27

Elapsed time is 554.279075 seconds.

chan =

    28

Elapsed time is 555.027461 seconds.

chan =

    29

Elapsed time is 553.518130 seconds.

chan =

    30

Elapsed time is 551.181999 seconds.

chan =

    31

Elapsed time is 551.923666 seconds.

chan =

    32

Elapsed time is 557.237673 seconds.

chan =

    33

Elapsed time is 556.408643 seconds.

chan =

    34

Elapsed time is 506.030261 seconds.

chan =

    35

Elapsed time is 490.722907 seconds.

chan =

    36

Elapsed time is 492.049111 seconds.

chan =

    37

Elapsed time is 490.112933 seconds.

chan =

    38

Elapsed time is 482.480464 seconds.

chan =

    39

Elapsed time is 463.164645 seconds.

chan =

    40

Elapsed time is 451.001163 seconds.

chan =

    41

Elapsed time is 443.501681 seconds.

chan =

    42

Elapsed time is 446.821394 seconds.

chan =

    43

Elapsed time is 443.340229 seconds.

chan =

    44

Elapsed time is 447.964789 seconds.

chan =

    45

Elapsed time is 447.726245 seconds.

chan =

    46

Elapsed time is 448.159035 seconds.

chan =

    47

Elapsed time is 471.620526 seconds.

chan =

    48

Elapsed time is 545.664222 seconds.

chan =

    49

Elapsed time is 566.072271 seconds.

chan =

    50

Elapsed time is 502.969290 seconds.

chan =

    51

Elapsed time is 445.338162 seconds.

chan =

    52

Elapsed time is 469.252401 seconds.

chan =

    53

Elapsed time is 442.227361 seconds.

chan =

    54

Elapsed time is 402.268434 seconds.

chan =

    55

Elapsed time is 453.912118 seconds.

chan =

    56

Elapsed time is 403.451489 seconds.

chan =

    57

Elapsed time is 372.839076 seconds.

chan =

    58

Elapsed time is 371.975322 seconds.

chan =

    59

Elapsed time is 374.637672 seconds.

chan =

    60

Elapsed time is 411.465942 seconds.

chan =

    61

Elapsed time is 431.192822 seconds.

chan =

    62

Elapsed time is 432.701811 seconds.

chan =

    63

Elapsed time is 470.019927 seconds.

chan =

    64

Elapsed time is 469.726956 seconds.

chan =

    65

Elapsed time is 466.629397 seconds.

chan =

    66

Elapsed time is 449.877391 seconds.

chan =

    67

Elapsed time is 468.255569 seconds.

chan =

    68

Elapsed time is 466.953196 seconds.

chan =

    69

Elapsed time is 372.500728 seconds.

chan =

    70

Elapsed time is 954.133919 seconds.

chan =

    71

Elapsed time is 1008.077772 seconds.

chan =

    72

Elapsed time is 1006.788398 seconds.

chan =

    73

Elapsed time is 1004.905809 seconds.

chan =

    74

Elapsed time is 1006.230536 seconds.

chan =

    75

Elapsed time is 1003.870518 seconds.

chan =

    76

Elapsed time is 1006.943975 seconds.

chan =

    77

Elapsed time is 1002.414519 seconds.

chan =

    78

Elapsed time is 1006.230290 seconds.

chan =

    79

Elapsed time is 992.296974 seconds.

chan =

    80

Elapsed time is 931.556437 seconds.

chan =

    81

Elapsed time is 503.267174 seconds.

chan =

    82

Elapsed time is 504.475284 seconds.

chan =

    83

Elapsed time is 639.668399 seconds.

chan =

    84

Elapsed time is 974.682648 seconds.

chan =

    85

Elapsed time is 954.189913 seconds.

chan =

    86

Elapsed time is 442.031858 seconds.

chan =

    87

Elapsed time is 362.741987 seconds.

chan =

    88

Elapsed time is 365.196297 seconds.

chan =

    89

Elapsed time is 364.989744 seconds.

chan =

    90

Elapsed time is 365.872302 seconds.

chan =

    91

Elapsed time is 364.366505 seconds.

chan =

    92

Elapsed time is 367.228599 seconds.

chan =

    93

Elapsed time is 365.077431 seconds.

chan =

    94

Elapsed time is 366.837650 seconds.

chan =

    95

Elapsed time is 364.173002 seconds.

chan =

    96

Elapsed time is 364.954638 seconds.

chan =

    97

Elapsed time is 363.324165 seconds.

chan =

    98

Elapsed time is 365.795947 seconds.

chan =

    99

Elapsed time is 363.612318 seconds.

chan =

   100

Elapsed time is 364.589896 seconds.

chan =

   101

Elapsed time is 362.903625 seconds.

chan =

   102

Elapsed time is 365.726417 seconds.

chan =

   103

Elapsed time is 362.879923 seconds.

chan =

   104

Elapsed time is 365.082341 seconds.

chan =

   105

Elapsed time is 362.328079 seconds.

chan =

   106

Elapsed time is 364.894618 seconds.

chan =

   107

Elapsed time is 362.471247 seconds.

chan =

   108

Elapsed time is 362.778390 seconds.

chan =

   109

Elapsed time is 363.479894 seconds.

chan =

   110

Elapsed time is 365.548796 seconds.

chan =

   111

Elapsed time is 363.601120 seconds.

chan =

   112

Elapsed time is 365.036809 seconds.

chan =

   113

Elapsed time is 364.242668 seconds.

chan =

   114

Elapsed time is 366.651786 seconds.
attempting saving
save success: /projects/p31578/dtf8829/QuestConnect/CHANDAT/chanDat_SLCH010_058.mat
working on TF
