getting started: 3040
attempting file: 3040
going for OH30 139
data loaded: OH30 139
HFB already done

chan =

     1

Elapsed time is 433.844756 seconds.

chan =

     2

Elapsed time is 434.165912 seconds.

chan =

     3

Elapsed time is 445.299368 seconds.

chan =

     4

Elapsed time is 434.589996 seconds.

chan =

     5

Elapsed time is 435.743320 seconds.

chan =

     6

Elapsed time is 437.487905 seconds.

chan =

     7

Elapsed time is 437.464731 seconds.

chan =

     8

Elapsed time is 437.959638 seconds.

chan =

     9

Elapsed time is 422.220904 seconds.

chan =

    10

Elapsed time is 424.818855 seconds.

chan =

    11

Elapsed time is 421.902178 seconds.

chan =

    12

Elapsed time is 424.420505 seconds.

chan =

    13

Elapsed time is 424.206437 seconds.

chan =

    14

Elapsed time is 424.984658 seconds.

chan =

    15

Elapsed time is 425.396400 seconds.

chan =

    16

Elapsed time is 427.303195 seconds.

chan =

    17

Elapsed time is 474.911628 seconds.

chan =

    18

Elapsed time is 476.566433 seconds.

chan =

    19

Elapsed time is 424.511614 seconds.

chan =

    20

Elapsed time is 470.222994 seconds.

chan =

    21

Elapsed time is 458.503699 seconds.

chan =

    22

Elapsed time is 430.258750 seconds.

chan =

    23

Elapsed time is 444.970650 seconds.

chan =

    24

Elapsed time is 461.195718 seconds.

chan =

    25

Elapsed time is 431.078995 seconds.

chan =

    26

Elapsed time is 441.372029 seconds.

chan =

    27

Elapsed time is 468.324440 seconds.

chan =

    28

Elapsed time is 473.948004 seconds.

chan =

    29

Elapsed time is 431.437240 seconds.

chan =

    30

Elapsed time is 401.474017 seconds.

chan =

    31

Elapsed time is 403.548769 seconds.

chan =

    32

Elapsed time is 404.499318 seconds.

chan =

    33

Elapsed time is 434.880760 seconds.

chan =

    34

Elapsed time is 406.511567 seconds.

chan =

    35

Elapsed time is 408.578409 seconds.

chan =

    36

Elapsed time is 398.168234 seconds.

chan =

    37

Elapsed time is 402.301081 seconds.

chan =

    38

Elapsed time is 407.424889 seconds.

chan =

    39

Elapsed time is 404.943647 seconds.

chan =

    40

Elapsed time is 411.886401 seconds.

chan =

    41

Elapsed time is 409.749296 seconds.

chan =

    42

Elapsed time is 412.432086 seconds.

chan =

    43

Elapsed time is 408.289560 seconds.

chan =

    44

Elapsed time is 404.594119 seconds.

chan =

    45

Elapsed time is 409.697310 seconds.

chan =

    46

Elapsed time is 404.804988 seconds.

chan =

    47

Elapsed time is 403.523033 seconds.

chan =

    48

Elapsed time is 384.592324 seconds.

chan =

    49

Elapsed time is 382.143479 seconds.

chan =

    50

Elapsed time is 384.341099 seconds.

chan =

    51

Elapsed time is 384.473695 seconds.

chan =

    52

Elapsed time is 387.997903 seconds.

chan =

    53

Elapsed time is 386.180359 seconds.

chan =

    54

Elapsed time is 389.666199 seconds.

chan =

    55

Elapsed time is 389.169834 seconds.

chan =

    56

Elapsed time is 393.116151 seconds.

chan =

    57

Elapsed time is 400.445361 seconds.

chan =

    58

Elapsed time is 401.823368 seconds.

chan =

    59

Elapsed time is 396.730902 seconds.

chan =

    60

Elapsed time is 392.118317 seconds.

chan =

    61

Elapsed time is 388.156307 seconds.

chan =

    62

Elapsed time is 392.059199 seconds.

chan =

    63

Elapsed time is 385.955816 seconds.

chan =

    64

Elapsed time is 396.373980 seconds.

chan =

    65

Elapsed time is 389.697302 seconds.

chan =

    66

Elapsed time is 396.388637 seconds.

chan =

    67

Elapsed time is 400.825536 seconds.

chan =

    68

Elapsed time is 405.519633 seconds.

chan =

    69

Elapsed time is 404.305961 seconds.

chan =

    70

Elapsed time is 399.652781 seconds.

chan =

    71

Elapsed time is 396.804443 seconds.

chan =

    72

Elapsed time is 402.054513 seconds.

chan =

    73

Elapsed time is 403.140247 seconds.

chan =

    74

Elapsed time is 398.544387 seconds.

chan =

    75

Elapsed time is 397.650941 seconds.

chan =

    76

Elapsed time is 436.466070 seconds.

chan =

    77

Elapsed time is 437.285271 seconds.

chan =

    78

Elapsed time is 430.656491 seconds.

chan =

    79

Elapsed time is 400.620814 seconds.

chan =

    80

Elapsed time is 432.797542 seconds.

chan =

    81

Elapsed time is 438.917034 seconds.

chan =

    82

Elapsed time is 418.291744 seconds.

chan =

    83

Elapsed time is 442.416421 seconds.

chan =

    84

Elapsed time is 444.723626 seconds.

chan =

    85

Elapsed time is 440.861142 seconds.

chan =

    86

Elapsed time is 445.739550 seconds.

chan =

    87

Elapsed time is 430.556076 seconds.

chan =

    88

Elapsed time is 437.049251 seconds.

chan =

    89

Elapsed time is 448.048670 seconds.

chan =

    90

Elapsed time is 430.439356 seconds.

chan =

    91

Elapsed time is 444.435993 seconds.

chan =

    92

Elapsed time is 452.595052 seconds.

chan =

    93

Elapsed time is 409.853413 seconds.

chan =

    94

Elapsed time is 443.868578 seconds.

chan =

    95

Elapsed time is 451.652473 seconds.

chan =

    96

Elapsed time is 432.755265 seconds.

chan =

    97

Elapsed time is 449.739543 seconds.

chan =

    98

Elapsed time is 452.430327 seconds.

chan =

    99

Elapsed time is 436.524400 seconds.

chan =

   100

Elapsed time is 452.632193 seconds.

chan =

   101

Elapsed time is 438.120851 seconds.

chan =

   102

Elapsed time is 443.019033 seconds.

chan =

   103

Elapsed time is 456.741721 seconds.

chan =

   104

Elapsed time is 433.318105 seconds.

chan =

   105

Elapsed time is 448.418848 seconds.

chan =

   106

Elapsed time is 454.369640 seconds.

chan =

   107

Elapsed time is 434.997811 seconds.

chan =

   108

Elapsed time is 448.556921 seconds.

chan =

   109

Elapsed time is 450.378101 seconds.

chan =

   110

Elapsed time is 439.333592 seconds.

chan =

   111

Elapsed time is 449.861177 seconds.

chan =

   112

Elapsed time is 434.545096 seconds.

chan =

   113

Elapsed time is 446.110998 seconds.

chan =

   114

Elapsed time is 456.613301 seconds.

chan =

   115

Elapsed time is 429.458595 seconds.

chan =

   116

Elapsed time is 439.593376 seconds.

chan =

   117

Elapsed time is 440.906050 seconds.

chan =

   118

Elapsed time is 397.897161 seconds.

chan =

   119

Elapsed time is 376.234127 seconds.

chan =

   120

Elapsed time is 381.381093 seconds.

chan =

   121

Elapsed time is 381.672043 seconds.

chan =

   122

Elapsed time is 385.017971 seconds.

chan =

   123

Elapsed time is 383.547509 seconds.

chan =

   124

Elapsed time is 384.483078 seconds.

chan =

   125

Elapsed time is 384.142246 seconds.

chan =

   126

Elapsed time is 382.517652 seconds.

chan =

   127

Elapsed time is 380.354783 seconds.

chan =

   128

Elapsed time is 376.107873 seconds.

chan =

   129

Elapsed time is 380.440890 seconds.

chan =

   130

Elapsed time is 380.437553 seconds.

chan =

   131

Elapsed time is 377.900904 seconds.

chan =

   132

Elapsed time is 382.255897 seconds.

chan =

   133

Elapsed time is 379.045641 seconds.

chan =

   134

Elapsed time is 383.288900 seconds.

chan =

   135

Elapsed time is 380.323847 seconds.

chan =

   136

Elapsed time is 384.117166 seconds.

chan =

   137

Elapsed time is 379.401525 seconds.

chan =

   138

Elapsed time is 365.566881 seconds.

chan =

   139

Elapsed time is 354.528799 seconds.
attempting saving
save success: /projects/p31578/dtf8829/QuestConnect/CHANDAT/chanDat_OH30_139.mat
working on TF
encoding done
encoding RT done
