getting started: 3705
attempting file: 3705
going for SLCH010 111
data loaded: SLCH010 111
HFB already done

chan =

     1

Elapsed time is 527.978358 seconds.

chan =

     2

Elapsed time is 502.866817 seconds.

chan =

     3

Elapsed time is 498.219299 seconds.

chan =

     4

Elapsed time is 499.844090 seconds.

chan =

     5

Elapsed time is 494.033064 seconds.

chan =

     6

Elapsed time is 498.335825 seconds.

chan =

     7

Elapsed time is 497.292651 seconds.

chan =

     8

Elapsed time is 498.805941 seconds.

chan =

     9

Elapsed time is 494.302255 seconds.

chan =

    10

Elapsed time is 496.924868 seconds.

chan =

    11

Elapsed time is 506.980566 seconds.

chan =

    12

Elapsed time is 547.752677 seconds.

chan =

    13

Elapsed time is 554.929030 seconds.

chan =

    14

Elapsed time is 547.119933 seconds.

chan =

    15

Elapsed time is 552.463669 seconds.

chan =

    16

Elapsed time is 535.759331 seconds.

chan =

    17

Elapsed time is 548.837227 seconds.

chan =

    18

Elapsed time is 551.006973 seconds.

chan =

    19

Elapsed time is 552.048043 seconds.

chan =

    20

Elapsed time is 534.013078 seconds.

chan =

    21

Elapsed time is 534.605610 seconds.

chan =

    22

Elapsed time is 502.403618 seconds.

chan =

    23

Elapsed time is 496.027552 seconds.

chan =

    24

Elapsed time is 495.810107 seconds.

chan =

    25

Elapsed time is 499.019305 seconds.

chan =

    26

Elapsed time is 491.944132 seconds.

chan =

    27

Elapsed time is 495.407099 seconds.

chan =

    28

Elapsed time is 494.475486 seconds.

chan =

    29

Elapsed time is 495.495878 seconds.

chan =

    30

Elapsed time is 490.778957 seconds.

chan =

    31

Elapsed time is 494.799022 seconds.

chan =

    32

Elapsed time is 495.634721 seconds.

chan =

    33

Elapsed time is 499.144857 seconds.

chan =

    34

Elapsed time is 498.469017 seconds.

chan =

    35

Elapsed time is 494.275247 seconds.

chan =

    36

Elapsed time is 493.703161 seconds.

chan =

    37

Elapsed time is 496.897337 seconds.

chan =

    38

Elapsed time is 495.872245 seconds.

chan =

    39

Elapsed time is 493.696797 seconds.

chan =

    40

Elapsed time is 495.890326 seconds.

chan =

    41

Elapsed time is 491.948416 seconds.

chan =

    42

Elapsed time is 495.809636 seconds.

chan =

    43

Elapsed time is 490.466239 seconds.

chan =

    44

Elapsed time is 494.627807 seconds.

chan =

    45

Elapsed time is 493.214345 seconds.

chan =

    46

Elapsed time is 491.669459 seconds.

chan =

    47

Elapsed time is 496.057760 seconds.

chan =

    48

Elapsed time is 499.006164 seconds.

chan =

    49

Elapsed time is 497.329525 seconds.

chan =

    50

Elapsed time is 497.146552 seconds.

chan =

    51

Elapsed time is 495.599603 seconds.

chan =

    52

Elapsed time is 495.973566 seconds.

chan =

    53

Elapsed time is 490.829434 seconds.

chan =

    54

Elapsed time is 497.902467 seconds.

chan =

    55

Elapsed time is 497.925790 seconds.

chan =

    56

Elapsed time is 498.460083 seconds.

chan =

    57

Elapsed time is 497.731644 seconds.

chan =

    58

Elapsed time is 496.126295 seconds.

chan =

    59

Elapsed time is 504.721635 seconds.

chan =

    60

Elapsed time is 516.291228 seconds.

chan =

    61

Elapsed time is 517.459131 seconds.

chan =

    62

Elapsed time is 524.985440 seconds.

chan =

    63

Elapsed time is 526.598309 seconds.

chan =

    64

Elapsed time is 531.004667 seconds.

chan =

    65

Elapsed time is 510.573367 seconds.

chan =

    66

Elapsed time is 504.217618 seconds.

chan =

    67

Elapsed time is 500.336678 seconds.

chan =

    68

Elapsed time is 499.421294 seconds.

chan =

    69

Elapsed time is 503.673899 seconds.

chan =

    70

Elapsed time is 507.885294 seconds.

chan =

    71

Elapsed time is 500.878531 seconds.

chan =

    72

Elapsed time is 496.707726 seconds.

chan =

    73

Elapsed time is 495.812784 seconds.

chan =

    74

Elapsed time is 496.099819 seconds.

chan =

    75

Elapsed time is 608.755487 seconds.

chan =

    76

Elapsed time is 576.393973 seconds.

chan =

    77

Elapsed time is 606.272807 seconds.

chan =

    78

Elapsed time is 608.357054 seconds.

chan =

    79

Elapsed time is 555.351956 seconds.

chan =

    80

Elapsed time is 608.876463 seconds.

chan =

    81

Elapsed time is 611.840745 seconds.

chan =

    82

Elapsed time is 610.036858 seconds.

chan =

    83

Elapsed time is 610.186027 seconds.

chan =

    84

Elapsed time is 606.051535 seconds.

chan =

    85

Elapsed time is 595.441990 seconds.

chan =

    86

Elapsed time is 597.116560 seconds.

chan =

    87

Elapsed time is 598.147115 seconds.

chan =

    88

Elapsed time is 602.345073 seconds.

chan =

    89

Elapsed time is 603.673437 seconds.

chan =

    90

Elapsed time is 601.144376 seconds.

chan =

    91

Elapsed time is 606.714805 seconds.

chan =

    92

Elapsed time is 594.020480 seconds.

chan =

    93

Elapsed time is 599.042516 seconds.

chan =

    94

Elapsed time is 599.013107 seconds.

chan =

    95

Elapsed time is 597.640140 seconds.

chan =

    96

Elapsed time is 601.818043 seconds.

chan =

    97

Elapsed time is 605.981197 seconds.

chan =

    98

Elapsed time is 606.110033 seconds.

chan =

    99

Elapsed time is 601.705132 seconds.

chan =

   100

Elapsed time is 596.540710 seconds.

chan =

   101

Elapsed time is 601.845005 seconds.

chan =

   102

Elapsed time is 600.021695 seconds.

chan =

   103

Elapsed time is 599.430942 seconds.

chan =

   104

Elapsed time is 493.922730 seconds.

chan =

   105

Elapsed time is 486.183336 seconds.

chan =

   106

Elapsed time is 488.967551 seconds.

chan =

   107

Elapsed time is 490.649239 seconds.

chan =

   108

Elapsed time is 486.032563 seconds.

chan =

   109

Elapsed time is 488.598375 seconds.

chan =

   110

Elapsed time is 491.857336 seconds.

chan =

   111

Elapsed time is 494.168027 seconds.

chan =

   112

Elapsed time is 488.823202 seconds.

chan =

   113

Elapsed time is 489.818534 seconds.

chan =

   114

Elapsed time is 477.625545 seconds.
attempting saving
save success: /projects/p31578/dtf8829/QuestConnect/CHANDAT/chanDat_SLCH010_111.mat
working on TF
encoding done
encoding RT done
