getting started: 3350
attempting file: 3350
going for SD5 99
data loaded: SD5 99
HFB already done

chan =

     1

Elapsed time is 274.389427 seconds.

chan =

     2

Elapsed time is 286.778368 seconds.

chan =

     3

Elapsed time is 296.628981 seconds.

chan =

     4

Elapsed time is 300.291214 seconds.

chan =

     5

Elapsed time is 301.712513 seconds.

chan =

     6

Elapsed time is 302.900989 seconds.

chan =

     7

Elapsed time is 301.094124 seconds.

chan =

     8

Elapsed time is 298.588981 seconds.

chan =

     9

Elapsed time is 298.017978 seconds.

chan =

    10

Elapsed time is 301.787965 seconds.

chan =

    11

Elapsed time is 298.664867 seconds.

chan =

    12

Elapsed time is 297.432917 seconds.

chan =

    13

Elapsed time is 294.254139 seconds.

chan =

    14

Elapsed time is 299.411808 seconds.

chan =

    15

Elapsed time is 301.145247 seconds.

chan =

    16

Elapsed time is 295.969305 seconds.

chan =

    17

Elapsed time is 296.892707 seconds.

chan =

    18

Elapsed time is 296.976436 seconds.

chan =

    19

Elapsed time is 298.648183 seconds.

chan =

    20

Elapsed time is 298.301353 seconds.

chan =

    21

Elapsed time is 292.226644 seconds.

chan =

    22

Elapsed time is 290.760703 seconds.

chan =

    23

Elapsed time is 281.692285 seconds.

chan =

    24

Elapsed time is 279.099729 seconds.

chan =

    25

Elapsed time is 296.744536 seconds.

chan =

    26

Elapsed time is 292.655392 seconds.

chan =

    27

Elapsed time is 296.655819 seconds.

chan =

    28

Elapsed time is 297.160661 seconds.

chan =

    29

Elapsed time is 284.469089 seconds.

chan =

    30

Elapsed time is 286.180545 seconds.

chan =

    31

Elapsed time is 292.284861 seconds.

chan =

    32

Elapsed time is 296.111404 seconds.

chan =

    33

Elapsed time is 296.907464 seconds.

chan =

    34

Elapsed time is 298.652660 seconds.

chan =

    35

Elapsed time is 291.245509 seconds.

chan =

    36

Elapsed time is 296.331662 seconds.

chan =

    37

Elapsed time is 296.408678 seconds.

chan =

    38

Elapsed time is 297.356536 seconds.

chan =

    39

Elapsed time is 297.419909 seconds.

chan =

    40

Elapsed time is 291.811498 seconds.

chan =

    41

Elapsed time is 296.153120 seconds.

chan =

    42

Elapsed time is 293.029481 seconds.

chan =

    43

Elapsed time is 295.933691 seconds.

chan =

    44

Elapsed time is 294.082092 seconds.

chan =

    45

Elapsed time is 292.687023 seconds.

chan =

    46

Elapsed time is 299.843673 seconds.

chan =

    47

Elapsed time is 296.640843 seconds.

chan =

    48

Elapsed time is 299.950863 seconds.

chan =

    49

Elapsed time is 294.808786 seconds.

chan =

    50

Elapsed time is 293.418177 seconds.

chan =

    51

Elapsed time is 294.538472 seconds.

chan =

    52

Elapsed time is 296.951809 seconds.

chan =

    53

Elapsed time is 296.141822 seconds.

chan =

    54

Elapsed time is 294.534232 seconds.

chan =

    55

Elapsed time is 291.160302 seconds.

chan =

    56

Elapsed time is 297.060214 seconds.

chan =

    57

Elapsed time is 295.653978 seconds.

chan =

    58

Elapsed time is 293.589433 seconds.

chan =

    59

Elapsed time is 294.947524 seconds.

chan =

    60

Elapsed time is 287.950580 seconds.

chan =

    61

Elapsed time is 292.207020 seconds.

chan =

    62

Elapsed time is 296.704131 seconds.

chan =

    63

Elapsed time is 294.171205 seconds.

chan =

    64

Elapsed time is 295.600620 seconds.

chan =

    65

Elapsed time is 288.207398 seconds.

chan =

    66

Elapsed time is 296.163487 seconds.

chan =

    67

Elapsed time is 293.808955 seconds.

chan =

    68

Elapsed time is 295.690833 seconds.

chan =

    69

Elapsed time is 296.715454 seconds.

chan =

    70

Elapsed time is 290.474971 seconds.

chan =

    71

Elapsed time is 292.494219 seconds.

chan =

    72

Elapsed time is 297.427133 seconds.

chan =

    73

Elapsed time is 293.550212 seconds.

chan =

    74

Elapsed time is 293.956049 seconds.

chan =

    75

Elapsed time is 293.016383 seconds.

chan =

    76

Elapsed time is 292.701948 seconds.

chan =

    77

Elapsed time is 290.971431 seconds.

chan =

    78

Elapsed time is 293.223585 seconds.

chan =

    79

Elapsed time is 294.706077 seconds.

chan =

    80

Elapsed time is 293.388306 seconds.

chan =

    81

Elapsed time is 295.404915 seconds.

chan =

    82

Elapsed time is 298.061967 seconds.

chan =

    83

Elapsed time is 295.620512 seconds.

chan =

    84

Elapsed time is 298.948793 seconds.

chan =

    85

Elapsed time is 290.751501 seconds.

chan =

    86

Elapsed time is 292.353672 seconds.

chan =

    87

Elapsed time is 296.216681 seconds.

chan =

    88

Elapsed time is 294.895781 seconds.

chan =

    89

Elapsed time is 291.356311 seconds.

chan =

    90

Elapsed time is 294.491612 seconds.

chan =

    91

Elapsed time is 286.522170 seconds.

chan =

    92

Elapsed time is 294.891516 seconds.

chan =

    93

Elapsed time is 292.797027 seconds.

chan =

    94

Elapsed time is 295.486407 seconds.

chan =

    95

Elapsed time is 290.032218 seconds.

chan =

    96

Elapsed time is 282.755241 seconds.

chan =

    97

Elapsed time is 293.051507 seconds.

chan =

    98

Elapsed time is 293.426776 seconds.

chan =

    99

Elapsed time is 291.657168 seconds.

chan =

   100

Elapsed time is 291.754098 seconds.

chan =

   101

Elapsed time is 291.739909 seconds.

chan =

   102

Elapsed time is 294.186008 seconds.

chan =

   103

Elapsed time is 292.407873 seconds.

chan =

   104

Elapsed time is 295.681843 seconds.

chan =

   105

Elapsed time is 286.357221 seconds.

chan =

   106

Elapsed time is 288.189002 seconds.

chan =

   107

Elapsed time is 292.074003 seconds.

chan =

   108

Elapsed time is 292.866432 seconds.

chan =

   109

Elapsed time is 292.923035 seconds.

