getting started: 3658
attempting file: 3658
going for SLCH010 64
data loaded: SLCH010 64
HFB already done

chan =

     1

Elapsed time is 565.828191 seconds.

chan =

     2

Elapsed time is 560.346893 seconds.

chan =

     3

Elapsed time is 571.960705 seconds.

chan =

     4

Elapsed time is 579.980872 seconds.

chan =

     5

Elapsed time is 559.874733 seconds.

chan =

     6

Elapsed time is 543.203747 seconds.

chan =

     7

Elapsed time is 569.609473 seconds.

chan =

     8

Elapsed time is 573.409893 seconds.

chan =

     9

Elapsed time is 564.496170 seconds.

chan =

    10

Elapsed time is 569.205663 seconds.

chan =

    11

Elapsed time is 556.235201 seconds.

chan =

    12

Elapsed time is 559.466925 seconds.

chan =

    13

Elapsed time is 564.591873 seconds.

chan =

    14

Elapsed time is 553.502733 seconds.

chan =

    15

Elapsed time is 560.207763 seconds.

chan =

    16

Elapsed time is 567.629999 seconds.

chan =

    17

Elapsed time is 557.849706 seconds.

chan =

    18

Elapsed time is 568.263408 seconds.

chan =

    19

Elapsed time is 562.168558 seconds.

chan =

    20

Elapsed time is 560.661869 seconds.

chan =

    21

Elapsed time is 567.734143 seconds.

chan =

    22

Elapsed time is 562.210924 seconds.

chan =

    23

Elapsed time is 563.852105 seconds.

chan =

    24

Elapsed time is 559.168185 seconds.

chan =

    25

Elapsed time is 560.664798 seconds.

chan =

    26

Elapsed time is 565.165586 seconds.

chan =

    27

Elapsed time is 554.206525 seconds.

chan =

    28

Elapsed time is 562.064918 seconds.

chan =

    29

Elapsed time is 554.213153 seconds.

chan =

    30

Elapsed time is 562.679582 seconds.

chan =

    31

Elapsed time is 562.904731 seconds.

chan =

    32

Elapsed time is 554.025787 seconds.

chan =

    33

Elapsed time is 561.398143 seconds.

chan =

    34

Elapsed time is 559.273289 seconds.

chan =

    35

Elapsed time is 556.788481 seconds.

chan =

    36

Elapsed time is 561.271493 seconds.

chan =

    37

Elapsed time is 551.631892 seconds.

chan =

    38

Elapsed time is 565.511958 seconds.

chan =

    39

Elapsed time is 551.672750 seconds.

chan =

    40

Elapsed time is 563.723763 seconds.

chan =

    41

Elapsed time is 560.875536 seconds.

chan =

    42

Elapsed time is 558.179804 seconds.

chan =

    43

Elapsed time is 557.134950 seconds.

chan =

    44

Elapsed time is 557.449883 seconds.

chan =

    45

Elapsed time is 561.667748 seconds.

chan =

    46

Elapsed time is 560.039496 seconds.

chan =

    47

Elapsed time is 552.113323 seconds.

chan =

    48

Elapsed time is 563.937831 seconds.

chan =

    49

Elapsed time is 558.374916 seconds.

chan =

    50

Elapsed time is 563.221590 seconds.

chan =

    51

Elapsed time is 553.053733 seconds.

chan =

    52

Elapsed time is 561.857716 seconds.

chan =

    53

Elapsed time is 551.284805 seconds.

chan =

    54

Elapsed time is 550.307317 seconds.

chan =

    55

Elapsed time is 549.616669 seconds.

chan =

    56

Elapsed time is 535.575325 seconds.

chan =

    57

Elapsed time is 541.819503 seconds.

chan =

    58

Elapsed time is 548.628165 seconds.

chan =

    59

Elapsed time is 527.650704 seconds.

chan =

    60

Elapsed time is 520.636499 seconds.

chan =

    61

Elapsed time is 513.937259 seconds.

chan =

    62

Elapsed time is 518.711322 seconds.

chan =

    63

Elapsed time is 507.493970 seconds.

chan =

    64

Elapsed time is 509.809912 seconds.

chan =

    65

Elapsed time is 504.283443 seconds.

chan =

    66

Elapsed time is 506.314838 seconds.

chan =

    67

Elapsed time is 504.359156 seconds.

chan =

    68

Elapsed time is 507.404404 seconds.

chan =

    69

Elapsed time is 504.596841 seconds.

chan =

    70

Elapsed time is 507.070782 seconds.

chan =

    71

Elapsed time is 506.376504 seconds.

chan =

    72

Elapsed time is 510.666595 seconds.

chan =

    73

Elapsed time is 505.738585 seconds.

chan =

    74

Elapsed time is 507.574452 seconds.

chan =

    75

Elapsed time is 505.855543 seconds.

chan =

    76

Elapsed time is 509.515061 seconds.

chan =

    77

Elapsed time is 491.078083 seconds.

chan =

    78

Elapsed time is 477.205100 seconds.

chan =

    79

Elapsed time is 475.366777 seconds.

chan =

    80

Elapsed time is 476.980121 seconds.

chan =

    81

Elapsed time is 476.000401 seconds.

chan =

    82

Elapsed time is 472.316966 seconds.

chan =

    83

Elapsed time is 468.339999 seconds.

chan =

    84

Elapsed time is 470.881096 seconds.

chan =

    85

Elapsed time is 470.298233 seconds.

chan =

    86

Elapsed time is 471.013255 seconds.

chan =

    87

Elapsed time is 467.361058 seconds.

chan =

    88

Elapsed time is 470.264244 seconds.

chan =

    89

Elapsed time is 470.676955 seconds.

chan =

    90

Elapsed time is 469.100752 seconds.

chan =

    91

Elapsed time is 465.612735 seconds.

chan =

    92

Elapsed time is 469.656823 seconds.

chan =

    93

Elapsed time is 467.281401 seconds.

chan =

    94

Elapsed time is 472.935453 seconds.

chan =

    95

Elapsed time is 468.896657 seconds.

chan =

    96

Elapsed time is 470.426559 seconds.

chan =

    97

Elapsed time is 468.187820 seconds.

chan =

    98

Elapsed time is 476.989329 seconds.

chan =

    99

Elapsed time is 470.635113 seconds.

chan =

   100

Elapsed time is 470.598999 seconds.

chan =

   101

Elapsed time is 470.819162 seconds.

chan =

   102

Elapsed time is 476.055479 seconds.

chan =

   103

Elapsed time is 470.388180 seconds.

chan =

   104

Elapsed time is 475.089652 seconds.

chan =

   105

Elapsed time is 470.839350 seconds.

chan =

   106

Elapsed time is 471.727017 seconds.

chan =

   107

Elapsed time is 470.257892 seconds.

chan =

   108

Elapsed time is 471.059439 seconds.

chan =

   109

Elapsed time is 469.940934 seconds.

chan =

   110

Elapsed time is 476.324198 seconds.

chan =

   111

Elapsed time is 470.529026 seconds.

chan =

   112

Elapsed time is 471.856448 seconds.

chan =

   113

Elapsed time is 471.303530 seconds.

chan =

   114

Elapsed time is 470.868333 seconds.
attempting saving
save success: /projects/p31578/dtf8829/QuestConnect/CHANDAT/chanDat_SLCH010_064.mat
working on TF
