getting started: 3679
attempting file: 3679
going for SLCH010 85
data loaded: SLCH010 85
HFB already done

chan =

     1

Elapsed time is 433.072973 seconds.

chan =

     2

Elapsed time is 439.012845 seconds.

chan =

     3

Elapsed time is 428.666986 seconds.

chan =

     4

Elapsed time is 428.566254 seconds.

chan =

     5

Elapsed time is 428.844720 seconds.

chan =

     6

Elapsed time is 425.551603 seconds.

chan =

     7

Elapsed time is 422.238373 seconds.

chan =

     8

Elapsed time is 419.917332 seconds.

chan =

     9

Elapsed time is 416.299338 seconds.

chan =

    10

Elapsed time is 416.132837 seconds.

chan =

    11

Elapsed time is 414.233747 seconds.

chan =

    12

Elapsed time is 415.913509 seconds.

chan =

    13

Elapsed time is 427.364101 seconds.

chan =

    14

Elapsed time is 469.745096 seconds.

chan =

    15

Elapsed time is 462.174625 seconds.

chan =

    16

Elapsed time is 464.243776 seconds.

chan =

    17

Elapsed time is 477.084460 seconds.

chan =

    18

Elapsed time is 464.208920 seconds.

chan =

    19

Elapsed time is 462.043317 seconds.

chan =

    20

Elapsed time is 470.586265 seconds.

chan =

    21

Elapsed time is 470.690202 seconds.

chan =

    22

Elapsed time is 464.627524 seconds.

chan =

    23

Elapsed time is 466.037759 seconds.

chan =

    24

Elapsed time is 478.976269 seconds.

chan =

    25

Elapsed time is 464.938162 seconds.

chan =

    26

Elapsed time is 454.465480 seconds.

chan =

    27

Elapsed time is 417.268771 seconds.

chan =

    28

Elapsed time is 413.828455 seconds.

chan =

    29

Elapsed time is 432.562993 seconds.

chan =

    30

Elapsed time is 463.864331 seconds.

chan =

    31

Elapsed time is 465.827052 seconds.

chan =

    32

Elapsed time is 462.169137 seconds.

chan =

    33

Elapsed time is 413.658465 seconds.

chan =

    34

Elapsed time is 419.625671 seconds.

chan =

    35

Elapsed time is 425.429690 seconds.

chan =

    36

Elapsed time is 421.919446 seconds.

chan =

    37

Elapsed time is 420.858666 seconds.

chan =

    38

Elapsed time is 422.272281 seconds.

chan =

    39

Elapsed time is 423.247217 seconds.

chan =

    40

Elapsed time is 421.043438 seconds.

chan =

    41

Elapsed time is 423.364979 seconds.

chan =

    42

Elapsed time is 428.301761 seconds.

chan =

    43

Elapsed time is 426.272132 seconds.

chan =

    44

Elapsed time is 429.288478 seconds.

chan =

    45

Elapsed time is 425.273263 seconds.

chan =

    46

Elapsed time is 430.261908 seconds.

chan =

    47

Elapsed time is 427.703099 seconds.

chan =

    48

Elapsed time is 431.044663 seconds.

chan =

    49

Elapsed time is 457.743360 seconds.

chan =

    50

Elapsed time is 462.415057 seconds.

chan =

    51

Elapsed time is 449.863810 seconds.

chan =

    52

Elapsed time is 461.439848 seconds.

chan =

    53

Elapsed time is 455.775717 seconds.

chan =

    54

Elapsed time is 423.622780 seconds.

chan =

    55

Elapsed time is 433.085371 seconds.

chan =

    56

Elapsed time is 438.572327 seconds.

chan =

    57

Elapsed time is 421.790606 seconds.

chan =

    58

Elapsed time is 435.239751 seconds.

chan =

    59

Elapsed time is 427.120168 seconds.

chan =

    60

Elapsed time is 427.616820 seconds.

chan =

    61

Elapsed time is 433.439973 seconds.

chan =

    62

Elapsed time is 429.670918 seconds.

chan =

    63

Elapsed time is 439.071156 seconds.

chan =

    64

Elapsed time is 440.089037 seconds.

chan =

    65

Elapsed time is 422.180138 seconds.

chan =

    66

Elapsed time is 439.356428 seconds.

chan =

    67

Elapsed time is 438.078683 seconds.

chan =

    68

Elapsed time is 403.262072 seconds.

chan =

    69

Elapsed time is 440.544619 seconds.

chan =

    70

Elapsed time is 439.756180 seconds.

chan =

    71

Elapsed time is 434.437233 seconds.

chan =

    72

Elapsed time is 434.669169 seconds.

chan =

    73

Elapsed time is 423.838910 seconds.

chan =

    74

Elapsed time is 375.344123 seconds.

chan =

    75

Elapsed time is 370.474559 seconds.

chan =

    76

Elapsed time is 372.002642 seconds.

chan =

    77

Elapsed time is 378.180913 seconds.

chan =

    78

Elapsed time is 371.710312 seconds.

chan =

    79

Elapsed time is 366.949932 seconds.

chan =

    80

Elapsed time is 368.563531 seconds.

chan =

    81

Elapsed time is 368.317853 seconds.

chan =

    82

Elapsed time is 370.197952 seconds.

chan =

    83

Elapsed time is 370.268630 seconds.

chan =

    84

Elapsed time is 370.824164 seconds.

chan =

    85

Elapsed time is 365.294327 seconds.

chan =

    86

Elapsed time is 369.151451 seconds.

chan =

    87

Elapsed time is 366.366566 seconds.

chan =

    88

Elapsed time is 367.196833 seconds.

chan =

    89

Elapsed time is 367.067775 seconds.

chan =

    90

Elapsed time is 369.958643 seconds.

chan =

    91

Elapsed time is 367.289460 seconds.

chan =

    92

Elapsed time is 367.331909 seconds.

chan =

    93

Elapsed time is 364.320498 seconds.

chan =

    94

Elapsed time is 364.828124 seconds.

chan =

    95

Elapsed time is 362.080251 seconds.

chan =

    96

Elapsed time is 362.852434 seconds.

chan =

    97

Elapsed time is 362.547346 seconds.

chan =

    98

Elapsed time is 366.368283 seconds.

chan =

    99

Elapsed time is 363.685291 seconds.

chan =

   100

Elapsed time is 364.314862 seconds.

chan =

   101

Elapsed time is 364.635119 seconds.

chan =

   102

Elapsed time is 367.520801 seconds.

chan =

   103

Elapsed time is 364.734321 seconds.

chan =

   104

Elapsed time is 366.777515 seconds.

chan =

   105

Elapsed time is 365.095932 seconds.

chan =

   106

Elapsed time is 366.863455 seconds.

chan =

   107

Elapsed time is 364.053617 seconds.

chan =

   108

Elapsed time is 364.581592 seconds.

chan =

   109

Elapsed time is 366.346600 seconds.

chan =

   110

Elapsed time is 366.359817 seconds.

chan =

   111

Elapsed time is 366.057592 seconds.

chan =

   112

Elapsed time is 367.656028 seconds.

chan =

   113

Elapsed time is 367.856057 seconds.

chan =

   114

Elapsed time is 369.121163 seconds.
attempting saving
save success: /projects/p31578/dtf8829/QuestConnect/CHANDAT/chanDat_SLCH010_085.mat
working on TF
encoding done
encoding RT done
