getting started: 3698
attempting file: 3698
going for SLCH010 104
data loaded: SLCH010 104
HFB already done

chan =

     1

Elapsed time is 554.962286 seconds.

chan =

     2

Elapsed time is 553.725408 seconds.

chan =

     3

Elapsed time is 553.239381 seconds.

chan =

     4

Elapsed time is 549.566948 seconds.

chan =

     5

Elapsed time is 546.867190 seconds.

chan =

     6

Elapsed time is 545.075756 seconds.

chan =

     7

Elapsed time is 548.076104 seconds.

chan =

     8

Elapsed time is 546.986906 seconds.

chan =

     9

Elapsed time is 549.128424 seconds.

chan =

    10

Elapsed time is 544.880547 seconds.

chan =

    11

Elapsed time is 544.400490 seconds.

chan =

    12

Elapsed time is 496.241534 seconds.

chan =

    13

Elapsed time is 523.267331 seconds.

chan =

    14

Elapsed time is 558.870288 seconds.

chan =

    15

Elapsed time is 552.490947 seconds.

chan =

    16

Elapsed time is 552.188956 seconds.

chan =

    17

Elapsed time is 562.057614 seconds.

chan =

    18

Elapsed time is 529.337609 seconds.

chan =

    19

Elapsed time is 540.866331 seconds.

chan =

    20

Elapsed time is 516.972661 seconds.

chan =

    21

Elapsed time is 512.202735 seconds.

chan =

    22

Elapsed time is 510.599727 seconds.

chan =

    23

Elapsed time is 523.180296 seconds.

chan =

    24

Elapsed time is 524.041423 seconds.

chan =

    25

Elapsed time is 547.648120 seconds.

chan =

    26

Elapsed time is 554.695080 seconds.

chan =

    27

Elapsed time is 519.047972 seconds.

chan =

    28

Elapsed time is 542.496452 seconds.

chan =

    29

Elapsed time is 554.597400 seconds.

chan =

    30

Elapsed time is 532.668288 seconds.

chan =

    31

Elapsed time is 559.252602 seconds.

chan =

    32

Elapsed time is 550.378247 seconds.

chan =

    33

Elapsed time is 512.689984 seconds.

chan =

    34

Elapsed time is 557.985247 seconds.

chan =

    35

Elapsed time is 545.711141 seconds.

chan =

    36

Elapsed time is 557.336643 seconds.

chan =

    37

Elapsed time is 559.654236 seconds.

chan =

    38

Elapsed time is 504.827051 seconds.

chan =

    39

Elapsed time is 486.905165 seconds.

chan =

    40

Elapsed time is 489.529297 seconds.

chan =

    41

Elapsed time is 484.940966 seconds.

chan =

    42

Elapsed time is 481.936002 seconds.

chan =

    43

Elapsed time is 467.679122 seconds.

chan =

    44

Elapsed time is 473.601116 seconds.

chan =

    45

Elapsed time is 472.009181 seconds.

chan =

    46

Elapsed time is 472.624653 seconds.

chan =

    47

Elapsed time is 471.954251 seconds.

chan =

    48

Elapsed time is 472.081067 seconds.

chan =

    49

Elapsed time is 475.179141 seconds.

chan =

    50

Elapsed time is 472.513610 seconds.

chan =

    51

Elapsed time is 469.941017 seconds.

chan =

    52

Elapsed time is 471.572782 seconds.

chan =

    53

Elapsed time is 460.346581 seconds.

chan =

    54

Elapsed time is 455.470390 seconds.

chan =

    55

Elapsed time is 455.406953 seconds.

chan =

    56

Elapsed time is 461.470076 seconds.

chan =

    57

Elapsed time is 467.783060 seconds.

chan =

    58

Elapsed time is 470.466372 seconds.

chan =

    59

Elapsed time is 476.515592 seconds.

chan =

    60

Elapsed time is 474.231009 seconds.

chan =

    61

Elapsed time is 472.162630 seconds.

chan =

    62

Elapsed time is 471.676418 seconds.

chan =

    63

Elapsed time is 464.518279 seconds.

chan =

    64

Elapsed time is 452.550338 seconds.

chan =

    65

Elapsed time is 447.251899 seconds.

chan =

    66

Elapsed time is 449.308659 seconds.

chan =

    67

Elapsed time is 448.673614 seconds.

chan =

    68

Elapsed time is 450.744126 seconds.

chan =

    69

Elapsed time is 448.069265 seconds.

chan =

    70

Elapsed time is 449.037224 seconds.

chan =

    71

Elapsed time is 446.952396 seconds.

chan =

    72

Elapsed time is 448.849551 seconds.

chan =

    73

Elapsed time is 444.766687 seconds.

chan =

    74

Elapsed time is 446.603933 seconds.

chan =

    75

Elapsed time is 449.026514 seconds.

chan =

    76

Elapsed time is 452.842217 seconds.

chan =

    77

Elapsed time is 451.632071 seconds.

chan =

    78

Elapsed time is 456.753308 seconds.

chan =

    79

Elapsed time is 452.773208 seconds.

chan =

    80

Elapsed time is 455.864415 seconds.

chan =

    81

Elapsed time is 452.778883 seconds.

chan =

    82

Elapsed time is 453.686635 seconds.

chan =

    83

Elapsed time is 455.141513 seconds.

chan =

    84

Elapsed time is 456.024183 seconds.

chan =

    85

Elapsed time is 454.635332 seconds.

chan =

    86

Elapsed time is 454.241628 seconds.

chan =

    87

Elapsed time is 450.925356 seconds.

chan =

    88

Elapsed time is 455.232428 seconds.

chan =

    89

Elapsed time is 445.937450 seconds.

chan =

    90

Elapsed time is 423.443463 seconds.

chan =

    91

Elapsed time is 418.095514 seconds.

chan =

    92

Elapsed time is 420.923813 seconds.

chan =

    93

Elapsed time is 419.386063 seconds.

chan =

    94

Elapsed time is 419.666754 seconds.

chan =

    95

Elapsed time is 414.616510 seconds.

chan =

    96

Elapsed time is 416.501003 seconds.

chan =

    97

Elapsed time is 415.572996 seconds.

chan =

    98

Elapsed time is 422.265701 seconds.

chan =

    99

Elapsed time is 415.550648 seconds.

chan =

   100

Elapsed time is 417.278886 seconds.

chan =

   101

Elapsed time is 413.163061 seconds.

chan =

   102

Elapsed time is 416.973003 seconds.

chan =

   103

Elapsed time is 415.870616 seconds.

chan =

   104

Elapsed time is 418.503893 seconds.

chan =

   105

Elapsed time is 414.382844 seconds.

chan =

   106

Elapsed time is 418.304512 seconds.

chan =

   107

Elapsed time is 413.813372 seconds.

chan =

   108

Elapsed time is 416.786296 seconds.

chan =

   109

Elapsed time is 414.624563 seconds.

chan =

   110

Elapsed time is 418.409792 seconds.

chan =

   111

Elapsed time is 413.766381 seconds.

chan =

   112

Elapsed time is 417.937611 seconds.

chan =

   113

Elapsed time is 404.644276 seconds.

chan =

   114

Elapsed time is 402.380988 seconds.
attempting saving
save success: /projects/p31578/dtf8829/QuestConnect/CHANDAT/chanDat_SLCH010_104.mat
working on TF
