getting started: 3354
attempting file: 3354
going for SD5 103
data loaded: SD5 103
HFB already done

chan =

     1

Elapsed time is 292.444234 seconds.

chan =

     2

Elapsed time is 286.840852 seconds.

chan =

     3

Elapsed time is 268.225510 seconds.

chan =

     4

Elapsed time is 319.446810 seconds.

chan =

     5

Elapsed time is 353.602724 seconds.

chan =

     6

Elapsed time is 349.358652 seconds.

chan =

     7

Elapsed time is 349.380007 seconds.

chan =

     8

Elapsed time is 344.673753 seconds.

chan =

     9

Elapsed time is 348.772095 seconds.

chan =

    10

Elapsed time is 346.255205 seconds.

chan =

    11

Elapsed time is 347.347541 seconds.

chan =

    12

Elapsed time is 343.538455 seconds.

chan =

    13

Elapsed time is 349.979809 seconds.

chan =

    14

Elapsed time is 344.667898 seconds.

chan =

    15

Elapsed time is 349.716439 seconds.

chan =

    16

Elapsed time is 342.931148 seconds.

chan =

    17

Elapsed time is 348.055347 seconds.

chan =

    18

Elapsed time is 343.330502 seconds.

chan =

    19

Elapsed time is 348.830174 seconds.

chan =

    20

Elapsed time is 340.395987 seconds.

chan =

    21

Elapsed time is 346.168516 seconds.

chan =

    22

Elapsed time is 341.832620 seconds.

chan =

    23

Elapsed time is 349.931765 seconds.

chan =

    24

Elapsed time is 337.417293 seconds.

chan =

    25

Elapsed time is 344.006662 seconds.

chan =

    26

Elapsed time is 335.743496 seconds.

chan =

    27

Elapsed time is 345.376605 seconds.

chan =

    28

Elapsed time is 333.189814 seconds.

chan =

    29

Elapsed time is 338.006202 seconds.

chan =

    30

Elapsed time is 331.878972 seconds.

chan =

    31

Elapsed time is 338.957231 seconds.

chan =

    32

Elapsed time is 329.261203 seconds.

chan =

    33

Elapsed time is 332.127991 seconds.

chan =

    34

Elapsed time is 330.765418 seconds.

chan =

    35

Elapsed time is 334.101326 seconds.

chan =

    36

Elapsed time is 329.477399 seconds.

chan =

    37

Elapsed time is 333.086919 seconds.

chan =

    38

Elapsed time is 328.697615 seconds.

chan =

    39

Elapsed time is 330.086613 seconds.

chan =

    40

Elapsed time is 328.773700 seconds.

chan =

    41

Elapsed time is 329.213527 seconds.

chan =

    42

Elapsed time is 327.180105 seconds.

chan =

    43

Elapsed time is 326.855567 seconds.

chan =

    44

Elapsed time is 326.559660 seconds.

chan =

    45

Elapsed time is 326.740004 seconds.

chan =

    46

Elapsed time is 327.888825 seconds.

chan =

    47

Elapsed time is 327.506502 seconds.

chan =

    48

Elapsed time is 328.919702 seconds.

chan =

    49

Elapsed time is 326.410815 seconds.

chan =

    50

Elapsed time is 327.316476 seconds.

chan =

    51

Elapsed time is 326.754736 seconds.

chan =

    52

Elapsed time is 327.470794 seconds.

chan =

    53

Elapsed time is 326.301529 seconds.

chan =

    54

Elapsed time is 326.813782 seconds.

chan =

    55

Elapsed time is 326.826332 seconds.

chan =

    56

Elapsed time is 328.203080 seconds.

chan =

    57

Elapsed time is 327.662445 seconds.

chan =

    58

Elapsed time is 327.329463 seconds.

chan =

    59

Elapsed time is 328.372259 seconds.

chan =

    60

Elapsed time is 329.550094 seconds.

chan =

    61

Elapsed time is 326.814625 seconds.

chan =

    62

Elapsed time is 327.183501 seconds.

chan =

    63

Elapsed time is 326.877027 seconds.

chan =

    64

Elapsed time is 336.603376 seconds.

chan =

    65

Elapsed time is 338.562644 seconds.

chan =

    66

Elapsed time is 339.757924 seconds.

chan =

    67

Elapsed time is 335.450999 seconds.

chan =

    68

Elapsed time is 332.147214 seconds.

chan =

    69

Elapsed time is 332.781233 seconds.

chan =

    70

Elapsed time is 336.208936 seconds.

chan =

    71

Elapsed time is 335.095707 seconds.

chan =

    72

Elapsed time is 335.691825 seconds.

chan =

    73

Elapsed time is 329.912335 seconds.

chan =

    74

Elapsed time is 335.451355 seconds.

chan =

    75

Elapsed time is 336.681504 seconds.

chan =

    76

Elapsed time is 336.916788 seconds.

chan =

    77

Elapsed time is 333.885964 seconds.

chan =

    78

Elapsed time is 332.795335 seconds.

chan =

    79

Elapsed time is 334.276117 seconds.

chan =

    80

Elapsed time is 336.220209 seconds.

chan =

    81

Elapsed time is 334.858404 seconds.

chan =

    82

Elapsed time is 334.230036 seconds.

chan =

    83

Elapsed time is 333.063448 seconds.

chan =

    84

Elapsed time is 339.630412 seconds.

chan =

    85

Elapsed time is 336.137702 seconds.

chan =

    86

Elapsed time is 335.603388 seconds.

chan =

    87

Elapsed time is 334.216730 seconds.

chan =

    88

Elapsed time is 337.775581 seconds.

chan =

    89

Elapsed time is 335.723833 seconds.

chan =

    90

Elapsed time is 337.586993 seconds.

chan =

    91

Elapsed time is 337.010973 seconds.

chan =

    92

Elapsed time is 336.578419 seconds.

chan =

    93

Elapsed time is 334.591045 seconds.

chan =

    94

Elapsed time is 337.408313 seconds.

chan =

    95

Elapsed time is 333.427823 seconds.

chan =

    96

Elapsed time is 331.437652 seconds.

chan =

    97

Elapsed time is 331.089748 seconds.

chan =

    98

Elapsed time is 339.500142 seconds.

chan =

    99

Elapsed time is 334.030299 seconds.

chan =

   100

Elapsed time is 339.420662 seconds.

chan =

   101

Elapsed time is 328.293444 seconds.

chan =

   102

Elapsed time is 329.247001 seconds.

chan =

   103

Elapsed time is 323.720918 seconds.

chan =

   104

Elapsed time is 328.054671 seconds.

chan =

   105

Elapsed time is 323.254264 seconds.

chan =

   106

Elapsed time is 325.937889 seconds.

chan =

   107

Elapsed time is 323.863064 seconds.

chan =

   108

Elapsed time is 327.765326 seconds.

chan =

   109

Elapsed time is 324.244680 seconds.

