getting started: 3273
attempting file: 3273
going for SD5 22
data loaded: SD5 22
HFB already done

chan =

     1

Elapsed time is 296.678894 seconds.

chan =

     2

Elapsed time is 300.935920 seconds.

chan =

     3

Elapsed time is 299.757520 seconds.

chan =

     4

Elapsed time is 294.534149 seconds.

chan =

     5

Elapsed time is 293.212234 seconds.

chan =

     6

Elapsed time is 282.834616 seconds.

chan =

     7

Elapsed time is 269.127999 seconds.

chan =

     8

Elapsed time is 276.135399 seconds.

chan =

     9

Elapsed time is 287.195090 seconds.

chan =

    10

Elapsed time is 289.576856 seconds.

chan =

    11

Elapsed time is 288.174833 seconds.

chan =

    12

Elapsed time is 288.323937 seconds.

chan =

    13

Elapsed time is 288.270600 seconds.

chan =

    14

Elapsed time is 287.930981 seconds.

chan =

    15

Elapsed time is 290.793477 seconds.

chan =

    16

Elapsed time is 290.743203 seconds.

chan =

    17

Elapsed time is 289.207096 seconds.

chan =

    18

Elapsed time is 290.086157 seconds.

chan =

    19

Elapsed time is 289.905623 seconds.

chan =

    20

Elapsed time is 288.550361 seconds.

chan =

    21

Elapsed time is 288.480876 seconds.

chan =

    22

Elapsed time is 289.931351 seconds.

chan =

    23

Elapsed time is 289.352596 seconds.

chan =

    24

Elapsed time is 290.164060 seconds.

chan =

    25

Elapsed time is 290.178256 seconds.

chan =

    26

Elapsed time is 290.455627 seconds.

chan =

    27

Elapsed time is 267.084246 seconds.

chan =

    28

Elapsed time is 276.143419 seconds.

chan =

    29

Elapsed time is 256.037285 seconds.

chan =

    30

Elapsed time is 276.557586 seconds.

chan =

    31

Elapsed time is 268.112200 seconds.

chan =

    32

Elapsed time is 267.758129 seconds.

chan =

    33

Elapsed time is 267.118485 seconds.

chan =

    34

Elapsed time is 252.232538 seconds.

chan =

    35

Elapsed time is 259.397979 seconds.

chan =

    36

Elapsed time is 271.154810 seconds.

chan =

    37

Elapsed time is 265.920522 seconds.

chan =

    38

Elapsed time is 258.749760 seconds.

chan =

    39

Elapsed time is 252.864372 seconds.

chan =

    40

Elapsed time is 272.764256 seconds.

chan =

    41

Elapsed time is 273.609765 seconds.

chan =

    42

Elapsed time is 262.246214 seconds.

chan =

    43

Elapsed time is 276.791555 seconds.

chan =

    44

Elapsed time is 274.320591 seconds.

chan =

    45

Elapsed time is 275.214200 seconds.

chan =

    46

Elapsed time is 268.766434 seconds.

chan =

    47

Elapsed time is 245.318043 seconds.

chan =

    48

Elapsed time is 246.850406 seconds.

chan =

    49

Elapsed time is 321.909923 seconds.

chan =

    50

Elapsed time is 475.401654 seconds.

chan =

    51

Elapsed time is 474.858132 seconds.

chan =

    52

Elapsed time is 478.635842 seconds.

chan =

    53

Elapsed time is 473.053039 seconds.

chan =

    54

Elapsed time is 469.033521 seconds.

chan =

    55

Elapsed time is 467.299569 seconds.

chan =

    56

Elapsed time is 467.369265 seconds.

chan =

    57

Elapsed time is 467.175991 seconds.

chan =

    58

Elapsed time is 466.766167 seconds.

chan =

    59

Elapsed time is 464.761325 seconds.

chan =

    60

Elapsed time is 463.519557 seconds.

chan =

    61

Elapsed time is 471.198595 seconds.

chan =

    62

Elapsed time is 466.305896 seconds.

chan =

    63

Elapsed time is 464.942356 seconds.

chan =

    64

Elapsed time is 465.966111 seconds.

chan =

    65

Elapsed time is 464.006411 seconds.

chan =

    66

Elapsed time is 463.553868 seconds.

chan =

    67

Elapsed time is 467.776072 seconds.

chan =

    68

Elapsed time is 465.450001 seconds.

chan =

    69

Elapsed time is 468.788042 seconds.

chan =

    70

Elapsed time is 468.745753 seconds.

chan =

    71

Elapsed time is 463.167238 seconds.

chan =

    72

Elapsed time is 461.853681 seconds.

chan =

    73

Elapsed time is 470.052583 seconds.

chan =

    74

Elapsed time is 470.313305 seconds.

chan =

    75

Elapsed time is 467.062542 seconds.

chan =

    76

Elapsed time is 465.571146 seconds.

chan =

    77

Elapsed time is 464.576869 seconds.

chan =

    78

Elapsed time is 466.310625 seconds.

chan =

    79

Elapsed time is 468.004126 seconds.

chan =

    80

Elapsed time is 466.677164 seconds.

chan =

    81

Elapsed time is 469.174996 seconds.

chan =

    82

Elapsed time is 470.938403 seconds.

chan =

    83

Elapsed time is 466.809158 seconds.

chan =

    84

Elapsed time is 470.091203 seconds.

chan =

    85

Elapsed time is 472.421407 seconds.

chan =

    86

Elapsed time is 471.019112 seconds.

chan =

    87

Elapsed time is 472.796205 seconds.

chan =

    88

Elapsed time is 469.141230 seconds.

chan =

    89

Elapsed time is 459.177579 seconds.

chan =

    90

Elapsed time is 460.461697 seconds.

chan =

    91

Elapsed time is 462.544710 seconds.

chan =

    92

Elapsed time is 459.250935 seconds.

chan =

    93

Elapsed time is 458.410800 seconds.

chan =

    94

Elapsed time is 461.273884 seconds.

chan =

    95

Elapsed time is 459.724964 seconds.

chan =

    96

Elapsed time is 461.039049 seconds.

chan =

    97

Elapsed time is 464.316063 seconds.

chan =

    98

Elapsed time is 461.368500 seconds.

chan =

    99

Elapsed time is 463.140705 seconds.

chan =

   100

Elapsed time is 461.416800 seconds.

chan =

   101

Elapsed time is 458.168503 seconds.

chan =

   102

Elapsed time is 459.361283 seconds.

chan =

   103

Elapsed time is 464.696894 seconds.

chan =

   104

Elapsed time is 447.453711 seconds.

chan =

   105

Elapsed time is 440.622950 seconds.

chan =

   106

Elapsed time is 442.113336 seconds.

chan =

   107

Elapsed time is 440.396362 seconds.

chan =

   108

Elapsed time is 443.359897 seconds.

chan =

   109

Elapsed time is 438.054356 seconds.

