getting started: 3259
attempting file: 3259
going for SD5 8
data loaded: SD5 8
HFB already done

chan =

     1

Elapsed time is 288.351763 seconds.

chan =

     2

Elapsed time is 286.356980 seconds.

chan =

     3

Elapsed time is 285.890554 seconds.

chan =

     4

Elapsed time is 293.467205 seconds.

chan =

     5

Elapsed time is 292.892657 seconds.

chan =

     6

Elapsed time is 297.604876 seconds.

chan =

     7

Elapsed time is 293.666476 seconds.

chan =

     8

Elapsed time is 292.216025 seconds.

chan =

     9

Elapsed time is 293.872034 seconds.

chan =

    10

Elapsed time is 293.208465 seconds.

chan =

    11

Elapsed time is 293.196137 seconds.

chan =

    12

Elapsed time is 291.687816 seconds.

chan =

    13

Elapsed time is 293.023203 seconds.

chan =

    14

Elapsed time is 289.966368 seconds.

chan =

    15

Elapsed time is 297.021370 seconds.

chan =

    16

Elapsed time is 294.921550 seconds.

chan =

    17

Elapsed time is 298.545712 seconds.

chan =

    18

Elapsed time is 296.943234 seconds.

chan =

    19

Elapsed time is 298.163705 seconds.

chan =

    20

Elapsed time is 295.084443 seconds.

chan =

    21

Elapsed time is 296.908170 seconds.

chan =

    22

Elapsed time is 296.548085 seconds.

chan =

    23

Elapsed time is 298.594011 seconds.

chan =

    24

Elapsed time is 296.127338 seconds.

chan =

    25

Elapsed time is 299.851337 seconds.

chan =

    26

Elapsed time is 296.113702 seconds.

chan =

    27

Elapsed time is 297.091854 seconds.

chan =

    28

Elapsed time is 297.872969 seconds.

chan =

    29

Elapsed time is 295.600908 seconds.

chan =

    30

Elapsed time is 297.706529 seconds.

chan =

    31

Elapsed time is 294.355928 seconds.

chan =

    32

Elapsed time is 293.046757 seconds.

chan =

    33

Elapsed time is 293.568405 seconds.

chan =

    34

Elapsed time is 295.539130 seconds.

chan =

    35

Elapsed time is 295.252577 seconds.

chan =

    36

Elapsed time is 289.068658 seconds.

chan =

    37

Elapsed time is 279.936433 seconds.

chan =

    38

Elapsed time is 282.213431 seconds.

chan =

    39

Elapsed time is 279.797551 seconds.

chan =

    40

Elapsed time is 279.217551 seconds.

chan =

    41

Elapsed time is 278.253749 seconds.

chan =

    42

Elapsed time is 279.805396 seconds.

chan =

    43

Elapsed time is 280.446602 seconds.

chan =

    44

Elapsed time is 280.334916 seconds.

chan =

    45

Elapsed time is 282.176616 seconds.

chan =

    46

Elapsed time is 282.909012 seconds.

chan =

    47

Elapsed time is 288.602516 seconds.

chan =

    48

Elapsed time is 287.508921 seconds.

chan =

    49

Elapsed time is 348.521063 seconds.

chan =

    50

Elapsed time is 350.857560 seconds.

chan =

    51

Elapsed time is 348.233451 seconds.

chan =

    52

Elapsed time is 328.902916 seconds.

chan =

    53

Elapsed time is 324.003548 seconds.

chan =

    54

Elapsed time is 325.104071 seconds.

chan =

    55

Elapsed time is 327.979672 seconds.

chan =

    56

Elapsed time is 328.760866 seconds.

chan =

    57

Elapsed time is 328.208254 seconds.

chan =

    58

Elapsed time is 328.553217 seconds.

chan =

    59

Elapsed time is 329.577759 seconds.

chan =

    60

Elapsed time is 328.786672 seconds.

chan =

    61

Elapsed time is 327.691573 seconds.

chan =

    62

Elapsed time is 326.520073 seconds.

chan =

    63

Elapsed time is 327.466715 seconds.

chan =

    64

Elapsed time is 327.749154 seconds.

chan =

    65

Elapsed time is 328.232707 seconds.

chan =

    66

Elapsed time is 327.923114 seconds.

chan =

    67

Elapsed time is 327.470077 seconds.

chan =

    68

Elapsed time is 323.033858 seconds.

chan =

    69

Elapsed time is 339.740943 seconds.

chan =

    70

Elapsed time is 347.184522 seconds.

chan =

    71

Elapsed time is 345.535042 seconds.

chan =

    72

Elapsed time is 345.914653 seconds.

chan =

    73

Elapsed time is 334.023766 seconds.

chan =

    74

Elapsed time is 347.260626 seconds.

chan =

    75

Elapsed time is 346.953795 seconds.

chan =

    76

Elapsed time is 344.301631 seconds.

chan =

    77

Elapsed time is 345.127353 seconds.

chan =

    78

Elapsed time is 332.234672 seconds.

chan =

    79

Elapsed time is 344.061215 seconds.

chan =

    80

Elapsed time is 344.360847 seconds.

chan =

    81

Elapsed time is 344.816098 seconds.

chan =

    82

Elapsed time is 345.767836 seconds.

chan =

    83

Elapsed time is 341.644480 seconds.

chan =

    84

Elapsed time is 344.656754 seconds.

chan =

    85

Elapsed time is 341.674963 seconds.

chan =

    86

Elapsed time is 345.343028 seconds.

chan =

    87

Elapsed time is 338.887445 seconds.

chan =

    88

Elapsed time is 344.212211 seconds.

chan =

    89

Elapsed time is 343.261375 seconds.

chan =

    90

Elapsed time is 346.373883 seconds.

chan =

    91

Elapsed time is 344.653680 seconds.

chan =

    92

Elapsed time is 330.659881 seconds.

chan =

    93

Elapsed time is 344.173776 seconds.

chan =

    94

Elapsed time is 342.857866 seconds.

chan =

    95

Elapsed time is 345.508355 seconds.

chan =

    96

Elapsed time is 340.745565 seconds.

chan =

    97

Elapsed time is 336.980473 seconds.

chan =

    98

Elapsed time is 341.816826 seconds.

chan =

    99

Elapsed time is 339.544535 seconds.

chan =

   100

Elapsed time is 343.518402 seconds.

chan =

   101

Elapsed time is 340.273006 seconds.

chan =

   102

Elapsed time is 333.073107 seconds.

chan =

   103

Elapsed time is 335.876629 seconds.

chan =

   104

Elapsed time is 339.536655 seconds.

chan =

   105

Elapsed time is 343.078983 seconds.

chan =

   106

Elapsed time is 340.063602 seconds.

chan =

   107

Elapsed time is 338.807452 seconds.

chan =

   108

Elapsed time is 338.220955 seconds.

chan =

   109

Elapsed time is 339.087069 seconds.

