getting started: 3341
attempting file: 3341
going for SD5 90
data loaded: SD5 90
HFB already done

chan =

     1

Elapsed time is 301.623914 seconds.

chan =

     2

Elapsed time is 303.470339 seconds.

chan =

     3

Elapsed time is 303.107467 seconds.

chan =

     4

Elapsed time is 315.901454 seconds.

chan =

     5

Elapsed time is 301.896986 seconds.

chan =

     6

Elapsed time is 299.058473 seconds.

chan =

     7

Elapsed time is 295.868488 seconds.

chan =

     8

Elapsed time is 296.725374 seconds.

chan =

     9

Elapsed time is 300.353352 seconds.

chan =

    10

Elapsed time is 298.823493 seconds.

chan =

    11

Elapsed time is 297.547297 seconds.

chan =

    12

Elapsed time is 294.784951 seconds.

chan =

    13

Elapsed time is 292.029154 seconds.

chan =

    14

Elapsed time is 290.175866 seconds.

chan =

    15

Elapsed time is 295.080900 seconds.

chan =

    16

Elapsed time is 295.534796 seconds.

chan =

    17

Elapsed time is 289.221454 seconds.

chan =

    18

Elapsed time is 289.252855 seconds.

chan =

    19

Elapsed time is 284.827913 seconds.

chan =

    20

Elapsed time is 279.845506 seconds.

chan =

    21

Elapsed time is 286.361837 seconds.

chan =

    22

Elapsed time is 293.940646 seconds.

chan =

    23

Elapsed time is 297.233732 seconds.

chan =

    24

Elapsed time is 287.603857 seconds.

chan =

    25

Elapsed time is 288.862794 seconds.

chan =

    26

Elapsed time is 289.244026 seconds.

chan =

    27

Elapsed time is 285.131881 seconds.

chan =

    28

Elapsed time is 282.197119 seconds.

chan =

    29

Elapsed time is 274.035935 seconds.

chan =

    30

Elapsed time is 280.424827 seconds.

chan =

    31

Elapsed time is 283.702635 seconds.

chan =

    32

Elapsed time is 285.074720 seconds.

chan =

    33

Elapsed time is 285.078069 seconds.

chan =

    34

Elapsed time is 291.429810 seconds.

chan =

    35

Elapsed time is 286.505207 seconds.

chan =

    36

Elapsed time is 289.024841 seconds.

chan =

    37

Elapsed time is 285.218602 seconds.

chan =

    38

Elapsed time is 291.512987 seconds.

chan =

    39

Elapsed time is 282.560070 seconds.

chan =

    40

Elapsed time is 266.289794 seconds.

chan =

    41

Elapsed time is 275.136862 seconds.

chan =

    42

Elapsed time is 265.352950 seconds.

chan =

    43

Elapsed time is 267.893051 seconds.

chan =

    44

Elapsed time is 264.411886 seconds.

chan =

    45

Elapsed time is 263.207097 seconds.

chan =

    46

Elapsed time is 272.903369 seconds.

chan =

    47

Elapsed time is 275.404424 seconds.

chan =

    48

Elapsed time is 283.693196 seconds.

chan =

    49

Elapsed time is 280.118333 seconds.

chan =

    50

Elapsed time is 272.221533 seconds.

chan =

    51

Elapsed time is 263.312748 seconds.

chan =

    52

Elapsed time is 263.675245 seconds.

chan =

    53

Elapsed time is 258.804761 seconds.

chan =

    54

Elapsed time is 265.136446 seconds.

chan =

    55

Elapsed time is 260.891836 seconds.

chan =

    56

Elapsed time is 257.417361 seconds.

chan =

    57

Elapsed time is 265.170969 seconds.

chan =

    58

Elapsed time is 262.261537 seconds.

chan =

    59

Elapsed time is 265.087490 seconds.

chan =

    60

Elapsed time is 264.704591 seconds.

chan =

    61

Elapsed time is 265.477761 seconds.

chan =

    62

Elapsed time is 260.693672 seconds.

chan =

    63

Elapsed time is 266.806892 seconds.

chan =

    64

Elapsed time is 262.979218 seconds.

chan =

    65

Elapsed time is 257.117325 seconds.

chan =

    66

Elapsed time is 247.128184 seconds.

chan =

    67

Elapsed time is 238.688410 seconds.

chan =

    68

Elapsed time is 245.638702 seconds.

chan =

    69

Elapsed time is 248.528771 seconds.

chan =

    70

Elapsed time is 249.573590 seconds.

chan =

    71

Elapsed time is 246.630858 seconds.

chan =

    72

Elapsed time is 243.036973 seconds.

chan =

    73

Elapsed time is 244.090817 seconds.

chan =

    74

Elapsed time is 244.173484 seconds.

chan =

    75

Elapsed time is 245.552241 seconds.

chan =

    76

Elapsed time is 248.114607 seconds.

chan =

    77

Elapsed time is 244.923786 seconds.

chan =

    78

Elapsed time is 244.265053 seconds.

chan =

    79

Elapsed time is 247.647492 seconds.

chan =

    80

Elapsed time is 243.941987 seconds.

chan =

    81

Elapsed time is 247.053764 seconds.

chan =

    82

Elapsed time is 246.713020 seconds.

chan =

    83

Elapsed time is 246.991030 seconds.

chan =

    84

Elapsed time is 244.400924 seconds.

chan =

    85

Elapsed time is 240.401493 seconds.

chan =

    86

Elapsed time is 237.645403 seconds.

chan =

    87

Elapsed time is 233.908411 seconds.

chan =

    88

Elapsed time is 241.285813 seconds.

chan =

    89

Elapsed time is 235.167797 seconds.

chan =

    90

Elapsed time is 252.638939 seconds.

chan =

    91

Elapsed time is 270.449497 seconds.

chan =

    92

Elapsed time is 272.037744 seconds.

chan =

    93

Elapsed time is 258.194572 seconds.

chan =

    94

Elapsed time is 274.559441 seconds.

chan =

    95

Elapsed time is 272.890694 seconds.

chan =

    96

Elapsed time is 273.128108 seconds.

chan =

    97

Elapsed time is 272.862227 seconds.

chan =

    98

Elapsed time is 274.035472 seconds.

chan =

    99

Elapsed time is 274.076700 seconds.

chan =

   100

Elapsed time is 252.256184 seconds.

chan =

   101

Elapsed time is 270.806034 seconds.

chan =

   102

Elapsed time is 272.367715 seconds.

chan =

   103

Elapsed time is 275.073998 seconds.

chan =

   104

Elapsed time is 267.671694 seconds.

chan =

   105

Elapsed time is 264.713125 seconds.

chan =

   106

Elapsed time is 262.225711 seconds.

chan =

   107

Elapsed time is 233.042219 seconds.

chan =

   108

Elapsed time is 237.669627 seconds.

chan =

   109

Elapsed time is 302.888415 seconds.

