getting started: 3701
attempting file: 3701
going for SLCH010 107
data loaded: SLCH010 107
HFB already done

chan =

     1

Elapsed time is 559.030204 seconds.

chan =

     2

Elapsed time is 561.468104 seconds.

chan =

     3

Elapsed time is 547.401277 seconds.

chan =

     4

Elapsed time is 538.378604 seconds.

chan =

     5

Elapsed time is 531.445141 seconds.

chan =

     6

Elapsed time is 525.237856 seconds.

chan =

     7

Elapsed time is 527.176507 seconds.

chan =

     8

Elapsed time is 522.822341 seconds.

chan =

     9

Elapsed time is 527.650506 seconds.

chan =

    10

Elapsed time is 522.413882 seconds.

chan =

    11

Elapsed time is 542.190361 seconds.

chan =

    12

Elapsed time is 504.454915 seconds.

chan =

    13

Elapsed time is 526.981144 seconds.

chan =

    14

Elapsed time is 559.967964 seconds.

chan =

    15

Elapsed time is 545.335104 seconds.

chan =

    16

Elapsed time is 562.202135 seconds.

chan =

    17

Elapsed time is 525.064205 seconds.

chan =

    18

Elapsed time is 544.382884 seconds.

chan =

    19

Elapsed time is 539.729795 seconds.

chan =

    20

Elapsed time is 555.380276 seconds.

chan =

    21

Elapsed time is 546.382938 seconds.

chan =

    22

Elapsed time is 529.965111 seconds.

chan =

    23

Elapsed time is 525.114012 seconds.

chan =

    24

Elapsed time is 530.962380 seconds.

chan =

    25

Elapsed time is 526.001249 seconds.

chan =

    26

Elapsed time is 530.302462 seconds.

chan =

    27

Elapsed time is 528.348414 seconds.

chan =

    28

Elapsed time is 533.029404 seconds.

chan =

    29

Elapsed time is 533.253035 seconds.

chan =

    30

Elapsed time is 523.675477 seconds.

chan =

    31

Elapsed time is 533.412620 seconds.

chan =

    32

Elapsed time is 523.890390 seconds.

chan =

    33

Elapsed time is 528.483855 seconds.

chan =

    34

Elapsed time is 528.006369 seconds.

chan =

    35

Elapsed time is 516.156110 seconds.

chan =

    36

Elapsed time is 523.143303 seconds.

chan =

    37

Elapsed time is 510.385226 seconds.

chan =

    38

Elapsed time is 523.754363 seconds.

chan =

    39

Elapsed time is 520.438239 seconds.

chan =

    40

Elapsed time is 521.812538 seconds.

chan =

    41

Elapsed time is 509.537732 seconds.

chan =

    42

Elapsed time is 513.436959 seconds.

chan =

    43

Elapsed time is 513.417777 seconds.

chan =

    44

Elapsed time is 509.626332 seconds.

chan =

    45

Elapsed time is 509.356096 seconds.

chan =

    46

Elapsed time is 515.333588 seconds.

chan =

    47

Elapsed time is 506.147918 seconds.

chan =

    48

Elapsed time is 512.517161 seconds.

chan =

    49

Elapsed time is 503.938407 seconds.

chan =

    50

Elapsed time is 511.610827 seconds.

chan =

    51

Elapsed time is 513.556448 seconds.

chan =

    52

Elapsed time is 510.820289 seconds.

chan =

    53

Elapsed time is 509.164699 seconds.

chan =

    54

Elapsed time is 503.934750 seconds.

chan =

    55

Elapsed time is 492.710624 seconds.

chan =

    56

Elapsed time is 491.428491 seconds.

chan =

    57

Elapsed time is 467.597882 seconds.

chan =

    58

Elapsed time is 462.133182 seconds.

chan =

    59

Elapsed time is 463.570779 seconds.

chan =

    60

Elapsed time is 465.434842 seconds.

chan =

    61

Elapsed time is 468.407446 seconds.

chan =

    62

Elapsed time is 475.364740 seconds.

chan =

    63

Elapsed time is 467.717512 seconds.

chan =

    64

Elapsed time is 473.522715 seconds.

chan =

    65

Elapsed time is 467.417659 seconds.

chan =

    66

Elapsed time is 465.920428 seconds.

chan =

    67

Elapsed time is 459.192591 seconds.

chan =

    68

Elapsed time is 467.514207 seconds.

chan =

    69

Elapsed time is 465.558944 seconds.

chan =

    70

Elapsed time is 462.972228 seconds.

chan =

    71

Elapsed time is 460.279655 seconds.

chan =

    72

Elapsed time is 463.246438 seconds.

chan =

    73

Elapsed time is 449.172568 seconds.

chan =

    74

Elapsed time is 451.659619 seconds.

chan =

    75

Elapsed time is 451.779877 seconds.

chan =

    76

Elapsed time is 453.718712 seconds.

chan =

    77

Elapsed time is 452.282125 seconds.

chan =

    78

Elapsed time is 455.364274 seconds.

chan =

    79

Elapsed time is 452.422710 seconds.

chan =

    80

Elapsed time is 457.123636 seconds.

chan =

    81

Elapsed time is 454.761352 seconds.

chan =

    82

Elapsed time is 453.040877 seconds.

chan =

    83

Elapsed time is 453.679687 seconds.

chan =

    84

Elapsed time is 457.563411 seconds.

chan =

    85

Elapsed time is 451.098550 seconds.

chan =

    86

Elapsed time is 450.333050 seconds.

chan =

    87

Elapsed time is 448.582700 seconds.

chan =

    88

Elapsed time is 448.085241 seconds.

chan =

    89

Elapsed time is 426.454583 seconds.

chan =

    90

Elapsed time is 428.683372 seconds.

chan =

    91

Elapsed time is 425.760751 seconds.

chan =

    92

Elapsed time is 426.417348 seconds.

chan =

    93

Elapsed time is 427.916949 seconds.

chan =

    94

Elapsed time is 427.618757 seconds.

chan =

    95

Elapsed time is 424.226238 seconds.

chan =

    96

Elapsed time is 426.601509 seconds.

chan =

    97

Elapsed time is 426.769669 seconds.

chan =

    98

Elapsed time is 427.506630 seconds.

chan =

    99

Elapsed time is 428.054082 seconds.

chan =

   100

Elapsed time is 432.634926 seconds.

chan =

   101

Elapsed time is 428.409067 seconds.

chan =

   102

Elapsed time is 429.094963 seconds.

chan =

   103

Elapsed time is 429.148679 seconds.

chan =

   104

Elapsed time is 428.597270 seconds.

chan =

   105

Elapsed time is 427.542893 seconds.

chan =

   106

Elapsed time is 428.943210 seconds.

chan =

   107

Elapsed time is 426.550351 seconds.

chan =

   108

Elapsed time is 427.692576 seconds.

chan =

   109

Elapsed time is 417.358201 seconds.

chan =

   110

Elapsed time is 427.317821 seconds.

chan =

   111

Elapsed time is 429.367642 seconds.

chan =

   112

Elapsed time is 429.370620 seconds.

chan =

   113

Elapsed time is 427.926861 seconds.

chan =

   114

Elapsed time is 429.500680 seconds.
attempting saving
save success: /projects/p31578/dtf8829/QuestConnect/CHANDAT/chanDat_SLCH010_107.mat
working on TF
encoding done
encoding RT done
