getting started: 3037
attempting file: 3037
going for OH30 136
data loaded: OH30 136
HFB already done

chan =

     1

Elapsed time is 517.117764 seconds.

chan =

     2

Elapsed time is 516.256434 seconds.

chan =

     3

Elapsed time is 527.761520 seconds.

chan =

     4

Elapsed time is 534.535867 seconds.

chan =

     5

Elapsed time is 542.961295 seconds.

chan =

     6

Elapsed time is 538.602824 seconds.

chan =

     7

Elapsed time is 536.543755 seconds.

chan =

     8

Elapsed time is 541.157269 seconds.

chan =

     9

Elapsed time is 528.878080 seconds.

chan =

    10

Elapsed time is 527.407647 seconds.

chan =

    11

Elapsed time is 527.775376 seconds.

chan =

    12

Elapsed time is 525.002551 seconds.

chan =

    13

Elapsed time is 527.876825 seconds.

chan =

    14

Elapsed time is 509.199002 seconds.

chan =

    15

Elapsed time is 517.401818 seconds.

chan =

    16

Elapsed time is 522.307883 seconds.

chan =

    17

Elapsed time is 517.767467 seconds.

chan =

    18

Elapsed time is 520.299569 seconds.

chan =

    19

Elapsed time is 520.742006 seconds.

chan =

    20

Elapsed time is 522.897490 seconds.

chan =

    21

Elapsed time is 521.663475 seconds.

chan =

    22

Elapsed time is 518.924305 seconds.

chan =

    23

Elapsed time is 517.647751 seconds.

chan =

    24

Elapsed time is 518.333803 seconds.

chan =

    25

Elapsed time is 521.452340 seconds.

chan =

    26

Elapsed time is 516.070435 seconds.

chan =

    27

Elapsed time is 520.815012 seconds.

chan =

    28

Elapsed time is 521.064761 seconds.

chan =

    29

Elapsed time is 517.543661 seconds.

chan =

    30

Elapsed time is 515.246321 seconds.

chan =

    31

Elapsed time is 514.800824 seconds.

chan =

    32

Elapsed time is 509.428156 seconds.

chan =

    33

Elapsed time is 508.318918 seconds.

chan =

    34

Elapsed time is 508.377914 seconds.

chan =

    35

Elapsed time is 482.394640 seconds.

chan =

    36

Elapsed time is 499.193981 seconds.

chan =

    37

Elapsed time is 496.244917 seconds.

chan =

    38

Elapsed time is 483.154035 seconds.

chan =

    39

Elapsed time is 499.762872 seconds.

chan =

    40

Elapsed time is 493.621776 seconds.

chan =

    41

Elapsed time is 499.921978 seconds.

chan =

    42

Elapsed time is 498.322764 seconds.

chan =

    43

Elapsed time is 489.232712 seconds.

chan =

    44

Elapsed time is 501.992937 seconds.

chan =

    45

Elapsed time is 492.687887 seconds.

chan =

    46

Elapsed time is 489.930351 seconds.

chan =

    47

Elapsed time is 503.036524 seconds.

chan =

    48

Elapsed time is 478.102888 seconds.

chan =

    49

Elapsed time is 504.551599 seconds.

chan =

    50

Elapsed time is 499.838428 seconds.

chan =

    51

Elapsed time is 477.707104 seconds.

chan =

    52

Elapsed time is 501.751551 seconds.

chan =

    53

Elapsed time is 503.072816 seconds.

chan =

    54

Elapsed time is 476.624810 seconds.

chan =

    55

Elapsed time is 500.967607 seconds.

chan =

    56

Elapsed time is 484.498620 seconds.

chan =

    57

Elapsed time is 494.402826 seconds.

chan =

    58

Elapsed time is 499.682248 seconds.

chan =

    59

Elapsed time is 490.680715 seconds.

chan =

    60

Elapsed time is 484.432300 seconds.

chan =

    61

Elapsed time is 470.282704 seconds.

chan =

    62

Elapsed time is 433.287938 seconds.

chan =

    63

Elapsed time is 465.060950 seconds.

chan =

    64

Elapsed time is 463.644621 seconds.

chan =

    65

Elapsed time is 427.836984 seconds.

chan =

    66

Elapsed time is 463.268936 seconds.

chan =

    67

Elapsed time is 455.311984 seconds.

chan =

    68

Elapsed time is 454.447094 seconds.

chan =

    69

Elapsed time is 465.765377 seconds.

chan =

    70

Elapsed time is 474.537363 seconds.

chan =

    71

Elapsed time is 441.365475 seconds.

chan =

    72

Elapsed time is 468.850784 seconds.

chan =

    73

Elapsed time is 473.407183 seconds.

chan =

    74

Elapsed time is 468.665266 seconds.

chan =

    75

Elapsed time is 462.738483 seconds.

chan =

    76

Elapsed time is 444.218674 seconds.

chan =

    77

Elapsed time is 470.992146 seconds.

chan =

    78

Elapsed time is 467.664869 seconds.

chan =

    79

Elapsed time is 451.747322 seconds.

chan =

    80

Elapsed time is 465.775675 seconds.

chan =

    81

Elapsed time is 472.226333 seconds.

chan =

    82

Elapsed time is 447.931773 seconds.

chan =

    83

Elapsed time is 465.924143 seconds.

chan =

    84

Elapsed time is 474.685944 seconds.

chan =

    85

Elapsed time is 463.311065 seconds.

chan =

    86

Elapsed time is 470.164681 seconds.

chan =

    87

Elapsed time is 456.599877 seconds.

chan =

    88

Elapsed time is 469.080521 seconds.

chan =

    89

Elapsed time is 468.326507 seconds.

chan =

    90

Elapsed time is 456.155205 seconds.

chan =

    91

Elapsed time is 469.623906 seconds.

chan =

    92

Elapsed time is 477.788901 seconds.

chan =

    93

Elapsed time is 445.679234 seconds.

chan =

    94

Elapsed time is 464.804058 seconds.

chan =

    95

Elapsed time is 479.101151 seconds.

chan =

    96

Elapsed time is 458.488336 seconds.

chan =

    97

Elapsed time is 462.917680 seconds.

chan =

    98

Elapsed time is 469.164264 seconds.

chan =

    99

Elapsed time is 466.452630 seconds.

chan =

   100

Elapsed time is 469.046486 seconds.

chan =

   101

Elapsed time is 445.543840 seconds.

chan =

   102

Elapsed time is 443.153058 seconds.

chan =

   103

Elapsed time is 513.357420 seconds.

chan =

   104

Elapsed time is 517.642973 seconds.

chan =

   105

Elapsed time is 515.218607 seconds.

chan =

   106

Elapsed time is 517.651731 seconds.

chan =

   107

Elapsed time is 515.051678 seconds.

chan =

   108

Elapsed time is 515.181762 seconds.

chan =

   109

Elapsed time is 513.855148 seconds.

chan =

   110

Elapsed time is 514.816138 seconds.

chan =

   111

Elapsed time is 513.865801 seconds.

chan =

   112

Elapsed time is 519.808566 seconds.

chan =

   113

Elapsed time is 515.100183 seconds.

chan =

   114

Elapsed time is 515.918261 seconds.

chan =

   115

Elapsed time is 513.907428 seconds.

chan =

   116

Elapsed time is 511.878007 seconds.

chan =

   117

Elapsed time is 513.169460 seconds.

chan =

   118

Elapsed time is 508.165398 seconds.

chan =

   119

Elapsed time is 517.107177 seconds.

chan =

   120

Elapsed time is 516.281482 seconds.

chan =

   121

Elapsed time is 515.253986 seconds.

chan =

   122

Elapsed time is 515.102819 seconds.

chan =

   123

Elapsed time is 514.756773 seconds.

chan =

   124

Elapsed time is 514.898024 seconds.

chan =

   125

Elapsed time is 515.811191 seconds.

chan =

   126

Elapsed time is 515.588298 seconds.

chan =

   127

Elapsed time is 516.566220 seconds.

chan =

   128

Elapsed time is 516.792017 seconds.

chan =

   129

Elapsed time is 514.348348 seconds.

chan =

   130

Elapsed time is 513.840979 seconds.

chan =

   131

Elapsed time is 511.153412 seconds.

chan =

   132

Elapsed time is 513.930589 seconds.

chan =

   133

Elapsed time is 514.620007 seconds.

chan =

   134

Elapsed time is 456.531441 seconds.

chan =

   135

Elapsed time is 452.495797 seconds.

chan =

   136

Elapsed time is 450.708393 seconds.

chan =

   137

