getting started: 3702
attempting file: 3702
going for SLCH010 108
data loaded: SLCH010 108
HFB already done

chan =

     1

Elapsed time is 560.977266 seconds.

chan =

     2

Elapsed time is 562.530919 seconds.

chan =

     3

Elapsed time is 549.729435 seconds.

chan =

     4

Elapsed time is 541.600362 seconds.

chan =

     5

Elapsed time is 533.152706 seconds.

chan =

     6

Elapsed time is 528.981926 seconds.

chan =

     7

Elapsed time is 527.854790 seconds.

chan =

     8

Elapsed time is 526.366617 seconds.

chan =

     9

Elapsed time is 532.199786 seconds.

chan =

    10

Elapsed time is 523.500429 seconds.

chan =

    11

Elapsed time is 545.814592 seconds.

chan =

    12

Elapsed time is 503.739367 seconds.

chan =

    13

Elapsed time is 530.322539 seconds.

chan =

    14

Elapsed time is 563.147930 seconds.

chan =

    15

Elapsed time is 548.504714 seconds.

chan =

    16

Elapsed time is 562.433569 seconds.

chan =

    17

Elapsed time is 527.407232 seconds.

chan =

    18

Elapsed time is 546.576827 seconds.

chan =

    19

Elapsed time is 542.602425 seconds.

chan =

    20

Elapsed time is 553.798951 seconds.

chan =

    21

Elapsed time is 550.373186 seconds.

chan =

    22

Elapsed time is 531.292116 seconds.

chan =

    23

Elapsed time is 527.034259 seconds.

chan =

    24

Elapsed time is 534.877769 seconds.

chan =

    25

Elapsed time is 527.369114 seconds.

chan =

    26

Elapsed time is 534.011567 seconds.

chan =

    27

Elapsed time is 526.851976 seconds.

chan =

    28

Elapsed time is 532.751225 seconds.

chan =

    29

Elapsed time is 528.359572 seconds.

chan =

    30

Elapsed time is 528.930523 seconds.

chan =

    31

Elapsed time is 533.477830 seconds.

chan =

    32

Elapsed time is 523.427916 seconds.

chan =

    33

Elapsed time is 527.203079 seconds.

chan =

    34

Elapsed time is 527.376558 seconds.

chan =

    35

Elapsed time is 518.747064 seconds.

chan =

    36

Elapsed time is 523.855984 seconds.

chan =

    37

Elapsed time is 513.307006 seconds.

chan =

    38

Elapsed time is 525.770184 seconds.

chan =

    39

Elapsed time is 522.730250 seconds.

chan =

    40

Elapsed time is 520.743418 seconds.

chan =

    41

Elapsed time is 510.992083 seconds.

chan =

    42

Elapsed time is 513.106923 seconds.

chan =

    43

Elapsed time is 512.198624 seconds.

chan =

    44

Elapsed time is 507.143950 seconds.

chan =

    45

Elapsed time is 511.246847 seconds.

chan =

    46

Elapsed time is 511.072060 seconds.

chan =

    47

Elapsed time is 508.638642 seconds.

chan =

    48

Elapsed time is 510.413596 seconds.

chan =

    49

Elapsed time is 506.179050 seconds.

chan =

    50

Elapsed time is 515.898832 seconds.

chan =

    51

Elapsed time is 511.677548 seconds.

chan =

    52

Elapsed time is 514.857648 seconds.

chan =

    53

Elapsed time is 509.457858 seconds.

chan =

    54

Elapsed time is 501.712400 seconds.

chan =

    55

Elapsed time is 494.928749 seconds.

chan =

    56

Elapsed time is 489.004111 seconds.

chan =

    57

Elapsed time is 470.425573 seconds.

chan =

    58

Elapsed time is 463.394080 seconds.

chan =

    59

Elapsed time is 464.843584 seconds.

chan =

    60

Elapsed time is 467.241190 seconds.

chan =

    61

Elapsed time is 469.183849 seconds.

chan =

    62

Elapsed time is 474.031528 seconds.

chan =

    63

Elapsed time is 472.075309 seconds.

chan =

    64

Elapsed time is 473.299462 seconds.

chan =

    65

Elapsed time is 468.383799 seconds.

chan =

    66

Elapsed time is 463.090738 seconds.

chan =

    67

Elapsed time is 462.297626 seconds.

chan =

    68

Elapsed time is 467.246424 seconds.

chan =

    69

Elapsed time is 468.189684 seconds.

chan =

    70

Elapsed time is 462.773899 seconds.

chan =

    71

Elapsed time is 464.430258 seconds.

chan =

    72

Elapsed time is 464.030472 seconds.

chan =

    73

Elapsed time is 447.286295 seconds.

chan =

    74

Elapsed time is 454.218787 seconds.

chan =

    75

Elapsed time is 454.921029 seconds.

chan =

    76

Elapsed time is 452.648671 seconds.

chan =

    77

Elapsed time is 455.183052 seconds.

chan =

    78

Elapsed time is 456.021598 seconds.

chan =

    79

Elapsed time is 455.308126 seconds.

chan =

    80

Elapsed time is 456.432137 seconds.

chan =

    81

Elapsed time is 456.481115 seconds.

chan =

    82

Elapsed time is 454.654938 seconds.

chan =

    83

Elapsed time is 456.302415 seconds.

chan =

    84

Elapsed time is 457.864434 seconds.

chan =

    85

Elapsed time is 452.647470 seconds.

chan =

    86

Elapsed time is 452.944873 seconds.

chan =

    87

Elapsed time is 453.276773 seconds.

chan =

    88

Elapsed time is 440.611180 seconds.

chan =

    89

Elapsed time is 429.933503 seconds.

chan =

    90

Elapsed time is 432.486590 seconds.

chan =

    91

Elapsed time is 426.296966 seconds.

chan =

    92

Elapsed time is 427.361104 seconds.

chan =

    93

Elapsed time is 430.329396 seconds.

chan =

    94

Elapsed time is 429.858277 seconds.

chan =

    95

Elapsed time is 425.882324 seconds.

chan =

    96

Elapsed time is 427.389033 seconds.

chan =

    97

Elapsed time is 427.408707 seconds.

chan =

    98

Elapsed time is 430.269717 seconds.

chan =

    99

Elapsed time is 430.173191 seconds.

chan =

   100

Elapsed time is 430.554867 seconds.

chan =

   101

Elapsed time is 428.851512 seconds.

chan =

   102

Elapsed time is 432.390073 seconds.

chan =

   103

Elapsed time is 430.448863 seconds.

chan =

   104

Elapsed time is 427.978985 seconds.

chan =

   105

Elapsed time is 431.264653 seconds.

chan =

   106

Elapsed time is 430.968259 seconds.

chan =

   107

Elapsed time is 430.252911 seconds.

chan =

   108

Elapsed time is 424.900998 seconds.

chan =

   109

Elapsed time is 425.446282 seconds.

chan =

   110

Elapsed time is 429.537761 seconds.

chan =

   111

Elapsed time is 433.434181 seconds.

chan =

   112

Elapsed time is 428.454243 seconds.

chan =

   113

Elapsed time is 431.672622 seconds.

chan =

   114

Elapsed time is 427.805702 seconds.
attempting saving
save success: /projects/p31578/dtf8829/QuestConnect/CHANDAT/chanDat_SLCH010_108.mat
working on TF
encoding done
encoding RT done
