getting started: 3619
attempting file: 3619
going for SLCH010 25
data loaded: SLCH010 25
HFB already done

chan =

     1

Elapsed time is 575.059696 seconds.

chan =

     2

Elapsed time is 575.227730 seconds.

chan =

     3

Elapsed time is 572.039914 seconds.

chan =

     4

Elapsed time is 570.613036 seconds.

chan =

     5

Elapsed time is 567.542457 seconds.

chan =

     6

Elapsed time is 566.898632 seconds.

chan =

     7

Elapsed time is 568.753609 seconds.

chan =

     8

Elapsed time is 570.199064 seconds.

chan =

     9

Elapsed time is 569.033554 seconds.

chan =

    10

Elapsed time is 566.966137 seconds.

chan =

    11

Elapsed time is 556.101775 seconds.

chan =

    12

Elapsed time is 559.880452 seconds.

chan =

    13

Elapsed time is 556.909869 seconds.

chan =

    14

Elapsed time is 558.245030 seconds.

chan =

    15

Elapsed time is 557.710019 seconds.

chan =

    16

Elapsed time is 559.365934 seconds.

chan =

    17

Elapsed time is 559.933398 seconds.

chan =

    18

Elapsed time is 568.803327 seconds.

chan =

    19

Elapsed time is 567.676891 seconds.

chan =

    20

Elapsed time is 562.786145 seconds.

chan =

    21

Elapsed time is 568.054769 seconds.

chan =

    22

Elapsed time is 570.256995 seconds.

chan =

    23

Elapsed time is 565.789148 seconds.

chan =

    24

Elapsed time is 569.682166 seconds.

chan =

    25

Elapsed time is 568.740513 seconds.

chan =

    26

Elapsed time is 567.678833 seconds.

chan =

    27

Elapsed time is 563.913867 seconds.

chan =

    28

Elapsed time is 568.465082 seconds.

chan =

    29

Elapsed time is 565.463513 seconds.

chan =

    30

Elapsed time is 566.961950 seconds.

chan =

    31

Elapsed time is 565.483388 seconds.

chan =

    32

Elapsed time is 565.405027 seconds.

chan =

    33

Elapsed time is 565.893595 seconds.

chan =

    34

Elapsed time is 560.925993 seconds.

chan =

    35

Elapsed time is 563.017955 seconds.

chan =

    36

Elapsed time is 562.758208 seconds.

chan =

    37

Elapsed time is 564.610943 seconds.

chan =

    38

Elapsed time is 563.456373 seconds.

chan =

    39

Elapsed time is 562.548243 seconds.

chan =

    40

Elapsed time is 561.425598 seconds.

chan =

    41

Elapsed time is 549.253027 seconds.

chan =

    42

Elapsed time is 550.127075 seconds.

chan =

    43

Elapsed time is 546.829423 seconds.

chan =

    44

Elapsed time is 551.604421 seconds.

chan =

    45

Elapsed time is 547.337073 seconds.

chan =

    46

Elapsed time is 550.228242 seconds.

chan =

    47

Elapsed time is 548.558660 seconds.

chan =

    48

Elapsed time is 544.293368 seconds.

chan =

    49

Elapsed time is 548.664335 seconds.

chan =

    50

Elapsed time is 545.088727 seconds.

chan =

    51

Elapsed time is 545.918710 seconds.

chan =

    52

Elapsed time is 542.941743 seconds.

chan =

    53

Elapsed time is 546.000824 seconds.

chan =

    54

Elapsed time is 539.460148 seconds.

chan =

    55

Elapsed time is 516.534515 seconds.

chan =

    56

Elapsed time is 513.837091 seconds.

chan =

    57

Elapsed time is 512.415302 seconds.

chan =

    58

Elapsed time is 513.062887 seconds.

chan =

    59

Elapsed time is 519.931424 seconds.

chan =

    60

Elapsed time is 515.525212 seconds.

chan =

    61

Elapsed time is 516.169824 seconds.

chan =

    62

Elapsed time is 508.068570 seconds.

chan =

    63

Elapsed time is 500.659204 seconds.

chan =

    64

Elapsed time is 503.548857 seconds.

chan =

    65

Elapsed time is 505.312211 seconds.

chan =

    66

Elapsed time is 498.510707 seconds.

chan =

    67

Elapsed time is 499.678927 seconds.

chan =

    68

Elapsed time is 500.819684 seconds.

chan =

    69

Elapsed time is 499.133298 seconds.

chan =

    70

Elapsed time is 505.639178 seconds.

chan =

    71

Elapsed time is 502.826342 seconds.

chan =

    72

Elapsed time is 501.614576 seconds.

chan =

    73

Elapsed time is 499.980821 seconds.

chan =

    74

Elapsed time is 497.378732 seconds.

chan =

    75

Elapsed time is 500.213215 seconds.

chan =

    76

Elapsed time is 501.646106 seconds.

chan =

    77

Elapsed time is 503.471610 seconds.

chan =

    78

Elapsed time is 498.227518 seconds.

chan =

    79

Elapsed time is 500.315982 seconds.

chan =

    80

Elapsed time is 500.825830 seconds.

chan =

    81

Elapsed time is 503.014280 seconds.

chan =

    82

Elapsed time is 507.815435 seconds.

chan =

    83

Elapsed time is 501.692617 seconds.

chan =

    84

Elapsed time is 500.472611 seconds.

chan =

    85

Elapsed time is 501.778605 seconds.

chan =

    86

Elapsed time is 503.023708 seconds.

chan =

    87

Elapsed time is 504.423373 seconds.

chan =

    88

Elapsed time is 495.477659 seconds.

chan =

    89

Elapsed time is 496.590958 seconds.

chan =

    90

Elapsed time is 478.987769 seconds.

chan =

    91

Elapsed time is 439.894321 seconds.

chan =

    92

Elapsed time is 430.349249 seconds.

chan =

    93

Elapsed time is 431.791458 seconds.

chan =

    94

Elapsed time is 431.675704 seconds.

chan =

    95

Elapsed time is 431.434400 seconds.

chan =

    96

Elapsed time is 431.379501 seconds.

chan =

    97

Elapsed time is 432.076908 seconds.

chan =

    98

Elapsed time is 431.806277 seconds.

chan =

    99

Elapsed time is 432.523274 seconds.

chan =

   100

Elapsed time is 432.563699 seconds.

chan =

   101

Elapsed time is 429.672883 seconds.

chan =

   102

Elapsed time is 422.079364 seconds.

chan =

   103

Elapsed time is 415.975749 seconds.

chan =

   104

Elapsed time is 416.795988 seconds.

chan =

   105

Elapsed time is 416.235298 seconds.

chan =

   106

Elapsed time is 417.144570 seconds.

chan =

   107

Elapsed time is 414.233353 seconds.

chan =

   108

Elapsed time is 415.804099 seconds.

chan =

   109

Elapsed time is 416.110465 seconds.

chan =

   110

Elapsed time is 416.300489 seconds.

chan =

   111

Elapsed time is 415.861719 seconds.

chan =

   112

Elapsed time is 415.127137 seconds.

chan =

   113

Elapsed time is 419.805569 seconds.

chan =

   114

Elapsed time is 418.954999 seconds.
attempting saving
save success: /projects/p31578/dtf8829/QuestConnect/CHANDAT/chanDat_SLCH010_025.mat
working on TF
