getting started: 3001
attempting file: 3001
going for OH30 100
data loaded: OH30 100
HFB already done

chan =

     1

Elapsed time is 463.930858 seconds.

chan =

     2

Elapsed time is 476.990406 seconds.

chan =

     3

Elapsed time is 497.885206 seconds.

chan =

     4

Elapsed time is 496.788433 seconds.

chan =

     5

Elapsed time is 497.697369 seconds.

chan =

     6

Elapsed time is 498.746043 seconds.

chan =

     7

Elapsed time is 498.447320 seconds.

chan =

     8

Elapsed time is 494.900645 seconds.

chan =

     9

Elapsed time is 495.028612 seconds.

chan =

    10

Elapsed time is 490.752086 seconds.

chan =

    11

Elapsed time is 494.179272 seconds.

chan =

    12

Elapsed time is 481.125191 seconds.

chan =

    13

Elapsed time is 462.933726 seconds.

chan =

    14

Elapsed time is 463.113963 seconds.

chan =

    15

Elapsed time is 464.409559 seconds.

chan =

    16

Elapsed time is 460.804732 seconds.

chan =

    17

Elapsed time is 460.099883 seconds.

chan =

    18

Elapsed time is 461.571118 seconds.

chan =

    19

Elapsed time is 463.729391 seconds.

chan =

    20

Elapsed time is 462.953199 seconds.

chan =

    21

Elapsed time is 461.796936 seconds.

chan =

    22

Elapsed time is 460.472633 seconds.

chan =

    23

Elapsed time is 462.648104 seconds.

chan =

    24

Elapsed time is 461.650786 seconds.

chan =

    25

Elapsed time is 465.044705 seconds.

chan =

    26

Elapsed time is 461.840140 seconds.

chan =

    27

Elapsed time is 461.929340 seconds.

chan =

    28

Elapsed time is 462.715027 seconds.

chan =

    29

Elapsed time is 464.323084 seconds.

chan =

    30

Elapsed time is 462.885581 seconds.

chan =

    31

Elapsed time is 463.568600 seconds.

chan =

    32

Elapsed time is 460.768783 seconds.

chan =

    33

Elapsed time is 458.462125 seconds.

chan =

    34

Elapsed time is 459.102042 seconds.

chan =

    35

Elapsed time is 442.231972 seconds.

chan =

    36

Elapsed time is 419.400743 seconds.

chan =

    37

Elapsed time is 392.736801 seconds.

chan =

    38

Elapsed time is 383.146501 seconds.

chan =

    39

Elapsed time is 380.102189 seconds.

chan =

    40

Elapsed time is 382.318490 seconds.

chan =

    41

Elapsed time is 382.269157 seconds.

chan =

    42

Elapsed time is 382.500085 seconds.

chan =

    43

Elapsed time is 383.480283 seconds.

chan =

    44

Elapsed time is 379.849560 seconds.

chan =

    45

Elapsed time is 382.150574 seconds.

chan =

    46

Elapsed time is 378.716907 seconds.

chan =

    47

Elapsed time is 380.428428 seconds.

chan =

    48

Elapsed time is 376.506829 seconds.

chan =

    49

Elapsed time is 379.723309 seconds.

chan =

    50

Elapsed time is 397.261334 seconds.

chan =

    51

Elapsed time is 399.859961 seconds.

chan =

    52

Elapsed time is 398.830096 seconds.

chan =

    53

Elapsed time is 397.603804 seconds.

chan =

    54

Elapsed time is 398.782428 seconds.

chan =

    55

Elapsed time is 396.828361 seconds.

chan =

    56

Elapsed time is 397.785617 seconds.

chan =

    57

Elapsed time is 399.635739 seconds.

chan =

    58

Elapsed time is 397.486560 seconds.

chan =

    59

Elapsed time is 398.969057 seconds.

chan =

    60

Elapsed time is 394.944944 seconds.

chan =

    61

Elapsed time is 399.935930 seconds.

chan =

    62

Elapsed time is 395.590342 seconds.

chan =

    63

Elapsed time is 397.356552 seconds.

chan =

    64

Elapsed time is 396.755022 seconds.

chan =

    65

Elapsed time is 397.490529 seconds.

chan =

    66

Elapsed time is 395.560338 seconds.

chan =

    67

Elapsed time is 397.038519 seconds.

chan =

    68

Elapsed time is 384.329458 seconds.

chan =

    69

Elapsed time is 380.977929 seconds.

chan =

    70

Elapsed time is 377.564546 seconds.

chan =

    71

Elapsed time is 382.321144 seconds.

chan =

    72

Elapsed time is 382.438573 seconds.

chan =

    73

Elapsed time is 382.394001 seconds.

chan =

    74

Elapsed time is 373.720354 seconds.

chan =

    75

Elapsed time is 377.665847 seconds.

chan =

    76

Elapsed time is 370.249341 seconds.

chan =

    77

Elapsed time is 377.261471 seconds.

chan =

    78

Elapsed time is 373.158108 seconds.

chan =

    79

Elapsed time is 373.950065 seconds.

chan =

    80

Elapsed time is 374.881230 seconds.

chan =

    81

Elapsed time is 373.504752 seconds.

chan =

    82

Elapsed time is 370.789261 seconds.

chan =

    83

Elapsed time is 375.026984 seconds.

chan =

    84

Elapsed time is 374.002014 seconds.

chan =

    85

Elapsed time is 374.316401 seconds.

chan =

    86

Elapsed time is 372.800497 seconds.

chan =

    87

Elapsed time is 374.858308 seconds.

chan =

    88

Elapsed time is 374.878707 seconds.

chan =

    89

Elapsed time is 377.246096 seconds.

chan =

    90

Elapsed time is 374.485285 seconds.

chan =

    91

Elapsed time is 373.122515 seconds.

chan =

    92

Elapsed time is 373.453720 seconds.

chan =

    93

Elapsed time is 374.577146 seconds.

chan =

    94

Elapsed time is 391.557052 seconds.

chan =

    95

Elapsed time is 407.847218 seconds.

chan =

    96

Elapsed time is 404.926750 seconds.

chan =

    97

Elapsed time is 390.582942 seconds.

chan =

    98

Elapsed time is 402.021369 seconds.

chan =

    99

Elapsed time is 402.180155 seconds.

chan =

   100

Elapsed time is 399.520255 seconds.

chan =

   101

Elapsed time is 396.295880 seconds.

chan =

   102

Elapsed time is 398.614937 seconds.

chan =

   103

Elapsed time is 398.920577 seconds.

chan =

   104

Elapsed time is 397.527095 seconds.

chan =

   105

Elapsed time is 404.587154 seconds.

chan =

   106

Elapsed time is 400.356791 seconds.

chan =

   107

Elapsed time is 401.151356 seconds.

chan =

   108

Elapsed time is 401.267453 seconds.

chan =

   109

Elapsed time is 399.059226 seconds.

chan =

   110

Elapsed time is 398.060065 seconds.

chan =

   111

Elapsed time is 404.427449 seconds.

chan =

   112

Elapsed time is 398.796426 seconds.

chan =

   113

Elapsed time is 403.778781 seconds.

chan =

   114

Elapsed time is 400.575890 seconds.

chan =

   115

Elapsed time is 402.749948 seconds.

chan =

   116

Elapsed time is 400.648796 seconds.

chan =

   117

Elapsed time is 400.231091 seconds.

chan =

   118

Elapsed time is 399.075362 seconds.

chan =

   119

Elapsed time is 403.879116 seconds.

chan =

   120

Elapsed time is 403.619193 seconds.

chan =

   121

Elapsed time is 402.041212 seconds.

chan =

   122

Elapsed time is 401.819290 seconds.

chan =

   123

Elapsed time is 404.393616 seconds.

chan =

   124

Elapsed time is 399.982843 seconds.

chan =

   125

Elapsed time is 403.775860 seconds.

chan =

   126

Elapsed time is 402.019148 seconds.

chan =

   127

Elapsed time is 401.913669 seconds.

chan =

   128

Elapsed time is 403.624538 seconds.

chan =

   129

Elapsed time is 401.775003 seconds.

chan =

   130

Elapsed time is 401.732407 seconds.

chan =

   131

Elapsed time is 399.668139 seconds.

chan =

   132

Elapsed time is 403.998437 seconds.

chan =

   133

Elapsed time is 403.779843 seconds.

chan =

   134

Elapsed time is 383.527704 seconds.

chan =

   135

Elapsed time is 380.942876 seconds.

chan =

   136

Elapsed time is 376.363726 seconds.

chan =

   137

Elapsed time is 377.368418 seconds.

chan =

   138

Elapsed time is 377.529548 seconds.

chan =

   139

Elapsed time is 376.808117 seconds.
attempting saving
save success: /projects/p31578/dtf8829/QuestConnect/CHANDAT/chanDat_OH30_100.mat
working on TF
encoding done
encoding RT done
