getting started: 3669
attempting file: 3669
going for SLCH010 75
data loaded: SLCH010 75
HFB already done

chan =

     1

Elapsed time is 661.689087 seconds.

chan =

     2

Elapsed time is 631.809733 seconds.

chan =

     3

Elapsed time is 615.649896 seconds.

chan =

     4

Elapsed time is 615.926701 seconds.

chan =

     5

Elapsed time is 610.610135 seconds.

chan =

     6

Elapsed time is 608.793518 seconds.

chan =

     7

Elapsed time is 608.624056 seconds.

chan =

     8

Elapsed time is 611.784948 seconds.

chan =

     9

Elapsed time is 621.221937 seconds.

chan =

    10

Elapsed time is 645.655981 seconds.

chan =

    11

Elapsed time is 639.568859 seconds.

chan =

    12

Elapsed time is 633.294398 seconds.

chan =

    13

Elapsed time is 636.680729 seconds.

chan =

    14

Elapsed time is 635.279626 seconds.

chan =

    15

Elapsed time is 624.705045 seconds.

chan =

    16

Elapsed time is 633.036213 seconds.

chan =

    17

Elapsed time is 631.789977 seconds.

chan =

    18

Elapsed time is 630.075441 seconds.

chan =

    19

Elapsed time is 630.060037 seconds.

chan =

    20

Elapsed time is 633.740243 seconds.

chan =

    21

Elapsed time is 615.097533 seconds.

chan =

    22

Elapsed time is 604.764233 seconds.

chan =

    23

Elapsed time is 605.688701 seconds.

chan =

    24

Elapsed time is 607.514737 seconds.

chan =

    25

Elapsed time is 608.307420 seconds.

chan =

    26

Elapsed time is 606.394370 seconds.

chan =

    27

Elapsed time is 604.671026 seconds.

chan =

    28

Elapsed time is 602.552348 seconds.

chan =

    29

Elapsed time is 601.384554 seconds.

chan =

    30

Elapsed time is 602.978706 seconds.

chan =

    31

Elapsed time is 600.414234 seconds.

chan =

    32

Elapsed time is 601.870146 seconds.

chan =

    33

Elapsed time is 602.555988 seconds.

chan =

    34

Elapsed time is 554.837438 seconds.

chan =

    35

Elapsed time is 725.675675 seconds.

chan =

    36

Elapsed time is 709.356474 seconds.

chan =

    37

Elapsed time is 688.473272 seconds.

chan =

    38

Elapsed time is 532.866959 seconds.

chan =

    39

Elapsed time is 522.085949 seconds.

chan =

    40

Elapsed time is 584.611436 seconds.

chan =

    41

Elapsed time is 580.002893 seconds.

chan =

    42

Elapsed time is 550.681450 seconds.

chan =

    43

Elapsed time is 569.246964 seconds.

chan =

    44

Elapsed time is 572.428600 seconds.

chan =

    45

Elapsed time is 533.249008 seconds.

chan =

    46

Elapsed time is 469.732387 seconds.

chan =

    47

Elapsed time is 469.268458 seconds.

chan =

    48

Elapsed time is 472.116627 seconds.

chan =

    49

Elapsed time is 477.492024 seconds.

chan =

    50

Elapsed time is 508.923700 seconds.

chan =

    51

Elapsed time is 522.169811 seconds.

chan =

    52

Elapsed time is 524.015605 seconds.

chan =

    53

Elapsed time is 520.126747 seconds.

chan =

    54

Elapsed time is 519.862316 seconds.

chan =

    55

Elapsed time is 492.669529 seconds.

chan =

    56

Elapsed time is 547.728377 seconds.

chan =

    57

Elapsed time is 554.239518 seconds.

chan =

    58

Elapsed time is 552.437138 seconds.

chan =

    59

Elapsed time is 563.523662 seconds.

chan =

    60

Elapsed time is 559.746961 seconds.

chan =

    61

Elapsed time is 564.350024 seconds.

chan =

    62

Elapsed time is 563.741959 seconds.

chan =

    63

Elapsed time is 519.570464 seconds.

chan =

    64

Elapsed time is 462.206175 seconds.

chan =

    65

Elapsed time is 513.089078 seconds.

chan =

    66

Elapsed time is 504.389936 seconds.

chan =

    67

Elapsed time is 466.879519 seconds.

chan =

    68

Elapsed time is 466.933599 seconds.

chan =

    69

Elapsed time is 467.074957 seconds.

chan =

    70

Elapsed time is 467.308122 seconds.

chan =

    71

Elapsed time is 467.168401 seconds.

chan =

    72

Elapsed time is 468.329969 seconds.

chan =

    73

Elapsed time is 468.564764 seconds.

chan =

    74

Elapsed time is 467.890245 seconds.

chan =

    75

Elapsed time is 467.637384 seconds.

chan =

    76

Elapsed time is 466.483285 seconds.

chan =

    77

Elapsed time is 466.776999 seconds.

chan =

    78

Elapsed time is 465.418839 seconds.

chan =

    79

Elapsed time is 459.733762 seconds.

chan =

    80

Elapsed time is 460.317302 seconds.

chan =

    81

Elapsed time is 460.801041 seconds.

chan =

    82

Elapsed time is 460.555957 seconds.

chan =

    83

Elapsed time is 458.914697 seconds.

chan =

    84

Elapsed time is 461.926981 seconds.

chan =

    85

Elapsed time is 461.709041 seconds.

chan =

    86

Elapsed time is 460.709076 seconds.

chan =

    87

Elapsed time is 457.032463 seconds.

chan =

    88

Elapsed time is 458.999748 seconds.

chan =

    89

Elapsed time is 461.397658 seconds.

chan =

    90

Elapsed time is 461.460525 seconds.

chan =

    91

Elapsed time is 460.422846 seconds.

chan =

    92

Elapsed time is 462.133631 seconds.

chan =

    93

Elapsed time is 459.801709 seconds.

chan =

    94

Elapsed time is 459.223467 seconds.

chan =

    95

Elapsed time is 457.115798 seconds.

chan =

    96

Elapsed time is 459.206019 seconds.

chan =

    97

Elapsed time is 457.537353 seconds.

chan =

    98

Elapsed time is 460.033722 seconds.

chan =

    99

Elapsed time is 460.151321 seconds.

chan =

   100

Elapsed time is 461.043680 seconds.

chan =

   101

Elapsed time is 461.887735 seconds.

chan =

   102

Elapsed time is 462.402730 seconds.

chan =

   103

Elapsed time is 462.137833 seconds.

chan =

   104

Elapsed time is 463.089738 seconds.

chan =

   105

Elapsed time is 463.084331 seconds.

chan =

   106

Elapsed time is 461.565762 seconds.

chan =

   107

Elapsed time is 461.549017 seconds.

chan =

   108

Elapsed time is 462.005931 seconds.

chan =

   109

Elapsed time is 461.963724 seconds.

chan =

   110

Elapsed time is 463.777283 seconds.

chan =

   111

Elapsed time is 462.187930 seconds.

chan =

   112

Elapsed time is 461.900453 seconds.

chan =

   113

Elapsed time is 463.385452 seconds.

chan =

   114

Elapsed time is 443.316566 seconds.
attempting saving
save success: /projects/p31578/dtf8829/QuestConnect/CHANDAT/chanDat_SLCH010_075.mat
working on TF
