getting started: 3291
attempting file: 3291
going for SD5 40
data loaded: SD5 40
HFB already done

chan =

     1

Elapsed time is 301.020919 seconds.

chan =

     2

Elapsed time is 307.508057 seconds.

chan =

     3

Elapsed time is 304.206048 seconds.

chan =

     4

Elapsed time is 302.004150 seconds.

chan =

     5

Elapsed time is 299.977078 seconds.

chan =

     6

Elapsed time is 296.537324 seconds.

chan =

     7

Elapsed time is 296.536928 seconds.

chan =

     8

Elapsed time is 296.587773 seconds.

chan =

     9

Elapsed time is 296.424568 seconds.

chan =

    10

Elapsed time is 297.242894 seconds.

chan =

    11

Elapsed time is 296.656687 seconds.

chan =

    12

Elapsed time is 296.176583 seconds.

chan =

    13

Elapsed time is 295.238729 seconds.

chan =

    14

Elapsed time is 293.792731 seconds.

chan =

    15

Elapsed time is 294.604015 seconds.

chan =

    16

Elapsed time is 292.984060 seconds.

chan =

    17

Elapsed time is 293.932358 seconds.

chan =

    18

Elapsed time is 293.312722 seconds.

chan =

    19

Elapsed time is 293.293076 seconds.

chan =

    20

Elapsed time is 291.687266 seconds.

chan =

    21

Elapsed time is 291.097473 seconds.

chan =

    22

Elapsed time is 296.846636 seconds.

chan =

    23

Elapsed time is 302.217156 seconds.

chan =

    24

Elapsed time is 302.648505 seconds.

chan =

    25

Elapsed time is 301.011504 seconds.

chan =

    26

Elapsed time is 302.586499 seconds.

chan =

    27

Elapsed time is 301.915795 seconds.

chan =

    28

Elapsed time is 295.985770 seconds.

chan =

    29

Elapsed time is 296.068634 seconds.

chan =

    30

Elapsed time is 298.516060 seconds.

chan =

    31

Elapsed time is 296.736522 seconds.

chan =

    32

Elapsed time is 294.605263 seconds.

chan =

    33

Elapsed time is 290.430421 seconds.

chan =

    34

Elapsed time is 294.978119 seconds.

chan =

    35

Elapsed time is 290.916294 seconds.

chan =

    36

Elapsed time is 290.347193 seconds.

chan =

    37

Elapsed time is 276.859418 seconds.

chan =

    38

Elapsed time is 288.415227 seconds.

chan =

    39

Elapsed time is 267.712741 seconds.

chan =

    40

Elapsed time is 267.223723 seconds.

chan =

    41

Elapsed time is 269.852369 seconds.

chan =

    42

Elapsed time is 262.085293 seconds.

chan =

    43

Elapsed time is 274.344001 seconds.

chan =

    44

Elapsed time is 269.754859 seconds.

chan =

    45

Elapsed time is 260.468639 seconds.

chan =

    46

Elapsed time is 270.421994 seconds.

chan =

    47

Elapsed time is 272.162138 seconds.

chan =

    48

Elapsed time is 246.716861 seconds.

chan =

    49

Elapsed time is 236.171486 seconds.

chan =

    50

Elapsed time is 231.937028 seconds.

chan =

    51

Elapsed time is 231.197709 seconds.

chan =

    52

Elapsed time is 231.252369 seconds.

chan =

    53

Elapsed time is 231.034823 seconds.

chan =

    54

Elapsed time is 241.681476 seconds.

chan =

    55

Elapsed time is 234.866958 seconds.

chan =

    56

Elapsed time is 231.191498 seconds.

chan =

    57

Elapsed time is 237.327481 seconds.

chan =

    58

Elapsed time is 245.289828 seconds.

chan =

    59

Elapsed time is 246.205336 seconds.

chan =

    60

Elapsed time is 247.267832 seconds.

chan =

    61

Elapsed time is 246.283880 seconds.

chan =

    62

Elapsed time is 245.670361 seconds.

chan =

    63

Elapsed time is 246.523892 seconds.

chan =

    64

Elapsed time is 246.095152 seconds.

chan =

    65

Elapsed time is 246.436163 seconds.

chan =

    66

Elapsed time is 245.284904 seconds.

chan =

    67

Elapsed time is 245.579923 seconds.

chan =

    68

Elapsed time is 246.299681 seconds.

chan =

    69

Elapsed time is 246.084701 seconds.

chan =

    70

Elapsed time is 246.379520 seconds.

chan =

    71

Elapsed time is 248.371110 seconds.

chan =

    72

Elapsed time is 248.509072 seconds.

chan =

    73

Elapsed time is 237.526457 seconds.

chan =

    74

Elapsed time is 235.708878 seconds.

chan =

    75

Elapsed time is 238.443928 seconds.

chan =

    76

Elapsed time is 241.751556 seconds.

chan =

    77

Elapsed time is 238.198939 seconds.

chan =

    78

Elapsed time is 234.413418 seconds.

chan =

    79

Elapsed time is 265.649677 seconds.

chan =

    80

Elapsed time is 353.115201 seconds.

chan =

    81

Elapsed time is 348.557306 seconds.

chan =

    82

Elapsed time is 349.692795 seconds.

chan =

    83

Elapsed time is 349.484619 seconds.

chan =

    84

Elapsed time is 340.893466 seconds.

chan =

    85

Elapsed time is 347.335323 seconds.

chan =

    86

Elapsed time is 335.650219 seconds.

chan =

    87

Elapsed time is 336.771009 seconds.

chan =

    88

Elapsed time is 347.681150 seconds.

chan =

    89

Elapsed time is 337.661106 seconds.

chan =

    90

Elapsed time is 338.400917 seconds.

chan =

    91

Elapsed time is 337.919417 seconds.

chan =

    92

Elapsed time is 337.844758 seconds.

chan =

    93

Elapsed time is 336.391121 seconds.

chan =

    94

Elapsed time is 333.807985 seconds.

chan =

    95

Elapsed time is 329.083295 seconds.

chan =

    96

Elapsed time is 345.608330 seconds.

chan =

    97

Elapsed time is 336.583789 seconds.

chan =

    98

Elapsed time is 346.199602 seconds.

chan =

    99

Elapsed time is 337.485340 seconds.

chan =

   100

Elapsed time is 318.982389 seconds.

chan =

   101

Elapsed time is 242.662759 seconds.

chan =

   102

Elapsed time is 256.403977 seconds.

chan =

   103

Elapsed time is 254.510415 seconds.

chan =

   104

Elapsed time is 243.356830 seconds.

chan =

   105

Elapsed time is 245.530101 seconds.

chan =

   106

Elapsed time is 264.071081 seconds.

chan =

   107

Elapsed time is 257.214540 seconds.

chan =

   108

Elapsed time is 239.897293 seconds.

chan =

   109

Elapsed time is 226.147684 seconds.

