getting started: 3280
attempting file: 3280
going for SD5 29
data loaded: SD5 29
HFB already done

chan =

     1

Elapsed time is 284.571399 seconds.

chan =

     2

Elapsed time is 294.083167 seconds.

chan =

     3

Elapsed time is 297.492344 seconds.

chan =

     4

Elapsed time is 293.240617 seconds.

chan =

     5

Elapsed time is 285.826076 seconds.

chan =

     6

Elapsed time is 287.059142 seconds.

chan =

     7

Elapsed time is 284.343214 seconds.

chan =

     8

Elapsed time is 266.532686 seconds.

chan =

     9

Elapsed time is 253.255768 seconds.

chan =

    10

Elapsed time is 254.234670 seconds.

chan =

    11

Elapsed time is 292.047082 seconds.

chan =

    12

Elapsed time is 292.216787 seconds.

chan =

    13

Elapsed time is 292.521129 seconds.

chan =

    14

Elapsed time is 292.180234 seconds.

chan =

    15

Elapsed time is 293.330918 seconds.

chan =

    16

Elapsed time is 294.471448 seconds.

chan =

    17

Elapsed time is 293.344612 seconds.

chan =

    18

Elapsed time is 290.648784 seconds.

chan =

    19

Elapsed time is 290.585723 seconds.

chan =

    20

Elapsed time is 290.412373 seconds.

chan =

    21

Elapsed time is 291.802938 seconds.

chan =

    22

Elapsed time is 294.038173 seconds.

chan =

    23

Elapsed time is 295.074298 seconds.

chan =

    24

Elapsed time is 295.728473 seconds.

chan =

    25

Elapsed time is 295.799948 seconds.

chan =

    26

Elapsed time is 294.403371 seconds.

chan =

    27

Elapsed time is 289.982649 seconds.

chan =

    28

Elapsed time is 287.858667 seconds.

chan =

    29

Elapsed time is 282.564108 seconds.

chan =

    30

Elapsed time is 287.801429 seconds.

chan =

    31

Elapsed time is 284.890749 seconds.

chan =

    32

Elapsed time is 284.474755 seconds.

chan =

    33

Elapsed time is 286.208949 seconds.

chan =

    34

Elapsed time is 288.343317 seconds.

chan =

    35

Elapsed time is 289.218727 seconds.

chan =

    36

Elapsed time is 289.200949 seconds.

chan =

    37

Elapsed time is 286.873356 seconds.

chan =

    38

Elapsed time is 287.857578 seconds.

chan =

    39

Elapsed time is 287.125208 seconds.

chan =

    40

Elapsed time is 285.700269 seconds.

chan =

    41

Elapsed time is 285.515720 seconds.

chan =

    42

Elapsed time is 284.952746 seconds.

chan =

    43

Elapsed time is 283.861101 seconds.

chan =

    44

Elapsed time is 286.074607 seconds.

chan =

    45

Elapsed time is 284.854221 seconds.

chan =

    46

Elapsed time is 288.851325 seconds.

chan =

    47

Elapsed time is 286.610605 seconds.

chan =

    48

Elapsed time is 286.475438 seconds.

chan =

    49

Elapsed time is 283.268954 seconds.

chan =

    50

Elapsed time is 283.360949 seconds.

chan =

    51

Elapsed time is 283.654029 seconds.

chan =

    52

Elapsed time is 284.511078 seconds.

chan =

    53

Elapsed time is 282.079579 seconds.

chan =

    54

Elapsed time is 284.495811 seconds.

chan =

    55

Elapsed time is 281.683639 seconds.

chan =

    56

Elapsed time is 283.228042 seconds.

chan =

    57

Elapsed time is 282.878880 seconds.

chan =

    58

Elapsed time is 281.302276 seconds.

chan =

    59

Elapsed time is 284.429333 seconds.

chan =

    60

Elapsed time is 285.136095 seconds.

chan =

    61

Elapsed time is 283.045505 seconds.

chan =

    62

Elapsed time is 283.225696 seconds.

chan =

    63

Elapsed time is 282.900725 seconds.

chan =

    64

Elapsed time is 284.492805 seconds.

chan =

    65

Elapsed time is 282.793862 seconds.

chan =

    66

Elapsed time is 281.752329 seconds.

chan =

    67

Elapsed time is 281.152917 seconds.

chan =

    68

Elapsed time is 283.076011 seconds.

chan =

    69

Elapsed time is 282.417660 seconds.

chan =

    70

Elapsed time is 282.449228 seconds.

chan =

    71

Elapsed time is 281.619026 seconds.

chan =

    72

Elapsed time is 280.348725 seconds.

chan =

    73

Elapsed time is 279.583289 seconds.

chan =

    74

Elapsed time is 281.991618 seconds.

chan =

    75

Elapsed time is 280.792517 seconds.

chan =

    76

Elapsed time is 280.536997 seconds.

chan =

    77

Elapsed time is 282.951365 seconds.

chan =

    78

Elapsed time is 286.088870 seconds.

chan =

    79

Elapsed time is 283.720994 seconds.

chan =

    80

Elapsed time is 283.993931 seconds.

chan =

    81

Elapsed time is 283.034019 seconds.

chan =

    82

Elapsed time is 285.177490 seconds.

chan =

    83

Elapsed time is 284.388823 seconds.

chan =

    84

Elapsed time is 286.473926 seconds.

chan =

    85

Elapsed time is 283.167169 seconds.

chan =

    86

Elapsed time is 286.404450 seconds.

chan =

    87

Elapsed time is 284.059376 seconds.

chan =

    88

Elapsed time is 286.030902 seconds.

chan =

    89

Elapsed time is 284.802335 seconds.

chan =

    90

Elapsed time is 285.021494 seconds.

chan =

    91

Elapsed time is 285.422689 seconds.

chan =

    92

Elapsed time is 284.842349 seconds.

chan =

    93

Elapsed time is 285.114139 seconds.

chan =

    94

Elapsed time is 284.037863 seconds.

chan =

    95

Elapsed time is 284.710743 seconds.

chan =

    96

Elapsed time is 283.505157 seconds.

chan =

    97

Elapsed time is 284.588898 seconds.

chan =

    98

Elapsed time is 286.310009 seconds.

chan =

    99

Elapsed time is 283.367597 seconds.

chan =

   100

Elapsed time is 284.035899 seconds.

chan =

   101

Elapsed time is 284.273359 seconds.

chan =

   102

Elapsed time is 283.234858 seconds.

chan =

   103

Elapsed time is 283.569851 seconds.

chan =

   104

Elapsed time is 283.244192 seconds.

chan =

   105

Elapsed time is 281.891510 seconds.

chan =

   106

Elapsed time is 282.350716 seconds.

chan =

   107

Elapsed time is 281.165116 seconds.

chan =

   108

Elapsed time is 281.815232 seconds.

chan =

   109

Elapsed time is 280.721284 seconds.

