getting started: 3616
attempting file: 3616
going for SLCH010 22
data loaded: SLCH010 22
HFB already done

chan =

     1

Elapsed time is 547.702227 seconds.

chan =

     2

Elapsed time is 547.492173 seconds.

chan =

     3

Elapsed time is 533.155710 seconds.

chan =

     4

Elapsed time is 540.371721 seconds.

chan =

     5

Elapsed time is 537.561829 seconds.

chan =

     6

Elapsed time is 537.017662 seconds.

chan =

     7

Elapsed time is 530.329341 seconds.

chan =

     8

Elapsed time is 542.809585 seconds.

chan =

     9

Elapsed time is 540.244167 seconds.

chan =

    10

Elapsed time is 532.283848 seconds.

chan =

    11

Elapsed time is 526.579310 seconds.

chan =

    12

Elapsed time is 533.604045 seconds.

chan =

    13

Elapsed time is 533.727633 seconds.

chan =

    14

Elapsed time is 537.184731 seconds.

chan =

    15

Elapsed time is 533.005211 seconds.

chan =

    16

Elapsed time is 541.410821 seconds.

chan =

    17

Elapsed time is 537.063563 seconds.

chan =

    18

Elapsed time is 533.384063 seconds.

chan =

    19

Elapsed time is 542.968430 seconds.

chan =

    20

Elapsed time is 536.910201 seconds.

chan =

    21

Elapsed time is 524.751107 seconds.

chan =

    22

Elapsed time is 534.843996 seconds.

chan =

    23

Elapsed time is 524.143747 seconds.

chan =

    24

Elapsed time is 533.390570 seconds.

chan =

    25

Elapsed time is 537.313635 seconds.

chan =

    26

Elapsed time is 537.604978 seconds.

chan =

    27

Elapsed time is 529.314199 seconds.

chan =

    28

Elapsed time is 526.804061 seconds.

chan =

    29

Elapsed time is 533.689011 seconds.

chan =

    30

Elapsed time is 525.590540 seconds.

chan =

    31

Elapsed time is 531.246224 seconds.

chan =

    32

Elapsed time is 528.023205 seconds.

chan =

    33

Elapsed time is 537.062259 seconds.

chan =

    34

Elapsed time is 532.740087 seconds.

chan =

    35

Elapsed time is 539.502058 seconds.

chan =

    36

Elapsed time is 535.420563 seconds.

chan =

    37

Elapsed time is 536.502533 seconds.

chan =

    38

Elapsed time is 539.049931 seconds.

chan =

    39

Elapsed time is 516.774156 seconds.

chan =

    40

Elapsed time is 526.369452 seconds.

chan =

    41

Elapsed time is 507.590720 seconds.

chan =

    42

Elapsed time is 534.254005 seconds.

chan =

    43

Elapsed time is 533.896650 seconds.

chan =

    44

Elapsed time is 533.544029 seconds.

chan =

    45

Elapsed time is 535.900948 seconds.

chan =

    46

Elapsed time is 536.874474 seconds.

chan =

    47

Elapsed time is 521.100488 seconds.

chan =

    48

Elapsed time is 530.911921 seconds.

chan =

    49

Elapsed time is 540.177353 seconds.

chan =

    50

Elapsed time is 538.569128 seconds.

chan =

    51

Elapsed time is 518.634359 seconds.

chan =

    52

Elapsed time is 529.169757 seconds.

chan =

    53

Elapsed time is 528.475797 seconds.

chan =

    54

Elapsed time is 530.780360 seconds.

chan =

    55

Elapsed time is 535.542804 seconds.

chan =

    56

Elapsed time is 534.495383 seconds.

chan =

    57

Elapsed time is 531.645031 seconds.

chan =

    58

Elapsed time is 529.936802 seconds.

chan =

    59

Elapsed time is 530.976061 seconds.

chan =

    60

Elapsed time is 535.732930 seconds.

chan =

    61

Elapsed time is 538.117756 seconds.

chan =

    62

Elapsed time is 527.006601 seconds.

chan =

    63

Elapsed time is 519.873236 seconds.

chan =

    64

Elapsed time is 532.581567 seconds.

chan =

    65

Elapsed time is 533.777737 seconds.

chan =

    66

Elapsed time is 537.789194 seconds.

chan =

    67

Elapsed time is 531.135952 seconds.

chan =

    68

Elapsed time is 537.961841 seconds.

chan =

    69

Elapsed time is 536.846740 seconds.

chan =

    70

Elapsed time is 524.755158 seconds.

chan =

    71

Elapsed time is 534.262242 seconds.

chan =

    72

Elapsed time is 536.247684 seconds.

chan =

    73

Elapsed time is 526.767538 seconds.

chan =

    74

Elapsed time is 536.421060 seconds.

chan =

    75

Elapsed time is 527.682550 seconds.

chan =

    76

Elapsed time is 533.397520 seconds.

chan =

    77

Elapsed time is 520.314769 seconds.

chan =

    78

Elapsed time is 518.808562 seconds.

chan =

    79

Elapsed time is 543.958819 seconds.

chan =

    80

Elapsed time is 532.209952 seconds.

chan =

    81

Elapsed time is 532.982948 seconds.

chan =

    82

Elapsed time is 527.787058 seconds.

chan =

    83

Elapsed time is 522.590511 seconds.

chan =

    84

Elapsed time is 540.977486 seconds.

chan =

    85

Elapsed time is 525.902539 seconds.

chan =

    86

Elapsed time is 523.513636 seconds.

chan =

    87

Elapsed time is 537.804211 seconds.

chan =

    88

Elapsed time is 529.054821 seconds.

chan =

    89

Elapsed time is 526.965672 seconds.

chan =

    90

Elapsed time is 537.528601 seconds.

chan =

    91

Elapsed time is 519.112425 seconds.

chan =

    92

Elapsed time is 499.689288 seconds.

chan =

    93

Elapsed time is 482.343198 seconds.

chan =

    94

Elapsed time is 477.445567 seconds.

chan =

    95

Elapsed time is 534.268048 seconds.

chan =

    96

Elapsed time is 567.332348 seconds.

chan =

    97

Elapsed time is 567.550080 seconds.

chan =

    98

Elapsed time is 570.779010 seconds.

chan =

    99

Elapsed time is 565.289690 seconds.

chan =

   100

Elapsed time is 551.330859 seconds.

chan =

   101

Elapsed time is 552.109075 seconds.

chan =

   102

Elapsed time is 560.603701 seconds.

chan =

   103

Elapsed time is 568.090965 seconds.

chan =

   104

Elapsed time is 569.715898 seconds.

chan =

   105

Elapsed time is 559.830201 seconds.

chan =

   106

Elapsed time is 572.522951 seconds.

chan =

   107

Elapsed time is 567.595375 seconds.

chan =

   108

Elapsed time is 561.986826 seconds.

chan =

   109

Elapsed time is 567.385632 seconds.

chan =

   110

Elapsed time is 559.522229 seconds.

chan =

   111

Elapsed time is 572.579452 seconds.

chan =

   112

Elapsed time is 549.394353 seconds.

chan =

   113

Elapsed time is 560.300867 seconds.

chan =

   114

Elapsed time is 563.177747 seconds.
attempting saving
save success: /projects/p31578/dtf8829/QuestConnect/CHANDAT/chanDat_SLCH010_022.mat
working on TF
