getting started: 3317
attempting file: 3317
going for SD5 66
data loaded: SD5 66
HFB already done

chan =

     1

Elapsed time is 273.927021 seconds.

chan =

     2

Elapsed time is 269.957713 seconds.

chan =

     3

Elapsed time is 271.177523 seconds.

chan =

     4

Elapsed time is 273.514894 seconds.

chan =

     5

Elapsed time is 270.990194 seconds.

chan =

     6

Elapsed time is 270.917164 seconds.

chan =

     7

Elapsed time is 269.224206 seconds.

chan =

     8

Elapsed time is 268.580519 seconds.

chan =

     9

Elapsed time is 268.473476 seconds.

chan =

    10

Elapsed time is 269.458467 seconds.

chan =

    11

Elapsed time is 268.252545 seconds.

chan =

    12

Elapsed time is 267.546856 seconds.

chan =

    13

Elapsed time is 262.615507 seconds.

chan =

    14

Elapsed time is 259.678304 seconds.

chan =

    15

Elapsed time is 254.828790 seconds.

chan =

    16

Elapsed time is 255.176529 seconds.

chan =

    17

Elapsed time is 257.658993 seconds.

chan =

    18

Elapsed time is 258.401009 seconds.

chan =

    19

Elapsed time is 252.442080 seconds.

chan =

    20

Elapsed time is 248.155868 seconds.

chan =

    21

Elapsed time is 245.082905 seconds.

chan =

    22

Elapsed time is 248.616585 seconds.

chan =

    23

Elapsed time is 247.698245 seconds.

chan =

    24

Elapsed time is 249.677649 seconds.

chan =

    25

Elapsed time is 263.596103 seconds.

chan =

    26

Elapsed time is 270.931932 seconds.

chan =

    27

Elapsed time is 266.892186 seconds.

chan =

    28

Elapsed time is 269.574415 seconds.

chan =

    29

Elapsed time is 263.356373 seconds.

chan =

    30

Elapsed time is 270.914588 seconds.

chan =

    31

Elapsed time is 267.314841 seconds.

chan =

    32

Elapsed time is 272.880740 seconds.

chan =

    33

Elapsed time is 270.487197 seconds.

chan =

    34

Elapsed time is 253.285997 seconds.

chan =

    35

Elapsed time is 276.114578 seconds.

chan =

    36

Elapsed time is 270.746186 seconds.

chan =

    37

Elapsed time is 261.837478 seconds.

chan =

    38

Elapsed time is 269.201975 seconds.

chan =

    39

Elapsed time is 274.045312 seconds.

chan =

    40

Elapsed time is 254.158646 seconds.

chan =

    41

Elapsed time is 261.612218 seconds.

chan =

    42

Elapsed time is 273.981455 seconds.

chan =

    43

Elapsed time is 268.650147 seconds.

chan =

    44

Elapsed time is 261.485678 seconds.

chan =

    45

Elapsed time is 255.986017 seconds.

chan =

    46

Elapsed time is 273.611704 seconds.

chan =

    47

Elapsed time is 272.092982 seconds.

chan =

    48

Elapsed time is 250.995868 seconds.

chan =

    49

Elapsed time is 246.622894 seconds.

chan =

    50

Elapsed time is 247.543690 seconds.

chan =

    51

Elapsed time is 247.033902 seconds.

chan =

    52

Elapsed time is 255.518215 seconds.

chan =

    53

Elapsed time is 245.933248 seconds.

chan =

    54

Elapsed time is 239.812527 seconds.

chan =

    55

Elapsed time is 238.673587 seconds.

chan =

    56

Elapsed time is 240.058665 seconds.

chan =

    57

Elapsed time is 239.521099 seconds.

chan =

    58

Elapsed time is 239.354979 seconds.

chan =

    59

Elapsed time is 252.527994 seconds.

chan =

    60

Elapsed time is 239.694377 seconds.

chan =

    61

Elapsed time is 238.396243 seconds.

chan =

    62

Elapsed time is 249.254041 seconds.

chan =

    63

Elapsed time is 252.353777 seconds.

chan =

    64

Elapsed time is 253.149455 seconds.

chan =

    65

Elapsed time is 252.710392 seconds.

chan =

    66

Elapsed time is 252.266417 seconds.

chan =

    67

Elapsed time is 251.198759 seconds.

chan =

    68

Elapsed time is 253.536448 seconds.

chan =

    69

Elapsed time is 252.972281 seconds.

chan =

    70

Elapsed time is 254.168221 seconds.

chan =

    71

Elapsed time is 250.931001 seconds.

chan =

    72

Elapsed time is 252.329085 seconds.

chan =

    73

Elapsed time is 251.495677 seconds.

chan =

    74

Elapsed time is 253.892441 seconds.

chan =

    75

Elapsed time is 253.296192 seconds.

chan =

    76

Elapsed time is 252.075348 seconds.

chan =

    77

Elapsed time is 244.187614 seconds.

chan =

    78

Elapsed time is 236.570286 seconds.

chan =

    79

Elapsed time is 236.599627 seconds.

chan =

    80

Elapsed time is 241.911484 seconds.

chan =

    81

Elapsed time is 241.411393 seconds.

chan =

    82

Elapsed time is 242.051399 seconds.

chan =

    83

Elapsed time is 241.377932 seconds.

chan =

    84

Elapsed time is 242.518199 seconds.

chan =

    85

Elapsed time is 239.411391 seconds.

chan =

    86

Elapsed time is 237.605600 seconds.

chan =

    87

Elapsed time is 234.777322 seconds.

chan =

    88

Elapsed time is 233.666828 seconds.

chan =

    89

Elapsed time is 233.734883 seconds.

chan =

    90

Elapsed time is 234.841123 seconds.

chan =

    91

Elapsed time is 233.593804 seconds.

chan =

    92

Elapsed time is 234.344164 seconds.

chan =

    93

Elapsed time is 233.744015 seconds.

chan =

    94

Elapsed time is 234.527937 seconds.

chan =

    95

Elapsed time is 233.784261 seconds.

chan =

    96

Elapsed time is 232.948663 seconds.

chan =

    97

Elapsed time is 261.717535 seconds.

chan =

    98

Elapsed time is 264.764781 seconds.

chan =

    99

Elapsed time is 263.494013 seconds.

chan =

   100

Elapsed time is 263.410548 seconds.

chan =

   101

Elapsed time is 253.593623 seconds.

chan =

   102

Elapsed time is 259.412215 seconds.

chan =

   103

Elapsed time is 264.385690 seconds.

chan =

   104

Elapsed time is 264.278898 seconds.

chan =

   105

Elapsed time is 263.741040 seconds.

chan =

   106

Elapsed time is 255.170016 seconds.

chan =

   107

Elapsed time is 256.304259 seconds.

chan =

   108

Elapsed time is 264.409176 seconds.

chan =

   109

Elapsed time is 259.451551 seconds.

