getting started: 3012
attempting file: 3012
going for OH30 111
data loaded: OH30 111
HFB already done

chan =

     1

Elapsed time is 512.981951 seconds.

chan =

     2

Elapsed time is 388.464694 seconds.

chan =

     3

Elapsed time is 540.730878 seconds.

chan =

     4

Elapsed time is 560.024054 seconds.

chan =

     5

Elapsed time is 560.817463 seconds.

chan =

     6

Elapsed time is 559.375584 seconds.

chan =

     7

Elapsed time is 557.727605 seconds.

chan =

     8

Elapsed time is 560.712551 seconds.

chan =

     9

Elapsed time is 558.614983 seconds.

chan =

    10

Elapsed time is 555.409710 seconds.

chan =

    11

Elapsed time is 557.871325 seconds.

chan =

    12

Elapsed time is 557.522154 seconds.

chan =

    13

Elapsed time is 555.955574 seconds.

chan =

    14

Elapsed time is 553.962438 seconds.

chan =

    15

Elapsed time is 539.299977 seconds.

chan =

    16

Elapsed time is 528.140274 seconds.

chan =

    17

Elapsed time is 513.949500 seconds.

chan =

    18

Elapsed time is 525.231250 seconds.

chan =

    19

Elapsed time is 482.912575 seconds.

chan =

    20

Elapsed time is 492.779651 seconds.

chan =

    21

Elapsed time is 464.948877 seconds.

chan =

    22

Elapsed time is 459.138108 seconds.

chan =

    23

Elapsed time is 480.251710 seconds.

chan =

    24

Elapsed time is 466.241368 seconds.

chan =

    25

Elapsed time is 435.148501 seconds.

chan =

    26

Elapsed time is 466.692195 seconds.

chan =

    27

Elapsed time is 411.271804 seconds.

chan =

    28

Elapsed time is 429.915153 seconds.

chan =

    29

Elapsed time is 397.902882 seconds.

chan =

    30

Elapsed time is 384.361917 seconds.

chan =

    31

Elapsed time is 382.237573 seconds.

chan =

    32

Elapsed time is 376.737883 seconds.

chan =

    33

Elapsed time is 377.510136 seconds.

chan =

    34

Elapsed time is 378.197504 seconds.

chan =

    35

Elapsed time is 376.428854 seconds.

chan =

    36

Elapsed time is 376.380302 seconds.

chan =

    37

Elapsed time is 376.659095 seconds.

chan =

    38

Elapsed time is 378.610822 seconds.

chan =

    39

Elapsed time is 376.131399 seconds.

chan =

    40

Elapsed time is 376.808208 seconds.

chan =

    41

Elapsed time is 376.355759 seconds.

chan =

    42

Elapsed time is 378.057251 seconds.

chan =

    43

Elapsed time is 376.665352 seconds.

chan =

    44

Elapsed time is 373.935452 seconds.

chan =

    45

Elapsed time is 373.513187 seconds.

chan =

    46

Elapsed time is 374.701861 seconds.

chan =

    47

Elapsed time is 377.395159 seconds.

chan =

    48

Elapsed time is 371.309313 seconds.

chan =

    49

Elapsed time is 376.595254 seconds.

chan =

    50

Elapsed time is 375.497318 seconds.

chan =

    51

Elapsed time is 375.270143 seconds.

chan =

    52

Elapsed time is 375.056921 seconds.

chan =

    53

Elapsed time is 375.155483 seconds.

chan =

    54

Elapsed time is 374.893070 seconds.

chan =

    55

Elapsed time is 372.808818 seconds.

chan =

    56

Elapsed time is 371.643437 seconds.

chan =

    57

Elapsed time is 356.904444 seconds.

chan =

    58

Elapsed time is 357.800933 seconds.

chan =

    59

Elapsed time is 357.420193 seconds.

chan =

    60

Elapsed time is 360.481348 seconds.

chan =

    61

Elapsed time is 356.079734 seconds.

chan =

    62

Elapsed time is 359.601094 seconds.

chan =

    63

Elapsed time is 357.832433 seconds.

chan =

    64

Elapsed time is 439.632679 seconds.

chan =

    65

Elapsed time is 438.716172 seconds.

chan =

    66

Elapsed time is 400.123732 seconds.

chan =

    67

Elapsed time is 363.663345 seconds.

chan =

    68

Elapsed time is 365.714952 seconds.

chan =

    69

Elapsed time is 377.794027 seconds.

chan =

    70

Elapsed time is 369.731070 seconds.

chan =

    71

Elapsed time is 357.129154 seconds.

chan =

    72

Elapsed time is 392.888105 seconds.

chan =

    73

Elapsed time is 390.764603 seconds.

chan =

    74

Elapsed time is 392.288134 seconds.

chan =

    75

Elapsed time is 385.755548 seconds.

chan =

    76

Elapsed time is 383.393745 seconds.

chan =

    77

Elapsed time is 381.811609 seconds.

chan =

    78

Elapsed time is 405.507977 seconds.

chan =

    79

Elapsed time is 382.268922 seconds.

chan =

    80

Elapsed time is 439.094717 seconds.

chan =

    81

Elapsed time is 435.255572 seconds.

chan =

    82

Elapsed time is 436.114805 seconds.

chan =

    83

Elapsed time is 419.951107 seconds.

chan =

    84

Elapsed time is 411.417081 seconds.

chan =

    85

Elapsed time is 416.064864 seconds.

chan =

    86

Elapsed time is 411.622159 seconds.

chan =

    87

Elapsed time is 332.664360 seconds.

chan =

    88

Elapsed time is 368.743213 seconds.

chan =

    89

Elapsed time is 376.992227 seconds.

chan =

    90

Elapsed time is 377.520603 seconds.

chan =

    91

Elapsed time is 376.779023 seconds.

chan =

    92

Elapsed time is 376.103737 seconds.

chan =

    93

Elapsed time is 375.109145 seconds.

chan =

    94

Elapsed time is 375.052013 seconds.

chan =

    95

Elapsed time is 377.832495 seconds.

chan =

    96

Elapsed time is 376.806073 seconds.

chan =

    97

Elapsed time is 376.475913 seconds.

chan =

    98

Elapsed time is 376.942848 seconds.

chan =

    99

Elapsed time is 377.261638 seconds.

chan =

   100

Elapsed time is 376.604423 seconds.

chan =

   101

Elapsed time is 374.942802 seconds.

chan =

   102

Elapsed time is 375.490643 seconds.

chan =

   103

Elapsed time is 377.402976 seconds.

chan =

   104

Elapsed time is 377.286969 seconds.

chan =

   105

Elapsed time is 377.864425 seconds.

chan =

   106

Elapsed time is 377.629670 seconds.

chan =

   107

Elapsed time is 378.175910 seconds.

chan =

   108

Elapsed time is 376.871063 seconds.

chan =

   109

Elapsed time is 375.842804 seconds.

chan =

   110

Elapsed time is 375.891186 seconds.

chan =

   111

Elapsed time is 375.984397 seconds.

chan =

   112

Elapsed time is 377.691117 seconds.

chan =

   113

Elapsed time is 378.209815 seconds.

chan =

   114

Elapsed time is 377.750986 seconds.

chan =

   115

Elapsed time is 377.953338 seconds.

chan =

   116

Elapsed time is 377.785862 seconds.

chan =

   117

Elapsed time is 351.497316 seconds.

chan =

   118

Elapsed time is 348.537771 seconds.

chan =

   119

Elapsed time is 353.450959 seconds.

chan =

   120

Elapsed time is 354.933648 seconds.

chan =

   121

Elapsed time is 378.190942 seconds.

chan =

   122

Elapsed time is 378.948202 seconds.

chan =

   123

Elapsed time is 378.310780 seconds.

chan =

   124

Elapsed time is 377.797955 seconds.

chan =

   125

Elapsed time is 378.628285 seconds.

chan =

   126

Elapsed time is 375.486205 seconds.

chan =

   127

Elapsed time is 345.994012 seconds.

chan =

   128

Elapsed time is 335.363909 seconds.

chan =

   129

Elapsed time is 334.827767 seconds.

chan =

   130

Elapsed time is 334.837671 seconds.

chan =

   131

Elapsed time is 333.145270 seconds.

chan =

   132

Elapsed time is 335.023030 seconds.

chan =

   133

Elapsed time is 335.797118 seconds.

chan =

   134

Elapsed time is 336.321011 seconds.

chan =

   135

Elapsed time is 335.955758 seconds.

chan =

   136

Elapsed time is 335.121214 seconds.

chan =

   137

Elapsed time is 335.013716 seconds.

chan =

   138

Elapsed time is 335.239420 seconds.

chan =

   139

Elapsed time is 333.363592 seconds.
attempting saving
save success: /projects/p31578/dtf8829/QuestConnect/CHANDAT/chanDat_OH30_111.mat
working on TF
encoding done
encoding RT done
