getting started: 3328
attempting file: 3328
going for SD5 77
data loaded: SD5 77
HFB already done

chan =

     1

Elapsed time is 260.664814 seconds.

chan =

     2

Elapsed time is 254.867426 seconds.

chan =

     3

Elapsed time is 264.966457 seconds.

chan =

     4

Elapsed time is 265.621126 seconds.

chan =

     5

Elapsed time is 262.562101 seconds.

chan =

     6

Elapsed time is 259.774043 seconds.

chan =

     7

Elapsed time is 266.436111 seconds.

chan =

     8

Elapsed time is 262.913632 seconds.

chan =

     9

Elapsed time is 263.402671 seconds.

chan =

    10

Elapsed time is 261.458361 seconds.

chan =

    11

Elapsed time is 262.088912 seconds.

chan =

    12

Elapsed time is 260.320897 seconds.

chan =

    13

Elapsed time is 257.833136 seconds.

chan =

    14

Elapsed time is 257.631289 seconds.

chan =

    15

Elapsed time is 261.069320 seconds.

chan =

    16

Elapsed time is 258.568343 seconds.

chan =

    17

Elapsed time is 255.899904 seconds.

chan =

    18

Elapsed time is 250.631187 seconds.

chan =

    19

Elapsed time is 256.210304 seconds.

chan =

    20

Elapsed time is 255.187976 seconds.

chan =

    21

Elapsed time is 250.994519 seconds.

chan =

    22

Elapsed time is 256.443070 seconds.

chan =

    23

Elapsed time is 257.284088 seconds.

chan =

    24

Elapsed time is 253.026131 seconds.

chan =

    25

Elapsed time is 262.421222 seconds.

chan =

    26

Elapsed time is 272.905932 seconds.

chan =

    27

Elapsed time is 276.858637 seconds.

chan =

    28

Elapsed time is 273.004882 seconds.

chan =

    29

Elapsed time is 272.728434 seconds.

chan =

    30

Elapsed time is 259.452450 seconds.

chan =

    31

Elapsed time is 273.645346 seconds.

chan =

    32

Elapsed time is 277.507938 seconds.

chan =

    33

Elapsed time is 276.251098 seconds.

chan =

    34

Elapsed time is 280.291086 seconds.

chan =

    35

Elapsed time is 282.365550 seconds.

chan =

    36

Elapsed time is 279.483743 seconds.

chan =

    37

Elapsed time is 268.170451 seconds.

chan =

    38

Elapsed time is 276.543580 seconds.

chan =

    39

Elapsed time is 267.175388 seconds.

chan =

    40

Elapsed time is 282.546486 seconds.

chan =

    41

Elapsed time is 265.279902 seconds.

chan =

    42

Elapsed time is 277.559830 seconds.

chan =

    43

Elapsed time is 276.163991 seconds.

chan =

    44

Elapsed time is 275.451857 seconds.

chan =

    45

Elapsed time is 267.361070 seconds.

chan =

    46

Elapsed time is 276.301277 seconds.

chan =

    47

Elapsed time is 268.528823 seconds.

chan =

    48

Elapsed time is 269.919062 seconds.

chan =

    49

Elapsed time is 260.041920 seconds.

chan =

    50

Elapsed time is 266.315721 seconds.

chan =

    51

Elapsed time is 262.729073 seconds.

chan =

    52

Elapsed time is 263.746996 seconds.

chan =

    53

Elapsed time is 257.088610 seconds.

chan =

    54

Elapsed time is 257.315477 seconds.

chan =

    55

Elapsed time is 259.455020 seconds.

chan =

    56

Elapsed time is 257.094671 seconds.

chan =

    57

Elapsed time is 253.229691 seconds.

chan =

    58

Elapsed time is 253.144317 seconds.

chan =

    59

Elapsed time is 254.359116 seconds.

chan =

    60

Elapsed time is 258.136782 seconds.

chan =

    61

Elapsed time is 249.439439 seconds.

chan =

    62

Elapsed time is 246.415354 seconds.

chan =

    63

Elapsed time is 226.640034 seconds.

chan =

    64

Elapsed time is 256.389809 seconds.

chan =

    65

Elapsed time is 254.086886 seconds.

chan =

    66

Elapsed time is 253.148545 seconds.

chan =

    67

Elapsed time is 243.576892 seconds.

chan =

    68

Elapsed time is 230.278596 seconds.

chan =

    69

Elapsed time is 247.901160 seconds.

chan =

    70

Elapsed time is 250.894381 seconds.

chan =

    71

Elapsed time is 245.032931 seconds.

chan =

    72

Elapsed time is 245.759463 seconds.

chan =

    73

Elapsed time is 233.958566 seconds.

chan =

    74

Elapsed time is 239.055009 seconds.

chan =

    75

Elapsed time is 248.502092 seconds.

chan =

    76

Elapsed time is 246.039530 seconds.

chan =

    77

Elapsed time is 245.978915 seconds.

chan =

    78

Elapsed time is 244.497311 seconds.

chan =

    79

Elapsed time is 233.455700 seconds.

chan =

    80

Elapsed time is 245.753509 seconds.

chan =

    81

Elapsed time is 245.448038 seconds.

chan =

    82

Elapsed time is 248.013966 seconds.

chan =

    83

Elapsed time is 246.317393 seconds.

chan =

    84

Elapsed time is 219.318599 seconds.

chan =

    85

Elapsed time is 244.620027 seconds.

chan =

    86

Elapsed time is 247.743612 seconds.

chan =

    87

Elapsed time is 246.324885 seconds.

chan =

    88

Elapsed time is 241.632232 seconds.

chan =

    89

Elapsed time is 232.825362 seconds.

chan =

    90

Elapsed time is 206.250246 seconds.

chan =

    91

Elapsed time is 216.528073 seconds.

chan =

    92

Elapsed time is 241.409401 seconds.

chan =

    93

Elapsed time is 238.348866 seconds.

chan =

    94

Elapsed time is 240.255001 seconds.

chan =

    95

Elapsed time is 238.966735 seconds.

chan =

    96

Elapsed time is 219.753253 seconds.

chan =

    97

Elapsed time is 229.399778 seconds.

chan =

    98

Elapsed time is 241.990146 seconds.

chan =

    99

Elapsed time is 241.990648 seconds.

chan =

   100

Elapsed time is 241.610584 seconds.

chan =

   101

Elapsed time is 240.582149 seconds.

chan =

   102

Elapsed time is 205.834241 seconds.

chan =

   103

Elapsed time is 200.653146 seconds.

chan =

   104

Elapsed time is 200.401943 seconds.

chan =

   105

Elapsed time is 211.351046 seconds.

chan =

   106

Elapsed time is 197.926858 seconds.

chan =

   107

Elapsed time is 199.286967 seconds.

chan =

   108

Elapsed time is 199.180890 seconds.

chan =

   109

Elapsed time is 201.949254 seconds.

