getting started: 3007
attempting file: 3007
going for OH30 106
data loaded: OH30 106
HFB already done

chan =

     1

Elapsed time is 552.192215 seconds.

chan =

     2

Elapsed time is 546.596503 seconds.

chan =

     3

Elapsed time is 539.766587 seconds.

chan =

     4

Elapsed time is 584.759257 seconds.

chan =

     5

Elapsed time is 581.900895 seconds.

chan =

     6

Elapsed time is 585.026045 seconds.

chan =

     7

Elapsed time is 577.857972 seconds.

chan =

     8

Elapsed time is 575.025578 seconds.

chan =

     9

Elapsed time is 566.947292 seconds.

chan =

    10

Elapsed time is 566.973280 seconds.

chan =

    11

Elapsed time is 568.309049 seconds.

chan =

    12

Elapsed time is 568.930655 seconds.

chan =

    13

Elapsed time is 563.153191 seconds.

chan =

    14

Elapsed time is 568.647225 seconds.

chan =

    15

Elapsed time is 567.411195 seconds.

chan =

    16

Elapsed time is 571.911657 seconds.

chan =

    17

Elapsed time is 566.533589 seconds.

chan =

    18

Elapsed time is 571.266128 seconds.

chan =

    19

Elapsed time is 572.032134 seconds.

chan =

    20

Elapsed time is 565.137307 seconds.

chan =

    21

Elapsed time is 578.430204 seconds.

chan =

    22

Elapsed time is 566.115157 seconds.

chan =

    23

Elapsed time is 554.087733 seconds.

chan =

    24

Elapsed time is 547.520679 seconds.

chan =

    25

Elapsed time is 545.257137 seconds.

chan =

    26

Elapsed time is 554.481498 seconds.

chan =

    27

Elapsed time is 540.985960 seconds.

chan =

    28

Elapsed time is 549.114880 seconds.

chan =

    29

Elapsed time is 542.198854 seconds.

chan =

    30

Elapsed time is 546.285537 seconds.

chan =

    31

Elapsed time is 546.797814 seconds.

chan =

    32

Elapsed time is 528.862503 seconds.

chan =

    33

Elapsed time is 542.469660 seconds.

chan =

    34

Elapsed time is 543.463113 seconds.

chan =

    35

Elapsed time is 534.970788 seconds.

chan =

    36

Elapsed time is 544.727223 seconds.

chan =

    37

Elapsed time is 547.744371 seconds.

chan =

    38

Elapsed time is 541.462686 seconds.

chan =

    39

Elapsed time is 543.459330 seconds.

chan =

    40

Elapsed time is 543.260087 seconds.

chan =

    41

Elapsed time is 547.021459 seconds.

chan =

    42

Elapsed time is 544.999908 seconds.

chan =

    43

Elapsed time is 538.745481 seconds.

chan =

    44

Elapsed time is 541.267760 seconds.

chan =

    45

Elapsed time is 540.034704 seconds.

chan =

    46

Elapsed time is 546.465432 seconds.

chan =

    47

Elapsed time is 545.752724 seconds.

chan =

    48

Elapsed time is 545.135163 seconds.

chan =

    49

Elapsed time is 550.019590 seconds.

chan =

    50

Elapsed time is 543.457325 seconds.

chan =

    51

Elapsed time is 551.012713 seconds.

chan =

    52

Elapsed time is 550.304398 seconds.

chan =

    53

Elapsed time is 540.233465 seconds.

chan =

    54

Elapsed time is 550.961314 seconds.

chan =

    55

Elapsed time is 548.146896 seconds.

chan =

    56

Elapsed time is 556.889286 seconds.

chan =

    57

Elapsed time is 539.758813 seconds.

chan =

    58

Elapsed time is 536.261070 seconds.

chan =

    59

Elapsed time is 540.239869 seconds.

chan =

    60

Elapsed time is 527.176712 seconds.

chan =

    61

Elapsed time is 540.319833 seconds.

chan =

    62

Elapsed time is 537.241735 seconds.

chan =

    63

Elapsed time is 536.673905 seconds.

chan =

    64

Elapsed time is 541.874407 seconds.

chan =

    65

Elapsed time is 533.368764 seconds.

chan =

    66

Elapsed time is 537.028424 seconds.

chan =

    67

Elapsed time is 540.453862 seconds.

chan =

    68

Elapsed time is 539.993925 seconds.

chan =

    69

Elapsed time is 542.069745 seconds.

chan =

    70

Elapsed time is 535.437559 seconds.

chan =

    71

Elapsed time is 535.774141 seconds.

chan =

    72

Elapsed time is 529.675178 seconds.

chan =

    73

Elapsed time is 527.947538 seconds.

chan =

    74

Elapsed time is 536.117108 seconds.

chan =

    75

Elapsed time is 526.346801 seconds.

chan =

    76

Elapsed time is 522.833613 seconds.

chan =

    77

Elapsed time is 517.390194 seconds.

chan =

    78

Elapsed time is 514.178661 seconds.

chan =

    79

Elapsed time is 518.373211 seconds.

chan =

    80

Elapsed time is 518.619092 seconds.

chan =

    81

Elapsed time is 518.765344 seconds.

chan =

    82

Elapsed time is 515.478380 seconds.

chan =

    83

Elapsed time is 517.324006 seconds.

chan =

    84

Elapsed time is 520.216065 seconds.

chan =

    85

Elapsed time is 515.565186 seconds.

chan =

    86

Elapsed time is 518.696766 seconds.

chan =

    87

Elapsed time is 518.024256 seconds.

chan =

    88

Elapsed time is 516.171639 seconds.

chan =

    89

Elapsed time is 524.291128 seconds.

chan =

    90

Elapsed time is 521.169986 seconds.

chan =

    91

Elapsed time is 520.290077 seconds.

chan =

    92

Elapsed time is 502.403228 seconds.

chan =

    93

Elapsed time is 466.010799 seconds.

chan =

    94

Elapsed time is 458.622242 seconds.

chan =

    95

Elapsed time is 462.422797 seconds.

chan =

    96

Elapsed time is 461.465452 seconds.

chan =

    97

Elapsed time is 459.428041 seconds.

chan =

    98

Elapsed time is 461.282735 seconds.

chan =

    99

Elapsed time is 461.194707 seconds.

chan =

   100

Elapsed time is 462.135142 seconds.

chan =

   101

Elapsed time is 457.413212 seconds.

chan =

   102

Elapsed time is 459.757971 seconds.

chan =

   103

Elapsed time is 463.063738 seconds.

chan =

   104

Elapsed time is 469.760095 seconds.

chan =

   105

Elapsed time is 468.458559 seconds.

chan =

   106

Elapsed time is 467.669416 seconds.

chan =

   107

Elapsed time is 468.680356 seconds.

chan =

   108

Elapsed time is 467.353137 seconds.

chan =

   109

Elapsed time is 468.353453 seconds.

chan =

   110

Elapsed time is 468.582642 seconds.

chan =

   111

Elapsed time is 466.270134 seconds.

chan =

   112

Elapsed time is 465.298551 seconds.

chan =

   113

Elapsed time is 468.837691 seconds.

chan =

   114

Elapsed time is 465.534789 seconds.

chan =

   115

Elapsed time is 465.263785 seconds.

chan =

   116

Elapsed time is 466.096397 seconds.

chan =

   117

Elapsed time is 465.627542 seconds.

chan =

   118

Elapsed time is 465.917934 seconds.

chan =

   119

Elapsed time is 467.410361 seconds.

chan =

   120

Elapsed time is 467.102299 seconds.

chan =

   121

Elapsed time is 468.360829 seconds.

chan =

   122

Elapsed time is 467.212134 seconds.

chan =

   123

Elapsed time is 444.719749 seconds.

chan =

   124

Elapsed time is 410.509391 seconds.

chan =

   125

Elapsed time is 410.731673 seconds.

chan =

   126

Elapsed time is 407.791596 seconds.

chan =

   127

Elapsed time is 408.679368 seconds.

chan =

   128

Elapsed time is 408.076219 seconds.

chan =

   129

Elapsed time is 411.612947 seconds.

chan =

   130

Elapsed time is 408.871271 seconds.

chan =

   131

