getting started: 3296
attempting file: 3296
going for SD5 45
data loaded: SD5 45
HFB already done

chan =

     1

Elapsed time is 304.758959 seconds.

chan =

     2

Elapsed time is 307.518177 seconds.

chan =

     3

Elapsed time is 305.945901 seconds.

chan =

     4

Elapsed time is 319.600584 seconds.

chan =

     5

Elapsed time is 302.970951 seconds.

chan =

     6

Elapsed time is 299.896690 seconds.

chan =

     7

Elapsed time is 299.876376 seconds.

chan =

     8

Elapsed time is 300.347404 seconds.

chan =

     9

Elapsed time is 300.031095 seconds.

chan =

    10

Elapsed time is 300.288467 seconds.

chan =

    11

Elapsed time is 300.788362 seconds.

chan =

    12

Elapsed time is 299.957461 seconds.

chan =

    13

Elapsed time is 298.841054 seconds.

chan =

    14

Elapsed time is 297.663948 seconds.

chan =

    15

Elapsed time is 298.559295 seconds.

chan =

    16

Elapsed time is 296.503854 seconds.

chan =

    17

Elapsed time is 298.076503 seconds.

chan =

    18

Elapsed time is 297.088737 seconds.

chan =

    19

Elapsed time is 296.621043 seconds.

chan =

    20

Elapsed time is 294.298905 seconds.

chan =

    21

Elapsed time is 293.879320 seconds.

chan =

    22

Elapsed time is 303.360328 seconds.

chan =

    23

Elapsed time is 306.909613 seconds.

chan =

    24

Elapsed time is 305.271847 seconds.

chan =

    25

Elapsed time is 304.843589 seconds.

chan =

    26

Elapsed time is 306.952742 seconds.

chan =

    27

Elapsed time is 305.977718 seconds.

chan =

    28

Elapsed time is 298.911628 seconds.

chan =

    29

Elapsed time is 300.545588 seconds.

chan =

    30

Elapsed time is 301.981435 seconds.

chan =

    31

Elapsed time is 297.818315 seconds.

chan =

    32

Elapsed time is 298.825877 seconds.

chan =

    33

Elapsed time is 296.668601 seconds.

chan =

    34

Elapsed time is 293.561737 seconds.

chan =

    35

Elapsed time is 295.736409 seconds.

chan =

    36

Elapsed time is 287.788442 seconds.

chan =

    37

Elapsed time is 284.336962 seconds.

chan =

    38

Elapsed time is 281.889643 seconds.

chan =

    39

Elapsed time is 263.337598 seconds.

chan =

    40

Elapsed time is 278.678013 seconds.

chan =

    41

Elapsed time is 268.511477 seconds.

chan =

    42

Elapsed time is 270.324686 seconds.

chan =

    43

Elapsed time is 280.711749 seconds.

chan =

    44

Elapsed time is 264.909887 seconds.

chan =

    45

Elapsed time is 268.889299 seconds.

chan =

    46

Elapsed time is 279.807236 seconds.

chan =

    47

Elapsed time is 254.238723 seconds.

chan =

    48

Elapsed time is 244.428628 seconds.

chan =

    49

Elapsed time is 236.091568 seconds.

chan =

    50

Elapsed time is 234.193263 seconds.

chan =

    51

Elapsed time is 235.502339 seconds.

chan =

    52

Elapsed time is 234.727415 seconds.

chan =

    53

Elapsed time is 240.999326 seconds.

chan =

    54

Elapsed time is 242.711599 seconds.

chan =

    55

Elapsed time is 234.889623 seconds.

chan =

    56

Elapsed time is 236.638760 seconds.

chan =

    57

Elapsed time is 249.176690 seconds.

chan =

    58

Elapsed time is 248.863870 seconds.

chan =

    59

Elapsed time is 250.592074 seconds.

chan =

    60

Elapsed time is 249.664580 seconds.

chan =

    61

Elapsed time is 249.279914 seconds.

chan =

    62

Elapsed time is 248.812040 seconds.

chan =

    63

Elapsed time is 249.206007 seconds.

chan =

    64

Elapsed time is 249.282440 seconds.

chan =

    65

Elapsed time is 249.333125 seconds.

chan =

    66

Elapsed time is 249.506368 seconds.

chan =

    67

Elapsed time is 248.908333 seconds.

chan =

    68

Elapsed time is 248.076605 seconds.

chan =

    69

Elapsed time is 248.136768 seconds.

chan =

    70

Elapsed time is 249.444035 seconds.

chan =

    71

Elapsed time is 251.742361 seconds.

chan =

    72

Elapsed time is 239.145151 seconds.

chan =

    73

Elapsed time is 237.245512 seconds.

chan =

    74

Elapsed time is 239.283972 seconds.

chan =

    75

Elapsed time is 244.511480 seconds.

chan =

    76

Elapsed time is 240.546808 seconds.

chan =

    77

Elapsed time is 236.940276 seconds.

chan =

    78

Elapsed time is 264.778950 seconds.

chan =

    79

Elapsed time is 356.338598 seconds.

chan =

    80

Elapsed time is 351.354201 seconds.

chan =

    81

Elapsed time is 352.725554 seconds.

chan =

    82

Elapsed time is 351.793985 seconds.

chan =

    83

Elapsed time is 344.041334 seconds.

chan =

    84

Elapsed time is 350.292012 seconds.

chan =

    85

Elapsed time is 340.910210 seconds.

chan =

    86

Elapsed time is 339.487069 seconds.

chan =

    87

Elapsed time is 349.863497 seconds.

chan =

    88

Elapsed time is 339.359064 seconds.

chan =

    89

Elapsed time is 340.325658 seconds.

chan =

    90

Elapsed time is 340.610780 seconds.

chan =

    91

Elapsed time is 340.114769 seconds.

chan =

    92

Elapsed time is 334.766903 seconds.

chan =

    93

Elapsed time is 343.319985 seconds.

chan =

    94

Elapsed time is 329.562560 seconds.

chan =

    95

Elapsed time is 349.352163 seconds.

chan =

    96

Elapsed time is 337.768964 seconds.

chan =

    97

Elapsed time is 349.259063 seconds.

chan =

    98

Elapsed time is 341.531941 seconds.

chan =

    99

Elapsed time is 306.259711 seconds.

chan =

   100

Elapsed time is 243.486028 seconds.

chan =

   101

Elapsed time is 267.870532 seconds.

chan =

   102

Elapsed time is 250.225769 seconds.

chan =

   103

Elapsed time is 242.572531 seconds.

chan =

   104

Elapsed time is 260.490093 seconds.

chan =

   105

Elapsed time is 270.608516 seconds.

chan =

   106

Elapsed time is 260.037480 seconds.

chan =

   107

Elapsed time is 231.438401 seconds.

chan =

   108

Elapsed time is 230.938217 seconds.

chan =

   109

Elapsed time is 218.668063 seconds.

