getting started: 3617
attempting file: 3617
going for SLCH010 23
data loaded: SLCH010 23
HFB already done

chan =

     1

Elapsed time is 619.499787 seconds.

chan =

     2

Elapsed time is 620.469806 seconds.

chan =

     3

Elapsed time is 617.072583 seconds.

chan =

     4

Elapsed time is 616.396015 seconds.

chan =

     5

Elapsed time is 607.557148 seconds.

chan =

     6

Elapsed time is 612.493836 seconds.

chan =

     7

Elapsed time is 608.641772 seconds.

chan =

     8

Elapsed time is 618.292796 seconds.

chan =

     9

Elapsed time is 606.506787 seconds.

chan =

    10

Elapsed time is 574.736401 seconds.

chan =

    11

Elapsed time is 607.632523 seconds.

chan =

    12

Elapsed time is 619.126806 seconds.

chan =

    13

Elapsed time is 590.529063 seconds.

chan =

    14

Elapsed time is 615.316573 seconds.

chan =

    15

Elapsed time is 612.257721 seconds.

chan =

    16

Elapsed time is 610.344313 seconds.

chan =

    17

Elapsed time is 619.609723 seconds.

chan =

    18

Elapsed time is 614.770774 seconds.

chan =

    19

Elapsed time is 610.725433 seconds.

chan =

    20

Elapsed time is 603.084421 seconds.

chan =

    21

Elapsed time is 613.858429 seconds.

chan =

    22

Elapsed time is 612.985624 seconds.

chan =

    23

Elapsed time is 606.199933 seconds.

chan =

    24

Elapsed time is 611.775172 seconds.

chan =

    25

Elapsed time is 609.001415 seconds.

chan =

    26

Elapsed time is 611.590970 seconds.

chan =

    27

Elapsed time is 607.689645 seconds.

chan =

    28

Elapsed time is 595.283178 seconds.

chan =

    29

Elapsed time is 612.398296 seconds.

chan =

    30

Elapsed time is 602.955671 seconds.

chan =

    31

Elapsed time is 612.550441 seconds.

chan =

    32

Elapsed time is 612.227950 seconds.

chan =

    33

Elapsed time is 601.465593 seconds.

chan =

    34

Elapsed time is 610.494995 seconds.

chan =

    35

Elapsed time is 604.380132 seconds.

chan =

    36

Elapsed time is 609.451193 seconds.

chan =

    37

Elapsed time is 612.804596 seconds.

chan =

    38

Elapsed time is 611.329924 seconds.

chan =

    39

Elapsed time is 612.758572 seconds.

chan =

    40

Elapsed time is 602.051234 seconds.

chan =

    41

Elapsed time is 612.528237 seconds.

chan =

    42

Elapsed time is 600.443001 seconds.

chan =

    43

Elapsed time is 603.904359 seconds.

chan =

    44

Elapsed time is 608.963031 seconds.

chan =

    45

Elapsed time is 594.657404 seconds.

chan =

    46

Elapsed time is 607.707190 seconds.

chan =

    47

Elapsed time is 602.586437 seconds.

chan =

    48

Elapsed time is 607.498686 seconds.

chan =

    49

Elapsed time is 608.674985 seconds.

chan =

    50

Elapsed time is 594.752579 seconds.

chan =

    51

Elapsed time is 604.882686 seconds.

chan =

    52

Elapsed time is 588.367715 seconds.

chan =

    53

Elapsed time is 567.979354 seconds.

chan =

    54

Elapsed time is 562.562605 seconds.

chan =

    55

Elapsed time is 545.956140 seconds.

chan =

    56

Elapsed time is 559.272244 seconds.

chan =

    57

Elapsed time is 558.791781 seconds.

chan =

    58

Elapsed time is 557.687601 seconds.

chan =

    59

Elapsed time is 566.353208 seconds.

chan =

    60

Elapsed time is 559.354891 seconds.

chan =

    61

Elapsed time is 563.153408 seconds.

chan =

    62

Elapsed time is 555.972979 seconds.

chan =

    63

Elapsed time is 563.600957 seconds.

chan =

    64

Elapsed time is 561.388658 seconds.

chan =

    65

Elapsed time is 544.976749 seconds.

chan =

    66

Elapsed time is 560.087849 seconds.

chan =

    67

Elapsed time is 552.884232 seconds.

chan =

    68

Elapsed time is 559.795523 seconds.

chan =

    69

Elapsed time is 560.503088 seconds.

chan =

    70

Elapsed time is 534.183128 seconds.

chan =

    71

Elapsed time is 568.167570 seconds.

chan =

    72

Elapsed time is 554.953175 seconds.

chan =

    73

Elapsed time is 558.749105 seconds.

chan =

    74

Elapsed time is 557.804527 seconds.

chan =

    75

Elapsed time is 549.932630 seconds.

chan =

    76

Elapsed time is 558.760208 seconds.

chan =

    77

Elapsed time is 554.754040 seconds.

chan =

    78

Elapsed time is 555.011100 seconds.

chan =

    79

Elapsed time is 563.893539 seconds.

chan =

    80

Elapsed time is 541.430963 seconds.

chan =

    81

Elapsed time is 563.060996 seconds.

chan =

    82

Elapsed time is 560.845666 seconds.

chan =

    83

Elapsed time is 488.749081 seconds.

chan =

    84

Elapsed time is 464.194633 seconds.

chan =

    85

Elapsed time is 470.873445 seconds.

chan =

    86

Elapsed time is 500.408729 seconds.

chan =

    87

Elapsed time is 612.757394 seconds.

chan =

    88

Elapsed time is 611.438641 seconds.

chan =

    89

Elapsed time is 616.420980 seconds.

chan =

    90

Elapsed time is 612.478288 seconds.

chan =

    91

Elapsed time is 607.843102 seconds.

chan =

    92

Elapsed time is 608.555321 seconds.

chan =

    93

Elapsed time is 608.327887 seconds.

chan =

    94

Elapsed time is 615.031826 seconds.

chan =

    95

Elapsed time is 611.319164 seconds.

chan =

    96

Elapsed time is 611.309736 seconds.

chan =

    97

Elapsed time is 612.521017 seconds.

chan =

    98

Elapsed time is 610.665868 seconds.

chan =

    99

Elapsed time is 614.334738 seconds.

chan =

   100

Elapsed time is 610.414674 seconds.

chan =

   101

Elapsed time is 611.453349 seconds.

chan =

   102

Elapsed time is 590.947980 seconds.

chan =

   103

Elapsed time is 584.621412 seconds.

chan =

   104

Elapsed time is 590.020947 seconds.

chan =

   105

Elapsed time is 612.128116 seconds.

chan =

   106

Elapsed time is 614.628324 seconds.

chan =

   107

Elapsed time is 611.016494 seconds.

chan =

   108

Elapsed time is 611.196062 seconds.

chan =

   109

Elapsed time is 610.856574 seconds.

chan =

   110

Elapsed time is 613.541468 seconds.

chan =

   111

Elapsed time is 615.011485 seconds.

chan =

   112

