getting started: 3707
attempting file: 3707
going for SLCH010 113
data loaded: SLCH010 113
HFB already done

chan =

     1

Elapsed time is 530.641108 seconds.

chan =

     2

Elapsed time is 505.342471 seconds.

chan =

     3

Elapsed time is 499.666343 seconds.

chan =

     4

Elapsed time is 504.997229 seconds.

chan =

     5

Elapsed time is 496.900912 seconds.

chan =

     6

Elapsed time is 502.487001 seconds.

chan =

     7

Elapsed time is 501.895504 seconds.

chan =

     8

Elapsed time is 502.928536 seconds.

chan =

     9

Elapsed time is 499.046095 seconds.

chan =

    10

Elapsed time is 501.800018 seconds.

chan =

    11

Elapsed time is 518.789665 seconds.

chan =

    12

Elapsed time is 559.219569 seconds.

chan =

    13

Elapsed time is 563.171207 seconds.

chan =

    14

Elapsed time is 564.877296 seconds.

chan =

    15

Elapsed time is 561.132645 seconds.

chan =

    16

Elapsed time is 543.385307 seconds.

chan =

    17

Elapsed time is 566.559074 seconds.

chan =

    18

Elapsed time is 562.331231 seconds.

chan =

    19

Elapsed time is 557.736703 seconds.

chan =

    20

Elapsed time is 539.776617 seconds.

chan =

    21

Elapsed time is 534.587498 seconds.

chan =

    22

Elapsed time is 501.232132 seconds.

chan =

    23

Elapsed time is 497.903439 seconds.

chan =

    24

Elapsed time is 500.028756 seconds.

chan =

    25

Elapsed time is 500.854330 seconds.

chan =

    26

Elapsed time is 494.423688 seconds.

chan =

    27

Elapsed time is 498.922611 seconds.

chan =

    28

Elapsed time is 498.695715 seconds.

chan =

    29

Elapsed time is 497.991521 seconds.

chan =

    30

Elapsed time is 496.150742 seconds.

chan =

    31

Elapsed time is 502.396769 seconds.

chan =

    32

Elapsed time is 501.228602 seconds.

chan =

    33

Elapsed time is 503.647507 seconds.

chan =

    34

Elapsed time is 500.381441 seconds.

chan =

    35

Elapsed time is 500.718544 seconds.

chan =

    36

Elapsed time is 499.014157 seconds.

chan =

    37

Elapsed time is 501.656708 seconds.

chan =

    38

Elapsed time is 499.341535 seconds.

chan =

    39

Elapsed time is 500.560157 seconds.

chan =

    40

Elapsed time is 499.274342 seconds.

chan =

    41

Elapsed time is 496.848444 seconds.

chan =

    42

Elapsed time is 495.301264 seconds.

chan =

    43

Elapsed time is 497.603250 seconds.

chan =

    44

Elapsed time is 497.585042 seconds.

chan =

    45

Elapsed time is 498.519746 seconds.

chan =

    46

Elapsed time is 495.387831 seconds.

chan =

    47

Elapsed time is 502.434701 seconds.

chan =

    48

Elapsed time is 503.199745 seconds.

chan =

    49

Elapsed time is 500.841860 seconds.

chan =

    50

Elapsed time is 501.131966 seconds.

chan =

    51

Elapsed time is 498.374490 seconds.

chan =

    52

Elapsed time is 497.574512 seconds.

chan =

    53

Elapsed time is 494.958849 seconds.

chan =

    54

Elapsed time is 498.819264 seconds.

chan =

    55

Elapsed time is 502.078486 seconds.

chan =

    56

Elapsed time is 498.623344 seconds.

chan =

    57

Elapsed time is 500.200637 seconds.

chan =

    58

Elapsed time is 501.558349 seconds.

chan =

    59

Elapsed time is 514.485505 seconds.

chan =

    60

Elapsed time is 522.362300 seconds.

chan =

    61

Elapsed time is 523.169775 seconds.

chan =

    62

Elapsed time is 528.442763 seconds.

chan =

    63

Elapsed time is 532.566104 seconds.

chan =

    64

Elapsed time is 526.349107 seconds.

chan =

    65

Elapsed time is 505.689110 seconds.

chan =

    66

Elapsed time is 505.037452 seconds.

chan =

    67

Elapsed time is 503.289474 seconds.

chan =

    68

Elapsed time is 503.542316 seconds.

chan =

    69

Elapsed time is 509.438163 seconds.

chan =

    70

Elapsed time is 505.823329 seconds.

chan =

    71

Elapsed time is 500.655718 seconds.

chan =

    72

Elapsed time is 498.647391 seconds.

chan =

    73

Elapsed time is 497.105147 seconds.

chan =

    74

Elapsed time is 574.269568 seconds.

chan =

    75

Elapsed time is 589.085125 seconds.

chan =

    76

Elapsed time is 602.014872 seconds.

chan =

    77

Elapsed time is 609.546748 seconds.

chan =

    78

Elapsed time is 561.768236 seconds.

chan =

    79

Elapsed time is 614.527912 seconds.

chan =

    80

Elapsed time is 613.463103 seconds.

chan =

    81

Elapsed time is 618.964414 seconds.

chan =

    82

Elapsed time is 614.837729 seconds.

chan =

    83

Elapsed time is 611.940661 seconds.

chan =

    84

Elapsed time is 606.286239 seconds.

chan =

    85

Elapsed time is 600.099347 seconds.

chan =

    86

Elapsed time is 603.234517 seconds.

chan =

    87

Elapsed time is 606.276018 seconds.

chan =

    88

Elapsed time is 607.871843 seconds.

chan =

    89

Elapsed time is 613.810962 seconds.

chan =

    90

Elapsed time is 603.229040 seconds.

chan =

    91

Elapsed time is 598.417967 seconds.

chan =

    92

Elapsed time is 602.728622 seconds.

chan =

    93

Elapsed time is 607.481192 seconds.

chan =

    94

Elapsed time is 604.206815 seconds.

chan =

    95

Elapsed time is 614.227568 seconds.

chan =

    96

Elapsed time is 609.006853 seconds.

chan =

    97

Elapsed time is 606.216681 seconds.

chan =

    98

Elapsed time is 609.170389 seconds.

chan =

    99

Elapsed time is 601.190798 seconds.

chan =

   100

Elapsed time is 605.677964 seconds.

chan =

   101

Elapsed time is 604.493376 seconds.

chan =

   102

Elapsed time is 604.869824 seconds.

chan =

   103

Elapsed time is 511.771943 seconds.

chan =

   104

Elapsed time is 491.086041 seconds.

chan =

   105

Elapsed time is 490.095348 seconds.

chan =

   106

Elapsed time is 493.308355 seconds.

chan =

   107

Elapsed time is 490.721448 seconds.

chan =

   108

Elapsed time is 490.562088 seconds.

chan =

   109

Elapsed time is 493.318441 seconds.

chan =

   110

Elapsed time is 494.415936 seconds.

chan =

   111

Elapsed time is 491.851679 seconds.

chan =

   112

Elapsed time is 490.131075 seconds.

chan =

   113

Elapsed time is 478.906853 seconds.

chan =

   114

Elapsed time is 431.720319 seconds.
attempting saving
save success: /projects/p31578/dtf8829/QuestConnect/CHANDAT/chanDat_SLCH010_113.mat
working on TF
encoding done
encoding RT done
