getting started: 3272
attempting file: 3272
going for SD5 21
data loaded: SD5 21
HFB already done

chan =

     1

Elapsed time is 252.053196 seconds.

chan =

     2

Elapsed time is 242.120938 seconds.

chan =

     3

Elapsed time is 243.049156 seconds.

chan =

     4

Elapsed time is 243.331115 seconds.

chan =

     5

Elapsed time is 244.578632 seconds.

chan =

     6

Elapsed time is 242.588723 seconds.

chan =

     7

Elapsed time is 232.252484 seconds.

chan =

     8

Elapsed time is 216.487282 seconds.

chan =

     9

Elapsed time is 271.870301 seconds.

chan =

    10

Elapsed time is 277.622002 seconds.

chan =

    11

Elapsed time is 277.912205 seconds.

chan =

    12

Elapsed time is 277.764886 seconds.

chan =

    13

Elapsed time is 276.680485 seconds.

chan =

    14

Elapsed time is 274.788243 seconds.

chan =

    15

Elapsed time is 277.259429 seconds.

chan =

    16

Elapsed time is 276.602360 seconds.

chan =

    17

Elapsed time is 276.288529 seconds.

chan =

    18

Elapsed time is 275.618419 seconds.

chan =

    19

Elapsed time is 277.101413 seconds.

chan =

    20

Elapsed time is 274.524773 seconds.

chan =

    21

Elapsed time is 218.932135 seconds.

chan =

    22

Elapsed time is 213.863982 seconds.

chan =

    23

Elapsed time is 214.706436 seconds.

chan =

    24

Elapsed time is 214.425460 seconds.

chan =

    25

Elapsed time is 217.148813 seconds.

chan =

    26

Elapsed time is 247.314611 seconds.

chan =

    27

Elapsed time is 254.195641 seconds.

chan =

    28

Elapsed time is 239.090597 seconds.

chan =

    29

Elapsed time is 260.115034 seconds.

chan =

    30

Elapsed time is 252.317465 seconds.

chan =

    31

Elapsed time is 251.547844 seconds.

chan =

    32

Elapsed time is 258.019763 seconds.

chan =

    33

Elapsed time is 260.808670 seconds.

chan =

    34

Elapsed time is 236.246916 seconds.

chan =

    35

Elapsed time is 258.374065 seconds.

chan =

    36

Elapsed time is 257.087237 seconds.

chan =

    37

Elapsed time is 255.205238 seconds.

chan =

    38

Elapsed time is 221.903878 seconds.

chan =

    39

Elapsed time is 246.762792 seconds.

chan =

    40

Elapsed time is 259.558514 seconds.

chan =

    41

Elapsed time is 253.558874 seconds.

chan =

    42

Elapsed time is 253.870843 seconds.

chan =

    43

Elapsed time is 254.528447 seconds.

chan =

    44

Elapsed time is 261.611706 seconds.

chan =

    45

Elapsed time is 232.274227 seconds.

chan =

    46

Elapsed time is 220.769079 seconds.

chan =

    47

Elapsed time is 216.791094 seconds.

chan =

    48

Elapsed time is 242.565492 seconds.

chan =

    49

Elapsed time is 251.881586 seconds.

chan =

    50

Elapsed time is 219.320726 seconds.

chan =

    51

Elapsed time is 220.170714 seconds.

chan =

    52

Elapsed time is 218.754538 seconds.

chan =

    53

Elapsed time is 212.098688 seconds.

chan =

    54

Elapsed time is 208.399284 seconds.

chan =

    55

Elapsed time is 209.799541 seconds.

chan =

    56

Elapsed time is 208.092122 seconds.

chan =

    57

Elapsed time is 209.756355 seconds.

chan =

    58

Elapsed time is 207.244417 seconds.

chan =

    59

Elapsed time is 209.474366 seconds.

chan =

    60

Elapsed time is 209.607119 seconds.

chan =

    61

Elapsed time is 210.158346 seconds.

chan =

    62

Elapsed time is 209.089196 seconds.

chan =

    63

Elapsed time is 209.784480 seconds.

chan =

    64

Elapsed time is 209.133982 seconds.

chan =

    65

Elapsed time is 208.946529 seconds.

chan =

    66

Elapsed time is 208.613674 seconds.

chan =

    67

Elapsed time is 208.823213 seconds.

chan =

    68

Elapsed time is 209.469648 seconds.

chan =

    69

Elapsed time is 210.494713 seconds.

chan =

    70

Elapsed time is 209.918458 seconds.

chan =

    71

Elapsed time is 210.676113 seconds.

chan =

    72

Elapsed time is 209.938114 seconds.

chan =

    73

Elapsed time is 210.594367 seconds.

chan =

    74

Elapsed time is 210.064172 seconds.

chan =

    75

Elapsed time is 212.385761 seconds.

chan =

    76

Elapsed time is 210.952288 seconds.

chan =

    77

Elapsed time is 209.628159 seconds.

chan =

    78

Elapsed time is 208.556739 seconds.

chan =

    79

Elapsed time is 209.536588 seconds.

chan =

    80

Elapsed time is 209.613031 seconds.

chan =

    81

Elapsed time is 210.080978 seconds.

chan =

    82

Elapsed time is 209.871268 seconds.

chan =

    83

Elapsed time is 211.298224 seconds.

chan =

    84

Elapsed time is 209.080807 seconds.

chan =

    85

Elapsed time is 209.086775 seconds.

chan =

    86

Elapsed time is 208.275220 seconds.

chan =

    87

Elapsed time is 205.068031 seconds.

chan =

    88

Elapsed time is 202.248666 seconds.

chan =

    89

Elapsed time is 201.978001 seconds.

chan =

    90

Elapsed time is 204.243772 seconds.

chan =

    91

Elapsed time is 203.179922 seconds.

chan =

    92

Elapsed time is 201.699544 seconds.

chan =

    93

Elapsed time is 202.507058 seconds.

chan =

    94

Elapsed time is 201.988119 seconds.

chan =

    95

Elapsed time is 202.458970 seconds.

chan =

    96

Elapsed time is 220.820460 seconds.

chan =

    97

Elapsed time is 226.617129 seconds.

chan =

    98

Elapsed time is 226.710611 seconds.

chan =

    99

Elapsed time is 225.633178 seconds.

chan =

   100

Elapsed time is 226.199941 seconds.

chan =

   101

Elapsed time is 207.568708 seconds.

chan =

   102

Elapsed time is 202.087513 seconds.

chan =

   103

Elapsed time is 201.333963 seconds.

chan =

   104

Elapsed time is 200.994264 seconds.

chan =

   105

Elapsed time is 200.350761 seconds.

chan =

   106

Elapsed time is 199.498773 seconds.

chan =

   107

Elapsed time is 200.231032 seconds.

chan =

   108

Elapsed time is 201.265344 seconds.

chan =

   109

Elapsed time is 199.042937 seconds.

