getting started: 3261
attempting file: 3261
going for SD5 10
data loaded: SD5 10
HFB already done

chan =

     1

Elapsed time is 290.142120 seconds.

chan =

     2

Elapsed time is 285.721854 seconds.

chan =

     3

Elapsed time is 287.132734 seconds.

chan =

     4

Elapsed time is 294.915997 seconds.

chan =

     5

Elapsed time is 294.440638 seconds.

chan =

     6

Elapsed time is 300.371078 seconds.

chan =

     7

Elapsed time is 293.701654 seconds.

chan =

     8

Elapsed time is 295.395188 seconds.

chan =

     9

Elapsed time is 293.653930 seconds.

chan =

    10

Elapsed time is 294.610652 seconds.

chan =

    11

Elapsed time is 294.314735 seconds.

chan =

    12

Elapsed time is 294.083825 seconds.

chan =

    13

Elapsed time is 294.426209 seconds.

chan =

    14

Elapsed time is 293.278839 seconds.

chan =

    15

Elapsed time is 296.935251 seconds.

chan =

    16

Elapsed time is 298.996691 seconds.

chan =

    17

Elapsed time is 300.251343 seconds.

chan =

    18

Elapsed time is 299.374937 seconds.

chan =

    19

Elapsed time is 298.501161 seconds.

chan =

    20

Elapsed time is 296.157501 seconds.

chan =

    21

Elapsed time is 294.779401 seconds.

chan =

    22

Elapsed time is 295.322248 seconds.

chan =

    23

Elapsed time is 295.332417 seconds.

chan =

    24

Elapsed time is 296.046843 seconds.

chan =

    25

Elapsed time is 294.964826 seconds.

chan =

    26

Elapsed time is 294.737366 seconds.

chan =

    27

Elapsed time is 292.743825 seconds.

chan =

    28

Elapsed time is 295.717604 seconds.

chan =

    29

Elapsed time is 293.614234 seconds.

chan =

    30

Elapsed time is 297.254733 seconds.

chan =

    31

Elapsed time is 293.436145 seconds.

chan =

    32

Elapsed time is 294.594530 seconds.

chan =

    33

Elapsed time is 294.185039 seconds.

chan =

    34

Elapsed time is 297.191240 seconds.

chan =

    35

Elapsed time is 295.040786 seconds.

chan =

    36

Elapsed time is 287.425910 seconds.

chan =

    37

Elapsed time is 281.382604 seconds.

chan =

    38

Elapsed time is 282.676043 seconds.

chan =

    39

Elapsed time is 280.283078 seconds.

chan =

    40

Elapsed time is 280.096580 seconds.

chan =

    41

Elapsed time is 280.057193 seconds.

chan =

    42

Elapsed time is 281.426646 seconds.

chan =

    43

Elapsed time is 279.840864 seconds.

chan =

    44

Elapsed time is 281.633367 seconds.

chan =

    45

Elapsed time is 282.472338 seconds.

chan =

    46

Elapsed time is 283.152292 seconds.

chan =

    47

Elapsed time is 289.562582 seconds.

chan =

    48

Elapsed time is 292.101509 seconds.

chan =

    49

Elapsed time is 349.289810 seconds.

chan =

    50

Elapsed time is 350.507736 seconds.

chan =

    51

Elapsed time is 347.492574 seconds.

chan =

    52

Elapsed time is 329.536414 seconds.

chan =

    53

Elapsed time is 324.129818 seconds.

chan =

    54

Elapsed time is 325.997287 seconds.

chan =

    55

Elapsed time is 329.112245 seconds.

chan =

    56

Elapsed time is 330.494959 seconds.

chan =

    57

Elapsed time is 328.938230 seconds.

chan =

    58

Elapsed time is 330.094923 seconds.

chan =

    59

Elapsed time is 329.255704 seconds.

chan =

    60

Elapsed time is 331.156703 seconds.

chan =

    61

Elapsed time is 327.543444 seconds.

chan =

    62

Elapsed time is 328.300461 seconds.

chan =

    63

Elapsed time is 328.017786 seconds.

chan =

    64

Elapsed time is 330.351753 seconds.

chan =

    65

Elapsed time is 328.191284 seconds.

chan =

    66

Elapsed time is 330.429204 seconds.

chan =

    67

Elapsed time is 326.437463 seconds.

chan =

    68

Elapsed time is 325.134394 seconds.

chan =

    69

Elapsed time is 343.144804 seconds.

chan =

    70

Elapsed time is 348.495599 seconds.

chan =

    71

Elapsed time is 344.866394 seconds.

chan =

    72

Elapsed time is 347.877558 seconds.

chan =

    73

Elapsed time is 333.826207 seconds.

chan =

    74

Elapsed time is 350.723612 seconds.

chan =

    75

Elapsed time is 347.362224 seconds.

chan =

    76

Elapsed time is 347.084989 seconds.

chan =

    77

Elapsed time is 344.984159 seconds.

chan =

    78

Elapsed time is 334.766828 seconds.

chan =

    79

Elapsed time is 344.434009 seconds.

chan =

    80

Elapsed time is 346.271755 seconds.

chan =

    81

Elapsed time is 346.954199 seconds.

chan =

    82

Elapsed time is 346.810878 seconds.

chan =

    83

Elapsed time is 341.225661 seconds.

chan =

    84

Elapsed time is 346.132346 seconds.

chan =

    85

Elapsed time is 341.960084 seconds.

chan =

    86

Elapsed time is 346.833014 seconds.

chan =

    87

Elapsed time is 339.902248 seconds.

chan =

    88

Elapsed time is 345.610628 seconds.

chan =

    89

Elapsed time is 345.051912 seconds.

chan =

    90

Elapsed time is 348.350487 seconds.

chan =

    91

Elapsed time is 345.285861 seconds.

chan =

    92

Elapsed time is 334.069214 seconds.

chan =

    93

Elapsed time is 345.456547 seconds.

chan =

    94

Elapsed time is 345.056334 seconds.

chan =

    95

Elapsed time is 345.330786 seconds.

chan =

    96

Elapsed time is 343.213775 seconds.

chan =

    97

Elapsed time is 336.392881 seconds.

chan =

    98

Elapsed time is 343.464539 seconds.

chan =

    99

Elapsed time is 341.243754 seconds.

chan =

   100

Elapsed time is 344.245113 seconds.

chan =

   101

Elapsed time is 338.610236 seconds.

chan =

   102

Elapsed time is 337.118647 seconds.

chan =

   103

Elapsed time is 337.652507 seconds.

chan =

   104

Elapsed time is 341.124583 seconds.

chan =

   105

Elapsed time is 344.993134 seconds.

chan =

   106

Elapsed time is 339.655443 seconds.

chan =

   107

Elapsed time is 346.012937 seconds.

chan =

   108

Elapsed time is 338.222016 seconds.

chan =

   109

Elapsed time is 342.749573 seconds.

