getting started: 3626
attempting file: 3626
going for SLCH010 32
data loaded: SLCH010 32
HFB already done

chan =

     1

Elapsed time is 550.933917 seconds.

chan =

     2

Elapsed time is 532.928763 seconds.

chan =

     3

Elapsed time is 532.046769 seconds.

chan =

     4

Elapsed time is 536.070692 seconds.

chan =

     5

Elapsed time is 526.299723 seconds.

chan =

     6

Elapsed time is 530.332049 seconds.

chan =

     7

Elapsed time is 533.169202 seconds.

chan =

     8

Elapsed time is 529.117019 seconds.

chan =

     9

Elapsed time is 529.414355 seconds.

chan =

    10

Elapsed time is 534.733776 seconds.

chan =

    11

Elapsed time is 528.027878 seconds.

chan =

    12

Elapsed time is 530.327484 seconds.

chan =

    13

Elapsed time is 529.598602 seconds.

chan =

    14

Elapsed time is 523.199320 seconds.

chan =

    15

Elapsed time is 531.007211 seconds.

chan =

    16

Elapsed time is 526.957248 seconds.

chan =

    17

Elapsed time is 527.547295 seconds.

chan =

    18

Elapsed time is 532.196458 seconds.

chan =

    19

Elapsed time is 525.600007 seconds.

chan =

    20

Elapsed time is 528.985570 seconds.

chan =

    21

Elapsed time is 523.198276 seconds.

chan =

    22

Elapsed time is 529.651924 seconds.

chan =

    23

Elapsed time is 524.316097 seconds.

chan =

    24

Elapsed time is 531.006948 seconds.

chan =

    25

Elapsed time is 527.863933 seconds.

chan =

    26

Elapsed time is 529.735645 seconds.

chan =

    27

Elapsed time is 524.282165 seconds.

chan =

    28

Elapsed time is 528.401162 seconds.

chan =

    29

Elapsed time is 527.465140 seconds.

chan =

    30

Elapsed time is 527.204488 seconds.

chan =

    31

Elapsed time is 530.998164 seconds.

chan =

    32

Elapsed time is 530.840043 seconds.

chan =

    33

Elapsed time is 532.869861 seconds.

chan =

    34

Elapsed time is 531.610735 seconds.

chan =

    35

Elapsed time is 530.349970 seconds.

chan =

    36

Elapsed time is 531.732768 seconds.

chan =

    37

Elapsed time is 531.213194 seconds.

chan =

    38

Elapsed time is 533.691813 seconds.

chan =

    39

Elapsed time is 532.385352 seconds.

chan =

    40

Elapsed time is 533.735038 seconds.

chan =

    41

Elapsed time is 532.720021 seconds.

chan =

    42

Elapsed time is 534.025211 seconds.

chan =

    43

Elapsed time is 533.570991 seconds.

chan =

    44

Elapsed time is 536.934056 seconds.

chan =

    45

Elapsed time is 537.792961 seconds.

chan =

    46

Elapsed time is 540.581777 seconds.

chan =

    47

Elapsed time is 545.647188 seconds.

chan =

    48

Elapsed time is 535.429653 seconds.

chan =

    49

Elapsed time is 535.382988 seconds.

chan =

    50

Elapsed time is 530.391312 seconds.

chan =

    51

Elapsed time is 536.838085 seconds.

chan =

    52

Elapsed time is 530.749544 seconds.

chan =

    53

Elapsed time is 524.197366 seconds.

chan =

    54

Elapsed time is 531.574464 seconds.

chan =

    55

Elapsed time is 534.814401 seconds.

chan =

    56

Elapsed time is 533.439140 seconds.

chan =

    57

Elapsed time is 528.031460 seconds.

chan =

    58

Elapsed time is 529.247871 seconds.

chan =

    59

Elapsed time is 541.047231 seconds.

chan =

    60

Elapsed time is 533.950657 seconds.

chan =

    61

Elapsed time is 528.676260 seconds.

chan =

    62

Elapsed time is 535.782181 seconds.

chan =

    63

Elapsed time is 541.795511 seconds.

chan =

    64

Elapsed time is 534.664617 seconds.

chan =

    65

Elapsed time is 529.925116 seconds.

chan =

    66

Elapsed time is 539.802463 seconds.

chan =

    67

Elapsed time is 538.561411 seconds.

chan =

    68

Elapsed time is 531.040035 seconds.

chan =

    69

Elapsed time is 536.615775 seconds.

chan =

    70

Elapsed time is 537.767164 seconds.

chan =

    71

Elapsed time is 531.814293 seconds.

chan =

    72

Elapsed time is 531.250841 seconds.

chan =

    73

Elapsed time is 532.388985 seconds.

chan =

    74

Elapsed time is 523.725579 seconds.

chan =

    75

Elapsed time is 529.244337 seconds.

chan =

    76

Elapsed time is 530.899351 seconds.

chan =

    77

Elapsed time is 522.992125 seconds.

chan =

    78

Elapsed time is 530.105597 seconds.

chan =

    79

Elapsed time is 528.902939 seconds.

chan =

    80

Elapsed time is 523.802398 seconds.

chan =

    81

Elapsed time is 532.645459 seconds.

chan =

    82

Elapsed time is 525.101981 seconds.

chan =

    83

Elapsed time is 532.141059 seconds.

chan =

    84

Elapsed time is 527.858789 seconds.

chan =

    85

Elapsed time is 529.620031 seconds.

chan =

    86

Elapsed time is 527.761863 seconds.

chan =

    87

Elapsed time is 530.361981 seconds.

chan =

    88

Elapsed time is 523.826447 seconds.

chan =

    89

Elapsed time is 535.188961 seconds.

chan =

    90

Elapsed time is 528.474754 seconds.

chan =

    91

Elapsed time is 532.971632 seconds.

chan =

    92

Elapsed time is 533.784635 seconds.

chan =

    93

Elapsed time is 528.737778 seconds.

chan =

    94

Elapsed time is 535.020861 seconds.

chan =

    95

Elapsed time is 531.930159 seconds.

chan =

    96

Elapsed time is 526.695568 seconds.

chan =

    97

Elapsed time is 532.197928 seconds.

chan =

    98

Elapsed time is 534.548758 seconds.

chan =

    99

Elapsed time is 533.858654 seconds.

chan =

   100

Elapsed time is 531.149867 seconds.

chan =

   101

Elapsed time is 536.627199 seconds.

chan =

   102

Elapsed time is 537.142217 seconds.

chan =

   103

Elapsed time is 538.606889 seconds.

chan =

   104

Elapsed time is 538.506209 seconds.

chan =

   105

Elapsed time is 539.653413 seconds.

chan =

   106

Elapsed time is 540.469281 seconds.

chan =

   107

Elapsed time is 542.898587 seconds.

chan =

   108

Elapsed time is 544.978749 seconds.

chan =

   109

Elapsed time is 549.859325 seconds.

chan =

   110

Elapsed time is 507.568116 seconds.

chan =

   111

Elapsed time is 529.923666 seconds.

chan =

   112

Elapsed time is 528.914581 seconds.

chan =

   113

Elapsed time is 530.378849 seconds.

chan =

   114

Elapsed time is 530.203475 seconds.
attempting saving
save success: /projects/p31578/dtf8829/QuestConnect/CHANDAT/chanDat_SLCH010_032.mat
working on TF
encoding done
encoding RT done
