getting started: 3611
attempting file: 3611
going for SLCH010 17
data loaded: SLCH010 17
HFB already done

chan =

     1

Elapsed time is 485.084670 seconds.

chan =

     2

Elapsed time is 480.485924 seconds.

chan =

     3

Elapsed time is 481.457807 seconds.

chan =

     4

Elapsed time is 480.336725 seconds.

chan =

     5

Elapsed time is 476.112147 seconds.

chan =

     6

Elapsed time is 480.128022 seconds.

chan =

     7

Elapsed time is 476.850533 seconds.

chan =

     8

Elapsed time is 482.867069 seconds.

chan =

     9

Elapsed time is 480.891270 seconds.

chan =

    10

Elapsed time is 483.064313 seconds.

chan =

    11

Elapsed time is 478.356290 seconds.

chan =

    12

Elapsed time is 489.391519 seconds.

chan =

    13

Elapsed time is 484.417567 seconds.

chan =

    14

Elapsed time is 477.812200 seconds.

chan =

    15

Elapsed time is 478.737347 seconds.

chan =

    16

Elapsed time is 482.405161 seconds.

chan =

    17

Elapsed time is 481.463031 seconds.

chan =

    18

Elapsed time is 480.137190 seconds.

chan =

    19

Elapsed time is 479.337645 seconds.

chan =

    20

Elapsed time is 480.005763 seconds.

chan =

    21

Elapsed time is 486.242698 seconds.

chan =

    22

Elapsed time is 482.618721 seconds.

chan =

    23

Elapsed time is 484.149586 seconds.

chan =

    24

Elapsed time is 479.616612 seconds.

chan =

    25

Elapsed time is 480.093106 seconds.

chan =

    26

Elapsed time is 485.026407 seconds.

chan =

    27

Elapsed time is 486.080534 seconds.

chan =

    28

Elapsed time is 485.312963 seconds.

chan =

    29

Elapsed time is 486.799951 seconds.

chan =

    30

Elapsed time is 484.834713 seconds.

chan =

    31

Elapsed time is 488.136315 seconds.

chan =

    32

Elapsed time is 486.568828 seconds.

chan =

    33

Elapsed time is 487.055005 seconds.

chan =

    34

Elapsed time is 482.295813 seconds.

chan =

    35

Elapsed time is 480.737961 seconds.

chan =

    36

Elapsed time is 483.812400 seconds.

chan =

    37

Elapsed time is 481.530036 seconds.

chan =

    38

Elapsed time is 476.996217 seconds.

chan =

    39

Elapsed time is 484.251691 seconds.

chan =

    40

Elapsed time is 482.916322 seconds.

chan =

    41

Elapsed time is 480.657838 seconds.

chan =

    42

Elapsed time is 481.602951 seconds.

chan =

    43

Elapsed time is 481.295294 seconds.

chan =

    44

Elapsed time is 482.324011 seconds.

chan =

    45

Elapsed time is 481.771314 seconds.

chan =

    46

Elapsed time is 481.249527 seconds.

chan =

    47

Elapsed time is 474.453052 seconds.

chan =

    48

Elapsed time is 465.514391 seconds.

chan =

    49

Elapsed time is 473.994426 seconds.

chan =

    50

Elapsed time is 466.106651 seconds.

chan =

    51

Elapsed time is 464.494482 seconds.

chan =

    52

Elapsed time is 467.825376 seconds.

chan =

    53

Elapsed time is 457.773474 seconds.

chan =

    54

Elapsed time is 466.100956 seconds.

chan =

    55

Elapsed time is 468.289950 seconds.

chan =

    56

Elapsed time is 465.268405 seconds.

chan =

    57

Elapsed time is 467.764540 seconds.

chan =

    58

Elapsed time is 468.950819 seconds.

chan =

    59

Elapsed time is 469.382915 seconds.

chan =

    60

Elapsed time is 470.833513 seconds.

chan =

    61

Elapsed time is 471.200665 seconds.

chan =

    62

Elapsed time is 475.587486 seconds.

chan =

    63

Elapsed time is 474.635415 seconds.

chan =

    64

Elapsed time is 471.352858 seconds.

chan =

    65

Elapsed time is 468.112899 seconds.

chan =

    66

Elapsed time is 474.880587 seconds.

chan =

    67

Elapsed time is 463.237154 seconds.

chan =

    68

Elapsed time is 467.629331 seconds.

chan =

    69

Elapsed time is 468.178721 seconds.

chan =

    70

Elapsed time is 466.948704 seconds.

chan =

    71

Elapsed time is 470.750629 seconds.

chan =

    72

Elapsed time is 466.821348 seconds.

chan =

    73

Elapsed time is 468.489262 seconds.

chan =

    74

Elapsed time is 469.797898 seconds.

chan =

    75

Elapsed time is 464.908254 seconds.

chan =

    76

Elapsed time is 470.635883 seconds.

chan =

    77

Elapsed time is 461.507984 seconds.

chan =

    78

Elapsed time is 466.105699 seconds.

chan =

    79

Elapsed time is 474.594311 seconds.

chan =

    80

Elapsed time is 467.881167 seconds.

chan =

    81

Elapsed time is 467.658822 seconds.

chan =

    82

Elapsed time is 468.682722 seconds.

chan =

    83

Elapsed time is 469.359954 seconds.

chan =

    84

Elapsed time is 468.571566 seconds.

chan =

    85

Elapsed time is 461.627684 seconds.

chan =

    86

Elapsed time is 463.762926 seconds.

chan =

    87

Elapsed time is 466.497955 seconds.

chan =

    88

Elapsed time is 470.668385 seconds.

chan =

    89

Elapsed time is 467.393803 seconds.

chan =

    90

Elapsed time is 466.977276 seconds.

chan =

    91

Elapsed time is 465.775884 seconds.

chan =

    92

Elapsed time is 471.564624 seconds.

chan =

    93

Elapsed time is 453.644892 seconds.

chan =

    94

Elapsed time is 436.062783 seconds.

chan =

    95

Elapsed time is 422.912516 seconds.

chan =

    96

Elapsed time is 428.804709 seconds.

chan =

    97

Elapsed time is 444.611629 seconds.

chan =

    98

Elapsed time is 450.950641 seconds.

chan =

    99

Elapsed time is 450.125945 seconds.

chan =

   100

Elapsed time is 449.179954 seconds.

chan =

   101

Elapsed time is 450.446982 seconds.

chan =

   102

Elapsed time is 440.169334 seconds.

chan =

   103

Elapsed time is 428.717638 seconds.

chan =

   104

Elapsed time is 438.036557 seconds.

chan =

   105

Elapsed time is 424.227080 seconds.

chan =

   106

Elapsed time is 425.177593 seconds.

chan =

   107

Elapsed time is 425.432853 seconds.

chan =

   108

Elapsed time is 423.639126 seconds.

chan =

   109

Elapsed time is 425.349159 seconds.

chan =

   110

Elapsed time is 428.446651 seconds.

chan =

   111

Elapsed time is 436.123395 seconds.

chan =

   112

Elapsed time is 447.321829 seconds.

chan =

   113

Elapsed time is 447.287622 seconds.

chan =

   114

Elapsed time is 448.564227 seconds.
attempting saving
save success: /projects/p31578/dtf8829/QuestConnect/CHANDAT/chanDat_SLCH010_017.mat
working on TF
