getting started: 3629
attempting file: 3629
going for SLCH010 35
data loaded: SLCH010 35
HFB already done

chan =

     1

Elapsed time is 694.340343 seconds.

chan =

     2

Elapsed time is 685.746584 seconds.

chan =

     3

Elapsed time is 683.192717 seconds.

chan =

     4

Elapsed time is 681.616937 seconds.

chan =

     5

Elapsed time is 678.264794 seconds.

chan =

     6

Elapsed time is 680.120277 seconds.

chan =

     7

Elapsed time is 676.488343 seconds.

chan =

     8

Elapsed time is 681.801229 seconds.

chan =

     9

Elapsed time is 674.393578 seconds.

chan =

    10

Elapsed time is 679.457552 seconds.

chan =

    11

Elapsed time is 663.498933 seconds.

chan =

    12

Elapsed time is 667.143312 seconds.

chan =

    13

Elapsed time is 658.895395 seconds.

chan =

    14

Elapsed time is 656.073048 seconds.

chan =

    15

Elapsed time is 648.599911 seconds.

chan =

    16

Elapsed time is 645.483886 seconds.

chan =

    17

Elapsed time is 644.743262 seconds.

chan =

    18

Elapsed time is 645.172356 seconds.

chan =

    19

Elapsed time is 644.802699 seconds.

chan =

    20

Elapsed time is 644.073953 seconds.

chan =

    21

Elapsed time is 645.863399 seconds.

chan =

    22

Elapsed time is 645.820453 seconds.

chan =

    23

Elapsed time is 644.586678 seconds.

chan =

    24

Elapsed time is 647.050447 seconds.

chan =

    25

Elapsed time is 650.263579 seconds.

chan =

    26

Elapsed time is 645.572939 seconds.

chan =

    27

Elapsed time is 647.375846 seconds.

chan =

    28

Elapsed time is 647.508622 seconds.

chan =

    29

Elapsed time is 651.294940 seconds.

chan =

    30

Elapsed time is 648.491905 seconds.

chan =

    31

Elapsed time is 661.708704 seconds.

chan =

    32

Elapsed time is 672.253280 seconds.

chan =

    33

Elapsed time is 662.141747 seconds.

chan =

    34

Elapsed time is 664.348038 seconds.

chan =

    35

Elapsed time is 664.459449 seconds.

chan =

    36

Elapsed time is 658.542712 seconds.

chan =

    37

Elapsed time is 668.970334 seconds.

chan =

    38

Elapsed time is 664.649058 seconds.

chan =

    39

Elapsed time is 667.206086 seconds.

chan =

    40

Elapsed time is 659.433473 seconds.

chan =

    41

Elapsed time is 670.177703 seconds.

chan =

    42

Elapsed time is 665.747635 seconds.

chan =

    43

Elapsed time is 662.685637 seconds.

chan =

    44

Elapsed time is 665.473058 seconds.

chan =

    45

Elapsed time is 669.998836 seconds.

chan =

    46

Elapsed time is 667.168563 seconds.

chan =

    47

Elapsed time is 658.029836 seconds.

chan =

    48

Elapsed time is 665.561535 seconds.

chan =

    49

Elapsed time is 668.521343 seconds.

chan =

    50

Elapsed time is 647.058579 seconds.

chan =

    51

Elapsed time is 642.514666 seconds.

chan =

    52

Elapsed time is 641.124139 seconds.

chan =

    53

Elapsed time is 641.411763 seconds.

chan =

    54

Elapsed time is 628.723713 seconds.

chan =

    55

Elapsed time is 564.383259 seconds.

chan =

    56

Elapsed time is 538.540848 seconds.

chan =

    57

Elapsed time is 522.103138 seconds.

chan =

    58

Elapsed time is 504.440369 seconds.

chan =

    59

Elapsed time is 499.264463 seconds.

chan =

    60

Elapsed time is 498.670142 seconds.

chan =

    61

Elapsed time is 501.229967 seconds.

chan =

    62

Elapsed time is 500.646948 seconds.

chan =

    63

Elapsed time is 501.072358 seconds.

chan =

    64

Elapsed time is 500.024012 seconds.

chan =

    65

Elapsed time is 500.474279 seconds.

chan =

    66

Elapsed time is 502.220355 seconds.

chan =

    67

Elapsed time is 500.100075 seconds.

chan =

    68

Elapsed time is 498.484528 seconds.

chan =

    69

Elapsed time is 500.684164 seconds.

chan =

    70

Elapsed time is 500.867490 seconds.

chan =

    71

Elapsed time is 501.211059 seconds.

chan =

    72

Elapsed time is 499.518847 seconds.

chan =

    73

Elapsed time is 501.365544 seconds.

chan =

    74

Elapsed time is 500.074181 seconds.

chan =

    75

Elapsed time is 499.331580 seconds.

chan =

    76

Elapsed time is 497.453401 seconds.

chan =

    77

Elapsed time is 500.108839 seconds.

chan =

    78

Elapsed time is 500.496505 seconds.

chan =

    79

Elapsed time is 499.448176 seconds.

chan =

    80

Elapsed time is 498.067842 seconds.

chan =

    81

Elapsed time is 500.184897 seconds.

chan =

    82

Elapsed time is 499.882730 seconds.

chan =

    83

Elapsed time is 498.375689 seconds.

chan =

    84

Elapsed time is 498.860616 seconds.

chan =

    85

Elapsed time is 500.129167 seconds.

chan =

    86

Elapsed time is 499.894497 seconds.

chan =

    87

Elapsed time is 498.239966 seconds.

chan =

    88

Elapsed time is 498.032361 seconds.

chan =

    89

Elapsed time is 502.116523 seconds.

chan =

    90

Elapsed time is 501.238108 seconds.

chan =

    91

Elapsed time is 500.196910 seconds.

chan =

    92

Elapsed time is 500.575274 seconds.

chan =

    93

Elapsed time is 502.950397 seconds.

chan =

    94

Elapsed time is 501.711612 seconds.

chan =

    95

Elapsed time is 500.596964 seconds.

chan =

    96

Elapsed time is 498.648247 seconds.

chan =

    97

Elapsed time is 502.081723 seconds.

chan =

    98

Elapsed time is 503.072534 seconds.

chan =

    99

Elapsed time is 501.855689 seconds.

chan =

   100

Elapsed time is 488.429460 seconds.

chan =

   101

Elapsed time is 499.962622 seconds.

chan =

   102

Elapsed time is 500.851394 seconds.

chan =

   103

Elapsed time is 499.532285 seconds.

chan =

   104

Elapsed time is 498.644050 seconds.

chan =

   105

Elapsed time is 499.573742 seconds.

chan =

   106

Elapsed time is 499.079090 seconds.

chan =

   107

Elapsed time is 496.886951 seconds.

chan =

   108

Elapsed time is 495.243873 seconds.

chan =

   109

Elapsed time is 497.817486 seconds.

chan =

   110

Elapsed time is 497.511220 seconds.

chan =

   111

Elapsed time is 496.161672 seconds.

chan =

   112

Elapsed time is 494.600293 seconds.

chan =

   113

Elapsed time is 497.813034 seconds.

chan =

   114

Elapsed time is 484.260547 seconds.
attempting saving
save success: /projects/p31578/dtf8829/QuestConnect/CHANDAT/chanDat_SLCH010_035.mat
working on TF
encoding done
encoding RT done
