getting started: 3642
attempting file: 3642
going for SLCH010 48
data loaded: SLCH010 48
HFB already done

chan =

     1

Elapsed time is 545.865541 seconds.

chan =

     2

Elapsed time is 501.441310 seconds.

chan =

     3

Elapsed time is 493.861379 seconds.

chan =

     4

Elapsed time is 496.132853 seconds.

chan =

     5

Elapsed time is 494.040626 seconds.

chan =

     6

Elapsed time is 492.783184 seconds.

chan =

     7

Elapsed time is 495.150136 seconds.

chan =

     8

Elapsed time is 489.667905 seconds.

chan =

     9

Elapsed time is 481.132670 seconds.

chan =

    10

Elapsed time is 474.063305 seconds.

chan =

    11

Elapsed time is 450.927645 seconds.

chan =

    12

Elapsed time is 430.093460 seconds.

chan =

    13

Elapsed time is 414.205063 seconds.

chan =

    14

Elapsed time is 412.834630 seconds.

chan =

    15

Elapsed time is 423.214643 seconds.

chan =

    16

Elapsed time is 458.199595 seconds.

chan =

    17

Elapsed time is 458.858127 seconds.

chan =

    18

Elapsed time is 459.636331 seconds.

chan =

    19

Elapsed time is 444.409143 seconds.

chan =

    20

Elapsed time is 447.058982 seconds.

chan =

    21

Elapsed time is 450.037747 seconds.

chan =

    22

Elapsed time is 447.446158 seconds.

chan =

    23

Elapsed time is 439.489360 seconds.

chan =

    24

Elapsed time is 446.766961 seconds.

chan =

    25

Elapsed time is 429.824788 seconds.

chan =

    26

Elapsed time is 455.067084 seconds.

chan =

    27

Elapsed time is 454.035107 seconds.

chan =

    28

Elapsed time is 427.732216 seconds.

chan =

    29

Elapsed time is 411.178698 seconds.

chan =

    30

Elapsed time is 406.280931 seconds.

chan =

    31

Elapsed time is 396.001408 seconds.

chan =

    32

Elapsed time is 392.218645 seconds.

chan =

    33

Elapsed time is 389.217034 seconds.

chan =

    34

Elapsed time is 390.815971 seconds.

chan =

    35

Elapsed time is 388.246621 seconds.

chan =

    36

Elapsed time is 392.173515 seconds.

chan =

    37

Elapsed time is 387.956737 seconds.

chan =

    38

Elapsed time is 387.578948 seconds.

chan =

    39

Elapsed time is 382.840317 seconds.

chan =

    40

Elapsed time is 386.893915 seconds.

chan =

    41

Elapsed time is 381.473295 seconds.

chan =

    42

Elapsed time is 383.304092 seconds.

chan =

    43

Elapsed time is 429.371912 seconds.

chan =

    44

Elapsed time is 543.130922 seconds.

chan =

    45

Elapsed time is 533.699641 seconds.

chan =

    46

Elapsed time is 532.466766 seconds.

chan =

    47

Elapsed time is 539.162938 seconds.

chan =

    48

Elapsed time is 530.393050 seconds.

chan =

    49

Elapsed time is 538.947861 seconds.

chan =

    50

Elapsed time is 534.580270 seconds.

chan =

    51

Elapsed time is 539.563526 seconds.

chan =

    52

Elapsed time is 541.389035 seconds.

chan =

    53

Elapsed time is 523.619717 seconds.

chan =

    54

Elapsed time is 455.213371 seconds.

chan =

    55

Elapsed time is 446.629104 seconds.

chan =

    56

Elapsed time is 424.548378 seconds.

chan =

    57

Elapsed time is 426.771548 seconds.

chan =

    58

Elapsed time is 428.705442 seconds.

chan =

    59

Elapsed time is 428.702477 seconds.

chan =

    60

Elapsed time is 431.394289 seconds.

chan =

    61

Elapsed time is 414.226030 seconds.

chan =

    62

Elapsed time is 418.889815 seconds.

chan =

    63

Elapsed time is 437.763078 seconds.

chan =

    64

Elapsed time is 443.584021 seconds.

chan =

    65

Elapsed time is 438.756193 seconds.

chan =

    66

Elapsed time is 441.677771 seconds.

chan =

    67

Elapsed time is 414.429671 seconds.

chan =

    68

Elapsed time is 408.222816 seconds.

chan =

    69

Elapsed time is 394.275739 seconds.

chan =

    70

Elapsed time is 372.361239 seconds.

chan =

    71

Elapsed time is 372.516624 seconds.

chan =

    72

Elapsed time is 373.034296 seconds.

chan =

    73

Elapsed time is 369.982701 seconds.

chan =

    74

Elapsed time is 372.003503 seconds.

chan =

    75

Elapsed time is 368.517032 seconds.

chan =

    76

Elapsed time is 372.543771 seconds.

chan =

    77

Elapsed time is 371.605388 seconds.

chan =

    78

Elapsed time is 377.295876 seconds.

chan =

    79

Elapsed time is 375.064287 seconds.

chan =

    80

Elapsed time is 380.601153 seconds.

chan =

    81

Elapsed time is 376.039561 seconds.

chan =

    82

Elapsed time is 377.469103 seconds.

chan =

    83

Elapsed time is 375.797737 seconds.

chan =

    84

Elapsed time is 378.149631 seconds.

chan =

    85

Elapsed time is 374.165280 seconds.

chan =

    86

Elapsed time is 375.635171 seconds.

chan =

    87

Elapsed time is 372.986883 seconds.

chan =

    88

Elapsed time is 376.418190 seconds.

chan =

    89

Elapsed time is 375.548832 seconds.

chan =

    90

Elapsed time is 376.764999 seconds.

chan =

    91

Elapsed time is 374.588390 seconds.

chan =

    92

Elapsed time is 379.991643 seconds.

chan =

    93

Elapsed time is 375.795591 seconds.

chan =

    94

Elapsed time is 376.299463 seconds.

chan =

    95

Elapsed time is 374.286059 seconds.

chan =

    96

Elapsed time is 379.626420 seconds.

chan =

    97

Elapsed time is 376.621326 seconds.

chan =

    98

Elapsed time is 378.603675 seconds.

chan =

    99

Elapsed time is 376.107189 seconds.

chan =

   100

Elapsed time is 378.321483 seconds.

chan =

   101

Elapsed time is 374.384244 seconds.

chan =

   102

Elapsed time is 379.798600 seconds.

chan =

   103

Elapsed time is 377.340329 seconds.

chan =

   104

Elapsed time is 382.637347 seconds.

chan =

   105

Elapsed time is 376.505589 seconds.

chan =

   106

Elapsed time is 379.606691 seconds.

chan =

   107

Elapsed time is 375.360049 seconds.

chan =

   108

Elapsed time is 378.222629 seconds.

chan =

   109

Elapsed time is 376.993273 seconds.

chan =

   110

Elapsed time is 379.262903 seconds.

chan =

   111

Elapsed time is 376.952464 seconds.

chan =

   112

Elapsed time is 379.801276 seconds.

chan =

   113

Elapsed time is 375.663156 seconds.

chan =

   114

Elapsed time is 378.146365 seconds.
attempting saving
save success: /projects/p31578/dtf8829/QuestConnect/CHANDAT/chanDat_SLCH010_048.mat
working on TF
