getting started: 3275
attempting file: 3275
going for SD5 24
data loaded: SD5 24
HFB already done

chan =

     1

Elapsed time is 296.479712 seconds.

chan =

     2

Elapsed time is 301.399976 seconds.

chan =

     3

Elapsed time is 299.619288 seconds.

chan =

     4

Elapsed time is 294.703363 seconds.

chan =

     5

Elapsed time is 292.861482 seconds.

chan =

     6

Elapsed time is 283.201395 seconds.

chan =

     7

Elapsed time is 269.051309 seconds.

chan =

     8

Elapsed time is 276.538312 seconds.

chan =

     9

Elapsed time is 287.112003 seconds.

chan =

    10

Elapsed time is 289.784868 seconds.

chan =

    11

Elapsed time is 288.030714 seconds.

chan =

    12

Elapsed time is 287.917356 seconds.

chan =

    13

Elapsed time is 288.836127 seconds.

chan =

    14

Elapsed time is 288.139582 seconds.

chan =

    15

Elapsed time is 290.802040 seconds.

chan =

    16

Elapsed time is 290.658461 seconds.

chan =

    17

Elapsed time is 289.971549 seconds.

chan =

    18

Elapsed time is 289.972753 seconds.

chan =

    19

Elapsed time is 289.997877 seconds.

chan =

    20

Elapsed time is 288.627917 seconds.

chan =

    21

Elapsed time is 288.843793 seconds.

chan =

    22

Elapsed time is 290.155224 seconds.

chan =

    23

Elapsed time is 289.158414 seconds.

chan =

    24

Elapsed time is 290.403439 seconds.

chan =

    25

Elapsed time is 290.513582 seconds.

chan =

    26

Elapsed time is 290.357888 seconds.

chan =

    27

Elapsed time is 266.980694 seconds.

chan =

    28

Elapsed time is 276.674308 seconds.

chan =

    29

Elapsed time is 256.213651 seconds.

chan =

    30

Elapsed time is 278.190480 seconds.

chan =

    31

Elapsed time is 268.246917 seconds.

chan =

    32

Elapsed time is 269.260479 seconds.

chan =

    33

Elapsed time is 267.147927 seconds.

chan =

    34

Elapsed time is 253.459628 seconds.

chan =

    35

Elapsed time is 260.731032 seconds.

chan =

    36

Elapsed time is 273.125034 seconds.

chan =

    37

Elapsed time is 266.777665 seconds.

chan =

    38

Elapsed time is 258.941006 seconds.

chan =

    39

Elapsed time is 255.605204 seconds.

chan =

    40

Elapsed time is 275.905867 seconds.

chan =

    41

Elapsed time is 273.775576 seconds.

chan =

    42

Elapsed time is 264.813255 seconds.

chan =

    43

Elapsed time is 278.185558 seconds.

chan =

    44

Elapsed time is 274.195064 seconds.

chan =

    45

Elapsed time is 277.487466 seconds.

chan =

    46

Elapsed time is 267.319713 seconds.

chan =

    47

Elapsed time is 246.870218 seconds.

chan =

    48

Elapsed time is 248.059251 seconds.

chan =

    49

Elapsed time is 349.545789 seconds.

chan =

    50

Elapsed time is 475.626376 seconds.

chan =

    51

Elapsed time is 479.845595 seconds.

chan =

    52

Elapsed time is 475.243328 seconds.

chan =

    53

Elapsed time is 471.384265 seconds.

chan =

    54

Elapsed time is 471.579010 seconds.

chan =

    55

Elapsed time is 472.096444 seconds.

chan =

    56

Elapsed time is 461.401282 seconds.

chan =

    57

Elapsed time is 468.406985 seconds.

chan =

    58

Elapsed time is 464.554359 seconds.

chan =

    59

Elapsed time is 468.716208 seconds.

chan =

    60

Elapsed time is 465.441909 seconds.

chan =

    61

Elapsed time is 469.363094 seconds.

chan =

    62

Elapsed time is 464.412765 seconds.

chan =

    63

Elapsed time is 465.779514 seconds.

chan =

    64

Elapsed time is 463.515182 seconds.

chan =

    65

Elapsed time is 467.516667 seconds.

chan =

    66

Elapsed time is 460.266496 seconds.

chan =

    67

Elapsed time is 467.480756 seconds.

chan =

    68

Elapsed time is 462.148280 seconds.

chan =

    69

Elapsed time is 467.140391 seconds.

chan =

    70

Elapsed time is 460.517150 seconds.

chan =

    71

Elapsed time is 465.979399 seconds.

chan =

    72

Elapsed time is 461.828761 seconds.

chan =

    73

Elapsed time is 469.380365 seconds.

chan =

    74

Elapsed time is 462.482363 seconds.

chan =

    75

Elapsed time is 467.603613 seconds.

chan =

    76

Elapsed time is 465.162277 seconds.

chan =

    77

Elapsed time is 464.266198 seconds.

chan =

    78

Elapsed time is 461.525358 seconds.

chan =

    79

Elapsed time is 466.358449 seconds.

chan =

    80

Elapsed time is 465.749665 seconds.

chan =

    81

Elapsed time is 470.075873 seconds.

chan =

    82

Elapsed time is 463.640432 seconds.

chan =

    83

Elapsed time is 465.872446 seconds.

chan =

    84

Elapsed time is 464.052890 seconds.

chan =

    85

Elapsed time is 468.566570 seconds.

chan =

    86

Elapsed time is 464.304883 seconds.

chan =

    87

Elapsed time is 471.699234 seconds.

chan =

    88

Elapsed time is 465.775646 seconds.

chan =

    89

Elapsed time is 459.420235 seconds.

chan =

    90

Elapsed time is 456.865460 seconds.

chan =

    91

Elapsed time is 460.870586 seconds.

chan =

    92

Elapsed time is 455.688628 seconds.

chan =

    93

Elapsed time is 458.226426 seconds.

chan =

    94

Elapsed time is 459.051451 seconds.

chan =

    95

Elapsed time is 462.619804 seconds.

chan =

    96

Elapsed time is 457.561876 seconds.

chan =

    97

Elapsed time is 463.690049 seconds.

chan =

    98

Elapsed time is 460.482341 seconds.

chan =

    99

Elapsed time is 463.135756 seconds.

chan =

   100

Elapsed time is 457.304098 seconds.

chan =

   101

Elapsed time is 458.906320 seconds.

chan =

   102

Elapsed time is 456.259610 seconds.

chan =

   103

Elapsed time is 463.887299 seconds.

chan =

   104

Elapsed time is 442.095955 seconds.

chan =

   105

Elapsed time is 440.111381 seconds.

chan =

   106

Elapsed time is 440.017207 seconds.

chan =

   107

Elapsed time is 439.920460 seconds.

chan =

   108

Elapsed time is 440.125839 seconds.

chan =

   109

Elapsed time is 437.870817 seconds.

