getting started: 3327
attempting file: 3327
going for SD5 76
data loaded: SD5 76
HFB already done

chan =

     1

Elapsed time is 286.101598 seconds.

chan =

     2

Elapsed time is 297.742765 seconds.

chan =

     3

Elapsed time is 294.182513 seconds.

chan =

     4

Elapsed time is 285.878497 seconds.

chan =

     5

Elapsed time is 284.649540 seconds.

chan =

     6

Elapsed time is 285.680872 seconds.

chan =

     7

Elapsed time is 281.784708 seconds.

chan =

     8

Elapsed time is 270.884282 seconds.

chan =

     9

Elapsed time is 281.697425 seconds.

chan =

    10

Elapsed time is 283.783149 seconds.

chan =

    11

Elapsed time is 284.327557 seconds.

chan =

    12

Elapsed time is 280.953815 seconds.

chan =

    13

Elapsed time is 287.301998 seconds.

chan =

    14

Elapsed time is 283.183565 seconds.

chan =

    15

Elapsed time is 284.821726 seconds.

chan =

    16

Elapsed time is 276.824168 seconds.

chan =

    17

Elapsed time is 237.462874 seconds.

chan =

    18

Elapsed time is 283.674827 seconds.

chan =

    19

Elapsed time is 285.255388 seconds.

chan =

    20

Elapsed time is 281.011172 seconds.

chan =

    21

Elapsed time is 284.267257 seconds.

chan =

    22

Elapsed time is 285.690370 seconds.

chan =

    23

Elapsed time is 283.894664 seconds.

chan =

    24

Elapsed time is 275.849718 seconds.

chan =

    25

Elapsed time is 279.111718 seconds.

chan =

    26

Elapsed time is 272.481483 seconds.

chan =

    27

Elapsed time is 273.709944 seconds.

chan =

    28

Elapsed time is 274.232179 seconds.

chan =

    29

Elapsed time is 269.238917 seconds.

chan =

    30

Elapsed time is 278.155714 seconds.

chan =

    31

Elapsed time is 278.498470 seconds.

chan =

    32

Elapsed time is 277.821032 seconds.

chan =

    33

Elapsed time is 274.928020 seconds.

chan =

    34

Elapsed time is 272.911330 seconds.

chan =

    35

Elapsed time is 271.740941 seconds.

chan =

    36

Elapsed time is 278.045294 seconds.

chan =

    37

Elapsed time is 274.726837 seconds.

chan =

    38

Elapsed time is 274.213315 seconds.

chan =

    39

Elapsed time is 266.225152 seconds.

chan =

    40

Elapsed time is 276.373737 seconds.

chan =

    41

Elapsed time is 273.226508 seconds.

chan =

    42

Elapsed time is 272.766647 seconds.

chan =

    43

Elapsed time is 272.280207 seconds.

chan =

    44

Elapsed time is 265.559810 seconds.

chan =

    45

Elapsed time is 276.068459 seconds.

chan =

    46

Elapsed time is 272.591629 seconds.

chan =

    47

Elapsed time is 272.692864 seconds.

chan =

    48

Elapsed time is 266.290877 seconds.

chan =

    49

Elapsed time is 271.007109 seconds.

chan =

    50

Elapsed time is 270.811004 seconds.

chan =

    51

Elapsed time is 270.330763 seconds.

chan =

    52

Elapsed time is 267.718395 seconds.

chan =

    53

Elapsed time is 260.014902 seconds.

chan =

    54

Elapsed time is 267.912109 seconds.

chan =

    55

Elapsed time is 266.540274 seconds.

chan =

    56

Elapsed time is 261.372977 seconds.

chan =

    57

Elapsed time is 267.306562 seconds.

chan =

    58

Elapsed time is 268.505059 seconds.

chan =

    59

Elapsed time is 267.773501 seconds.

chan =

    60

Elapsed time is 267.321984 seconds.

chan =

    61

Elapsed time is 263.756293 seconds.

chan =

    62

Elapsed time is 270.617468 seconds.

chan =

    63

Elapsed time is 266.859375 seconds.

chan =

    64

Elapsed time is 259.590449 seconds.

chan =

    65

Elapsed time is 268.993063 seconds.

chan =

    66

Elapsed time is 268.644386 seconds.

chan =

    67

Elapsed time is 268.091754 seconds.

chan =

    68

Elapsed time is 265.117365 seconds.

chan =

    69

Elapsed time is 257.880432 seconds.

chan =

    70

Elapsed time is 270.558462 seconds.

chan =

    71

Elapsed time is 268.741971 seconds.

chan =

    72

Elapsed time is 263.368196 seconds.

chan =

    73

Elapsed time is 267.871189 seconds.

chan =

    74

Elapsed time is 271.512191 seconds.

chan =

    75

Elapsed time is 271.886727 seconds.

chan =

    76

Elapsed time is 268.662260 seconds.

chan =

    77

Elapsed time is 263.399452 seconds.

chan =

    78

Elapsed time is 269.321863 seconds.

chan =

    79

Elapsed time is 269.537021 seconds.

chan =

    80

Elapsed time is 268.336058 seconds.

chan =

    81

Elapsed time is 264.530434 seconds.

chan =

    82

Elapsed time is 274.594474 seconds.

chan =

    83

Elapsed time is 276.094113 seconds.

chan =

    84

Elapsed time is 272.423287 seconds.

chan =

    85

Elapsed time is 264.373763 seconds.

chan =

    86

Elapsed time is 274.391630 seconds.

chan =

    87

Elapsed time is 271.643956 seconds.

chan =

    88

Elapsed time is 264.014279 seconds.

chan =

    89

Elapsed time is 268.115421 seconds.

chan =

    90

Elapsed time is 274.407959 seconds.

chan =

    91

Elapsed time is 271.122704 seconds.

chan =

    92

Elapsed time is 265.946641 seconds.

chan =

    93

Elapsed time is 274.546149 seconds.

chan =

    94

Elapsed time is 275.529067 seconds.

chan =

    95

Elapsed time is 276.396464 seconds.

chan =

    96

Elapsed time is 274.098730 seconds.

chan =

    97

Elapsed time is 269.332804 seconds.

chan =

    98

Elapsed time is 276.431746 seconds.

chan =

    99

Elapsed time is 277.381252 seconds.

chan =

   100

Elapsed time is 271.267580 seconds.

chan =

   101

Elapsed time is 271.724696 seconds.

chan =

   102

Elapsed time is 277.539802 seconds.

chan =

   103

Elapsed time is 274.866050 seconds.

chan =

   104

Elapsed time is 265.894605 seconds.

chan =

   105

Elapsed time is 275.134136 seconds.

chan =

   106

Elapsed time is 270.082535 seconds.

chan =

   107

Elapsed time is 269.571502 seconds.

chan =

   108

Elapsed time is 267.051377 seconds.

chan =

   109

Elapsed time is 269.608790 seconds.

