getting started: 3025
attempting file: 3025
going for OH30 124
data loaded: OH30 124
HFB already done

chan =

     1

Elapsed time is 558.241018 seconds.

chan =

     2

Elapsed time is 546.050127 seconds.

chan =

     3

Elapsed time is 572.101950 seconds.

chan =

     4

Elapsed time is 577.765617 seconds.

chan =

     5

Elapsed time is 570.134364 seconds.

chan =

     6

Elapsed time is 554.849984 seconds.

chan =

     7

Elapsed time is 610.833632 seconds.

chan =

     8

Elapsed time is 652.612440 seconds.

chan =

     9

Elapsed time is 649.086944 seconds.

chan =

    10

Elapsed time is 649.796411 seconds.

chan =

    11

Elapsed time is 650.173492 seconds.

chan =

    12

Elapsed time is 647.991945 seconds.

chan =

    13

Elapsed time is 649.309108 seconds.

chan =

    14

Elapsed time is 652.967674 seconds.

chan =

    15

Elapsed time is 649.983816 seconds.

chan =

    16

Elapsed time is 651.855589 seconds.

chan =

    17

Elapsed time is 649.473617 seconds.

chan =

    18

Elapsed time is 653.491201 seconds.

chan =

    19

Elapsed time is 652.689940 seconds.

chan =

    20

Elapsed time is 649.850819 seconds.

chan =

    21

Elapsed time is 644.130873 seconds.

chan =

    22

Elapsed time is 648.334370 seconds.

chan =

    23

Elapsed time is 652.930810 seconds.

chan =

    24

Elapsed time is 648.014346 seconds.

chan =

    25

Elapsed time is 654.861086 seconds.

chan =

    26

Elapsed time is 647.643761 seconds.

chan =

    27

Elapsed time is 645.818645 seconds.

chan =

    28

Elapsed time is 645.646530 seconds.

chan =

    29

Elapsed time is 638.463420 seconds.

chan =

    30

Elapsed time is 628.921650 seconds.

chan =

    31

Elapsed time is 628.632752 seconds.

chan =

    32

Elapsed time is 629.650501 seconds.

chan =

    33

Elapsed time is 626.213578 seconds.

chan =

    34

Elapsed time is 626.965915 seconds.

chan =

    35

Elapsed time is 628.915481 seconds.

chan =

    36

Elapsed time is 632.097103 seconds.

chan =

    37

Elapsed time is 624.951819 seconds.

chan =

    38

Elapsed time is 620.051544 seconds.

chan =

    39

Elapsed time is 621.322738 seconds.

chan =

    40

Elapsed time is 623.292178 seconds.

chan =

    41

Elapsed time is 626.429871 seconds.

chan =

    42

Elapsed time is 624.315994 seconds.

chan =

    43

Elapsed time is 621.812741 seconds.

chan =

    44

Elapsed time is 628.028866 seconds.

chan =

    45

Elapsed time is 624.670566 seconds.

chan =

    46

Elapsed time is 624.373550 seconds.

chan =

    47

Elapsed time is 624.184905 seconds.

chan =

    48

Elapsed time is 622.024738 seconds.

chan =

    49

Elapsed time is 627.405755 seconds.

chan =

    50

Elapsed time is 625.034054 seconds.

chan =

    51

Elapsed time is 528.557277 seconds.

chan =

    52

Elapsed time is 518.107624 seconds.

chan =

    53

Elapsed time is 531.284464 seconds.

chan =

    54

Elapsed time is 531.679075 seconds.

chan =

    55

Elapsed time is 534.965156 seconds.

chan =

    56

Elapsed time is 531.944661 seconds.

chan =

    57

Elapsed time is 535.618591 seconds.

chan =

    58

Elapsed time is 527.158801 seconds.

chan =

    59

Elapsed time is 514.657972 seconds.

chan =

    60

Elapsed time is 514.350495 seconds.

chan =

    61

Elapsed time is 515.760206 seconds.

chan =

    62

Elapsed time is 516.288114 seconds.

chan =

    63

Elapsed time is 513.519959 seconds.

chan =

    64

Elapsed time is 514.131569 seconds.

chan =

    65

Elapsed time is 514.136266 seconds.

chan =

    66

Elapsed time is 514.019203 seconds.

chan =

    67

Elapsed time is 514.617677 seconds.

chan =

    68

Elapsed time is 518.591113 seconds.

chan =

    69

Elapsed time is 515.775116 seconds.

chan =

    70

Elapsed time is 516.673255 seconds.

chan =

    71

Elapsed time is 515.769481 seconds.

chan =

    72

Elapsed time is 519.346098 seconds.

chan =

    73

Elapsed time is 521.971045 seconds.

chan =

    74

Elapsed time is 519.252436 seconds.

chan =

    75

Elapsed time is 516.512571 seconds.

chan =

    76

Elapsed time is 515.324609 seconds.

chan =

    77

Elapsed time is 509.434454 seconds.

chan =

    78

Elapsed time is 484.423897 seconds.

chan =

    79

Elapsed time is 473.583000 seconds.

chan =

    80

Elapsed time is 477.837608 seconds.

chan =

    81

Elapsed time is 478.161947 seconds.

chan =

    82

Elapsed time is 477.678796 seconds.

chan =

    83

Elapsed time is 481.161197 seconds.

chan =

    84

Elapsed time is 476.776794 seconds.

chan =

    85

Elapsed time is 476.702568 seconds.

chan =

    86

Elapsed time is 477.004072 seconds.

chan =

    87

Elapsed time is 478.242671 seconds.

chan =

    88

Elapsed time is 478.875533 seconds.

chan =

    89

Elapsed time is 480.109289 seconds.

chan =

    90

Elapsed time is 480.369120 seconds.

chan =

    91

Elapsed time is 478.652180 seconds.

chan =

    92

Elapsed time is 478.095714 seconds.

chan =

    93

Elapsed time is 477.735692 seconds.

chan =

    94

Elapsed time is 476.498535 seconds.

chan =

    95

Elapsed time is 479.892437 seconds.

chan =

    96

Elapsed time is 480.285653 seconds.

chan =

    97

Elapsed time is 478.774093 seconds.

chan =

    98

Elapsed time is 480.814062 seconds.

chan =

    99

Elapsed time is 481.952293 seconds.

chan =

   100

Elapsed time is 480.443860 seconds.

chan =

   101

Elapsed time is 481.249074 seconds.

chan =

   102

Elapsed time is 478.027508 seconds.

chan =

   103

Elapsed time is 480.289734 seconds.

chan =

   104

Elapsed time is 479.305897 seconds.

chan =

   105

Elapsed time is 479.814520 seconds.

chan =

   106

Elapsed time is 477.375670 seconds.

chan =

   107

Elapsed time is 476.635322 seconds.

chan =

   108

Elapsed time is 476.960596 seconds.

chan =

   109

Elapsed time is 474.594124 seconds.

chan =

   110

Elapsed time is 475.207906 seconds.

chan =

   111

Elapsed time is 476.983421 seconds.

chan =

   112

Elapsed time is 479.840809 seconds.

chan =

   113

Elapsed time is 479.167246 seconds.

chan =

   114

Elapsed time is 479.113188 seconds.

chan =

   115

Elapsed time is 477.507567 seconds.

chan =

   116

Elapsed time is 473.815263 seconds.

chan =

   117

Elapsed time is 470.773101 seconds.

chan =

   118

Elapsed time is 466.835039 seconds.

chan =

   119

Elapsed time is 473.577839 seconds.

chan =

   120

Elapsed time is 474.343794 seconds.

chan =

   121

Elapsed time is 475.741588 seconds.

chan =

   122

Elapsed time is 472.515127 seconds.

chan =

   123

Elapsed time is 471.920111 seconds.

chan =

   124

