getting started: 3693
attempting file: 3693
going for SLCH010 99
data loaded: SLCH010 99
HFB already done

chan =

     1

Elapsed time is 515.148428 seconds.

chan =

     2

Elapsed time is 511.445540 seconds.

chan =

     3

Elapsed time is 510.340758 seconds.

chan =

     4

Elapsed time is 510.045727 seconds.

chan =

     5

Elapsed time is 505.355527 seconds.

chan =

     6

Elapsed time is 505.139634 seconds.

chan =

     7

Elapsed time is 505.875266 seconds.

chan =

     8

Elapsed time is 504.083015 seconds.

chan =

     9

Elapsed time is 501.090805 seconds.

chan =

    10

Elapsed time is 495.219843 seconds.

chan =

    11

Elapsed time is 499.474066 seconds.

chan =

    12

Elapsed time is 506.391178 seconds.

chan =

    13

Elapsed time is 512.758922 seconds.

chan =

    14

Elapsed time is 510.950950 seconds.

chan =

    15

Elapsed time is 510.909390 seconds.

chan =

    16

Elapsed time is 512.315676 seconds.

chan =

    17

Elapsed time is 508.901371 seconds.

chan =

    18

Elapsed time is 509.257106 seconds.

chan =

    19

Elapsed time is 509.100771 seconds.

chan =

    20

Elapsed time is 505.556171 seconds.

chan =

    21

Elapsed time is 493.316332 seconds.

chan =

    22

Elapsed time is 496.855482 seconds.

chan =

    23

Elapsed time is 492.939972 seconds.

chan =

    24

Elapsed time is 501.630790 seconds.

chan =

    25

Elapsed time is 499.898057 seconds.

chan =

    26

Elapsed time is 492.517714 seconds.

chan =

    27

Elapsed time is 493.159074 seconds.

chan =

    28

Elapsed time is 486.953181 seconds.

chan =

    29

Elapsed time is 493.048209 seconds.

chan =

    30

Elapsed time is 487.359986 seconds.

chan =

    31

Elapsed time is 497.494450 seconds.

chan =

    32

Elapsed time is 495.656379 seconds.

chan =

    33

Elapsed time is 495.641737 seconds.

chan =

    34

Elapsed time is 495.601536 seconds.

chan =

    35

Elapsed time is 495.191021 seconds.

chan =

    36

Elapsed time is 492.028931 seconds.

chan =

    37

Elapsed time is 494.474990 seconds.

chan =

    38

Elapsed time is 490.051558 seconds.

chan =

    39

Elapsed time is 488.767137 seconds.

chan =

    40

Elapsed time is 491.434036 seconds.

chan =

    41

Elapsed time is 486.897981 seconds.

chan =

    42

Elapsed time is 486.247221 seconds.

chan =

    43

Elapsed time is 486.114815 seconds.

chan =

    44

Elapsed time is 487.906924 seconds.

chan =

    45

Elapsed time is 489.802776 seconds.

chan =

    46

Elapsed time is 500.460691 seconds.

chan =

    47

Elapsed time is 494.978775 seconds.

chan =

    48

Elapsed time is 498.041541 seconds.

chan =

    49

Elapsed time is 499.277576 seconds.

chan =

    50

Elapsed time is 493.971349 seconds.

chan =

    51

Elapsed time is 491.688753 seconds.

chan =

    52

Elapsed time is 490.730160 seconds.

chan =

    53

Elapsed time is 493.797147 seconds.

chan =

    54

Elapsed time is 495.932885 seconds.

chan =

    55

Elapsed time is 493.426779 seconds.

chan =

    56

Elapsed time is 496.706260 seconds.

chan =

    57

Elapsed time is 494.402517 seconds.

chan =

    58

Elapsed time is 496.710229 seconds.

chan =

    59

Elapsed time is 497.985779 seconds.

chan =

    60

Elapsed time is 496.071864 seconds.

chan =

    61

Elapsed time is 491.825047 seconds.

chan =

    62

Elapsed time is 493.091072 seconds.

chan =

    63

Elapsed time is 495.815069 seconds.

chan =

    64

Elapsed time is 493.005637 seconds.

chan =

    65

Elapsed time is 497.315247 seconds.

chan =

    66

Elapsed time is 492.739576 seconds.

chan =

    67

Elapsed time is 485.959305 seconds.

chan =

    68

Elapsed time is 483.961553 seconds.

chan =

    69

Elapsed time is 484.605028 seconds.

chan =

    70

Elapsed time is 481.888240 seconds.

chan =

    71

Elapsed time is 486.224497 seconds.

chan =

    72

Elapsed time is 482.859813 seconds.

chan =

    73

Elapsed time is 479.424981 seconds.

chan =

    74

Elapsed time is 472.827308 seconds.

chan =

    75

Elapsed time is 471.717891 seconds.

chan =

    76

Elapsed time is 471.505968 seconds.

chan =

    77

Elapsed time is 469.764497 seconds.

chan =

    78

Elapsed time is 468.826443 seconds.

chan =

    79

Elapsed time is 469.730358 seconds.

chan =

    80

Elapsed time is 472.047493 seconds.

chan =

    81

Elapsed time is 473.530747 seconds.

chan =

    82

Elapsed time is 470.290266 seconds.

chan =

    83

Elapsed time is 471.327397 seconds.

chan =

    84

Elapsed time is 472.828460 seconds.

chan =

    85

Elapsed time is 473.796032 seconds.

chan =

    86

Elapsed time is 470.662452 seconds.

chan =

    87

Elapsed time is 471.096607 seconds.

chan =

    88

Elapsed time is 472.726829 seconds.

chan =

    89

Elapsed time is 473.315941 seconds.

chan =

    90

Elapsed time is 469.412848 seconds.

chan =

    91

Elapsed time is 483.912271 seconds.

chan =

    92

Elapsed time is 499.119844 seconds.

chan =

    93

Elapsed time is 502.088920 seconds.

chan =

    94

Elapsed time is 500.641059 seconds.

chan =

    95

Elapsed time is 500.423186 seconds.

chan =

    96

Elapsed time is 495.745187 seconds.

chan =

    97

Elapsed time is 497.636420 seconds.

chan =

    98

Elapsed time is 498.932738 seconds.

chan =

    99

Elapsed time is 498.003033 seconds.

chan =

   100

Elapsed time is 498.497844 seconds.

chan =

   101

Elapsed time is 500.004196 seconds.

chan =

   102

Elapsed time is 501.384010 seconds.

chan =

   103

Elapsed time is 500.165464 seconds.

chan =

   104

Elapsed time is 500.273531 seconds.

chan =

   105

Elapsed time is 500.116101 seconds.

chan =

   106

Elapsed time is 497.329214 seconds.

chan =

   107

Elapsed time is 505.148975 seconds.

chan =

   108

Elapsed time is 500.175100 seconds.

chan =

   109

Elapsed time is 503.483478 seconds.

chan =

   110

Elapsed time is 504.487948 seconds.

chan =

   111

Elapsed time is 504.381656 seconds.

chan =

   112

Elapsed time is 503.429386 seconds.

chan =

   113

Elapsed time is 488.111557 seconds.

chan =

   114

Elapsed time is 433.844682 seconds.
attempting saving
save success: /projects/p31578/dtf8829/QuestConnect/CHANDAT/chanDat_SLCH010_099.mat
working on TF
encoding done
encoding RT done
