getting started: 3603
attempting file: 3603
going for SLCH010 9
data loaded: SLCH010 9
HFB already done

chan =

     1

Elapsed time is 607.424089 seconds.

chan =

     2

Elapsed time is 606.536448 seconds.

chan =

     3

Elapsed time is 599.636260 seconds.

chan =

     4

Elapsed time is 580.069774 seconds.

chan =

     5

Elapsed time is 683.130344 seconds.

chan =

     6

Elapsed time is 684.849328 seconds.

chan =

     7

Elapsed time is 685.282253 seconds.

chan =

     8

Elapsed time is 687.719065 seconds.

chan =

     9

Elapsed time is 687.532872 seconds.

chan =

    10

Elapsed time is 688.047381 seconds.

chan =

    11

Elapsed time is 687.586344 seconds.

chan =

    12

Elapsed time is 687.324221 seconds.

chan =

    13

Elapsed time is 688.603792 seconds.

chan =

    14

Elapsed time is 686.909497 seconds.

chan =

    15

Elapsed time is 688.697004 seconds.

chan =

    16

Elapsed time is 685.432501 seconds.

chan =

    17

Elapsed time is 689.033550 seconds.

chan =

    18

Elapsed time is 683.979265 seconds.

chan =

    19

Elapsed time is 688.079735 seconds.

chan =

    20

Elapsed time is 688.189188 seconds.

chan =

    21

Elapsed time is 690.865861 seconds.

chan =

    22

Elapsed time is 692.099897 seconds.

chan =

    23

Elapsed time is 684.252008 seconds.

chan =

    24

Elapsed time is 683.996455 seconds.

chan =

    25

Elapsed time is 680.309376 seconds.

chan =

    26

Elapsed time is 669.017580 seconds.

chan =

    27

Elapsed time is 661.364118 seconds.

chan =

    28

Elapsed time is 667.529824 seconds.

chan =

    29

Elapsed time is 665.323707 seconds.

chan =

    30

Elapsed time is 664.392706 seconds.

chan =

    31

Elapsed time is 665.192441 seconds.

chan =

    32

Elapsed time is 665.415624 seconds.

chan =

    33

Elapsed time is 664.358503 seconds.

chan =

    34

Elapsed time is 659.778194 seconds.

chan =

    35

Elapsed time is 658.798012 seconds.

chan =

    36

Elapsed time is 659.865268 seconds.

chan =

    37

Elapsed time is 663.375928 seconds.

chan =

    38

Elapsed time is 662.179571 seconds.

chan =

    39

Elapsed time is 659.302766 seconds.

chan =

    40

Elapsed time is 662.355023 seconds.

chan =

    41

Elapsed time is 663.900199 seconds.

chan =

    42

Elapsed time is 661.007556 seconds.

chan =

    43

Elapsed time is 664.367160 seconds.

chan =

    44

Elapsed time is 665.122161 seconds.

chan =

    45

Elapsed time is 659.798209 seconds.

chan =

    46

Elapsed time is 582.359192 seconds.

chan =

    47

Elapsed time is 545.968895 seconds.

chan =

    48

Elapsed time is 559.844072 seconds.

chan =

    49

Elapsed time is 562.878536 seconds.

chan =

    50

Elapsed time is 563.688134 seconds.

chan =

    51

Elapsed time is 563.433262 seconds.

chan =

    52

Elapsed time is 564.765557 seconds.

chan =

    53

Elapsed time is 549.118693 seconds.

chan =

    54

Elapsed time is 542.133009 seconds.

chan =

    55

Elapsed time is 545.234577 seconds.

chan =

    56

Elapsed time is 544.106591 seconds.

chan =

    57

Elapsed time is 544.148178 seconds.

chan =

    58

Elapsed time is 540.211035 seconds.

chan =

    59

Elapsed time is 548.133512 seconds.

chan =

    60

Elapsed time is 543.213301 seconds.

chan =

    61

Elapsed time is 546.620951 seconds.

chan =

    62

Elapsed time is 547.584068 seconds.

chan =

    63

Elapsed time is 548.430123 seconds.

chan =

    64

Elapsed time is 550.504340 seconds.

chan =

    65

Elapsed time is 547.443124 seconds.

chan =

    66

Elapsed time is 547.440936 seconds.

chan =

    67

Elapsed time is 553.056061 seconds.

chan =

    68

Elapsed time is 550.818490 seconds.

chan =

    69

Elapsed time is 549.082284 seconds.

chan =

    70

Elapsed time is 545.265678 seconds.

chan =

    71

Elapsed time is 539.340325 seconds.

chan =

    72

Elapsed time is 511.816704 seconds.

chan =

    73

Elapsed time is 507.005368 seconds.

chan =

    74

Elapsed time is 507.429056 seconds.

chan =

    75

Elapsed time is 508.397580 seconds.

chan =

    76

Elapsed time is 507.071754 seconds.

chan =

    77

Elapsed time is 504.131090 seconds.

chan =

    78

Elapsed time is 503.654014 seconds.

chan =

    79

Elapsed time is 508.510524 seconds.

chan =

    80

Elapsed time is 505.141394 seconds.

chan =

    81

Elapsed time is 508.947469 seconds.

chan =

    82

Elapsed time is 504.845267 seconds.

chan =

    83

Elapsed time is 507.489312 seconds.

chan =

    84

Elapsed time is 505.091696 seconds.

chan =

    85

Elapsed time is 507.054812 seconds.

chan =

    86

Elapsed time is 508.395175 seconds.

chan =

    87

Elapsed time is 507.491692 seconds.

chan =

    88

Elapsed time is 504.477431 seconds.

chan =

    89

Elapsed time is 508.756848 seconds.

chan =

    90

Elapsed time is 509.747619 seconds.

chan =

    91

Elapsed time is 506.153133 seconds.

chan =

    92

Elapsed time is 507.718961 seconds.

chan =

    93

Elapsed time is 510.801120 seconds.

chan =

    94

Elapsed time is 506.353016 seconds.

chan =

    95

Elapsed time is 506.860864 seconds.

chan =

    96

Elapsed time is 503.591682 seconds.

chan =

    97

Elapsed time is 506.115979 seconds.

chan =

    98

Elapsed time is 506.027249 seconds.

chan =

    99

Elapsed time is 507.370397 seconds.

chan =

   100

Elapsed time is 505.673815 seconds.

chan =

   101

Elapsed time is 505.426259 seconds.

chan =

   102

Elapsed time is 505.988337 seconds.

chan =

   103

Elapsed time is 510.472928 seconds.

chan =

   104

Elapsed time is 507.605510 seconds.

chan =

   105

Elapsed time is 508.992739 seconds.

chan =

   106

Elapsed time is 505.459040 seconds.

chan =

   107

Elapsed time is 506.977801 seconds.

chan =

   108

Elapsed time is 497.671727 seconds.

chan =

   109

Elapsed time is 503.030074 seconds.

chan =

   110

Elapsed time is 501.121428 seconds.

chan =

   111

Elapsed time is 505.853615 seconds.

chan =

   112

Elapsed time is 501.992246 seconds.

chan =

   113

Elapsed time is 503.862511 seconds.

chan =

   114

Elapsed time is 501.765223 seconds.
attempting saving
save success: /projects/p31578/dtf8829/QuestConnect/CHANDAT/chanDat_SLCH010_009.mat
working on TF
encoding done
encoding RT done
