getting started: 3038
attempting file: 3038
going for OH30 137
data loaded: OH30 137
HFB already done

chan =

     1

Elapsed time is 373.539214 seconds.

chan =

     2

Elapsed time is 370.632314 seconds.

chan =

     3

Elapsed time is 365.510216 seconds.

chan =

     4

Elapsed time is 368.676067 seconds.

chan =

     5

Elapsed time is 365.375775 seconds.

chan =

     6

Elapsed time is 365.254638 seconds.

chan =

     7

Elapsed time is 365.132581 seconds.

chan =

     8

Elapsed time is 366.622994 seconds.

chan =

     9

Elapsed time is 365.858411 seconds.

chan =

    10

Elapsed time is 365.804550 seconds.

chan =

    11

Elapsed time is 365.776609 seconds.

chan =

    12

Elapsed time is 363.907193 seconds.

chan =

    13

Elapsed time is 364.467128 seconds.

chan =

    14

Elapsed time is 367.830381 seconds.

chan =

    15

Elapsed time is 360.612357 seconds.

chan =

    16

Elapsed time is 364.748040 seconds.

chan =

    17

Elapsed time is 362.551053 seconds.

chan =

    18

Elapsed time is 367.763605 seconds.

chan =

    19

Elapsed time is 360.530775 seconds.

chan =

    20

Elapsed time is 365.869508 seconds.

chan =

    21

Elapsed time is 367.018609 seconds.

chan =

    22

Elapsed time is 367.031741 seconds.

chan =

    23

Elapsed time is 369.627112 seconds.

chan =

    24

Elapsed time is 370.028833 seconds.

chan =

    25

Elapsed time is 372.128372 seconds.

chan =

    26

Elapsed time is 367.179514 seconds.

chan =

    27

Elapsed time is 372.498597 seconds.

chan =

    28

Elapsed time is 364.165145 seconds.

chan =

    29

Elapsed time is 366.964265 seconds.

chan =

    30

Elapsed time is 367.235691 seconds.

chan =

    31

Elapsed time is 369.222502 seconds.

chan =

    32

Elapsed time is 370.730496 seconds.

chan =

    33

Elapsed time is 367.050085 seconds.

chan =

    34

Elapsed time is 362.946115 seconds.

chan =

    35

Elapsed time is 360.013121 seconds.

chan =

    36

Elapsed time is 369.343651 seconds.

chan =

    37

Elapsed time is 366.664823 seconds.

chan =

    38

Elapsed time is 367.506032 seconds.

chan =

    39

Elapsed time is 367.588107 seconds.

chan =

    40

Elapsed time is 370.373197 seconds.

chan =

    41

Elapsed time is 365.736787 seconds.

chan =

    42

Elapsed time is 374.118466 seconds.

chan =

    43

Elapsed time is 370.204365 seconds.

chan =

    44

Elapsed time is 365.334665 seconds.

chan =

    45

Elapsed time is 367.830175 seconds.

chan =

    46

Elapsed time is 367.614781 seconds.

chan =

    47

Elapsed time is 363.190894 seconds.

chan =

    48

Elapsed time is 367.459635 seconds.

chan =

    49

Elapsed time is 373.638227 seconds.

chan =

    50

Elapsed time is 367.457397 seconds.

chan =

    51

Elapsed time is 365.706125 seconds.

chan =

    52

Elapsed time is 368.803232 seconds.

chan =

    53

Elapsed time is 370.288560 seconds.

chan =

    54

Elapsed time is 366.784565 seconds.

chan =

    55

Elapsed time is 374.149466 seconds.

chan =

    56

Elapsed time is 372.488881 seconds.

chan =

    57

Elapsed time is 370.240231 seconds.

chan =

    58

Elapsed time is 361.610373 seconds.

chan =

    59

Elapsed time is 367.903976 seconds.

chan =

    60

Elapsed time is 372.537192 seconds.

chan =

    61

Elapsed time is 370.256922 seconds.

chan =

    62

Elapsed time is 359.493414 seconds.

chan =

    63

Elapsed time is 350.618928 seconds.

chan =

    64

Elapsed time is 359.874405 seconds.

chan =

    65

Elapsed time is 362.912413 seconds.

chan =

    66

Elapsed time is 362.572266 seconds.

chan =

    67

Elapsed time is 358.351144 seconds.

chan =

    68

Elapsed time is 365.897069 seconds.

chan =

    69

Elapsed time is 413.219577 seconds.

chan =

    70

Elapsed time is 373.625232 seconds.

chan =

    71

Elapsed time is 369.017659 seconds.

chan =

    72

Elapsed time is 375.335112 seconds.

chan =

    73

Elapsed time is 366.529822 seconds.

chan =

    74

Elapsed time is 365.202417 seconds.

chan =

    75

Elapsed time is 393.250787 seconds.

chan =

    76

Elapsed time is 428.411043 seconds.

chan =

    77

Elapsed time is 429.302120 seconds.

chan =

    78

Elapsed time is 424.285175 seconds.

chan =

    79

Elapsed time is 415.174044 seconds.

chan =

    80

Elapsed time is 359.428631 seconds.

chan =

    81

Elapsed time is 401.680638 seconds.

chan =

    82

Elapsed time is 418.909894 seconds.

chan =

    83

Elapsed time is 373.834359 seconds.

chan =

    84

Elapsed time is 431.266672 seconds.

chan =

    85

Elapsed time is 403.229426 seconds.

chan =

    86

Elapsed time is 358.360708 seconds.

chan =

    87

Elapsed time is 360.877753 seconds.

chan =

    88

Elapsed time is 358.450760 seconds.

chan =

    89

Elapsed time is 366.390373 seconds.

chan =

    90

Elapsed time is 371.461379 seconds.

chan =

    91

Elapsed time is 362.441082 seconds.

chan =

    92

Elapsed time is 364.326131 seconds.

chan =

    93

Elapsed time is 366.489498 seconds.

chan =

    94

Elapsed time is 366.015766 seconds.

chan =

    95

Elapsed time is 381.504700 seconds.

chan =

    96

Elapsed time is 431.131198 seconds.

chan =

    97

Elapsed time is 430.804269 seconds.

chan =

    98

Elapsed time is 428.846492 seconds.

chan =

    99

Elapsed time is 428.985454 seconds.

chan =

   100

Elapsed time is 435.548555 seconds.

chan =

   101

Elapsed time is 425.335448 seconds.

chan =

   102

Elapsed time is 405.079317 seconds.

chan =

   103

Elapsed time is 428.436582 seconds.

chan =

   104

Elapsed time is 432.407908 seconds.

chan =

   105

Elapsed time is 425.934616 seconds.

chan =

   106

Elapsed time is 363.032075 seconds.

chan =

   107

Elapsed time is 375.631864 seconds.

chan =

   108

Elapsed time is 365.142643 seconds.

chan =

   109

Elapsed time is 372.404530 seconds.

chan =

   110

Elapsed time is 371.057764 seconds.

chan =

   111

Elapsed time is 373.758690 seconds.

chan =

   112

Elapsed time is 366.978896 seconds.

chan =

   113

Elapsed time is 376.404433 seconds.

chan =

   114

Elapsed time is 375.552172 seconds.

chan =

   115

Elapsed time is 365.240351 seconds.

chan =

   116

Elapsed time is 373.464651 seconds.

chan =

   117

Elapsed time is 373.561769 seconds.

chan =

   118

Elapsed time is 365.433927 seconds.

chan =

   119

Elapsed time is 368.284867 seconds.

chan =

   120

Elapsed time is 370.354007 seconds.

chan =

   121

Elapsed time is 372.048343 seconds.

chan =

   122

Elapsed time is 370.635099 seconds.

chan =

   123

Elapsed time is 371.621160 seconds.

chan =

   124

Elapsed time is 373.581665 seconds.

chan =

   125

Elapsed time is 365.995409 seconds.

chan =

   126

Elapsed time is 373.665194 seconds.

chan =

   127

Elapsed time is 367.914875 seconds.

chan =

   128

Elapsed time is 372.602351 seconds.

chan =

   129

Elapsed time is 362.683398 seconds.

chan =

   130

Elapsed time is 369.070544 seconds.

chan =

   131

Elapsed time is 367.781742 seconds.

chan =

   132

Elapsed time is 368.471929 seconds.

chan =

   133

Elapsed time is 370.445421 seconds.

chan =

   134

Elapsed time is 369.170735 seconds.

chan =

   135

Elapsed time is 372.779575 seconds.

chan =

   136

Elapsed time is 374.758913 seconds.

chan =

   137

Elapsed time is 373.076886 seconds.

chan =

   138

Elapsed time is 373.665531 seconds.

chan =

   139

Elapsed time is 371.842705 seconds.
attempting saving
save success: /projects/p31578/dtf8829/QuestConnect/CHANDAT/chanDat_OH30_137.mat
working on TF
encoding done
encoding RT done
