getting started: 3266
attempting file: 3266
going for SD5 15
data loaded: SD5 15
HFB already done

chan =

     1

Elapsed time is 228.493279 seconds.

chan =

     2

Elapsed time is 228.483499 seconds.

chan =

     3

Elapsed time is 230.969995 seconds.

chan =

     4

Elapsed time is 233.636925 seconds.

chan =

     5

Elapsed time is 240.782312 seconds.

chan =

     6

Elapsed time is 241.588500 seconds.

chan =

     7

Elapsed time is 239.516853 seconds.

chan =

     8

Elapsed time is 237.272404 seconds.

chan =

     9

Elapsed time is 236.391946 seconds.

chan =

    10

Elapsed time is 238.065297 seconds.

chan =

    11

Elapsed time is 237.436246 seconds.

chan =

    12

Elapsed time is 237.969895 seconds.

chan =

    13

Elapsed time is 236.122284 seconds.

chan =

    14

Elapsed time is 233.302598 seconds.

chan =

    15

Elapsed time is 228.453532 seconds.

chan =

    16

Elapsed time is 229.043139 seconds.

chan =

    17

Elapsed time is 229.575855 seconds.

chan =

    18

Elapsed time is 229.391919 seconds.

chan =

    19

Elapsed time is 228.284616 seconds.

chan =

    20

Elapsed time is 365.058862 seconds.

chan =

    21

Elapsed time is 433.477095 seconds.

chan =

    22

Elapsed time is 433.844079 seconds.

chan =

    23

Elapsed time is 432.402206 seconds.

chan =

    24

Elapsed time is 427.137699 seconds.

chan =

    25

Elapsed time is 255.607129 seconds.

chan =

    26

Elapsed time is 224.794509 seconds.

chan =

    27

Elapsed time is 313.752521 seconds.

chan =

    28

Elapsed time is 314.059259 seconds.

chan =

    29

Elapsed time is 244.171053 seconds.

chan =

    30

Elapsed time is 290.503617 seconds.

chan =

    31

Elapsed time is 288.266925 seconds.

chan =

    32

Elapsed time is 289.084070 seconds.

chan =

    33

Elapsed time is 288.578070 seconds.

chan =

    34

Elapsed time is 287.640295 seconds.

chan =

    35

Elapsed time is 288.760938 seconds.

chan =

    36

Elapsed time is 287.295355 seconds.

chan =

    37

Elapsed time is 287.847054 seconds.

chan =

    38

Elapsed time is 286.591759 seconds.

chan =

    39

Elapsed time is 248.624374 seconds.

chan =

    40

Elapsed time is 287.624734 seconds.

chan =

    41

Elapsed time is 286.928382 seconds.

chan =

    42

Elapsed time is 288.905790 seconds.

chan =

    43

Elapsed time is 285.426071 seconds.

chan =

    44

Elapsed time is 279.671252 seconds.

chan =

    45

Elapsed time is 283.209764 seconds.

chan =

    46

Elapsed time is 282.699689 seconds.

chan =

    47

Elapsed time is 283.093755 seconds.

chan =

    48

Elapsed time is 281.400754 seconds.

chan =

    49

Elapsed time is 281.763423 seconds.

chan =

    50

Elapsed time is 282.466222 seconds.

chan =

    51

Elapsed time is 280.738476 seconds.

chan =

    52

Elapsed time is 278.358972 seconds.

chan =

    53

Elapsed time is 282.233143 seconds.

chan =

    54

Elapsed time is 280.088555 seconds.

chan =

    55

Elapsed time is 280.226756 seconds.

chan =

    56

Elapsed time is 279.335209 seconds.

chan =

    57

Elapsed time is 281.375537 seconds.

chan =

    58

Elapsed time is 280.688549 seconds.

chan =

    59

Elapsed time is 280.366903 seconds.

chan =

    60

Elapsed time is 281.537021 seconds.

chan =

    61

Elapsed time is 281.344230 seconds.

chan =

    62

Elapsed time is 279.297597 seconds.

chan =

    63

Elapsed time is 279.727499 seconds.

chan =

    64

Elapsed time is 280.542151 seconds.

chan =

    65

Elapsed time is 280.186174 seconds.

chan =

    66

Elapsed time is 281.276018 seconds.

chan =

    67

Elapsed time is 278.925562 seconds.

chan =

    68

Elapsed time is 279.436540 seconds.

chan =

    69

Elapsed time is 280.037415 seconds.

chan =

    70

Elapsed time is 280.483914 seconds.

chan =

    71

Elapsed time is 280.853904 seconds.

chan =

    72

Elapsed time is 311.896511 seconds.

chan =

    73

Elapsed time is 315.683054 seconds.

chan =

    74

Elapsed time is 295.409067 seconds.

chan =

    75

Elapsed time is 299.333011 seconds.

chan =

    76

Elapsed time is 227.113975 seconds.

chan =

    77

Elapsed time is 305.444616 seconds.

chan =

    78

Elapsed time is 315.880186 seconds.

chan =

    79

Elapsed time is 316.465910 seconds.

chan =

    80

Elapsed time is 315.843119 seconds.

chan =

    81

Elapsed time is 311.693864 seconds.

chan =

    82

Elapsed time is 316.350696 seconds.

chan =

    83

Elapsed time is 317.739669 seconds.

chan =

    84

Elapsed time is 317.122662 seconds.

chan =

    85

Elapsed time is 307.005644 seconds.

chan =

    86

Elapsed time is 314.127707 seconds.

chan =

    87

Elapsed time is 314.103029 seconds.

chan =

    88

Elapsed time is 317.088702 seconds.

chan =

    89

Elapsed time is 316.633769 seconds.

chan =

    90

Elapsed time is 312.227234 seconds.

chan =

    91

Elapsed time is 316.472244 seconds.

chan =

    92

Elapsed time is 317.712785 seconds.

chan =

    93

Elapsed time is 317.315483 seconds.

chan =

    94

Elapsed time is 309.268039 seconds.

chan =

    95

Elapsed time is 311.674499 seconds.

chan =

    96

Elapsed time is 316.626037 seconds.

chan =

    97

Elapsed time is 318.279940 seconds.

chan =

    98

Elapsed time is 318.625777 seconds.

chan =

    99

Elapsed time is 308.143612 seconds.

chan =

   100

Elapsed time is 317.660202 seconds.

chan =

   101

Elapsed time is 320.517005 seconds.

chan =

   102

Elapsed time is 320.607050 seconds.

chan =

   103

Elapsed time is 315.594472 seconds.

chan =

   104

Elapsed time is 315.982717 seconds.

chan =

   105

Elapsed time is 318.700861 seconds.

chan =

   106

Elapsed time is 313.815988 seconds.

chan =

   107

Elapsed time is 317.508950 seconds.

chan =

   108

Elapsed time is 303.813214 seconds.

chan =

   109

Elapsed time is 312.918976 seconds.

