getting started: 3630
attempting file: 3630
going for SLCH010 36
data loaded: SLCH010 36
HFB already done

chan =

     1

Elapsed time is 693.730436 seconds.

chan =

     2

Elapsed time is 685.852188 seconds.

chan =

     3

Elapsed time is 684.297917 seconds.

chan =

     4

Elapsed time is 682.241564 seconds.

chan =

     5

Elapsed time is 680.820314 seconds.

chan =

     6

Elapsed time is 682.869108 seconds.

chan =

     7

Elapsed time is 678.956311 seconds.

chan =

     8

Elapsed time is 681.361881 seconds.

chan =

     9

Elapsed time is 678.801041 seconds.

chan =

    10

Elapsed time is 681.557099 seconds.

chan =

    11

Elapsed time is 666.413896 seconds.

chan =

    12

Elapsed time is 669.326967 seconds.

chan =

    13

Elapsed time is 659.490805 seconds.

chan =

    14

Elapsed time is 659.096882 seconds.

chan =

    15

Elapsed time is 650.284753 seconds.

chan =

    16

Elapsed time is 649.783919 seconds.

chan =

    17

Elapsed time is 650.026411 seconds.

chan =

    18

Elapsed time is 650.196716 seconds.

chan =

    19

Elapsed time is 648.836085 seconds.

chan =

    20

Elapsed time is 646.832585 seconds.

chan =

    21

Elapsed time is 648.985882 seconds.

chan =

    22

Elapsed time is 648.503332 seconds.

chan =

    23

Elapsed time is 649.787127 seconds.

chan =

    24

Elapsed time is 649.718218 seconds.

chan =

    25

Elapsed time is 653.051351 seconds.

chan =

    26

Elapsed time is 650.391601 seconds.

chan =

    27

Elapsed time is 653.556350 seconds.

chan =

    28

Elapsed time is 653.088227 seconds.

chan =

    29

Elapsed time is 652.432562 seconds.

chan =

    30

Elapsed time is 650.379766 seconds.

chan =

    31

Elapsed time is 668.467881 seconds.

chan =

    32

Elapsed time is 677.274745 seconds.

chan =

    33

Elapsed time is 666.000117 seconds.

chan =

    34

Elapsed time is 667.465420 seconds.

chan =

    35

Elapsed time is 665.809244 seconds.

chan =

    36

Elapsed time is 666.232420 seconds.

chan =

    37

Elapsed time is 670.272342 seconds.

chan =

    38

Elapsed time is 666.884516 seconds.

chan =

    39

Elapsed time is 670.843903 seconds.

chan =

    40

Elapsed time is 662.863443 seconds.

chan =

    41

Elapsed time is 670.587636 seconds.

chan =

    42

Elapsed time is 667.385424 seconds.

chan =

    43

Elapsed time is 667.750327 seconds.

chan =

    44

Elapsed time is 670.800708 seconds.

chan =

    45

Elapsed time is 670.021239 seconds.

chan =

    46

Elapsed time is 668.898705 seconds.

chan =

    47

Elapsed time is 660.558164 seconds.

chan =

    48

Elapsed time is 670.193659 seconds.

chan =

    49

Elapsed time is 669.973629 seconds.

chan =

    50

Elapsed time is 644.899582 seconds.

chan =

    51

Elapsed time is 644.557073 seconds.

chan =

    52

Elapsed time is 644.719250 seconds.

chan =

    53

Elapsed time is 640.904060 seconds.

chan =

    54

Elapsed time is 613.684134 seconds.

chan =

    55

Elapsed time is 560.107387 seconds.

chan =

    56

Elapsed time is 534.785770 seconds.

chan =

    57

Elapsed time is 517.749628 seconds.

chan =

    58

Elapsed time is 500.427438 seconds.

chan =

    59

Elapsed time is 500.831411 seconds.

chan =

    60

Elapsed time is 499.611931 seconds.

chan =

    61

Elapsed time is 500.452222 seconds.

chan =

    62

Elapsed time is 499.335434 seconds.

chan =

    63

Elapsed time is 502.008901 seconds.

chan =

    64

Elapsed time is 500.568377 seconds.

chan =

    65

Elapsed time is 500.527967 seconds.

chan =

    66

Elapsed time is 500.677019 seconds.

chan =

    67

Elapsed time is 500.767147 seconds.

chan =

    68

Elapsed time is 499.686757 seconds.

chan =

    69

Elapsed time is 500.309792 seconds.

chan =

    70

Elapsed time is 500.011383 seconds.

chan =

    71

Elapsed time is 501.677746 seconds.

chan =

    72

Elapsed time is 500.158986 seconds.

chan =

    73

Elapsed time is 500.856029 seconds.

chan =

    74

Elapsed time is 498.717525 seconds.

chan =

    75

Elapsed time is 501.228836 seconds.

chan =

    76

Elapsed time is 499.331110 seconds.

chan =

    77

Elapsed time is 500.553442 seconds.

chan =

    78

Elapsed time is 500.201724 seconds.

chan =

    79

Elapsed time is 500.878277 seconds.

chan =

    80

Elapsed time is 500.228551 seconds.

chan =

    81

Elapsed time is 500.728632 seconds.

chan =

    82

Elapsed time is 501.031420 seconds.

chan =

    83

Elapsed time is 501.867044 seconds.

chan =

    84

Elapsed time is 501.520190 seconds.

chan =

    85

Elapsed time is 501.850763 seconds.

chan =

    86

Elapsed time is 500.607289 seconds.

chan =

    87

Elapsed time is 500.600385 seconds.

chan =

    88

Elapsed time is 500.391846 seconds.

chan =

    89

Elapsed time is 502.587521 seconds.

chan =

    90

Elapsed time is 501.788179 seconds.

chan =

    91

Elapsed time is 501.711221 seconds.

chan =

    92

Elapsed time is 503.430097 seconds.

chan =

    93

Elapsed time is 503.626949 seconds.

chan =

    94

Elapsed time is 502.336190 seconds.

chan =

    95

Elapsed time is 502.859123 seconds.

chan =

    96

Elapsed time is 501.261384 seconds.

chan =

    97

Elapsed time is 500.996923 seconds.

chan =

    98

Elapsed time is 503.327706 seconds.

chan =

    99

Elapsed time is 497.672201 seconds.

chan =

   100

Elapsed time is 495.396604 seconds.

chan =

   101

Elapsed time is 499.800540 seconds.

chan =

   102

Elapsed time is 501.019241 seconds.

chan =

   103

Elapsed time is 501.163292 seconds.

chan =

   104

Elapsed time is 499.577372 seconds.

chan =

   105

Elapsed time is 498.210732 seconds.

chan =

   106

Elapsed time is 498.563086 seconds.

chan =

   107

Elapsed time is 497.892311 seconds.

chan =

   108

Elapsed time is 497.540033 seconds.

chan =

   109

Elapsed time is 497.783544 seconds.

chan =

   110

Elapsed time is 498.717427 seconds.

chan =

   111

Elapsed time is 499.011621 seconds.

chan =

   112

Elapsed time is 497.234334 seconds.

chan =

   113

Elapsed time is 496.595110 seconds.

chan =

   114

Elapsed time is 462.848069 seconds.
attempting saving
save success: /projects/p31578/dtf8829/QuestConnect/CHANDAT/chanDat_SLCH010_036.mat
working on TF
