getting started: 3268
attempting file: 3268
going for SD5 17
data loaded: SD5 17
HFB already done

chan =

     1

Elapsed time is 272.737175 seconds.

chan =

     2

Elapsed time is 264.776895 seconds.

chan =

     3

Elapsed time is 274.228556 seconds.

chan =

     4

Elapsed time is 286.491857 seconds.

chan =

     5

Elapsed time is 288.236199 seconds.

chan =

     6

Elapsed time is 287.541693 seconds.

chan =

     7

Elapsed time is 288.427771 seconds.

chan =

     8

Elapsed time is 287.767201 seconds.

chan =

     9

Elapsed time is 286.227079 seconds.

chan =

    10

Elapsed time is 285.922474 seconds.

chan =

    11

Elapsed time is 284.133350 seconds.

chan =

    12

Elapsed time is 283.503842 seconds.

chan =

    13

Elapsed time is 284.256779 seconds.

chan =

    14

Elapsed time is 283.874775 seconds.

chan =

    15

Elapsed time is 284.677211 seconds.

chan =

    16

Elapsed time is 285.030443 seconds.

chan =

    17

Elapsed time is 285.338152 seconds.

chan =

    18

Elapsed time is 285.238084 seconds.

chan =

    19

Elapsed time is 285.437980 seconds.

chan =

    20

Elapsed time is 284.475424 seconds.

chan =

    21

Elapsed time is 283.819495 seconds.

chan =

    22

Elapsed time is 284.508187 seconds.

chan =

    23

Elapsed time is 285.387423 seconds.

chan =

    24

Elapsed time is 281.431579 seconds.

chan =

    25

Elapsed time is 280.513172 seconds.

chan =

    26

Elapsed time is 280.856484 seconds.

chan =

    27

Elapsed time is 280.695839 seconds.

chan =

    28

Elapsed time is 280.628630 seconds.

chan =

    29

Elapsed time is 278.745116 seconds.

chan =

    30

Elapsed time is 283.480643 seconds.

chan =

    31

Elapsed time is 280.338443 seconds.

chan =

    32

Elapsed time is 280.548924 seconds.

chan =

    33

Elapsed time is 281.421928 seconds.

chan =

    34

Elapsed time is 281.917881 seconds.

chan =

    35

Elapsed time is 282.877913 seconds.

chan =

    36

Elapsed time is 281.324303 seconds.

chan =

    37

Elapsed time is 282.456922 seconds.

chan =

    38

Elapsed time is 281.967929 seconds.

chan =

    39

Elapsed time is 284.545380 seconds.

chan =

    40

Elapsed time is 284.555385 seconds.

chan =

    41

Elapsed time is 283.739819 seconds.

chan =

    42

Elapsed time is 284.170983 seconds.

chan =

    43

Elapsed time is 280.140580 seconds.

chan =

    44

Elapsed time is 283.777779 seconds.

chan =

    45

Elapsed time is 287.238553 seconds.

chan =

    46

Elapsed time is 286.651402 seconds.

chan =

    47

Elapsed time is 285.697926 seconds.

chan =

    48

Elapsed time is 284.130172 seconds.

chan =

    49

Elapsed time is 286.161625 seconds.

chan =

    50

Elapsed time is 283.577009 seconds.

chan =

    51

Elapsed time is 285.329866 seconds.

chan =

    52

Elapsed time is 282.969008 seconds.

chan =

    53

Elapsed time is 281.726962 seconds.

chan =

    54

Elapsed time is 282.664787 seconds.

chan =

    55

Elapsed time is 278.459088 seconds.

chan =

    56

Elapsed time is 282.054451 seconds.

chan =

    57

Elapsed time is 278.793752 seconds.

chan =

    58

Elapsed time is 281.210263 seconds.

chan =

    59

Elapsed time is 281.084063 seconds.

chan =

    60

Elapsed time is 282.515005 seconds.

chan =

    61

Elapsed time is 281.386467 seconds.

chan =

    62

Elapsed time is 280.685717 seconds.

chan =

    63

Elapsed time is 281.559060 seconds.

chan =

    64

Elapsed time is 282.565195 seconds.

chan =

    65

Elapsed time is 280.587915 seconds.

chan =

    66

Elapsed time is 278.621238 seconds.

chan =

    67

Elapsed time is 279.112933 seconds.

chan =

    68

Elapsed time is 281.492731 seconds.

chan =

    69

Elapsed time is 280.188334 seconds.

chan =

    70

Elapsed time is 280.545776 seconds.

chan =

    71

Elapsed time is 279.579137 seconds.

chan =

    72

Elapsed time is 281.608076 seconds.

chan =

    73

Elapsed time is 281.903172 seconds.

chan =

    74

Elapsed time is 280.915510 seconds.

chan =

    75

Elapsed time is 280.664722 seconds.

chan =

    76

Elapsed time is 281.570213 seconds.

chan =

    77

Elapsed time is 280.731263 seconds.

chan =

    78

Elapsed time is 280.209899 seconds.

chan =

    79

Elapsed time is 280.010794 seconds.

chan =

    80

Elapsed time is 279.506311 seconds.

chan =

    81

Elapsed time is 281.331115 seconds.

chan =

    82

Elapsed time is 280.861277 seconds.

chan =

    83

Elapsed time is 279.442356 seconds.

chan =

    84

Elapsed time is 275.996578 seconds.

chan =

    85

Elapsed time is 274.533642 seconds.

chan =

    86

Elapsed time is 276.453408 seconds.

chan =

    87

Elapsed time is 274.183510 seconds.

chan =

    88

Elapsed time is 274.614496 seconds.

chan =

    89

Elapsed time is 272.220545 seconds.

chan =

    90

Elapsed time is 277.560294 seconds.

chan =

    91

Elapsed time is 274.834330 seconds.

chan =

    92

Elapsed time is 274.525600 seconds.

chan =

    93

Elapsed time is 273.485829 seconds.

chan =

    94

Elapsed time is 271.816560 seconds.

chan =

    95

Elapsed time is 276.231584 seconds.

chan =

    96

Elapsed time is 272.740512 seconds.

chan =

    97

Elapsed time is 272.561773 seconds.

chan =

    98

Elapsed time is 268.882311 seconds.

chan =

    99

Elapsed time is 274.208542 seconds.

chan =

   100

Elapsed time is 276.244993 seconds.

chan =

   101

Elapsed time is 272.044501 seconds.

chan =

   102

Elapsed time is 276.173601 seconds.

chan =

   103

Elapsed time is 270.483506 seconds.

chan =

   104

Elapsed time is 275.371491 seconds.

chan =

   105

Elapsed time is 274.945691 seconds.

chan =

   106

Elapsed time is 273.631683 seconds.

chan =

   107

Elapsed time is 275.261189 seconds.

chan =

   108

Elapsed time is 267.205289 seconds.

chan =

   109

Elapsed time is 274.690101 seconds.

