getting started: 3700
attempting file: 3700
going for SLCH010 106
data loaded: SLCH010 106
HFB already done

chan =

     1

Elapsed time is 556.539212 seconds.

chan =

     2

Elapsed time is 557.865478 seconds.

chan =

     3

Elapsed time is 557.093789 seconds.

chan =

     4

Elapsed time is 554.356477 seconds.

chan =

     5

Elapsed time is 550.478706 seconds.

chan =

     6

Elapsed time is 549.986051 seconds.

chan =

     7

Elapsed time is 554.961074 seconds.

chan =

     8

Elapsed time is 551.724813 seconds.

chan =

     9

Elapsed time is 553.026164 seconds.

chan =

    10

Elapsed time is 548.459955 seconds.

chan =

    11

Elapsed time is 552.261913 seconds.

chan =

    12

Elapsed time is 490.825651 seconds.

chan =

    13

Elapsed time is 544.436633 seconds.

chan =

    14

Elapsed time is 572.650522 seconds.

chan =

    15

Elapsed time is 555.000214 seconds.

chan =

    16

Elapsed time is 569.667655 seconds.

chan =

    17

Elapsed time is 570.152833 seconds.

chan =

    18

Elapsed time is 537.714485 seconds.

chan =

    19

Elapsed time is 547.076329 seconds.

chan =

    20

Elapsed time is 518.263664 seconds.

chan =

    21

Elapsed time is 506.816758 seconds.

chan =

    22

Elapsed time is 516.506833 seconds.

chan =

    23

Elapsed time is 529.058808 seconds.

chan =

    24

Elapsed time is 525.949323 seconds.

chan =

    25

Elapsed time is 561.665229 seconds.

chan =

    26

Elapsed time is 552.713789 seconds.

chan =

    27

Elapsed time is 513.392929 seconds.

chan =

    28

Elapsed time is 557.118982 seconds.

chan =

    29

Elapsed time is 562.692165 seconds.

chan =

    30

Elapsed time is 534.052933 seconds.

chan =

    31

Elapsed time is 563.704484 seconds.

chan =

    32

Elapsed time is 532.305372 seconds.

chan =

    33

Elapsed time is 538.142011 seconds.

chan =

    34

Elapsed time is 562.977504 seconds.

chan =

    35

Elapsed time is 545.722446 seconds.

chan =

    36

Elapsed time is 564.268756 seconds.

chan =

    37

Elapsed time is 554.606281 seconds.

chan =

    38

Elapsed time is 488.378184 seconds.

chan =

    39

Elapsed time is 492.693525 seconds.

chan =

    40

Elapsed time is 489.170068 seconds.

chan =

    41

Elapsed time is 488.815159 seconds.

chan =

    42

Elapsed time is 481.013420 seconds.

chan =

    43

Elapsed time is 471.103839 seconds.

chan =

    44

Elapsed time is 475.428634 seconds.

chan =

    45

Elapsed time is 474.099203 seconds.

chan =

    46

Elapsed time is 471.971041 seconds.

chan =

    47

Elapsed time is 473.551806 seconds.

chan =

    48

Elapsed time is 477.440340 seconds.

chan =

    49

Elapsed time is 473.935008 seconds.

chan =

    50

Elapsed time is 469.911650 seconds.

chan =

    51

Elapsed time is 469.998641 seconds.

chan =

    52

Elapsed time is 471.047186 seconds.

chan =

    53

Elapsed time is 455.789526 seconds.

chan =

    54

Elapsed time is 455.132948 seconds.

chan =

    55

Elapsed time is 459.776954 seconds.

chan =

    56

Elapsed time is 465.857432 seconds.

chan =

    57

Elapsed time is 467.487135 seconds.

chan =

    58

Elapsed time is 471.155528 seconds.

chan =

    59

Elapsed time is 479.354670 seconds.

chan =

    60

Elapsed time is 470.978126 seconds.

chan =

    61

Elapsed time is 474.638693 seconds.

chan =

    62

Elapsed time is 471.577290 seconds.

chan =

    63

Elapsed time is 458.141648 seconds.

chan =

    64

Elapsed time is 448.508854 seconds.

chan =

    65

Elapsed time is 450.616523 seconds.

chan =

    66

Elapsed time is 447.768349 seconds.

chan =

    67

Elapsed time is 449.301369 seconds.

chan =

    68

Elapsed time is 450.910011 seconds.

chan =

    69

Elapsed time is 450.514562 seconds.

chan =

    70

Elapsed time is 445.826440 seconds.

chan =

    71

Elapsed time is 451.463336 seconds.

chan =

    72

Elapsed time is 449.016915 seconds.

chan =

    73

Elapsed time is 446.708181 seconds.

chan =

    74

Elapsed time is 445.330028 seconds.

chan =

    75

Elapsed time is 454.104228 seconds.

chan =

    76

Elapsed time is 452.762482 seconds.

chan =

    77

Elapsed time is 455.114968 seconds.

chan =

    78

Elapsed time is 454.656100 seconds.

chan =

    79

Elapsed time is 457.421576 seconds.

chan =

    80

Elapsed time is 455.352585 seconds.

chan =

    81

Elapsed time is 455.575185 seconds.

chan =

    82

Elapsed time is 452.696563 seconds.

chan =

    83

Elapsed time is 458.642903 seconds.

chan =

    84

Elapsed time is 456.172943 seconds.

chan =

    85

Elapsed time is 454.984574 seconds.

chan =

    86

Elapsed time is 456.809082 seconds.

chan =

    87

Elapsed time is 453.558151 seconds.

chan =

    88

Elapsed time is 452.567881 seconds.

chan =

    89

Elapsed time is 434.026804 seconds.

chan =

    90

Elapsed time is 418.427293 seconds.

chan =

    91

Elapsed time is 417.712507 seconds.

chan =

    92

Elapsed time is 415.787527 seconds.

chan =

    93

Elapsed time is 419.023320 seconds.

chan =

    94

Elapsed time is 414.800319 seconds.

chan =

    95

Elapsed time is 415.002653 seconds.

chan =

    96

Elapsed time is 412.555900 seconds.

chan =

    97

Elapsed time is 412.878982 seconds.

chan =

    98

Elapsed time is 414.896917 seconds.

chan =

    99

Elapsed time is 410.156668 seconds.

chan =

   100

Elapsed time is 412.577528 seconds.

chan =

   101

Elapsed time is 409.937317 seconds.

chan =

   102

Elapsed time is 414.317262 seconds.

chan =

   103

Elapsed time is 412.706979 seconds.

chan =

   104

Elapsed time is 417.159271 seconds.

chan =

   105

Elapsed time is 416.143120 seconds.

chan =

   106

Elapsed time is 415.914087 seconds.

chan =

   107

Elapsed time is 411.205683 seconds.

chan =

   108

Elapsed time is 415.148635 seconds.

chan =

   109

Elapsed time is 413.343015 seconds.

chan =

   110

Elapsed time is 413.559554 seconds.

chan =

   111

Elapsed time is 412.919699 seconds.

chan =

   112

Elapsed time is 415.836275 seconds.

chan =

   113

Elapsed time is 398.253858 seconds.

chan =

   114

Elapsed time is 395.608508 seconds.
attempting saving
save success: /projects/p31578/dtf8829/QuestConnect/CHANDAT/chanDat_SLCH010_106.mat
working on TF
