getting started: 3357
attempting file: 3357
going for SD5 106
data loaded: SD5 106
HFB already done

chan =

     1

Elapsed time is 289.188946 seconds.

chan =

     2

Elapsed time is 287.120547 seconds.

chan =

     3

Elapsed time is 265.815412 seconds.

chan =

     4

Elapsed time is 313.432849 seconds.

chan =

     5

Elapsed time is 351.198344 seconds.

chan =

     6

Elapsed time is 346.323613 seconds.

chan =

     7

Elapsed time is 346.532181 seconds.

chan =

     8

Elapsed time is 341.501155 seconds.

chan =

     9

Elapsed time is 345.477948 seconds.

chan =

    10

Elapsed time is 342.991157 seconds.

chan =

    11

Elapsed time is 342.352687 seconds.

chan =

    12

Elapsed time is 340.060353 seconds.

chan =

    13

Elapsed time is 344.286227 seconds.

chan =

    14

Elapsed time is 341.016569 seconds.

chan =

    15

Elapsed time is 344.795108 seconds.

chan =

    16

Elapsed time is 338.969386 seconds.

chan =

    17

Elapsed time is 343.254062 seconds.

chan =

    18

Elapsed time is 340.904337 seconds.

chan =

    19

Elapsed time is 343.552857 seconds.

chan =

    20

Elapsed time is 339.373347 seconds.

chan =

    21

Elapsed time is 341.569503 seconds.

chan =

    22

Elapsed time is 340.904053 seconds.

chan =

    23

Elapsed time is 344.096401 seconds.

chan =

    24

Elapsed time is 339.188652 seconds.

chan =

    25

Elapsed time is 338.563188 seconds.

chan =

    26

Elapsed time is 336.369542 seconds.

chan =

    27

Elapsed time is 338.842807 seconds.

chan =

    28

Elapsed time is 335.333529 seconds.

chan =

    29

Elapsed time is 331.857179 seconds.

chan =

    30

Elapsed time is 332.354260 seconds.

chan =

    31

Elapsed time is 334.871898 seconds.

chan =

    32

Elapsed time is 329.649230 seconds.

chan =

    33

Elapsed time is 329.783460 seconds.

chan =

    34

Elapsed time is 326.933177 seconds.

chan =

    35

Elapsed time is 332.846699 seconds.

chan =

    36

Elapsed time is 325.258766 seconds.

chan =

    37

Elapsed time is 331.685659 seconds.

chan =

    38

Elapsed time is 324.618347 seconds.

chan =

    39

Elapsed time is 330.082955 seconds.

chan =

    40

Elapsed time is 324.957479 seconds.

chan =

    41

Elapsed time is 329.061436 seconds.

chan =

    42

Elapsed time is 324.856589 seconds.

chan =

    43

Elapsed time is 328.080773 seconds.

chan =

    44

Elapsed time is 326.692443 seconds.

chan =

    45

Elapsed time is 330.050268 seconds.

chan =

    46

Elapsed time is 325.869742 seconds.

chan =

    47

Elapsed time is 331.383202 seconds.

chan =

    48

Elapsed time is 326.325292 seconds.

chan =

    49

Elapsed time is 331.291441 seconds.

chan =

    50

Elapsed time is 323.528205 seconds.

chan =

    51

Elapsed time is 331.228116 seconds.

chan =

    52

Elapsed time is 324.114930 seconds.

chan =

    53

Elapsed time is 329.878070 seconds.

chan =

    54

Elapsed time is 321.810034 seconds.

chan =

    55

Elapsed time is 325.816472 seconds.

chan =

    56

Elapsed time is 319.812743 seconds.

chan =

    57

Elapsed time is 325.847620 seconds.

chan =

    58

Elapsed time is 320.812298 seconds.

chan =

    59

Elapsed time is 325.247368 seconds.

chan =

    60

Elapsed time is 322.263972 seconds.

chan =

    61

Elapsed time is 322.910459 seconds.

chan =

    62

Elapsed time is 320.245917 seconds.

chan =

    63

Elapsed time is 322.256187 seconds.

chan =

    64

Elapsed time is 323.974251 seconds.

chan =

    65

Elapsed time is 335.845574 seconds.

chan =

    66

Elapsed time is 334.392487 seconds.

chan =

    67

Elapsed time is 334.386849 seconds.

chan =

    68

Elapsed time is 331.987885 seconds.

chan =

    69

Elapsed time is 326.225496 seconds.

chan =

    70

Elapsed time is 330.141355 seconds.

chan =

    71

Elapsed time is 331.774806 seconds.

chan =

    72

Elapsed time is 330.243555 seconds.

chan =

    73

Elapsed time is 330.895951 seconds.

chan =

    74

Elapsed time is 325.840626 seconds.

chan =

    75

Elapsed time is 333.369879 seconds.

chan =

    76

Elapsed time is 331.716781 seconds.

chan =

    77

Elapsed time is 331.050772 seconds.

chan =

    78

Elapsed time is 329.250543 seconds.

chan =

    79

Elapsed time is 330.774822 seconds.

chan =

    80

Elapsed time is 331.570715 seconds.

chan =

    81

Elapsed time is 334.139618 seconds.

chan =

    82

Elapsed time is 330.830571 seconds.

chan =

    83

Elapsed time is 327.546422 seconds.

chan =

    84

Elapsed time is 333.376700 seconds.

chan =

    85

Elapsed time is 332.578858 seconds.

chan =

    86

Elapsed time is 329.742694 seconds.

chan =

    87

Elapsed time is 331.056859 seconds.

chan =

    88

Elapsed time is 328.740546 seconds.

chan =

    89

Elapsed time is 333.249047 seconds.

chan =

    90

Elapsed time is 330.852590 seconds.

chan =

    91

Elapsed time is 333.904533 seconds.

chan =

    92

Elapsed time is 332.411539 seconds.

chan =

    93

Elapsed time is 334.196301 seconds.

chan =

    94

Elapsed time is 330.660207 seconds.

chan =

    95

Elapsed time is 333.689402 seconds.

chan =

    96

Elapsed time is 330.147040 seconds.

chan =

    97

Elapsed time is 326.673553 seconds.

chan =

    98

Elapsed time is 330.124793 seconds.

chan =

    99

Elapsed time is 334.600748 seconds.

chan =

   100

Elapsed time is 331.262009 seconds.

chan =

   101

Elapsed time is 334.291857 seconds.

chan =

   102

Elapsed time is 325.092238 seconds.

chan =

   103

Elapsed time is 324.723908 seconds.

chan =

   104

Elapsed time is 320.520088 seconds.

chan =

   105

Elapsed time is 324.067116 seconds.

chan =

   106

Elapsed time is 317.800560 seconds.

chan =

   107

Elapsed time is 323.507017 seconds.

chan =

   108

Elapsed time is 320.276798 seconds.

chan =

   109

Elapsed time is 321.555521 seconds.

