getting started: 3331
attempting file: 3331
going for SD5 80
data loaded: SD5 80
HFB already done

chan =

     1

Elapsed time is 232.098960 seconds.

chan =

     2

Elapsed time is 233.293067 seconds.

chan =

     3

Elapsed time is 241.835537 seconds.

chan =

     4

Elapsed time is 243.018892 seconds.

chan =

     5

Elapsed time is 240.421570 seconds.

chan =

     6

Elapsed time is 230.692540 seconds.

chan =

     7

Elapsed time is 243.237868 seconds.

chan =

     8

Elapsed time is 246.619802 seconds.

chan =

     9

Elapsed time is 234.765753 seconds.

chan =

    10

Elapsed time is 240.334299 seconds.

chan =

    11

Elapsed time is 236.307767 seconds.

chan =

    12

Elapsed time is 231.655203 seconds.

chan =

    13

Elapsed time is 239.872670 seconds.

chan =

    14

Elapsed time is 233.280829 seconds.

chan =

    15

Elapsed time is 233.276562 seconds.

chan =

    16

Elapsed time is 230.962030 seconds.

chan =

    17

Elapsed time is 241.649739 seconds.

chan =

    18

Elapsed time is 239.875791 seconds.

chan =

    19

Elapsed time is 238.035824 seconds.

chan =

    20

Elapsed time is 234.595357 seconds.

chan =

    21

Elapsed time is 238.951827 seconds.

chan =

    22

Elapsed time is 237.505966 seconds.

chan =

    23

Elapsed time is 234.929958 seconds.

chan =

    24

Elapsed time is 235.124661 seconds.

chan =

    25

Elapsed time is 239.501210 seconds.

chan =

    26

Elapsed time is 237.590516 seconds.

chan =

    27

Elapsed time is 232.688178 seconds.

chan =

    28

Elapsed time is 233.567292 seconds.

chan =

    29

Elapsed time is 216.901036 seconds.

chan =

    30

Elapsed time is 232.960937 seconds.

chan =

    31

Elapsed time is 229.278759 seconds.

chan =

    32

Elapsed time is 227.175386 seconds.

chan =

    33

Elapsed time is 226.720048 seconds.

chan =

    34

Elapsed time is 226.069707 seconds.

chan =

    35

Elapsed time is 228.195883 seconds.

chan =

    36

Elapsed time is 227.540971 seconds.

chan =

    37

Elapsed time is 224.486788 seconds.

chan =

    38

Elapsed time is 221.278659 seconds.

chan =

    39

Elapsed time is 224.756424 seconds.

chan =

    40

Elapsed time is 226.525088 seconds.

chan =

    41

Elapsed time is 227.746978 seconds.

chan =

    42

Elapsed time is 225.647878 seconds.

chan =

    43

Elapsed time is 223.233509 seconds.

chan =

    44

Elapsed time is 224.232664 seconds.

chan =

    45

Elapsed time is 224.434770 seconds.

chan =

    46

Elapsed time is 226.410051 seconds.

chan =

    47

Elapsed time is 226.578772 seconds.

chan =

    48

Elapsed time is 224.005899 seconds.

chan =

    49

Elapsed time is 227.720824 seconds.

chan =

    50

Elapsed time is 226.856476 seconds.

chan =

    51

Elapsed time is 227.859011 seconds.

chan =

    52

Elapsed time is 224.374334 seconds.

chan =

    53

Elapsed time is 226.617051 seconds.

chan =

    54

Elapsed time is 228.809683 seconds.

chan =

    55

Elapsed time is 230.344443 seconds.

chan =

    56

Elapsed time is 226.504394 seconds.

chan =

    57

Elapsed time is 222.705000 seconds.

chan =

    58

Elapsed time is 224.310981 seconds.

chan =

    59

Elapsed time is 232.018533 seconds.

chan =

    60

Elapsed time is 228.243262 seconds.

chan =

    61

Elapsed time is 224.829301 seconds.

chan =

    62

Elapsed time is 222.176502 seconds.

chan =

    63

Elapsed time is 231.363279 seconds.

chan =

    64

Elapsed time is 228.594013 seconds.

chan =

    65

Elapsed time is 226.960843 seconds.

chan =

    66

Elapsed time is 229.727574 seconds.

chan =

    67

Elapsed time is 228.042977 seconds.

chan =

    68

Elapsed time is 225.156822 seconds.

chan =

    69

Elapsed time is 227.460465 seconds.

chan =

    70

Elapsed time is 222.046219 seconds.

chan =

    71

Elapsed time is 226.331810 seconds.

chan =

    72

Elapsed time is 230.472759 seconds.

chan =

    73

Elapsed time is 232.326549 seconds.

chan =

    74

Elapsed time is 227.565899 seconds.

chan =

    75

Elapsed time is 226.501773 seconds.

chan =

    76

Elapsed time is 227.983638 seconds.

chan =

    77

Elapsed time is 226.271531 seconds.

chan =

    78

Elapsed time is 225.142659 seconds.

chan =

    79

Elapsed time is 227.453264 seconds.

chan =

    80

Elapsed time is 229.131947 seconds.

chan =

    81

Elapsed time is 225.815697 seconds.

chan =

    82

Elapsed time is 223.609430 seconds.

chan =

    83

Elapsed time is 220.379940 seconds.

chan =

    84

Elapsed time is 224.595420 seconds.

chan =

    85

Elapsed time is 222.819198 seconds.

chan =

    86

Elapsed time is 221.606492 seconds.

chan =

    87

Elapsed time is 223.841715 seconds.

chan =

    88

Elapsed time is 220.678703 seconds.

chan =

    89

Elapsed time is 218.619049 seconds.

chan =

    90

Elapsed time is 216.934231 seconds.

chan =

    91

Elapsed time is 222.619171 seconds.

chan =

    92

Elapsed time is 212.563498 seconds.

chan =

    93

Elapsed time is 217.874540 seconds.

chan =

    94

Elapsed time is 212.468262 seconds.

chan =

    95

Elapsed time is 215.789209 seconds.

chan =

    96

Elapsed time is 223.095051 seconds.

chan =

    97

Elapsed time is 219.535593 seconds.

chan =

    98

Elapsed time is 222.181937 seconds.

chan =

    99

Elapsed time is 218.636508 seconds.

chan =

   100

Elapsed time is 220.272890 seconds.

chan =

   101

Elapsed time is 217.393770 seconds.

chan =

   102

Elapsed time is 216.314003 seconds.

chan =

   103

Elapsed time is 219.547178 seconds.

chan =

   104

Elapsed time is 218.154391 seconds.

chan =

   105

Elapsed time is 220.971273 seconds.

chan =

   106

Elapsed time is 218.374658 seconds.

chan =

   107

Elapsed time is 219.568501 seconds.

chan =

   108

Elapsed time is 217.281899 seconds.

chan =

   109

Elapsed time is 215.595635 seconds.

