getting started: 3346
attempting file: 3346
going for SD5 95
data loaded: SD5 95
HFB already done

chan =

     1

Elapsed time is 234.993291 seconds.

chan =

     2

Elapsed time is 235.028807 seconds.

chan =

     3

Elapsed time is 236.136435 seconds.

chan =

     4

Elapsed time is 239.215744 seconds.

chan =

     5

Elapsed time is 237.855928 seconds.

chan =

     6

Elapsed time is 236.896594 seconds.

chan =

     7

Elapsed time is 238.204821 seconds.

chan =

     8

Elapsed time is 235.637132 seconds.

chan =

     9

Elapsed time is 233.538500 seconds.

chan =

    10

Elapsed time is 235.498821 seconds.

chan =

    11

Elapsed time is 236.631010 seconds.

chan =

    12

Elapsed time is 229.432890 seconds.

chan =

    13

Elapsed time is 229.726525 seconds.

chan =

    14

Elapsed time is 227.284178 seconds.

chan =

    15

Elapsed time is 225.482656 seconds.

chan =

    16

Elapsed time is 231.896150 seconds.

chan =

    17

Elapsed time is 228.989524 seconds.

chan =

    18

Elapsed time is 227.319506 seconds.

chan =

    19

Elapsed time is 224.248361 seconds.

chan =

    20

Elapsed time is 220.082391 seconds.

chan =

    21

Elapsed time is 215.728451 seconds.

chan =

    22

Elapsed time is 208.078560 seconds.

chan =

    23

Elapsed time is 205.453337 seconds.

chan =

    24

Elapsed time is 200.228935 seconds.

chan =

    25

Elapsed time is 196.785321 seconds.

chan =

    26

Elapsed time is 196.329447 seconds.

chan =

    27

Elapsed time is 195.902248 seconds.

chan =

    28

Elapsed time is 198.416637 seconds.

chan =

    29

Elapsed time is 206.191556 seconds.

chan =

    30

Elapsed time is 221.025849 seconds.

chan =

    31

Elapsed time is 215.639180 seconds.

chan =

    32

Elapsed time is 216.108724 seconds.

chan =

    33

Elapsed time is 220.658255 seconds.

chan =

    34

Elapsed time is 245.600067 seconds.

chan =

    35

Elapsed time is 247.375521 seconds.

chan =

    36

Elapsed time is 220.985721 seconds.

chan =

    37

Elapsed time is 226.465373 seconds.

chan =

    38

Elapsed time is 212.436405 seconds.

chan =

    39

Elapsed time is 208.266393 seconds.

chan =

    40

Elapsed time is 211.653537 seconds.

chan =

    41

Elapsed time is 236.165180 seconds.

chan =

    42

Elapsed time is 232.972823 seconds.

chan =

    43

Elapsed time is 216.429159 seconds.

chan =

    44

Elapsed time is 237.736192 seconds.

chan =

    45

Elapsed time is 235.524010 seconds.

chan =

    46

Elapsed time is 225.097555 seconds.

chan =

    47

Elapsed time is 237.190436 seconds.

chan =

    48

Elapsed time is 222.616836 seconds.

chan =

    49

Elapsed time is 242.623515 seconds.

chan =

    50

Elapsed time is 223.241288 seconds.

chan =

    51

Elapsed time is 209.830100 seconds.

chan =

    52

Elapsed time is 191.758746 seconds.

chan =

    53

Elapsed time is 214.615736 seconds.

chan =

    54

Elapsed time is 190.769007 seconds.

chan =

    55

Elapsed time is 191.562250 seconds.

chan =

    56

Elapsed time is 193.018736 seconds.

chan =

    57

Elapsed time is 192.065932 seconds.

chan =

    58

Elapsed time is 189.991225 seconds.

chan =

    59

Elapsed time is 192.879066 seconds.

chan =

    60

Elapsed time is 196.417125 seconds.

chan =

    61

Elapsed time is 203.921889 seconds.

chan =

    62

Elapsed time is 220.120099 seconds.

chan =

    63

Elapsed time is 228.949499 seconds.

chan =

    64

Elapsed time is 218.862320 seconds.

chan =

    65

Elapsed time is 204.340793 seconds.

chan =

    66

Elapsed time is 197.040803 seconds.

chan =

    67

Elapsed time is 190.495894 seconds.

chan =

    68

Elapsed time is 192.809999 seconds.

chan =

    69

Elapsed time is 190.158389 seconds.

chan =

    70

Elapsed time is 190.425588 seconds.

chan =

    71

Elapsed time is 192.221079 seconds.

chan =

    72

Elapsed time is 191.540356 seconds.

chan =

    73

Elapsed time is 189.102011 seconds.

chan =

    74

Elapsed time is 192.079660 seconds.

chan =

    75

Elapsed time is 191.794508 seconds.

chan =

    76

Elapsed time is 191.990205 seconds.

chan =

    77

Elapsed time is 189.783382 seconds.

chan =

    78

Elapsed time is 191.841329 seconds.

chan =

    79

Elapsed time is 191.260074 seconds.

chan =

    80

Elapsed time is 192.356601 seconds.

chan =

    81

Elapsed time is 189.327148 seconds.

chan =

    82

Elapsed time is 189.145231 seconds.

chan =

    83

Elapsed time is 191.482577 seconds.

chan =

    84

Elapsed time is 191.420053 seconds.

chan =

    85

Elapsed time is 189.335577 seconds.

chan =

    86

Elapsed time is 189.935507 seconds.

chan =

    87

Elapsed time is 189.693298 seconds.

chan =

    88

Elapsed time is 187.713353 seconds.

chan =

    89

Elapsed time is 184.713626 seconds.

chan =

    90

Elapsed time is 188.386549 seconds.

chan =

    91

Elapsed time is 187.221792 seconds.

chan =

    92

Elapsed time is 187.400494 seconds.

chan =

    93

Elapsed time is 186.645130 seconds.

chan =

    94

Elapsed time is 189.219388 seconds.

chan =

    95

Elapsed time is 188.021633 seconds.

chan =

    96

Elapsed time is 186.757614 seconds.

chan =

    97

Elapsed time is 187.726302 seconds.

chan =

    98

Elapsed time is 187.161470 seconds.

chan =

    99

Elapsed time is 187.728435 seconds.

chan =

   100

Elapsed time is 189.181153 seconds.

chan =

   101

Elapsed time is 189.407105 seconds.

chan =

   102

Elapsed time is 188.917214 seconds.

chan =

   103

Elapsed time is 186.597333 seconds.

chan =

   104

Elapsed time is 189.913712 seconds.

chan =

   105

Elapsed time is 187.940365 seconds.

chan =

   106

Elapsed time is 186.715621 seconds.

chan =

   107

Elapsed time is 189.008552 seconds.

chan =

   108

Elapsed time is 187.308003 seconds.

chan =

   109

Elapsed time is 187.989790 seconds.

