getting started: 3019
attempting file: 3019
going for OH30 118
data loaded: OH30 118
HFB already done

chan =

     1

Elapsed time is 423.754464 seconds.

chan =

     2

Elapsed time is 421.504829 seconds.

chan =

     3

Elapsed time is 413.047176 seconds.

chan =

     4

Elapsed time is 453.043977 seconds.

chan =

     5

Elapsed time is 487.161057 seconds.

chan =

     6

Elapsed time is 469.838170 seconds.

chan =

     7

Elapsed time is 466.414762 seconds.

chan =

     8

Elapsed time is 466.648928 seconds.

chan =

     9

Elapsed time is 464.119927 seconds.

chan =

    10

Elapsed time is 467.797625 seconds.

chan =

    11

Elapsed time is 464.109980 seconds.

chan =

    12

Elapsed time is 463.956243 seconds.

chan =

    13

Elapsed time is 464.211635 seconds.

chan =

    14

Elapsed time is 465.625918 seconds.

chan =

    15

Elapsed time is 467.049586 seconds.

chan =

    16

Elapsed time is 514.592010 seconds.

chan =

    17

Elapsed time is 514.545391 seconds.

chan =

    18

Elapsed time is 508.782987 seconds.

chan =

    19

Elapsed time is 524.903213 seconds.

chan =

    20

Elapsed time is 517.211634 seconds.

chan =

    21

Elapsed time is 506.874351 seconds.

chan =

    22

Elapsed time is 523.255614 seconds.

chan =

    23

Elapsed time is 515.667483 seconds.

chan =

    24

Elapsed time is 515.972272 seconds.

chan =

    25

Elapsed time is 504.427653 seconds.

chan =

    26

Elapsed time is 501.083475 seconds.

chan =

    27

Elapsed time is 472.171507 seconds.

chan =

    28

Elapsed time is 465.622799 seconds.

chan =

    29

Elapsed time is 468.147214 seconds.

chan =

    30

Elapsed time is 467.835476 seconds.

chan =

    31

Elapsed time is 463.711614 seconds.

chan =

    32

Elapsed time is 465.127611 seconds.

chan =

    33

Elapsed time is 464.665867 seconds.

chan =

    34

Elapsed time is 466.436768 seconds.

chan =

    35

Elapsed time is 464.864363 seconds.

chan =

    36

Elapsed time is 463.815013 seconds.

chan =

    37

Elapsed time is 472.023038 seconds.

chan =

    38

Elapsed time is 467.107245 seconds.

chan =

    39

Elapsed time is 464.598328 seconds.

chan =

    40

Elapsed time is 467.724014 seconds.

chan =

    41

Elapsed time is 469.902710 seconds.

chan =

    42

Elapsed time is 464.870333 seconds.

chan =

    43

Elapsed time is 469.644821 seconds.

chan =

    44

Elapsed time is 466.073198 seconds.

chan =

    45

Elapsed time is 464.128836 seconds.

chan =

    46

Elapsed time is 462.192613 seconds.

chan =

    47

Elapsed time is 460.837770 seconds.

chan =

    48

Elapsed time is 460.643258 seconds.

chan =

    49

Elapsed time is 464.432650 seconds.

chan =

    50

Elapsed time is 464.966911 seconds.

chan =

    51

Elapsed time is 464.351822 seconds.

chan =

    52

Elapsed time is 468.132727 seconds.

chan =

    53

Elapsed time is 462.509690 seconds.

chan =

    54

Elapsed time is 469.313796 seconds.

chan =

    55

Elapsed time is 469.989014 seconds.

chan =

    56

Elapsed time is 468.696383 seconds.

chan =

    57

Elapsed time is 471.750421 seconds.

chan =

    58

Elapsed time is 465.715847 seconds.

chan =

    59

Elapsed time is 467.066469 seconds.

chan =

    60

Elapsed time is 464.743794 seconds.

chan =

    61

Elapsed time is 471.839270 seconds.

chan =

    62

Elapsed time is 468.922459 seconds.

chan =

    63

Elapsed time is 468.999815 seconds.

chan =

    64

Elapsed time is 464.427364 seconds.

chan =

    65

Elapsed time is 469.037155 seconds.

chan =

    66

Elapsed time is 467.142874 seconds.

chan =

    67

Elapsed time is 477.433532 seconds.

chan =

    68

Elapsed time is 488.934601 seconds.

chan =

    69

Elapsed time is 490.320721 seconds.

chan =

    70

Elapsed time is 491.920479 seconds.

chan =

    71

Elapsed time is 494.024394 seconds.

chan =

    72

Elapsed time is 496.916826 seconds.

chan =

    73

Elapsed time is 477.334404 seconds.

chan =

    74

Elapsed time is 473.865512 seconds.

chan =

    75

Elapsed time is 468.445111 seconds.

chan =

    76

Elapsed time is 467.800070 seconds.

chan =

    77

Elapsed time is 471.247908 seconds.

chan =

    78

Elapsed time is 475.109207 seconds.

chan =

    79

Elapsed time is 466.610649 seconds.

chan =

    80

Elapsed time is 465.786266 seconds.

chan =

    81

Elapsed time is 464.198600 seconds.

chan =

    82

Elapsed time is 462.716440 seconds.

chan =

    83

Elapsed time is 536.131696 seconds.

chan =

    84

Elapsed time is 567.490895 seconds.

chan =

    85

Elapsed time is 546.615153 seconds.

chan =

    86

Elapsed time is 568.451910 seconds.

chan =

    87

Elapsed time is 550.296391 seconds.

chan =

    88

Elapsed time is 543.590960 seconds.

chan =

    89

Elapsed time is 575.436881 seconds.

chan =

    90

Elapsed time is 579.470685 seconds.

chan =

    91

Elapsed time is 577.448197 seconds.

chan =

    92

Elapsed time is 572.693612 seconds.

chan =

    93

Elapsed time is 568.021865 seconds.

chan =

    94

Elapsed time is 557.367304 seconds.

chan =

    95

Elapsed time is 566.099983 seconds.

chan =

    96

Elapsed time is 563.878854 seconds.

chan =

    97

Elapsed time is 570.328119 seconds.

chan =

    98

Elapsed time is 572.757179 seconds.

chan =

    99

Elapsed time is 572.016020 seconds.

chan =

   100

Elapsed time is 564.892596 seconds.

chan =

   101

Elapsed time is 555.880617 seconds.

chan =

   102

Elapsed time is 559.308450 seconds.

chan =

   103

Elapsed time is 573.011121 seconds.

chan =

   104

Elapsed time is 562.723862 seconds.

chan =

   105

Elapsed time is 566.495125 seconds.

chan =

   106

Elapsed time is 570.734900 seconds.

chan =

   107

Elapsed time is 567.897980 seconds.

chan =

   108

Elapsed time is 575.375680 seconds.

chan =

   109

Elapsed time is 564.054280 seconds.

chan =

   110

Elapsed time is 560.319497 seconds.

chan =

   111

Elapsed time is 566.675048 seconds.

chan =

   112

Elapsed time is 567.002185 seconds.

chan =

   113

Elapsed time is 565.787467 seconds.

chan =

   114

Elapsed time is 479.033143 seconds.

chan =

   115

Elapsed time is 458.788819 seconds.

chan =

   116

Elapsed time is 456.280653 seconds.

chan =

   117

Elapsed time is 461.443623 seconds.

chan =

   118

Elapsed time is 451.732339 seconds.

chan =

   119

Elapsed time is 460.613773 seconds.

chan =

   120

Elapsed time is 464.204751 seconds.

chan =

   121

Elapsed time is 462.502959 seconds.

chan =

   122

Elapsed time is 468.317116 seconds.

chan =

   123

Elapsed time is 458.979072 seconds.

chan =

   124

Elapsed time is 457.742543 seconds.

chan =

   125

Elapsed time is 446.309569 seconds.

chan =

   126

Elapsed time is 394.630457 seconds.

chan =

   127

Elapsed time is 379.930707 seconds.

chan =

   128

Elapsed time is 374.606384 seconds.

chan =

   129

Elapsed time is 373.920119 seconds.

chan =

   130

Elapsed time is 371.259864 seconds.

chan =

   131

Elapsed time is 362.325762 seconds.

chan =

   132

Elapsed time is 357.032283 seconds.

chan =

   133

Elapsed time is 351.199712 seconds.

chan =

   134

Elapsed time is 357.905928 seconds.

chan =

   135

Elapsed time is 357.327477 seconds.

chan =

   136

Elapsed time is 351.777436 seconds.

chan =

   137

Elapsed time is 357.185010 seconds.

chan =

   138

Elapsed time is 355.190444 seconds.

chan =

   139

Elapsed time is 517.124644 seconds.
attempting saving
save success: /projects/p31578/dtf8829/QuestConnect/CHANDAT/chanDat_OH30_118.mat
working on TF
encoding done
encoding RT done
