getting started: 3260
attempting file: 3260
going for SD5 9
data loaded: SD5 9
HFB already done

chan =

     1

Elapsed time is 287.540166 seconds.

chan =

     2

Elapsed time is 286.024029 seconds.

chan =

     3

Elapsed time is 283.642341 seconds.

chan =

     4

Elapsed time is 292.990010 seconds.

chan =

     5

Elapsed time is 291.670685 seconds.

chan =

     6

Elapsed time is 297.981937 seconds.

chan =

     7

Elapsed time is 291.114436 seconds.

chan =

     8

Elapsed time is 293.294349 seconds.

chan =

     9

Elapsed time is 292.586456 seconds.

chan =

    10

Elapsed time is 291.974309 seconds.

chan =

    11

Elapsed time is 292.524622 seconds.

chan =

    12

Elapsed time is 291.672376 seconds.

chan =

    13

Elapsed time is 293.217737 seconds.

chan =

    14

Elapsed time is 289.782551 seconds.

chan =

    15

Elapsed time is 295.305336 seconds.

chan =

    16

Elapsed time is 296.048399 seconds.

chan =

    17

Elapsed time is 298.970246 seconds.

chan =

    18

Elapsed time is 296.369211 seconds.

chan =

    19

Elapsed time is 297.752730 seconds.

chan =

    20

Elapsed time is 294.660410 seconds.

chan =

    21

Elapsed time is 296.614934 seconds.

chan =

    22

Elapsed time is 294.900765 seconds.

chan =

    23

Elapsed time is 297.999989 seconds.

chan =

    24

Elapsed time is 295.255624 seconds.

chan =

    25

Elapsed time is 298.150993 seconds.

chan =

    26

Elapsed time is 295.115260 seconds.

chan =

    27

Elapsed time is 295.359561 seconds.

chan =

    28

Elapsed time is 296.163239 seconds.

chan =

    29

Elapsed time is 295.290609 seconds.

chan =

    30

Elapsed time is 297.764624 seconds.

chan =

    31

Elapsed time is 295.279187 seconds.

chan =

    32

Elapsed time is 295.113713 seconds.

chan =

    33

Elapsed time is 295.131620 seconds.

chan =

    34

Elapsed time is 295.674855 seconds.

chan =

    35

Elapsed time is 293.811150 seconds.

chan =

    36

Elapsed time is 286.082234 seconds.

chan =

    37

Elapsed time is 279.200531 seconds.

chan =

    38

Elapsed time is 280.165045 seconds.

chan =

    39

Elapsed time is 278.394307 seconds.

chan =

    40

Elapsed time is 278.805012 seconds.

chan =

    41

Elapsed time is 277.965225 seconds.

chan =

    42

Elapsed time is 279.688716 seconds.

chan =

    43

Elapsed time is 277.826484 seconds.

chan =

    44

Elapsed time is 280.342807 seconds.

chan =

    45

Elapsed time is 280.695871 seconds.

chan =

    46

Elapsed time is 281.389353 seconds.

chan =

    47

Elapsed time is 284.282036 seconds.

chan =

    48

Elapsed time is 283.732382 seconds.

chan =

    49

Elapsed time is 343.978814 seconds.

chan =

    50

Elapsed time is 348.106359 seconds.

chan =

    51

Elapsed time is 347.230257 seconds.

chan =

    52

Elapsed time is 329.226946 seconds.

chan =

    53

Elapsed time is 323.783698 seconds.

chan =

    54

Elapsed time is 322.095590 seconds.

chan =

    55

Elapsed time is 327.116686 seconds.

chan =

    56

Elapsed time is 327.401436 seconds.

chan =

    57

Elapsed time is 327.692223 seconds.

chan =

    58

Elapsed time is 325.983504 seconds.

chan =

    59

Elapsed time is 327.708457 seconds.

chan =

    60

Elapsed time is 328.404650 seconds.

chan =

    61

Elapsed time is 327.436079 seconds.

chan =

    62

Elapsed time is 324.838640 seconds.

chan =

    63

Elapsed time is 326.293630 seconds.

chan =

    64

Elapsed time is 326.672014 seconds.

chan =

    65

Elapsed time is 327.223097 seconds.

chan =

    66

Elapsed time is 326.438610 seconds.

chan =

    67

Elapsed time is 325.641455 seconds.

chan =

    68

Elapsed time is 322.607226 seconds.

chan =

    69

Elapsed time is 333.121952 seconds.

chan =

    70

Elapsed time is 345.001488 seconds.

chan =

    71

Elapsed time is 343.900952 seconds.

chan =

    72

Elapsed time is 343.195157 seconds.

chan =

    73

Elapsed time is 339.285860 seconds.

chan =

    74

Elapsed time is 339.094060 seconds.

chan =

    75

Elapsed time is 346.399763 seconds.

chan =

    76

Elapsed time is 342.879281 seconds.

chan =

    77

Elapsed time is 344.981499 seconds.

chan =

    78

Elapsed time is 334.110929 seconds.

chan =

    79

Elapsed time is 340.095440 seconds.

chan =

    80

Elapsed time is 344.146775 seconds.

chan =

    81

Elapsed time is 343.816240 seconds.

chan =

    82

Elapsed time is 343.734282 seconds.

chan =

    83

Elapsed time is 341.032796 seconds.

chan =

    84

Elapsed time is 343.492026 seconds.

chan =

    85

Elapsed time is 343.036946 seconds.

chan =

    86

Elapsed time is 341.530613 seconds.

chan =

    87

Elapsed time is 339.361820 seconds.

chan =

    88

Elapsed time is 341.148699 seconds.

chan =

    89

Elapsed time is 341.651556 seconds.

chan =

    90

Elapsed time is 344.554619 seconds.

chan =

    91

Elapsed time is 345.471776 seconds.

chan =

    92

Elapsed time is 334.936892 seconds.

chan =

    93

Elapsed time is 338.523775 seconds.

chan =

    94

Elapsed time is 342.023345 seconds.

chan =

    95

Elapsed time is 343.885247 seconds.

chan =

    96

Elapsed time is 341.198424 seconds.

chan =

    97

Elapsed time is 335.565469 seconds.

chan =

    98

Elapsed time is 341.872262 seconds.

chan =

    99

Elapsed time is 338.258626 seconds.

chan =

   100

Elapsed time is 342.159742 seconds.

chan =

   101

Elapsed time is 340.273833 seconds.

chan =

   102

Elapsed time is 331.626046 seconds.

chan =

   103

Elapsed time is 338.671640 seconds.

chan =

   104

Elapsed time is 336.237221 seconds.

chan =

   105

Elapsed time is 341.369737 seconds.

chan =

   106

Elapsed time is 337.567686 seconds.

chan =

   107

Elapsed time is 339.482302 seconds.

chan =

   108

Elapsed time is 340.705444 seconds.

chan =

   109

Elapsed time is 333.804349 seconds.

