getting started: 3620
attempting file: 3620
going for SLCH010 26
data loaded: SLCH010 26
HFB already done

chan =

     1

Elapsed time is 626.578918 seconds.

chan =

     2

Elapsed time is 613.281679 seconds.

chan =

     3

Elapsed time is 615.194450 seconds.

chan =

     4

Elapsed time is 616.678190 seconds.

chan =

     5

Elapsed time is 614.077651 seconds.

chan =

     6

Elapsed time is 610.160837 seconds.

chan =

     7

Elapsed time is 615.407693 seconds.

chan =

     8

Elapsed time is 620.429979 seconds.

chan =

     9

Elapsed time is 615.656095 seconds.

chan =

    10

Elapsed time is 600.238621 seconds.

chan =

    11

Elapsed time is 590.999039 seconds.

chan =

    12

Elapsed time is 596.220940 seconds.

chan =

    13

Elapsed time is 595.278040 seconds.

chan =

    14

Elapsed time is 596.837620 seconds.

chan =

    15

Elapsed time is 595.295782 seconds.

chan =

    16

Elapsed time is 595.833148 seconds.

chan =

    17

Elapsed time is 600.345257 seconds.

chan =

    18

Elapsed time is 600.401921 seconds.

chan =

    19

Elapsed time is 598.595697 seconds.

chan =

    20

Elapsed time is 600.320662 seconds.

chan =

    21

Elapsed time is 599.088074 seconds.

chan =

    22

Elapsed time is 598.164685 seconds.

chan =

    23

Elapsed time is 595.577999 seconds.

chan =

    24

Elapsed time is 597.966368 seconds.

chan =

    25

Elapsed time is 599.910490 seconds.

chan =

    26

Elapsed time is 597.907456 seconds.

chan =

    27

Elapsed time is 598.224353 seconds.

chan =

    28

Elapsed time is 597.727787 seconds.

chan =

    29

Elapsed time is 599.787160 seconds.

chan =

    30

Elapsed time is 598.465410 seconds.

chan =

    31

Elapsed time is 597.351184 seconds.

chan =

    32

Elapsed time is 599.646192 seconds.

chan =

    33

Elapsed time is 600.202485 seconds.

chan =

    34

Elapsed time is 599.078663 seconds.

chan =

    35

Elapsed time is 598.495876 seconds.

chan =

    36

Elapsed time is 598.307473 seconds.

chan =

    37

Elapsed time is 599.495638 seconds.

chan =

    38

Elapsed time is 600.699065 seconds.

chan =

    39

Elapsed time is 598.556773 seconds.

chan =

    40

Elapsed time is 603.141263 seconds.

chan =

    41

Elapsed time is 603.849141 seconds.

chan =

    42

Elapsed time is 601.809067 seconds.

chan =

    43

Elapsed time is 604.458227 seconds.

chan =

    44

Elapsed time is 603.349180 seconds.

chan =

    45

Elapsed time is 605.650055 seconds.

chan =

    46

Elapsed time is 601.250734 seconds.

chan =

    47

Elapsed time is 599.898963 seconds.

chan =

    48

Elapsed time is 600.737887 seconds.

chan =

    49

Elapsed time is 600.918967 seconds.

chan =

    50

Elapsed time is 596.650398 seconds.

chan =

    51

Elapsed time is 599.357990 seconds.

chan =

    52

Elapsed time is 599.869632 seconds.

chan =

    53

Elapsed time is 597.704611 seconds.

chan =

    54

Elapsed time is 598.278572 seconds.

chan =

    55

Elapsed time is 589.532120 seconds.

chan =

    56

Elapsed time is 585.847265 seconds.

chan =

    57

Elapsed time is 584.029558 seconds.

chan =

    58

Elapsed time is 578.751962 seconds.

chan =

    59

Elapsed time is 585.459890 seconds.

chan =

    60

Elapsed time is 581.515340 seconds.

chan =

    61

Elapsed time is 585.343791 seconds.

chan =

    62

Elapsed time is 582.803145 seconds.

chan =

    63

Elapsed time is 588.064956 seconds.

chan =

    64

Elapsed time is 590.195145 seconds.

chan =

    65

Elapsed time is 589.712794 seconds.

chan =

    66

Elapsed time is 589.983139 seconds.

chan =

    67

Elapsed time is 591.022779 seconds.

chan =

    68

Elapsed time is 590.081144 seconds.

chan =

    69

Elapsed time is 589.668908 seconds.

chan =

    70

Elapsed time is 589.649853 seconds.

chan =

    71

Elapsed time is 590.079612 seconds.

chan =

    72

Elapsed time is 590.544226 seconds.

chan =

    73

Elapsed time is 588.930492 seconds.

chan =

    74

Elapsed time is 587.560806 seconds.

chan =

    75

Elapsed time is 587.895459 seconds.

chan =

    76

Elapsed time is 588.570724 seconds.

chan =

    77

Elapsed time is 589.874700 seconds.

chan =

    78

Elapsed time is 589.457613 seconds.

chan =

    79

Elapsed time is 588.814182 seconds.

chan =

    80

Elapsed time is 590.576158 seconds.

chan =

    81

Elapsed time is 590.801561 seconds.

chan =

    82

Elapsed time is 589.948906 seconds.

chan =

    83

Elapsed time is 588.302873 seconds.

chan =

    84

Elapsed time is 589.169019 seconds.

chan =

    85

Elapsed time is 590.170806 seconds.

chan =

    86

Elapsed time is 588.038799 seconds.

chan =

    87

Elapsed time is 579.779806 seconds.

chan =

    88

Elapsed time is 578.163959 seconds.

chan =

    89

Elapsed time is 581.754479 seconds.

chan =

    90

Elapsed time is 579.078008 seconds.

chan =

    91

Elapsed time is 581.708057 seconds.

chan =

    92

Elapsed time is 580.901067 seconds.

chan =

    93

Elapsed time is 583.109352 seconds.

chan =

    94

Elapsed time is 581.144380 seconds.

chan =

    95

Elapsed time is 579.338414 seconds.

chan =

    96

Elapsed time is 578.855243 seconds.

chan =

    97

Elapsed time is 579.671939 seconds.

chan =

    98

Elapsed time is 580.862579 seconds.

chan =

    99

Elapsed time is 581.722286 seconds.

chan =

   100

Elapsed time is 581.444559 seconds.

chan =

   101

Elapsed time is 581.282669 seconds.

chan =

   102

Elapsed time is 580.247645 seconds.

chan =

   103

Elapsed time is 576.271602 seconds.

chan =

   104

Elapsed time is 574.658934 seconds.

chan =

   105

Elapsed time is 576.222118 seconds.

chan =

   106

Elapsed time is 575.051144 seconds.

chan =

   107

Elapsed time is 573.681670 seconds.

chan =

   108

Elapsed time is 573.072813 seconds.

chan =

   109

Elapsed time is 574.455968 seconds.

chan =

   110

Elapsed time is 574.802101 seconds.

chan =

   111

Elapsed time is 577.419687 seconds.

chan =

   112

