getting started: 3021
attempting file: 3021
going for OH30 120
data loaded: OH30 120
HFB already done

chan =

     1

Elapsed time is 397.416949 seconds.

chan =

     2

Elapsed time is 388.408307 seconds.

chan =

     3

Elapsed time is 388.663508 seconds.

chan =

     4

Elapsed time is 387.999710 seconds.

chan =

     5

Elapsed time is 384.699588 seconds.

chan =

     6

Elapsed time is 389.155970 seconds.

chan =

     7

Elapsed time is 391.246808 seconds.

chan =

     8

Elapsed time is 386.512681 seconds.

chan =

     9

Elapsed time is 384.335399 seconds.

chan =

    10

Elapsed time is 384.150741 seconds.

chan =

    11

Elapsed time is 382.159932 seconds.

chan =

    12

Elapsed time is 384.000955 seconds.

chan =

    13

Elapsed time is 384.072190 seconds.

chan =

    14

Elapsed time is 381.381689 seconds.

chan =

    15

Elapsed time is 383.074038 seconds.

chan =

    16

Elapsed time is 383.858553 seconds.

chan =

    17

Elapsed time is 380.911283 seconds.

chan =

    18

Elapsed time is 383.665402 seconds.

chan =

    19

Elapsed time is 377.618669 seconds.

chan =

    20

Elapsed time is 377.612294 seconds.

chan =

    21

Elapsed time is 382.573205 seconds.

chan =

    22

Elapsed time is 381.426931 seconds.

chan =

    23

Elapsed time is 376.768122 seconds.

chan =

    24

Elapsed time is 378.708166 seconds.

chan =

    25

Elapsed time is 384.397830 seconds.

chan =

    26

Elapsed time is 384.271986 seconds.

chan =

    27

Elapsed time is 385.139562 seconds.

chan =

    28

Elapsed time is 382.583749 seconds.

chan =

    29

Elapsed time is 381.377429 seconds.

chan =

    30

Elapsed time is 376.912000 seconds.

chan =

    31

Elapsed time is 383.579511 seconds.

chan =

    32

Elapsed time is 389.028922 seconds.

chan =

    33

Elapsed time is 376.494839 seconds.

chan =

    34

Elapsed time is 382.551492 seconds.

chan =

    35

Elapsed time is 377.708342 seconds.

chan =

    36

Elapsed time is 375.322635 seconds.

chan =

    37

Elapsed time is 383.076198 seconds.

chan =

    38

Elapsed time is 388.064343 seconds.

chan =

    39

Elapsed time is 375.458937 seconds.

chan =

    40

Elapsed time is 384.451261 seconds.

chan =

    41

Elapsed time is 380.652378 seconds.

chan =

    42

Elapsed time is 378.418821 seconds.

chan =

    43

Elapsed time is 378.279581 seconds.

chan =

    44

Elapsed time is 383.101441 seconds.

chan =

    45

Elapsed time is 378.387361 seconds.

chan =

    46

Elapsed time is 380.310425 seconds.

chan =

    47

Elapsed time is 377.646444 seconds.

chan =

    48

Elapsed time is 373.212765 seconds.

chan =

    49

Elapsed time is 386.783065 seconds.

chan =

    50

Elapsed time is 381.621674 seconds.

chan =

    51

Elapsed time is 379.905432 seconds.

chan =

    52

Elapsed time is 378.590431 seconds.

chan =

    53

Elapsed time is 382.728973 seconds.

chan =

    54

Elapsed time is 382.279335 seconds.

chan =

    55

Elapsed time is 375.269859 seconds.

chan =

    56

Elapsed time is 380.841900 seconds.

chan =

    57

Elapsed time is 373.631882 seconds.

chan =

    58

Elapsed time is 375.663492 seconds.

chan =

    59

Elapsed time is 380.779831 seconds.

chan =

    60

Elapsed time is 379.347040 seconds.

chan =

    61

Elapsed time is 379.369657 seconds.

chan =

    62

Elapsed time is 381.406501 seconds.

chan =

    63

Elapsed time is 378.085409 seconds.

chan =

    64

Elapsed time is 372.772641 seconds.

chan =

    65

Elapsed time is 379.519553 seconds.

chan =

    66

Elapsed time is 376.609164 seconds.

chan =

    67

Elapsed time is 376.780106 seconds.

chan =

    68

Elapsed time is 382.921869 seconds.

chan =

    69

Elapsed time is 388.756515 seconds.

chan =

    70

Elapsed time is 385.853953 seconds.

chan =

    71

Elapsed time is 383.727075 seconds.

chan =

    72

Elapsed time is 378.625447 seconds.

chan =

    73

Elapsed time is 388.194227 seconds.

chan =

    74

Elapsed time is 387.043325 seconds.

chan =

    75

Elapsed time is 387.160256 seconds.

chan =

    76

Elapsed time is 387.505463 seconds.

chan =

    77

Elapsed time is 382.215590 seconds.

chan =

    78

Elapsed time is 385.037686 seconds.

chan =

    79

Elapsed time is 380.627905 seconds.

chan =

    80

Elapsed time is 380.304946 seconds.

chan =

    81

Elapsed time is 380.394840 seconds.

chan =

    82

Elapsed time is 380.482679 seconds.

chan =

    83

Elapsed time is 384.904647 seconds.

chan =

    84

Elapsed time is 388.413701 seconds.

chan =

    85

Elapsed time is 388.431658 seconds.

chan =

    86

Elapsed time is 382.807612 seconds.

chan =

    87

Elapsed time is 383.141124 seconds.

chan =

    88

Elapsed time is 381.096777 seconds.

chan =

    89

Elapsed time is 386.631171 seconds.

chan =

    90

Elapsed time is 382.191756 seconds.

chan =

    91

Elapsed time is 391.704881 seconds.

chan =

    92

Elapsed time is 387.003162 seconds.

chan =

    93

Elapsed time is 377.723592 seconds.

chan =

    94

Elapsed time is 373.877670 seconds.

chan =

    95

Elapsed time is 375.638018 seconds.

chan =

    96

Elapsed time is 377.159900 seconds.

chan =

    97

Elapsed time is 377.773171 seconds.

chan =

    98

Elapsed time is 374.708676 seconds.

chan =

    99

Elapsed time is 379.199379 seconds.

chan =

   100

Elapsed time is 372.816369 seconds.

chan =

   101

Elapsed time is 372.058320 seconds.

chan =

   102

Elapsed time is 371.059963 seconds.

chan =

   103

Elapsed time is 374.120091 seconds.

chan =

   104

Elapsed time is 377.984265 seconds.

chan =

   105

Elapsed time is 380.550054 seconds.

chan =

   106

Elapsed time is 375.709691 seconds.

chan =

   107

Elapsed time is 380.123089 seconds.

chan =

   108

Elapsed time is 374.619988 seconds.

chan =

   109

Elapsed time is 371.027807 seconds.

chan =

   110

Elapsed time is 370.726887 seconds.

chan =

   111

Elapsed time is 371.921873 seconds.

chan =

   112

Elapsed time is 375.998983 seconds.

chan =

   113

Elapsed time is 379.911144 seconds.

chan =

   114

Elapsed time is 375.520052 seconds.

chan =

   115

Elapsed time is 380.202928 seconds.

chan =

   116

Elapsed time is 373.719348 seconds.

chan =

   117

Elapsed time is 374.267442 seconds.

chan =

   118

Elapsed time is 369.850132 seconds.

chan =

   119

Elapsed time is 371.675735 seconds.

chan =

   120

Elapsed time is 378.186004 seconds.

chan =

   121

Elapsed time is 375.463101 seconds.

chan =

   122

Elapsed time is 375.952100 seconds.

chan =

   123

Elapsed time is 379.945993 seconds.

chan =

   124

Elapsed time is 375.523272 seconds.

chan =

   125

Elapsed time is 375.267527 seconds.

chan =

   126

Elapsed time is 380.135053 seconds.

chan =

   127

Elapsed time is 380.541642 seconds.

chan =

   128

Elapsed time is 376.903040 seconds.

chan =

   129

Elapsed time is 380.367342 seconds.

chan =

   130

Elapsed time is 379.271312 seconds.

chan =

   131

Elapsed time is 377.706834 seconds.

chan =

   132

Elapsed time is 377.265606 seconds.

chan =

   133

Elapsed time is 382.281829 seconds.

chan =

   134

Elapsed time is 380.471120 seconds.

chan =

   135

Elapsed time is 376.474945 seconds.

chan =

   136

Elapsed time is 378.150197 seconds.

chan =

   137

Elapsed time is 382.213482 seconds.

chan =

   138

Elapsed time is 380.630797 seconds.

chan =

   139

Elapsed time is 381.192370 seconds.
attempting saving
save success: /projects/p31578/dtf8829/QuestConnect/CHANDAT/chanDat_OH30_120.mat
working on TF
encoding done
encoding RT done
