getting started: 3283
attempting file: 3283
going for SD5 32
data loaded: SD5 32
HFB already done

chan =

     1

Elapsed time is 243.013888 seconds.

chan =

     2

Elapsed time is 243.194300 seconds.

chan =

     3

Elapsed time is 245.315304 seconds.

chan =

     4

Elapsed time is 243.343135 seconds.

chan =

     5

Elapsed time is 242.193519 seconds.

chan =

     6

Elapsed time is 232.677862 seconds.

chan =

     7

Elapsed time is 235.053600 seconds.

chan =

     8

Elapsed time is 232.038178 seconds.

chan =

     9

Elapsed time is 231.177709 seconds.

chan =

    10

Elapsed time is 230.306289 seconds.

chan =

    11

Elapsed time is 230.179224 seconds.

chan =

    12

Elapsed time is 237.444560 seconds.

chan =

    13

Elapsed time is 260.438843 seconds.

chan =

    14

Elapsed time is 257.074363 seconds.

chan =

    15

Elapsed time is 248.555438 seconds.

chan =

    16

Elapsed time is 237.411555 seconds.

chan =

    17

Elapsed time is 223.621902 seconds.

chan =

    18

Elapsed time is 222.087339 seconds.

chan =

    19

Elapsed time is 222.739625 seconds.

chan =

    20

Elapsed time is 222.381102 seconds.

chan =

    21

Elapsed time is 222.361886 seconds.

chan =

    22

Elapsed time is 221.832943 seconds.

chan =

    23

Elapsed time is 221.848857 seconds.

chan =

    24

Elapsed time is 221.866326 seconds.

chan =

    25

Elapsed time is 220.873633 seconds.

chan =

    26

Elapsed time is 223.653991 seconds.

chan =

    27

Elapsed time is 223.772488 seconds.

chan =

    28

Elapsed time is 249.334662 seconds.

chan =

    29

Elapsed time is 259.145774 seconds.

chan =

    30

Elapsed time is 262.106409 seconds.

chan =

    31

Elapsed time is 251.163179 seconds.

chan =

    32

Elapsed time is 221.718597 seconds.

chan =

    33

Elapsed time is 238.269064 seconds.

chan =

    34

Elapsed time is 261.636738 seconds.

chan =

    35

Elapsed time is 259.957628 seconds.

chan =

    36

Elapsed time is 258.817856 seconds.

chan =

    37

Elapsed time is 261.625051 seconds.

chan =

    38

Elapsed time is 257.077038 seconds.

chan =

    39

Elapsed time is 258.721173 seconds.

chan =

    40

Elapsed time is 255.354834 seconds.

chan =

    41

Elapsed time is 241.226586 seconds.

chan =

    42

Elapsed time is 254.904650 seconds.

chan =

    43

Elapsed time is 253.878694 seconds.

chan =

    44

Elapsed time is 237.433219 seconds.

chan =

    45

Elapsed time is 233.371376 seconds.

chan =

    46

Elapsed time is 255.754160 seconds.

chan =

    47

Elapsed time is 257.463751 seconds.

chan =

    48

Elapsed time is 253.255927 seconds.

chan =

    49

Elapsed time is 253.860742 seconds.

chan =

    50

Elapsed time is 250.310231 seconds.

chan =

    51

Elapsed time is 217.213172 seconds.

chan =

    52

Elapsed time is 239.195435 seconds.

chan =

    53

Elapsed time is 242.180562 seconds.

chan =

    54

Elapsed time is 224.483503 seconds.

chan =

    55

Elapsed time is 254.284156 seconds.

chan =

    56

Elapsed time is 224.128348 seconds.

chan =

    57

Elapsed time is 232.242527 seconds.

chan =

    58

Elapsed time is 216.272113 seconds.

chan =

    59

Elapsed time is 218.640790 seconds.

chan =

    60

Elapsed time is 218.489157 seconds.

chan =

    61

Elapsed time is 216.762254 seconds.

chan =

    62

Elapsed time is 217.688645 seconds.

chan =

    63

Elapsed time is 215.342704 seconds.

chan =

    64

Elapsed time is 216.879989 seconds.

chan =

    65

Elapsed time is 216.156077 seconds.

chan =

    66

Elapsed time is 216.647020 seconds.

chan =

    67

Elapsed time is 214.234236 seconds.

chan =

    68

Elapsed time is 218.248305 seconds.

chan =

    69

Elapsed time is 217.617373 seconds.

chan =

    70

Elapsed time is 216.441655 seconds.

chan =

    71

Elapsed time is 217.020305 seconds.

chan =

    72

Elapsed time is 216.004142 seconds.

chan =

    73

Elapsed time is 216.599351 seconds.

chan =

    74

Elapsed time is 218.978480 seconds.

chan =

    75

Elapsed time is 217.502978 seconds.

chan =

    76

Elapsed time is 217.957092 seconds.

chan =

    77

Elapsed time is 217.876196 seconds.

chan =

    78

Elapsed time is 216.936715 seconds.

chan =

    79

Elapsed time is 217.537839 seconds.

chan =

    80

Elapsed time is 215.562921 seconds.

chan =

    81

Elapsed time is 215.100957 seconds.

chan =

    82

Elapsed time is 217.986802 seconds.

chan =

    83

Elapsed time is 217.636647 seconds.

chan =

    84

Elapsed time is 219.326710 seconds.

chan =

    85

Elapsed time is 217.137723 seconds.

chan =

    86

Elapsed time is 217.247041 seconds.

chan =

    87

Elapsed time is 216.091379 seconds.

chan =

    88

Elapsed time is 217.497327 seconds.

chan =

    89

Elapsed time is 218.082853 seconds.

chan =

    90

Elapsed time is 218.663521 seconds.

chan =

    91

Elapsed time is 218.155572 seconds.

chan =

    92

Elapsed time is 218.154064 seconds.

chan =

    93

Elapsed time is 217.558582 seconds.

chan =

    94

Elapsed time is 218.800546 seconds.

chan =

    95

Elapsed time is 217.292502 seconds.

chan =

    96

Elapsed time is 217.597854 seconds.

chan =

    97

Elapsed time is 217.251588 seconds.

chan =

    98

Elapsed time is 220.685176 seconds.

chan =

    99

Elapsed time is 218.106452 seconds.

chan =

   100

Elapsed time is 219.483198 seconds.

chan =

   101

Elapsed time is 218.390741 seconds.

chan =

   102

Elapsed time is 219.180895 seconds.

chan =

   103

Elapsed time is 217.195739 seconds.

chan =

   104

Elapsed time is 218.065016 seconds.

chan =

   105

Elapsed time is 217.469093 seconds.

chan =

   106

Elapsed time is 218.689086 seconds.

chan =

   107

Elapsed time is 219.609156 seconds.

chan =

   108

Elapsed time is 218.634457 seconds.

chan =

   109

Elapsed time is 218.372701 seconds.

