getting started: 3695
attempting file: 3695
going for SLCH010 101
data loaded: SLCH010 101
HFB already done

chan =

     1

Elapsed time is 507.781691 seconds.

chan =

     2

Elapsed time is 505.195503 seconds.

chan =

     3

Elapsed time is 503.423109 seconds.

chan =

     4

Elapsed time is 502.697690 seconds.

chan =

     5

Elapsed time is 500.091453 seconds.

chan =

     6

Elapsed time is 499.350665 seconds.

chan =

     7

Elapsed time is 498.898508 seconds.

chan =

     8

Elapsed time is 498.676132 seconds.

chan =

     9

Elapsed time is 495.474258 seconds.

chan =

    10

Elapsed time is 488.569210 seconds.

chan =

    11

Elapsed time is 490.385828 seconds.

chan =

    12

Elapsed time is 502.013732 seconds.

chan =

    13

Elapsed time is 503.067084 seconds.

chan =

    14

Elapsed time is 503.040962 seconds.

chan =

    15

Elapsed time is 495.225078 seconds.

chan =

    16

Elapsed time is 496.175139 seconds.

chan =

    17

Elapsed time is 495.086902 seconds.

chan =

    18

Elapsed time is 491.551731 seconds.

chan =

    19

Elapsed time is 492.393623 seconds.

chan =

    20

Elapsed time is 495.003684 seconds.

chan =

    21

Elapsed time is 481.923155 seconds.

chan =

    22

Elapsed time is 482.308556 seconds.

chan =

    23

Elapsed time is 480.285782 seconds.

chan =

    24

Elapsed time is 484.151141 seconds.

chan =

    25

Elapsed time is 487.338754 seconds.

chan =

    26

Elapsed time is 484.339400 seconds.

chan =

    27

Elapsed time is 487.489439 seconds.

chan =

    28

Elapsed time is 481.177604 seconds.

chan =

    29

Elapsed time is 482.764320 seconds.

chan =

    30

Elapsed time is 481.604375 seconds.

chan =

    31

Elapsed time is 486.429216 seconds.

chan =

    32

Elapsed time is 489.398990 seconds.

chan =

    33

Elapsed time is 489.091278 seconds.

chan =

    34

Elapsed time is 489.261468 seconds.

chan =

    35

Elapsed time is 488.834755 seconds.

chan =

    36

Elapsed time is 485.335791 seconds.

chan =

    37

Elapsed time is 485.346781 seconds.

chan =

    38

Elapsed time is 489.691702 seconds.

chan =

    39

Elapsed time is 481.871856 seconds.

chan =

    40

Elapsed time is 482.005758 seconds.

chan =

    41

Elapsed time is 481.687406 seconds.

chan =

    42

Elapsed time is 481.233980 seconds.

chan =

    43

Elapsed time is 478.307192 seconds.

chan =

    44

Elapsed time is 481.459809 seconds.

chan =

    45

Elapsed time is 480.626147 seconds.

chan =

    46

Elapsed time is 486.796146 seconds.

chan =

    47

Elapsed time is 492.970990 seconds.

chan =

    48

Elapsed time is 490.311339 seconds.

chan =

    49

Elapsed time is 494.100251 seconds.

chan =

    50

Elapsed time is 491.433597 seconds.

chan =

    51

Elapsed time is 485.195439 seconds.

chan =

    52

Elapsed time is 488.341251 seconds.

chan =

    53

Elapsed time is 480.474427 seconds.

chan =

    54

Elapsed time is 487.048956 seconds.

chan =

    55

Elapsed time is 486.773460 seconds.

chan =

    56

Elapsed time is 487.848364 seconds.

chan =

    57

Elapsed time is 486.333875 seconds.

chan =

    58

Elapsed time is 484.948210 seconds.

chan =

    59

Elapsed time is 493.334399 seconds.

chan =

    60

Elapsed time is 488.738662 seconds.

chan =

    61

Elapsed time is 487.290757 seconds.

chan =

    62

Elapsed time is 487.411752 seconds.

chan =

    63

Elapsed time is 482.228465 seconds.

chan =

    64

Elapsed time is 492.757275 seconds.

chan =

    65

Elapsed time is 486.215154 seconds.

chan =

    66

Elapsed time is 492.849088 seconds.

chan =

    67

Elapsed time is 489.881417 seconds.

chan =

    68

Elapsed time is 478.588416 seconds.

chan =

    69

Elapsed time is 474.848803 seconds.

chan =

    70

Elapsed time is 477.035188 seconds.

chan =

    71

Elapsed time is 474.248330 seconds.

chan =

    72

Elapsed time is 477.163637 seconds.

chan =

    73

Elapsed time is 470.530804 seconds.

chan =

    74

Elapsed time is 475.430686 seconds.

chan =

    75

Elapsed time is 463.352140 seconds.

chan =

    76

Elapsed time is 464.107330 seconds.

chan =

    77

Elapsed time is 465.071317 seconds.

chan =

    78

Elapsed time is 465.666973 seconds.

chan =

    79

Elapsed time is 460.820858 seconds.

chan =

    80

Elapsed time is 464.324892 seconds.

chan =

    81

Elapsed time is 463.571842 seconds.

chan =

    82

Elapsed time is 464.978835 seconds.

chan =

    83

Elapsed time is 463.548793 seconds.

chan =

    84

Elapsed time is 465.386175 seconds.

chan =

    85

Elapsed time is 466.434044 seconds.

chan =

    86

Elapsed time is 468.110080 seconds.

chan =

    87

Elapsed time is 465.435506 seconds.

chan =

    88

Elapsed time is 466.501216 seconds.

chan =

    89

Elapsed time is 467.733614 seconds.

chan =

    90

Elapsed time is 466.429898 seconds.

chan =

    91

Elapsed time is 466.644323 seconds.

chan =

    92

Elapsed time is 463.895796 seconds.

chan =

    93

Elapsed time is 488.893664 seconds.

chan =

    94

Elapsed time is 490.813181 seconds.

chan =

    95

Elapsed time is 490.597320 seconds.

chan =

    96

Elapsed time is 490.708024 seconds.

chan =

    97

Elapsed time is 488.425275 seconds.

chan =

    98

Elapsed time is 489.871581 seconds.

chan =

    99

Elapsed time is 488.331847 seconds.

chan =

   100

Elapsed time is 492.136815 seconds.

chan =

   101

Elapsed time is 487.959834 seconds.

chan =

   102

Elapsed time is 491.939077 seconds.

chan =

   103

Elapsed time is 488.376729 seconds.

chan =

   104

Elapsed time is 492.761430 seconds.

chan =

   105

Elapsed time is 488.858517 seconds.

chan =

   106

Elapsed time is 491.189797 seconds.

chan =

   107

Elapsed time is 491.070011 seconds.

chan =

   108

Elapsed time is 490.990740 seconds.

chan =

   109

Elapsed time is 495.620204 seconds.

chan =

   110

Elapsed time is 496.619442 seconds.

chan =

   111

Elapsed time is 495.653002 seconds.

chan =

   112

Elapsed time is 496.504518 seconds.

chan =

   113

Elapsed time is 495.024284 seconds.

chan =

   114

Elapsed time is 497.455737 seconds.
attempting saving
save success: /projects/p31578/dtf8829/QuestConnect/CHANDAT/chanDat_SLCH010_101.mat
working on TF
