getting started: 3313
attempting file: 3313
going for SD5 62
data loaded: SD5 62
HFB already done

chan =

     1

Elapsed time is 276.347910 seconds.

chan =

     2

Elapsed time is 282.311180 seconds.

chan =

     3

Elapsed time is 273.320101 seconds.

chan =

     4

Elapsed time is 271.681305 seconds.

chan =

     5

Elapsed time is 274.694390 seconds.

chan =

     6

Elapsed time is 272.365153 seconds.

chan =

     7

Elapsed time is 271.134367 seconds.

chan =

     8

Elapsed time is 267.716774 seconds.

chan =

     9

Elapsed time is 268.451068 seconds.

chan =

    10

Elapsed time is 267.876130 seconds.

chan =

    11

Elapsed time is 268.457226 seconds.

chan =

    12

Elapsed time is 266.652435 seconds.

chan =

    13

Elapsed time is 262.920229 seconds.

chan =

    14

Elapsed time is 255.936621 seconds.

chan =

    15

Elapsed time is 253.760680 seconds.

chan =

    16

Elapsed time is 253.666799 seconds.

chan =

    17

Elapsed time is 257.154753 seconds.

chan =

    18

Elapsed time is 256.571871 seconds.

chan =

    19

Elapsed time is 250.853897 seconds.

chan =

    20

Elapsed time is 246.548801 seconds.

chan =

    21

Elapsed time is 244.025733 seconds.

chan =

    22

Elapsed time is 246.015679 seconds.

chan =

    23

Elapsed time is 246.092618 seconds.

chan =

    24

Elapsed time is 248.020594 seconds.

chan =

    25

Elapsed time is 263.918742 seconds.

chan =

    26

Elapsed time is 269.718529 seconds.

chan =

    27

Elapsed time is 264.773146 seconds.

chan =

    28

Elapsed time is 268.222689 seconds.

chan =

    29

Elapsed time is 262.567320 seconds.

chan =

    30

Elapsed time is 268.278214 seconds.

chan =

    31

Elapsed time is 264.971263 seconds.

chan =

    32

Elapsed time is 271.982721 seconds.

chan =

    33

Elapsed time is 270.283569 seconds.

chan =

    34

Elapsed time is 251.469493 seconds.

chan =

    35

Elapsed time is 276.008585 seconds.

chan =

    36

Elapsed time is 270.990879 seconds.

chan =

    37

Elapsed time is 262.077002 seconds.

chan =

    38

Elapsed time is 267.681008 seconds.

chan =

    39

Elapsed time is 274.801841 seconds.

chan =

    40

Elapsed time is 254.003618 seconds.

chan =

    41

Elapsed time is 259.823820 seconds.

chan =

    42

Elapsed time is 273.608026 seconds.

chan =

    43

Elapsed time is 267.450393 seconds.

chan =

    44

Elapsed time is 262.193899 seconds.

chan =

    45

Elapsed time is 252.871969 seconds.

chan =

    46

Elapsed time is 272.884581 seconds.

chan =

    47

Elapsed time is 274.507271 seconds.

chan =

    48

Elapsed time is 250.110644 seconds.

chan =

    49

Elapsed time is 246.547687 seconds.

chan =

    50

Elapsed time is 246.699866 seconds.

chan =

    51

Elapsed time is 247.081194 seconds.

chan =

    52

Elapsed time is 253.697286 seconds.

chan =

    53

Elapsed time is 248.518154 seconds.

chan =

    54

Elapsed time is 238.445817 seconds.

chan =

    55

Elapsed time is 238.897700 seconds.

chan =

    56

Elapsed time is 238.596042 seconds.

chan =

    57

Elapsed time is 236.487849 seconds.

chan =

    58

Elapsed time is 236.166069 seconds.

chan =

    59

Elapsed time is 250.266523 seconds.

chan =

    60

Elapsed time is 239.848571 seconds.

chan =

    61

Elapsed time is 236.759033 seconds.

chan =

    62

Elapsed time is 246.061781 seconds.

chan =

    63

Elapsed time is 252.452030 seconds.

chan =

    64

Elapsed time is 251.427109 seconds.

chan =

    65

Elapsed time is 252.058999 seconds.

chan =

    66

Elapsed time is 251.665256 seconds.

chan =

    67

Elapsed time is 250.173262 seconds.

chan =

    68

Elapsed time is 253.543037 seconds.

chan =

    69

Elapsed time is 252.891330 seconds.

chan =

    70

Elapsed time is 253.693958 seconds.

chan =

    71

Elapsed time is 251.147094 seconds.

chan =

    72

Elapsed time is 251.046447 seconds.

chan =

    73

Elapsed time is 251.225267 seconds.

chan =

    74

Elapsed time is 252.671144 seconds.

chan =

    75

Elapsed time is 251.871466 seconds.

chan =

    76

Elapsed time is 250.691334 seconds.

chan =

    77

Elapsed time is 245.702047 seconds.

chan =

    78

Elapsed time is 235.700196 seconds.

chan =

    79

Elapsed time is 236.207865 seconds.

chan =

    80

Elapsed time is 240.863887 seconds.

chan =

    81

Elapsed time is 240.578329 seconds.

chan =

    82

Elapsed time is 242.106285 seconds.

chan =

    83

Elapsed time is 241.387494 seconds.

chan =

    84

Elapsed time is 242.739311 seconds.

chan =

    85

Elapsed time is 240.677731 seconds.

chan =

    86

Elapsed time is 237.339706 seconds.

chan =

    87

Elapsed time is 235.319710 seconds.

chan =

    88

Elapsed time is 233.611887 seconds.

chan =

    89

Elapsed time is 235.043568 seconds.

chan =

    90

Elapsed time is 236.146846 seconds.

chan =

    91

Elapsed time is 234.136406 seconds.

chan =

    92

Elapsed time is 235.200766 seconds.

chan =

    93

Elapsed time is 235.096775 seconds.

chan =

    94

Elapsed time is 235.013650 seconds.

chan =

    95

Elapsed time is 234.064709 seconds.

chan =

    96

Elapsed time is 233.692547 seconds.

chan =

    97

Elapsed time is 259.169328 seconds.

chan =

    98

Elapsed time is 263.613108 seconds.

chan =

    99

Elapsed time is 262.549226 seconds.

chan =

   100

Elapsed time is 263.064779 seconds.

chan =

   101

Elapsed time is 259.351797 seconds.

chan =

   102

Elapsed time is 256.790657 seconds.

chan =

   103

Elapsed time is 266.633733 seconds.

chan =

   104

Elapsed time is 264.924474 seconds.

chan =

   105

Elapsed time is 265.768809 seconds.

chan =

   106

Elapsed time is 259.783477 seconds.

chan =

   107

Elapsed time is 253.916499 seconds.

chan =

   108

Elapsed time is 265.977635 seconds.

chan =

   109

Elapsed time is 261.759485 seconds.

