getting started: 3662
attempting file: 3662
going for SLCH010 68
data loaded: SLCH010 68
HFB already done

chan =

     1

Elapsed time is 565.230494 seconds.

chan =

     2

Elapsed time is 558.921603 seconds.

chan =

     3

Elapsed time is 571.097848 seconds.

chan =

     4

Elapsed time is 578.361358 seconds.

chan =

     5

Elapsed time is 559.948228 seconds.

chan =

     6

Elapsed time is 542.655798 seconds.

chan =

     7

Elapsed time is 567.867763 seconds.

chan =

     8

Elapsed time is 567.228378 seconds.

chan =

     9

Elapsed time is 561.948541 seconds.

chan =

    10

Elapsed time is 565.788754 seconds.

chan =

    11

Elapsed time is 554.817568 seconds.

chan =

    12

Elapsed time is 552.173125 seconds.

chan =

    13

Elapsed time is 563.053929 seconds.

chan =

    14

Elapsed time is 551.693329 seconds.

chan =

    15

Elapsed time is 556.508379 seconds.

chan =

    16

Elapsed time is 563.965658 seconds.

chan =

    17

Elapsed time is 557.665129 seconds.

chan =

    18

Elapsed time is 565.155032 seconds.

chan =

    19

Elapsed time is 563.819849 seconds.

chan =

    20

Elapsed time is 554.517992 seconds.

chan =

    21

Elapsed time is 569.051285 seconds.

chan =

    22

Elapsed time is 558.700132 seconds.

chan =

    23

Elapsed time is 563.332300 seconds.

chan =

    24

Elapsed time is 558.986661 seconds.

chan =

    25

Elapsed time is 559.925921 seconds.

chan =

    26

Elapsed time is 562.998728 seconds.

chan =

    27

Elapsed time is 554.163057 seconds.

chan =

    28

Elapsed time is 559.071857 seconds.

chan =

    29

Elapsed time is 559.183086 seconds.

chan =

    30

Elapsed time is 556.819360 seconds.

chan =

    31

Elapsed time is 562.093311 seconds.

chan =

    32

Elapsed time is 551.133624 seconds.

chan =

    33

Elapsed time is 563.238692 seconds.

chan =

    34

Elapsed time is 561.518855 seconds.

chan =

    35

Elapsed time is 552.970624 seconds.

chan =

    36

Elapsed time is 558.892752 seconds.

chan =

    37

Elapsed time is 552.988327 seconds.

chan =

    38

Elapsed time is 564.206332 seconds.

chan =

    39

Elapsed time is 556.307927 seconds.

chan =

    40

Elapsed time is 558.342772 seconds.

chan =

    41

Elapsed time is 562.134288 seconds.

chan =

    42

Elapsed time is 556.754825 seconds.

chan =

    43

Elapsed time is 557.003407 seconds.

chan =

    44

Elapsed time is 555.297662 seconds.

chan =

    45

Elapsed time is 563.624640 seconds.

chan =

    46

Elapsed time is 559.675154 seconds.

chan =

    47

Elapsed time is 550.629940 seconds.

chan =

    48

Elapsed time is 560.385988 seconds.

chan =

    49

Elapsed time is 559.778509 seconds.

chan =

    50

Elapsed time is 561.324314 seconds.

chan =

    51

Elapsed time is 555.361850 seconds.

chan =

    52

Elapsed time is 553.799577 seconds.

chan =

    53

Elapsed time is 553.255642 seconds.

chan =

    54

Elapsed time is 547.990978 seconds.

chan =

    55

Elapsed time is 550.964243 seconds.

chan =

    56

Elapsed time is 537.281095 seconds.

chan =

    57

Elapsed time is 539.451271 seconds.

chan =

    58

Elapsed time is 546.074204 seconds.

chan =

    59

Elapsed time is 533.012216 seconds.

chan =

    60

Elapsed time is 516.816093 seconds.

chan =

    61

Elapsed time is 517.169757 seconds.

chan =

    62

Elapsed time is 515.569645 seconds.

chan =

    63

Elapsed time is 509.711063 seconds.

chan =

    64

Elapsed time is 506.176906 seconds.

chan =

    65

Elapsed time is 507.154126 seconds.

chan =

    66

Elapsed time is 505.000300 seconds.

chan =

    67

Elapsed time is 504.788719 seconds.

chan =

    68

Elapsed time is 505.418415 seconds.

chan =

    69

Elapsed time is 508.056136 seconds.

chan =

    70

Elapsed time is 504.898181 seconds.

chan =

    71

Elapsed time is 507.824513 seconds.

chan =

    72

Elapsed time is 507.433924 seconds.

chan =

    73

Elapsed time is 510.842834 seconds.

chan =

    74

Elapsed time is 506.264793 seconds.

chan =

    75

Elapsed time is 506.919170 seconds.

chan =

    76

Elapsed time is 506.823514 seconds.

chan =

    77

Elapsed time is 500.082851 seconds.

chan =

    78

Elapsed time is 475.257532 seconds.

chan =

    79

Elapsed time is 479.773183 seconds.

chan =

    80

Elapsed time is 474.023906 seconds.

chan =

    81

Elapsed time is 481.369783 seconds.

chan =

    82

Elapsed time is 471.458634 seconds.

chan =

    83

Elapsed time is 471.123487 seconds.

chan =

    84

Elapsed time is 467.669946 seconds.

chan =

    85

Elapsed time is 472.989022 seconds.

chan =

    86

Elapsed time is 469.177407 seconds.

chan =

    87

Elapsed time is 468.631859 seconds.

chan =

    88

Elapsed time is 467.590597 seconds.

chan =

    89

Elapsed time is 473.429049 seconds.

chan =

    90

Elapsed time is 467.314041 seconds.

chan =

    91

Elapsed time is 465.738331 seconds.

chan =

    92

Elapsed time is 465.472154 seconds.

chan =

    93

Elapsed time is 470.497594 seconds.

chan =

    94

Elapsed time is 468.183029 seconds.

chan =

    95

Elapsed time is 470.481146 seconds.

chan =

    96

Elapsed time is 467.106494 seconds.

chan =

    97

Elapsed time is 472.323210 seconds.

chan =

    98

Elapsed time is 473.769726 seconds.

chan =

    99

Elapsed time is 473.044704 seconds.

chan =

   100

Elapsed time is 470.313036 seconds.

chan =

   101

Elapsed time is 474.733911 seconds.

chan =

   102

Elapsed time is 475.506423 seconds.

chan =

   103

Elapsed time is 472.879122 seconds.

chan =

   104

Elapsed time is 473.333502 seconds.

chan =

   105

Elapsed time is 476.178458 seconds.

chan =

   106

Elapsed time is 472.685651 seconds.

chan =

   107

Elapsed time is 472.073366 seconds.

chan =

   108

Elapsed time is 471.207972 seconds.

chan =

   109

Elapsed time is 475.929661 seconds.

chan =

   110

Elapsed time is 475.781774 seconds.

chan =

   111

Elapsed time is 473.326974 seconds.

chan =

   112

Elapsed time is 470.601927 seconds.

chan =

   113

Elapsed time is 477.200591 seconds.

chan =

   114

Elapsed time is 471.352080 seconds.
attempting saving
save success: /projects/p31578/dtf8829/QuestConnect/CHANDAT/chanDat_SLCH010_068.mat
working on TF
