getting started: 3277
attempting file: 3277
going for SD5 26
data loaded: SD5 26
HFB already done

chan =

     1

Elapsed time is 234.106620 seconds.

chan =

     2

Elapsed time is 236.087312 seconds.

chan =

     3

Elapsed time is 237.903302 seconds.

chan =

     4

Elapsed time is 238.613655 seconds.

chan =

     5

Elapsed time is 237.219514 seconds.

chan =

     6

Elapsed time is 231.337013 seconds.

chan =

     7

Elapsed time is 231.184763 seconds.

chan =

     8

Elapsed time is 230.938576 seconds.

chan =

     9

Elapsed time is 229.520153 seconds.

chan =

    10

Elapsed time is 228.650040 seconds.

chan =

    11

Elapsed time is 228.890523 seconds.

chan =

    12

Elapsed time is 230.780140 seconds.

chan =

    13

Elapsed time is 231.503230 seconds.

chan =

    14

Elapsed time is 230.293376 seconds.

chan =

    15

Elapsed time is 228.862558 seconds.

chan =

    16

Elapsed time is 230.656590 seconds.

chan =

    17

Elapsed time is 228.672078 seconds.

chan =

    18

Elapsed time is 230.590024 seconds.

chan =

    19

Elapsed time is 229.077685 seconds.

chan =

    20

Elapsed time is 229.691038 seconds.

chan =

    21

Elapsed time is 229.682101 seconds.

chan =

    22

Elapsed time is 227.877168 seconds.

chan =

    23

Elapsed time is 228.299350 seconds.

chan =

    24

Elapsed time is 228.991679 seconds.

chan =

    25

Elapsed time is 227.533867 seconds.

chan =

    26

Elapsed time is 229.154805 seconds.

chan =

    27

Elapsed time is 231.285081 seconds.

chan =

    28

Elapsed time is 227.869421 seconds.

chan =

    29

Elapsed time is 223.129552 seconds.

chan =

    30

Elapsed time is 222.880113 seconds.

chan =

    31

Elapsed time is 223.446315 seconds.

chan =

    32

Elapsed time is 224.722113 seconds.

chan =

    33

Elapsed time is 221.785315 seconds.

chan =

    34

Elapsed time is 224.047494 seconds.

chan =

    35

Elapsed time is 222.833804 seconds.

chan =

    36

Elapsed time is 221.985618 seconds.

chan =

    37

Elapsed time is 225.316830 seconds.

chan =

    38

Elapsed time is 224.619747 seconds.

chan =

    39

Elapsed time is 224.708046 seconds.

chan =

    40

Elapsed time is 222.958188 seconds.

chan =

    41

Elapsed time is 225.615606 seconds.

chan =

    42

Elapsed time is 222.812098 seconds.

chan =

    43

Elapsed time is 224.623480 seconds.

chan =

    44

Elapsed time is 226.953891 seconds.

chan =

    45

Elapsed time is 226.081908 seconds.

chan =

    46

Elapsed time is 226.322442 seconds.

chan =

    47

Elapsed time is 225.553330 seconds.

chan =

    48

Elapsed time is 225.295270 seconds.

chan =

    49

Elapsed time is 224.730856 seconds.

chan =

    50

Elapsed time is 225.490981 seconds.

chan =

    51

Elapsed time is 224.879082 seconds.

chan =

    52

Elapsed time is 225.786759 seconds.

chan =

    53

Elapsed time is 224.407770 seconds.

chan =

    54

Elapsed time is 225.067547 seconds.

chan =

    55

Elapsed time is 226.071217 seconds.

chan =

    56

Elapsed time is 226.539412 seconds.

chan =

    57

Elapsed time is 223.786701 seconds.

chan =

    58

Elapsed time is 224.442725 seconds.

chan =

    59

Elapsed time is 225.162982 seconds.

chan =

    60

Elapsed time is 226.506722 seconds.

chan =

    61

Elapsed time is 225.259420 seconds.

chan =

    62

Elapsed time is 224.341528 seconds.

chan =

    63

Elapsed time is 222.966772 seconds.

chan =

    64

Elapsed time is 225.102947 seconds.

chan =

    65

Elapsed time is 226.317812 seconds.

chan =

    66

Elapsed time is 224.122800 seconds.

chan =

    67

Elapsed time is 223.357184 seconds.

chan =

    68

Elapsed time is 226.314015 seconds.

chan =

    69

Elapsed time is 222.422566 seconds.

chan =

    70

Elapsed time is 222.679991 seconds.

chan =

    71

Elapsed time is 223.526671 seconds.

chan =

    72

Elapsed time is 224.236820 seconds.

chan =

    73

Elapsed time is 222.847815 seconds.

chan =

    74

Elapsed time is 225.795183 seconds.

chan =

    75

Elapsed time is 225.939443 seconds.

chan =

    76

Elapsed time is 224.595231 seconds.

chan =

    77

Elapsed time is 224.027129 seconds.

chan =

    78

Elapsed time is 221.308517 seconds.

chan =

    79

Elapsed time is 224.749625 seconds.

chan =

    80

Elapsed time is 223.694512 seconds.

chan =

    81

Elapsed time is 225.591621 seconds.

chan =

    82

Elapsed time is 225.584775 seconds.

chan =

    83

Elapsed time is 221.141365 seconds.

chan =

    84

Elapsed time is 225.547381 seconds.

chan =

    85

Elapsed time is 224.030047 seconds.

chan =

    86

Elapsed time is 223.016268 seconds.

chan =

    87

Elapsed time is 224.156280 seconds.

chan =

    88

Elapsed time is 226.166182 seconds.

chan =

    89

Elapsed time is 225.868314 seconds.

chan =

    90

Elapsed time is 225.906102 seconds.

chan =

    91

Elapsed time is 225.346306 seconds.

chan =

    92

Elapsed time is 225.277877 seconds.

chan =

    93

Elapsed time is 226.444056 seconds.

chan =

    94

Elapsed time is 224.495159 seconds.

chan =

    95

Elapsed time is 222.657407 seconds.

chan =

    96

Elapsed time is 223.418204 seconds.

chan =

    97

Elapsed time is 226.351713 seconds.

chan =

    98

Elapsed time is 226.548922 seconds.

chan =

    99

Elapsed time is 226.212381 seconds.

chan =

   100

Elapsed time is 225.607923 seconds.

chan =

   101

Elapsed time is 224.627710 seconds.

chan =

   102

Elapsed time is 225.941755 seconds.

chan =

   103

Elapsed time is 227.238939 seconds.

chan =

   104

Elapsed time is 227.058602 seconds.

chan =

   105

Elapsed time is 226.170279 seconds.

chan =

   106

Elapsed time is 224.438741 seconds.

chan =

   107

Elapsed time is 223.630997 seconds.

chan =

   108

Elapsed time is 227.210682 seconds.

chan =

   109

Elapsed time is 224.229025 seconds.

