getting started: 3316
attempting file: 3316
going for SD5 65
data loaded: SD5 65
HFB already done

chan =

     1

Elapsed time is 269.930923 seconds.

chan =

     2

Elapsed time is 268.642725 seconds.

chan =

     3

Elapsed time is 268.735348 seconds.

chan =

     4

Elapsed time is 270.317359 seconds.

chan =

     5

Elapsed time is 267.346793 seconds.

chan =

     6

Elapsed time is 266.766634 seconds.

chan =

     7

Elapsed time is 265.114971 seconds.

chan =

     8

Elapsed time is 262.201411 seconds.

chan =

     9

Elapsed time is 264.199606 seconds.

chan =

    10

Elapsed time is 262.702620 seconds.

chan =

    11

Elapsed time is 265.839619 seconds.

chan =

    12

Elapsed time is 264.603317 seconds.

chan =

    13

Elapsed time is 260.758409 seconds.

chan =

    14

Elapsed time is 252.435977 seconds.

chan =

    15

Elapsed time is 251.900360 seconds.

chan =

    16

Elapsed time is 250.288201 seconds.

chan =

    17

Elapsed time is 253.972641 seconds.

chan =

    18

Elapsed time is 250.380841 seconds.

chan =

    19

Elapsed time is 250.265287 seconds.

chan =

    20

Elapsed time is 245.312663 seconds.

chan =

    21

Elapsed time is 242.142260 seconds.

chan =

    22

Elapsed time is 239.783857 seconds.

chan =

    23

Elapsed time is 243.063015 seconds.

chan =

    24

Elapsed time is 244.267866 seconds.

chan =

    25

Elapsed time is 249.668942 seconds.

chan =

    26

Elapsed time is 262.169507 seconds.

chan =

    27

Elapsed time is 262.053886 seconds.

chan =

    28

Elapsed time is 264.484985 seconds.

chan =

    29

Elapsed time is 265.113780 seconds.

chan =

    30

Elapsed time is 259.446148 seconds.

chan =

    31

Elapsed time is 264.379298 seconds.

chan =

    32

Elapsed time is 265.427544 seconds.

chan =

    33

Elapsed time is 269.240119 seconds.

chan =

    34

Elapsed time is 253.764936 seconds.

chan =

    35

Elapsed time is 261.523194 seconds.

chan =

    36

Elapsed time is 264.384413 seconds.

chan =

    37

Elapsed time is 273.132950 seconds.

chan =

    38

Elapsed time is 248.240368 seconds.

chan =

    39

Elapsed time is 271.425906 seconds.

chan =

    40

Elapsed time is 264.105607 seconds.

chan =

    41

Elapsed time is 251.520436 seconds.

chan =

    42

Elapsed time is 261.381429 seconds.

chan =

    43

Elapsed time is 266.224915 seconds.

chan =

    44

Elapsed time is 269.392116 seconds.

chan =

    45

Elapsed time is 256.193948 seconds.

chan =

    46

Elapsed time is 254.675324 seconds.

chan =

    47

Elapsed time is 271.213675 seconds.

chan =

    48

Elapsed time is 262.497387 seconds.

chan =

    49

Elapsed time is 247.773965 seconds.

chan =

    50

Elapsed time is 239.103388 seconds.

chan =

    51

Elapsed time is 243.633044 seconds.

chan =

    52

Elapsed time is 243.329041 seconds.

chan =

    53

Elapsed time is 251.444322 seconds.

chan =

    54

Elapsed time is 237.585997 seconds.

chan =

    55

Elapsed time is 235.750074 seconds.

chan =

    56

Elapsed time is 235.419469 seconds.

chan =

    57

Elapsed time is 237.559293 seconds.

chan =

    58

Elapsed time is 232.208192 seconds.

chan =

    59

Elapsed time is 237.910217 seconds.

chan =

    60

Elapsed time is 250.041197 seconds.

chan =

    61

Elapsed time is 236.492659 seconds.

chan =

    62

Elapsed time is 231.454271 seconds.

chan =

    63

Elapsed time is 246.171036 seconds.

chan =

    64

Elapsed time is 250.064485 seconds.

chan =

    65

Elapsed time is 251.300350 seconds.

chan =

    66

Elapsed time is 246.592428 seconds.

chan =

    67

Elapsed time is 249.323980 seconds.

chan =

    68

Elapsed time is 249.565255 seconds.

chan =

    69

Elapsed time is 251.968740 seconds.

chan =

    70

Elapsed time is 248.174350 seconds.

chan =

    71

Elapsed time is 251.738486 seconds.

chan =

    72

Elapsed time is 249.082439 seconds.

chan =

    73

Elapsed time is 249.450005 seconds.

chan =

    74

Elapsed time is 246.475530 seconds.

chan =

    75

Elapsed time is 251.695920 seconds.

chan =

    76

Elapsed time is 247.913671 seconds.

chan =

    77

Elapsed time is 248.526232 seconds.

chan =

    78

Elapsed time is 241.955529 seconds.

chan =

    79

Elapsed time is 234.345484 seconds.

chan =

    80

Elapsed time is 234.296005 seconds.

chan =

    81

Elapsed time is 238.862308 seconds.

chan =

    82

Elapsed time is 234.904258 seconds.

chan =

    83

Elapsed time is 239.373775 seconds.

chan =

    84

Elapsed time is 238.675404 seconds.

chan =

    85

Elapsed time is 238.005436 seconds.

chan =

    86

Elapsed time is 234.139867 seconds.

chan =

    87

Elapsed time is 236.192213 seconds.

chan =

    88

Elapsed time is 234.323396 seconds.

chan =

    89

Elapsed time is 232.014397 seconds.

chan =

    90

Elapsed time is 230.250104 seconds.

chan =

    91

Elapsed time is 232.044045 seconds.

chan =

    92

Elapsed time is 231.956091 seconds.

chan =

    93

Elapsed time is 232.732012 seconds.

chan =

    94

Elapsed time is 229.292673 seconds.

chan =

    95

Elapsed time is 231.262437 seconds.

chan =

    96

Elapsed time is 230.788001 seconds.

chan =

    97

Elapsed time is 230.960872 seconds.

chan =

    98

Elapsed time is 241.324875 seconds.

chan =

    99

Elapsed time is 259.934864 seconds.

chan =

   100

Elapsed time is 259.181421 seconds.

chan =

   101

Elapsed time is 260.449555 seconds.

chan =

   102

Elapsed time is 257.600131 seconds.

chan =

   103

Elapsed time is 245.203143 seconds.

chan =

   104

Elapsed time is 259.150041 seconds.

chan =

   105

Elapsed time is 259.601644 seconds.

chan =

   106

Elapsed time is 255.962314 seconds.

chan =

   107

Elapsed time is 259.586887 seconds.

chan =

   108

Elapsed time is 241.346480 seconds.

chan =

   109

Elapsed time is 258.320701 seconds.

