getting started: 3610
attempting file: 3610
going for SLCH010 16
data loaded: SLCH010 16
HFB already done

chan =

     1

Elapsed time is 556.118489 seconds.

chan =

     2

Elapsed time is 554.387320 seconds.

chan =

     3

Elapsed time is 550.669324 seconds.

chan =

     4

Elapsed time is 549.593720 seconds.

chan =

     5

Elapsed time is 547.797718 seconds.

chan =

     6

Elapsed time is 550.235110 seconds.

chan =

     7

Elapsed time is 549.873888 seconds.

chan =

     8

Elapsed time is 546.675358 seconds.

chan =

     9

Elapsed time is 553.592434 seconds.

chan =

    10

Elapsed time is 549.364394 seconds.

chan =

    11

Elapsed time is 551.806123 seconds.

chan =

    12

Elapsed time is 546.384860 seconds.

chan =

    13

Elapsed time is 550.064692 seconds.

chan =

    14

Elapsed time is 550.616065 seconds.

chan =

    15

Elapsed time is 547.836256 seconds.

chan =

    16

Elapsed time is 541.510704 seconds.

chan =

    17

Elapsed time is 551.645805 seconds.

chan =

    18

Elapsed time is 549.673243 seconds.

chan =

    19

Elapsed time is 553.652842 seconds.

chan =

    20

Elapsed time is 550.382324 seconds.

chan =

    21

Elapsed time is 550.407893 seconds.

chan =

    22

Elapsed time is 548.869726 seconds.

chan =

    23

Elapsed time is 548.843787 seconds.

chan =

    24

Elapsed time is 554.597959 seconds.

chan =

    25

Elapsed time is 552.519230 seconds.

chan =

    26

Elapsed time is 554.132984 seconds.

chan =

    27

Elapsed time is 549.178571 seconds.

chan =

    28

Elapsed time is 547.445590 seconds.

chan =

    29

Elapsed time is 552.599555 seconds.

chan =

    30

Elapsed time is 548.670338 seconds.

chan =

    31

Elapsed time is 547.967109 seconds.

chan =

    32

Elapsed time is 550.081943 seconds.

chan =

    33

Elapsed time is 552.596782 seconds.

chan =

    34

Elapsed time is 548.911829 seconds.

chan =

    35

Elapsed time is 551.431523 seconds.

chan =

    36

Elapsed time is 555.178489 seconds.

chan =

    37

Elapsed time is 549.376670 seconds.

chan =

    38

Elapsed time is 548.317661 seconds.

chan =

    39

Elapsed time is 553.471270 seconds.

chan =

    40

Elapsed time is 551.116807 seconds.

chan =

    41

Elapsed time is 545.464006 seconds.

chan =

    42

Elapsed time is 548.739664 seconds.

chan =

    43

Elapsed time is 551.831623 seconds.

chan =

    44

Elapsed time is 548.177462 seconds.

chan =

    45

Elapsed time is 554.014663 seconds.

chan =

    46

Elapsed time is 550.297132 seconds.

chan =

    47

Elapsed time is 546.452088 seconds.

chan =

    48

Elapsed time is 548.395117 seconds.

chan =

    49

Elapsed time is 547.936758 seconds.

chan =

    50

Elapsed time is 549.030192 seconds.

chan =

    51

Elapsed time is 549.088400 seconds.

chan =

    52

Elapsed time is 546.920512 seconds.

chan =

    53

Elapsed time is 543.133318 seconds.

chan =

    54

Elapsed time is 548.076848 seconds.

chan =

    55

Elapsed time is 546.257849 seconds.

chan =

    56

Elapsed time is 546.552407 seconds.

chan =

    57

Elapsed time is 549.822841 seconds.

chan =

    58

Elapsed time is 545.437621 seconds.

chan =

    59

Elapsed time is 552.036514 seconds.

chan =

    60

Elapsed time is 547.758099 seconds.

chan =

    61

Elapsed time is 550.959663 seconds.

chan =

    62

Elapsed time is 547.766826 seconds.

chan =

    63

Elapsed time is 551.299580 seconds.

chan =

    64

Elapsed time is 548.632694 seconds.

chan =

    65

Elapsed time is 551.780303 seconds.

chan =

    66

Elapsed time is 550.500274 seconds.

chan =

    67

Elapsed time is 551.221249 seconds.

chan =

    68

Elapsed time is 551.680500 seconds.

chan =

    69

Elapsed time is 554.217064 seconds.

chan =

    70

Elapsed time is 550.208259 seconds.

chan =

    71

Elapsed time is 553.668542 seconds.

chan =

    72

Elapsed time is 551.372307 seconds.

chan =

    73

Elapsed time is 545.769774 seconds.

chan =

    74

Elapsed time is 548.629667 seconds.

chan =

    75

Elapsed time is 549.128707 seconds.

chan =

    76

Elapsed time is 548.267229 seconds.

chan =

    77

Elapsed time is 548.737726 seconds.

chan =

    78

Elapsed time is 550.417826 seconds.

chan =

    79

Elapsed time is 549.133356 seconds.

chan =

    80

Elapsed time is 553.542334 seconds.

chan =

    81

Elapsed time is 551.007991 seconds.

chan =

    82

Elapsed time is 547.137670 seconds.

chan =

    83

Elapsed time is 548.684330 seconds.

chan =

    84

Elapsed time is 546.919325 seconds.

chan =

    85

Elapsed time is 554.861172 seconds.

chan =

    86

Elapsed time is 549.828282 seconds.

chan =

    87

Elapsed time is 549.352297 seconds.

chan =

    88

Elapsed time is 550.432277 seconds.

chan =

    89

Elapsed time is 554.839799 seconds.

chan =

    90

Elapsed time is 545.522209 seconds.

chan =

    91

Elapsed time is 551.305094 seconds.

chan =

    92

Elapsed time is 553.324346 seconds.

chan =

    93

Elapsed time is 547.904377 seconds.

chan =

    94

Elapsed time is 550.861096 seconds.

chan =

    95

Elapsed time is 551.891120 seconds.

chan =

    96

Elapsed time is 545.644594 seconds.

chan =

    97

Elapsed time is 552.787992 seconds.

chan =

    98

Elapsed time is 554.024799 seconds.

chan =

    99

Elapsed time is 552.300649 seconds.

chan =

   100

Elapsed time is 552.678784 seconds.

chan =

   101

Elapsed time is 549.780798 seconds.

chan =

   102

Elapsed time is 549.840360 seconds.

chan =

   103

Elapsed time is 551.407392 seconds.

chan =

   104

Elapsed time is 550.017115 seconds.

chan =

   105

Elapsed time is 548.787266 seconds.

chan =

   106

Elapsed time is 547.867423 seconds.

chan =

   107

Elapsed time is 549.288088 seconds.

chan =

   108

Elapsed time is 547.948476 seconds.

chan =

   109

Elapsed time is 555.615938 seconds.

chan =

   110

Elapsed time is 550.821387 seconds.

chan =

   111

Elapsed time is 555.943677 seconds.

chan =

   112

Elapsed time is 556.509413 seconds.

chan =

   113

Elapsed time is 556.503273 seconds.

chan =

   114

Elapsed time is 556.951226 seconds.
attempting saving
save success: /projects/p31578/dtf8829/QuestConnect/CHANDAT/chanDat_SLCH010_016.mat
working on TF
