getting started: 3017
attempting file: 3017
going for OH30 116
data loaded: OH30 116
HFB already done

chan =

     1

Elapsed time is 490.500855 seconds.

chan =

     2

Elapsed time is 487.651623 seconds.

chan =

     3

Elapsed time is 487.116610 seconds.

chan =

     4

Elapsed time is 525.588846 seconds.

chan =

     5

Elapsed time is 530.010810 seconds.

chan =

     6

Elapsed time is 522.265562 seconds.

chan =

     7

Elapsed time is 515.108729 seconds.

chan =

     8

Elapsed time is 506.034531 seconds.

chan =

     9

Elapsed time is 500.961008 seconds.

chan =

    10

Elapsed time is 496.879155 seconds.

chan =

    11

Elapsed time is 493.109996 seconds.

chan =

    12

Elapsed time is 496.051235 seconds.

chan =

    13

Elapsed time is 500.729211 seconds.

chan =

    14

Elapsed time is 496.013425 seconds.

chan =

    15

Elapsed time is 517.034929 seconds.

chan =

    16

Elapsed time is 473.322036 seconds.

chan =

    17

Elapsed time is 509.152941 seconds.

chan =

    18

Elapsed time is 532.255223 seconds.

chan =

    19

Elapsed time is 523.229828 seconds.

chan =

    20

Elapsed time is 536.354157 seconds.

chan =

    21

Elapsed time is 500.105582 seconds.

chan =

    22

Elapsed time is 511.395696 seconds.

chan =

    23

Elapsed time is 513.928030 seconds.

chan =

    24

Elapsed time is 528.027008 seconds.

chan =

    25

Elapsed time is 523.698908 seconds.

chan =

    26

Elapsed time is 507.836380 seconds.

chan =

    27

Elapsed time is 495.296462 seconds.

chan =

    28

Elapsed time is 503.004872 seconds.

chan =

    29

Elapsed time is 500.687758 seconds.

chan =

    30

Elapsed time is 501.584670 seconds.

chan =

    31

Elapsed time is 506.478590 seconds.

chan =

    32

Elapsed time is 497.179448 seconds.

chan =

    33

Elapsed time is 502.016903 seconds.

chan =

    34

Elapsed time is 494.862842 seconds.

chan =

    35

Elapsed time is 505.474883 seconds.

chan =

    36

Elapsed time is 504.763514 seconds.

chan =

    37

Elapsed time is 493.536459 seconds.

chan =

    38

Elapsed time is 495.666971 seconds.

chan =

    39

Elapsed time is 495.984845 seconds.

chan =

    40

Elapsed time is 489.114949 seconds.

chan =

    41

Elapsed time is 494.897709 seconds.

chan =

    42

Elapsed time is 482.430532 seconds.

chan =

    43

Elapsed time is 493.835503 seconds.

chan =

    44

Elapsed time is 497.054813 seconds.

chan =

    45

Elapsed time is 491.792684 seconds.

chan =

    46

Elapsed time is 480.328339 seconds.

chan =

    47

Elapsed time is 480.651880 seconds.

chan =

    48

Elapsed time is 482.601685 seconds.

chan =

    49

Elapsed time is 489.427930 seconds.

chan =

    50

Elapsed time is 479.451268 seconds.

chan =

    51

Elapsed time is 485.033180 seconds.

chan =

    52

Elapsed time is 479.584510 seconds.

chan =

    53

Elapsed time is 484.259070 seconds.

chan =

    54

Elapsed time is 483.018438 seconds.

chan =

    55

Elapsed time is 481.560942 seconds.

chan =

    56

Elapsed time is 488.037648 seconds.

chan =

    57

Elapsed time is 488.549713 seconds.

chan =

    58

Elapsed time is 484.276514 seconds.

chan =

    59

Elapsed time is 486.136302 seconds.

chan =

    60

Elapsed time is 477.726173 seconds.

chan =

    61

Elapsed time is 471.341386 seconds.

chan =

    62

Elapsed time is 469.954542 seconds.

chan =

    63

Elapsed time is 443.576273 seconds.

chan =

    64

Elapsed time is 439.137918 seconds.

chan =

    65

Elapsed time is 437.697522 seconds.

chan =

    66

Elapsed time is 436.442335 seconds.

chan =

    67

Elapsed time is 441.063845 seconds.

chan =

    68

Elapsed time is 444.256715 seconds.

chan =

    69

Elapsed time is 444.764249 seconds.

chan =

    70

Elapsed time is 442.581257 seconds.

chan =

    71

Elapsed time is 445.452638 seconds.

chan =

    72

Elapsed time is 443.485403 seconds.

chan =

    73

Elapsed time is 439.298836 seconds.

chan =

    74

Elapsed time is 435.092328 seconds.

chan =

    75

Elapsed time is 439.205733 seconds.

chan =

    76

Elapsed time is 439.023984 seconds.

chan =

    77

Elapsed time is 434.453977 seconds.

chan =

    78

Elapsed time is 432.786824 seconds.

chan =

    79

Elapsed time is 431.228780 seconds.

chan =

    80

Elapsed time is 425.676806 seconds.

chan =

    81

Elapsed time is 424.829071 seconds.

chan =

    82

Elapsed time is 424.623812 seconds.

chan =

    83

Elapsed time is 427.079008 seconds.

chan =

    84

Elapsed time is 431.068918 seconds.

chan =

    85

Elapsed time is 429.253562 seconds.

chan =

    86

Elapsed time is 426.312951 seconds.

chan =

    87

Elapsed time is 431.848719 seconds.

chan =

    88

Elapsed time is 428.769308 seconds.

chan =

    89

Elapsed time is 431.497394 seconds.

chan =

    90

Elapsed time is 430.550474 seconds.

chan =

    91

Elapsed time is 432.485805 seconds.

chan =

    92

Elapsed time is 430.422297 seconds.

chan =

    93

Elapsed time is 424.836438 seconds.

chan =

    94

Elapsed time is 424.619622 seconds.

chan =

    95

Elapsed time is 429.380391 seconds.

chan =

    96

Elapsed time is 425.946246 seconds.

chan =

    97

Elapsed time is 401.577130 seconds.

chan =

    98

Elapsed time is 402.784389 seconds.

chan =

    99

Elapsed time is 405.355465 seconds.

chan =

   100

Elapsed time is 397.304649 seconds.

chan =

   101

Elapsed time is 401.175869 seconds.

chan =

   102

Elapsed time is 401.231077 seconds.

chan =

   103

Elapsed time is 403.963354 seconds.

chan =

   104

Elapsed time is 403.049488 seconds.

chan =

   105

Elapsed time is 406.715817 seconds.

chan =

   106

Elapsed time is 403.545925 seconds.

chan =

   107

Elapsed time is 406.879285 seconds.

chan =

   108

Elapsed time is 403.664489 seconds.

chan =

   109

Elapsed time is 405.018605 seconds.

chan =

   110

Elapsed time is 403.415837 seconds.

chan =

   111

Elapsed time is 404.452754 seconds.

chan =

   112

Elapsed time is 405.959110 seconds.

chan =

   113

Elapsed time is 405.138666 seconds.

chan =

   114

Elapsed time is 403.583430 seconds.

chan =

   115

Elapsed time is 403.589200 seconds.

chan =

   116

Elapsed time is 403.015178 seconds.

chan =

   117

Elapsed time is 402.801467 seconds.

chan =

   118

Elapsed time is 388.450638 seconds.

chan =

   119

Elapsed time is 401.798054 seconds.

chan =

   120

Elapsed time is 402.822192 seconds.

chan =

   121

Elapsed time is 404.645964 seconds.

chan =

   122

Elapsed time is 401.420636 seconds.

chan =

   123

Elapsed time is 403.136466 seconds.

chan =

   124

Elapsed time is 398.432896 seconds.

chan =

   125

Elapsed time is 370.520597 seconds.

chan =

   126

Elapsed time is 371.092922 seconds.

chan =

   127

Elapsed time is 373.426209 seconds.

chan =

   128

Elapsed time is 370.136540 seconds.

chan =

   129

Elapsed time is 369.881560 seconds.

chan =

   130

Elapsed time is 369.823526 seconds.

chan =

   131

Elapsed time is 366.126695 seconds.

chan =

   132

Elapsed time is 370.533321 seconds.

chan =

   133

Elapsed time is 373.381298 seconds.

chan =

   134

Elapsed time is 371.460141 seconds.

chan =

   135

Elapsed time is 374.745075 seconds.

chan =

   136

Elapsed time is 368.787793 seconds.

chan =

   137

Elapsed time is 370.299673 seconds.

chan =

   138

Elapsed time is 372.397868 seconds.

chan =

   139

Elapsed time is 369.621520 seconds.
attempting saving
save success: /projects/p31578/dtf8829/QuestConnect/CHANDAT/chanDat_OH30_116.mat
working on TF
encoding done
encoding RT done
