getting started: 3253
attempting file: 3253
going for SD5 2
data loaded: SD5 2
HFB already done

chan =

     1

Elapsed time is 289.137633 seconds.

chan =

     2

Elapsed time is 296.061418 seconds.

chan =

     3

Elapsed time is 282.694221 seconds.

chan =

     4

Elapsed time is 287.538809 seconds.

chan =

     5

Elapsed time is 286.254242 seconds.

chan =

     6

Elapsed time is 281.296416 seconds.

chan =

     7

Elapsed time is 278.340249 seconds.

chan =

     8

Elapsed time is 280.319435 seconds.

chan =

     9

Elapsed time is 276.985774 seconds.

chan =

    10

Elapsed time is 279.671358 seconds.

chan =

    11

Elapsed time is 280.174872 seconds.

chan =

    12

Elapsed time is 278.755539 seconds.

chan =

    13

Elapsed time is 281.302855 seconds.

chan =

    14

Elapsed time is 279.381080 seconds.

chan =

    15

Elapsed time is 276.972919 seconds.

chan =

    16

Elapsed time is 279.173386 seconds.

chan =

    17

Elapsed time is 279.733839 seconds.

chan =

    18

Elapsed time is 279.505266 seconds.

chan =

    19

Elapsed time is 279.527223 seconds.

chan =

    20

Elapsed time is 278.285356 seconds.

chan =

    21

Elapsed time is 276.967022 seconds.

chan =

    22

Elapsed time is 277.585759 seconds.

chan =

    23

Elapsed time is 278.087290 seconds.

chan =

    24

Elapsed time is 278.581097 seconds.

chan =

    25

Elapsed time is 276.784864 seconds.

chan =

    26

Elapsed time is 277.764147 seconds.

chan =

    27

Elapsed time is 276.059003 seconds.

chan =

    28

Elapsed time is 275.407475 seconds.

chan =

    29

Elapsed time is 276.171223 seconds.

chan =

    30

Elapsed time is 279.124442 seconds.

chan =

    31

Elapsed time is 277.041897 seconds.

chan =

    32

Elapsed time is 280.755026 seconds.

chan =

    33

Elapsed time is 275.499538 seconds.

chan =

    34

Elapsed time is 276.976529 seconds.

chan =

    35

Elapsed time is 279.913886 seconds.

chan =

    36

Elapsed time is 280.609971 seconds.

chan =

    37

Elapsed time is 279.464511 seconds.

chan =

    38

Elapsed time is 278.796530 seconds.

chan =

    39

Elapsed time is 275.902687 seconds.

chan =

    40

Elapsed time is 271.761738 seconds.

chan =

    41

Elapsed time is 275.827925 seconds.

chan =

    42

Elapsed time is 276.967439 seconds.

chan =

    43

Elapsed time is 276.803046 seconds.

chan =

    44

Elapsed time is 277.752934 seconds.

chan =

    45

Elapsed time is 274.622287 seconds.

chan =

    46

Elapsed time is 280.456558 seconds.

chan =

    47

Elapsed time is 278.167458 seconds.

chan =

    48

Elapsed time is 278.562758 seconds.

chan =

    49

Elapsed time is 277.514251 seconds.

chan =

    50

Elapsed time is 277.137544 seconds.

chan =

    51

Elapsed time is 274.593195 seconds.

chan =

    52

Elapsed time is 273.045420 seconds.

chan =

    53

Elapsed time is 272.509165 seconds.

chan =

    54

Elapsed time is 274.535401 seconds.

chan =

    55

Elapsed time is 277.297496 seconds.

chan =

    56

Elapsed time is 277.631295 seconds.

chan =

    57

Elapsed time is 275.203724 seconds.

chan =

    58

Elapsed time is 274.631709 seconds.

chan =

    59

Elapsed time is 274.239103 seconds.

chan =

    60

Elapsed time is 276.729150 seconds.

chan =

    61

Elapsed time is 273.465727 seconds.

chan =

    62

Elapsed time is 272.153796 seconds.

chan =

    63

Elapsed time is 271.564454 seconds.

chan =

    64

Elapsed time is 273.903380 seconds.

chan =

    65

Elapsed time is 277.286931 seconds.

chan =

    66

Elapsed time is 274.941846 seconds.

chan =

    67

Elapsed time is 271.712149 seconds.

chan =

    68

Elapsed time is 275.232654 seconds.

chan =

    69

Elapsed time is 275.149462 seconds.

chan =

    70

Elapsed time is 272.869818 seconds.

chan =

    71

Elapsed time is 275.462795 seconds.

chan =

    72

Elapsed time is 276.731346 seconds.

chan =

    73

Elapsed time is 272.174232 seconds.

chan =

    74

Elapsed time is 276.813996 seconds.

chan =

    75

Elapsed time is 274.384203 seconds.

chan =

    76

Elapsed time is 274.365704 seconds.

chan =

    77

Elapsed time is 270.489860 seconds.

chan =

    78

Elapsed time is 267.467137 seconds.

chan =

    79

Elapsed time is 274.845638 seconds.

chan =

    80

Elapsed time is 276.076023 seconds.

chan =

    81

Elapsed time is 276.965526 seconds.

chan =

    82

Elapsed time is 274.086106 seconds.

chan =

    83

Elapsed time is 275.464837 seconds.

chan =

    84

Elapsed time is 277.430337 seconds.

chan =

    85

Elapsed time is 277.225000 seconds.

chan =

    86

Elapsed time is 273.640462 seconds.

chan =

    87

Elapsed time is 275.801855 seconds.

chan =

    88

Elapsed time is 272.935801 seconds.

chan =

    89

Elapsed time is 270.519403 seconds.

chan =

    90

Elapsed time is 275.548932 seconds.

chan =

    91

Elapsed time is 277.640256 seconds.

chan =

    92

Elapsed time is 275.646981 seconds.

chan =

    93

Elapsed time is 277.993923 seconds.

chan =

    94

Elapsed time is 276.941802 seconds.

chan =

    95

Elapsed time is 275.546612 seconds.

chan =

    96

Elapsed time is 267.858707 seconds.

chan =

    97

Elapsed time is 273.657726 seconds.

chan =

    98

Elapsed time is 274.353899 seconds.

chan =

    99

Elapsed time is 278.312069 seconds.

chan =

   100

Elapsed time is 275.050280 seconds.

chan =

   101

Elapsed time is 279.171635 seconds.

chan =

   102

Elapsed time is 272.471003 seconds.

chan =

   103

Elapsed time is 276.466242 seconds.

chan =

   104

Elapsed time is 277.509713 seconds.

chan =

   105

Elapsed time is 274.912660 seconds.

chan =

   106

Elapsed time is 279.164640 seconds.

chan =

   107

Elapsed time is 275.241936 seconds.

chan =

   108

Elapsed time is 277.103983 seconds.

chan =

   109

Elapsed time is 276.112587 seconds.

