getting started: 3655
attempting file: 3655
going for SLCH010 61
data loaded: SLCH010 61
HFB already done

chan =

     1

Elapsed time is 570.216232 seconds.

chan =

     2

Elapsed time is 526.508030 seconds.

chan =

     3

Elapsed time is 502.419957 seconds.

chan =

     4

Elapsed time is 476.570844 seconds.

chan =

     5

Elapsed time is 448.695596 seconds.

chan =

     6

Elapsed time is 523.937297 seconds.

chan =

     7

Elapsed time is 511.117532 seconds.

chan =

     8

Elapsed time is 511.128823 seconds.

chan =

     9

Elapsed time is 509.315464 seconds.

chan =

    10

Elapsed time is 509.465125 seconds.

chan =

    11

Elapsed time is 505.275741 seconds.

chan =

    12

Elapsed time is 496.631442 seconds.

chan =

    13

Elapsed time is 521.439070 seconds.

chan =

    14

Elapsed time is 524.297272 seconds.

chan =

    15

Elapsed time is 523.247132 seconds.

chan =

    16

Elapsed time is 508.124502 seconds.

chan =

    17

Elapsed time is 523.411972 seconds.

chan =

    18

Elapsed time is 513.788949 seconds.

chan =

    19

Elapsed time is 502.390783 seconds.

chan =

    20

Elapsed time is 514.782050 seconds.

chan =

    21

Elapsed time is 502.171475 seconds.

chan =

    22

Elapsed time is 510.752568 seconds.

chan =

    23

Elapsed time is 485.094343 seconds.

chan =

    24

Elapsed time is 480.452220 seconds.

chan =

    25

Elapsed time is 510.561767 seconds.

chan =

    26

Elapsed time is 480.916938 seconds.

chan =

    27

Elapsed time is 480.131483 seconds.

chan =

    28

Elapsed time is 479.441754 seconds.

chan =

    29

Elapsed time is 479.795413 seconds.

chan =

    30

Elapsed time is 478.273068 seconds.

chan =

    31

Elapsed time is 479.635908 seconds.

chan =

    32

Elapsed time is 480.058236 seconds.

chan =

    33

Elapsed time is 481.853765 seconds.

chan =

    34

Elapsed time is 479.387475 seconds.

chan =

    35

Elapsed time is 477.219068 seconds.

chan =

    36

Elapsed time is 472.115890 seconds.

chan =

    37

Elapsed time is 473.312861 seconds.

chan =

    38

Elapsed time is 473.338301 seconds.

chan =

    39

Elapsed time is 473.391824 seconds.

chan =

    40

Elapsed time is 472.926118 seconds.

chan =

    41

Elapsed time is 453.924335 seconds.

chan =

    42

Elapsed time is 386.639803 seconds.

chan =

    43

Elapsed time is 393.361036 seconds.

chan =

    44

Elapsed time is 399.948705 seconds.

chan =

    45

Elapsed time is 399.486835 seconds.

chan =

    46

Elapsed time is 390.957766 seconds.

chan =

    47

Elapsed time is 388.961413 seconds.

chan =

    48

Elapsed time is 385.490655 seconds.

chan =

    49

Elapsed time is 388.780246 seconds.

chan =

    50

Elapsed time is 389.030964 seconds.

chan =

    51

Elapsed time is 466.448028 seconds.

chan =

    52

Elapsed time is 463.372565 seconds.

chan =

    53

Elapsed time is 398.109411 seconds.

chan =

    54

Elapsed time is 459.464221 seconds.

chan =

    55

Elapsed time is 461.587768 seconds.

chan =

    56

Elapsed time is 459.656831 seconds.

chan =

    57

Elapsed time is 395.978291 seconds.

chan =

    58

Elapsed time is 383.722924 seconds.

chan =

    59

Elapsed time is 391.029269 seconds.

chan =

    60

Elapsed time is 389.706815 seconds.

chan =

    61

Elapsed time is 394.178411 seconds.

chan =

    62

Elapsed time is 390.066111 seconds.

chan =

    63

Elapsed time is 416.994178 seconds.

chan =

    64

Elapsed time is 408.604991 seconds.

chan =

    65

Elapsed time is 428.656095 seconds.

chan =

    66

Elapsed time is 427.206987 seconds.

chan =

    67

Elapsed time is 429.275665 seconds.

chan =

    68

Elapsed time is 428.039378 seconds.

chan =

    69

Elapsed time is 422.890839 seconds.

chan =

    70

Elapsed time is 386.721289 seconds.

chan =

    71

Elapsed time is 391.869203 seconds.

chan =

    72

Elapsed time is 387.995185 seconds.

chan =

    73

Elapsed time is 408.884439 seconds.

chan =

    74

Elapsed time is 454.898518 seconds.

chan =

    75

Elapsed time is 426.433217 seconds.

chan =

    76

Elapsed time is 444.340903 seconds.

chan =

    77

Elapsed time is 463.241301 seconds.

chan =

    78

Elapsed time is 460.825006 seconds.

chan =

    79

Elapsed time is 464.631890 seconds.

chan =

    80

Elapsed time is 405.724273 seconds.

chan =

    81

Elapsed time is 506.916888 seconds.

chan =

    82

Elapsed time is 411.565089 seconds.

chan =

    83

Elapsed time is 388.859640 seconds.

chan =

    84

Elapsed time is 405.861156 seconds.

chan =

    85

Elapsed time is 450.795367 seconds.

chan =

    86

Elapsed time is 438.978239 seconds.

chan =

    87

Elapsed time is 390.128653 seconds.

chan =

    88

Elapsed time is 388.307374 seconds.

chan =

    89

Elapsed time is 393.597373 seconds.

chan =

    90

Elapsed time is 574.637840 seconds.

chan =

    91

Elapsed time is 603.994715 seconds.

chan =

    92

Elapsed time is 603.322593 seconds.

chan =

    93

Elapsed time is 592.160088 seconds.

chan =

    94

Elapsed time is 592.860025 seconds.

chan =

    95

Elapsed time is 603.419593 seconds.

chan =

    96

Elapsed time is 587.086990 seconds.

chan =

    97

Elapsed time is 593.132434 seconds.

chan =

    98

Elapsed time is 602.437879 seconds.

chan =

    99

Elapsed time is 593.791520 seconds.

chan =

   100

Elapsed time is 591.564938 seconds.

chan =

   101

Elapsed time is 604.353240 seconds.

chan =

   102

Elapsed time is 590.768848 seconds.

chan =

   103

Elapsed time is 596.169602 seconds.

chan =

   104

Elapsed time is 601.871081 seconds.

chan =

   105

Elapsed time is 592.372538 seconds.

chan =

   106

Elapsed time is 589.953558 seconds.

chan =

   107

Elapsed time is 596.236008 seconds.

chan =

   108

Elapsed time is 598.842306 seconds.

chan =

   109

Elapsed time is 595.090188 seconds.

chan =

   110

Elapsed time is 591.570906 seconds.

chan =

   111

Elapsed time is 604.744218 seconds.

chan =

   112

Elapsed time is 589.957587 seconds.

chan =

   113

Elapsed time is 593.533546 seconds.

chan =

   114

Elapsed time is 539.769528 seconds.
attempting saving
save success: /projects/p31578/dtf8829/QuestConnect/CHANDAT/chanDat_SLCH010_061.mat
working on TF
