getting started: 854
attempting file: 854
going for ECoG11 45
data loaded: ECoG11 45
HFB already done

chan =

     1

Elapsed time is 231.240065 seconds.

chan =

     2

Elapsed time is 222.109136 seconds.

chan =

     3

Elapsed time is 227.284744 seconds.

chan =

     4

Elapsed time is 224.158986 seconds.

chan =

     5

Elapsed time is 225.290970 seconds.

chan =

     6

Elapsed time is 210.099928 seconds.

chan =

     7

Elapsed time is 213.539331 seconds.

chan =

     8

Elapsed time is 217.143526 seconds.

chan =

     9

Elapsed time is 213.450897 seconds.

chan =

    10

Elapsed time is 211.397810 seconds.

chan =

    11

Elapsed time is 209.464446 seconds.

chan =

    12

Elapsed time is 208.034607 seconds.

chan =

    13

Elapsed time is 211.237353 seconds.

chan =

    14

Elapsed time is 220.988022 seconds.

chan =

    15

Elapsed time is 228.449701 seconds.

chan =

    16

Elapsed time is 227.512826 seconds.

chan =

    17

Elapsed time is 229.121639 seconds.

chan =

    18

Elapsed time is 228.477974 seconds.

chan =

    19

Elapsed time is 229.130133 seconds.

chan =

    20

Elapsed time is 231.592985 seconds.

chan =

    21

Elapsed time is 231.234732 seconds.

chan =

    22

Elapsed time is 231.871318 seconds.

chan =

    23

Elapsed time is 239.995034 seconds.

chan =

    24

Elapsed time is 238.268117 seconds.

chan =

    25

Elapsed time is 233.654690 seconds.

chan =

    26

Elapsed time is 231.527837 seconds.

chan =

    27

Elapsed time is 239.456909 seconds.

chan =

    28

Elapsed time is 234.728833 seconds.

chan =

    29

Elapsed time is 236.867659 seconds.

chan =

    30

Elapsed time is 234.476454 seconds.

chan =

    31

Elapsed time is 235.817873 seconds.

chan =

    32

Elapsed time is 234.319331 seconds.

chan =

    33

Elapsed time is 232.920797 seconds.

chan =

    34

Elapsed time is 228.509061 seconds.

chan =

    35

Elapsed time is 229.607063 seconds.

chan =

    36

Elapsed time is 234.071649 seconds.

chan =

    37

Elapsed time is 228.404512 seconds.

chan =

    38

Elapsed time is 229.582753 seconds.

chan =

    39

Elapsed time is 222.876600 seconds.

chan =

    40

Elapsed time is 224.649906 seconds.

chan =

    41

Elapsed time is 229.924785 seconds.

chan =

    42

Elapsed time is 227.923134 seconds.

chan =

    43

Elapsed time is 222.165939 seconds.

chan =

    44

Elapsed time is 229.273476 seconds.

chan =

    45

Elapsed time is 227.947469 seconds.

chan =

    46

Elapsed time is 224.021148 seconds.

chan =

    47

Elapsed time is 234.160271 seconds.

chan =

    48

Elapsed time is 237.291459 seconds.

chan =

    49

Elapsed time is 245.973549 seconds.

chan =

    50

Elapsed time is 244.962522 seconds.

chan =

    51

Elapsed time is 244.133248 seconds.

chan =

    52

Elapsed time is 242.815791 seconds.

chan =

    53

Elapsed time is 228.347458 seconds.

chan =

    54

Elapsed time is 248.212425 seconds.

chan =

    55

Elapsed time is 247.452150 seconds.

chan =

    56

Elapsed time is 248.561943 seconds.

chan =

    57

Elapsed time is 244.223153 seconds.

chan =

    58

Elapsed time is 251.974423 seconds.

chan =

    59

Elapsed time is 252.546099 seconds.

chan =

    60

Elapsed time is 244.362603 seconds.

chan =

    61

Elapsed time is 241.949109 seconds.

chan =

    62

Elapsed time is 244.201056 seconds.

chan =

    63

Elapsed time is 237.687485 seconds.

chan =

    64

Elapsed time is 251.935034 seconds.

chan =

    65

Elapsed time is 237.402965 seconds.

chan =

    66

Elapsed time is 245.990122 seconds.

chan =

    67

Elapsed time is 246.769395 seconds.

chan =

    68

Elapsed time is 250.451241 seconds.

chan =

    69

Elapsed time is 237.226357 seconds.

chan =

    70

Elapsed time is 243.993747 seconds.

chan =

    71

Elapsed time is 244.511108 seconds.

chan =

    72

Elapsed time is 237.309327 seconds.

chan =

    73

Elapsed time is 240.641417 seconds.

chan =

    74

Elapsed time is 231.865663 seconds.

chan =

    75

Elapsed time is 231.828029 seconds.

chan =

    76

Elapsed time is 239.088195 seconds.

chan =

    77

Elapsed time is 234.247383 seconds.

chan =

    78

Elapsed time is 233.437585 seconds.

chan =

    79

Elapsed time is 229.561954 seconds.

chan =

    80

Elapsed time is 232.480753 seconds.
attempting saving
save success: /projects/p31578/dtf8829/QuestConnect/CHANDAT/chanDat_ECoG11_045.mat
working on TF
encoding done
encoding RT done
retrieval 1 done
retrieval 2 done
attempting saving
save success: /projects/p31578/dtf8829/QuestConnect/CHANDAT/chanDat_ECoG11_045.mat
working on ISPC
channel: 1 took 0 minutes
channel: 2 took 0 minutes
channel: 3 took 0 minutes
channel: 4 took 0 minutes
channel: 5 took 0 minutes
channel: 6 took 0 minutes
channel: 7 took 0 minutes
channel: 8 took 0 minutes
channel: 9 took 0 minutes
channel: 10 took 0 minutes
channel: 11 took 0 minutes
channel: 12 took 0 minutes
channel: 13 took 0 minutes
channel: 14 took 0 minutes
channel: 15 took 0 minutes
channel: 16 took 0 minutes
channel: 17 took 0 minutes
channel: 18 took 0 minutes
channel: 19 took 0 minutes
channel: 20 took 0 minutes
channel: 21 took 0 minutes
channel: 22 took 0 minutes
channel: 23 took 0 minutes
channel: 24 took 0 minutes
channel: 25 took 0 minutes
channel: 26 took 0 minutes
channel: 27 took 0 minutes
channel: 28 took 0 minutes
channel: 29 took 0 minutes
channel: 30 took 0 minutes
channel: 31 took 0 minutes
channel: 32 took 0 minutes
channel: 33 took 0 minutes
channel: 34 took 0 minutes
channel: 35 took 0 minutes
channel: 36 took 0 minutes
channel: 37 took 0 minutes
channel: 38 took 0 minutes
channel: 39 took 0 minutes
channel: 40 took 0 minutes
channel: 41 took 0 minutes
channel: 42 took 0 minutes
channel: 43 took 0 minutes
channel: 44 took 0 minutes
channel: 45 took 0 minutes
channel: 46 took 3 minutes
channel: 47 took 3 minutes
channel: 48 took 3 minutes
channel: 49 took 3 minutes
channel: 50 took 3 minutes
channel: 51 took 3 minutes
channel: 52 took 3 minutes
channel: 53 took 3 minutes
channel: 54 took 2.9 minutes
channel: 55 took 2.9 minutes
channel: 56 took 2.8 minutes
channel: 57 took 2.7 minutes
channel: 58 took 3.1 minutes
channel: 59 took 3 minutes
channel: 60 took 3.1 minutes
channel: 61 took 3 minutes
channel: 62 took 3 minutes
channel: 63 took 3 minutes
channel: 64 took 2.7 minutes
channel: 65 took 3 minutes
channel: 66 took 3 minutes
channel: 67 took 3 minutes
channel: 68 took 3 minutes
channel: 69 took 3 minutes
channel: 70 took 3 minutes
channel: 71 took 2.7 minutes
channel: 72 took 2.9 minutes
channel: 73 took 3 minutes
channel: 74 took 3 minutes
channel: 75 took 3 minutes
channel: 76 took 3 minutes
channel: 77 took 3 minutes
channel: 78 took 2.9 minutes
channel: 79 took 2.8 minutes
channel: 80 took 3 minutes
attempting saving
save success: /projects/p31578/dtf8829/QuestConnect/CHANDAT/chanDat_ECoG11_045.mat
Elapsed time is 184.228778 seconds.
