getting started: 855
attempting file: 855
going for ECoG11 46
data loaded: ECoG11 46
HFB already done

chan =

     1

Elapsed time is 232.333124 seconds.

chan =

     2

Elapsed time is 224.171083 seconds.

chan =

     3

Elapsed time is 227.280170 seconds.

chan =

     4

Elapsed time is 225.373478 seconds.

chan =

     5

Elapsed time is 228.300800 seconds.

chan =

     6

Elapsed time is 212.652294 seconds.

chan =

     7

Elapsed time is 215.418372 seconds.

chan =

     8

Elapsed time is 218.978018 seconds.

chan =

     9

Elapsed time is 214.268927 seconds.

chan =

    10

Elapsed time is 213.011993 seconds.

chan =

    11

Elapsed time is 211.330923 seconds.

chan =

    12

Elapsed time is 210.037891 seconds.

chan =

    13

Elapsed time is 213.158763 seconds.

chan =

    14

Elapsed time is 222.130979 seconds.

chan =

    15

Elapsed time is 231.146550 seconds.

chan =

    16

Elapsed time is 228.740291 seconds.

chan =

    17

Elapsed time is 231.599248 seconds.

chan =

    18

Elapsed time is 228.541052 seconds.

chan =

    19

Elapsed time is 228.281967 seconds.

chan =

    20

Elapsed time is 238.630153 seconds.

chan =

    21

Elapsed time is 232.279411 seconds.

chan =

    22

Elapsed time is 235.845011 seconds.

chan =

    23

Elapsed time is 239.127320 seconds.

chan =

    24

Elapsed time is 241.035215 seconds.

chan =

    25

Elapsed time is 235.560250 seconds.

chan =

    26

Elapsed time is 234.854224 seconds.

chan =

    27

Elapsed time is 239.209198 seconds.

chan =

    28

Elapsed time is 237.097443 seconds.

chan =

    29

Elapsed time is 240.456123 seconds.

chan =

    30

Elapsed time is 235.911353 seconds.

chan =

    31

Elapsed time is 236.927256 seconds.

chan =

    32

Elapsed time is 236.617207 seconds.

chan =

    33

Elapsed time is 235.442546 seconds.

chan =

    34

Elapsed time is 228.916501 seconds.

chan =

    35

Elapsed time is 233.775454 seconds.

chan =

    36

Elapsed time is 233.568057 seconds.

chan =

    37

Elapsed time is 230.570409 seconds.

chan =

    38

Elapsed time is 228.755062 seconds.

chan =

    39

Elapsed time is 223.945350 seconds.

chan =

    40

Elapsed time is 230.455491 seconds.

chan =

    41

Elapsed time is 230.283959 seconds.

chan =

    42

Elapsed time is 226.505831 seconds.

chan =

    43

Elapsed time is 226.772917 seconds.

chan =

    44

Elapsed time is 230.539886 seconds.

chan =

    45

Elapsed time is 229.776862 seconds.

chan =

    46

Elapsed time is 227.356286 seconds.

chan =

    47

Elapsed time is 235.998686 seconds.

chan =

    48

Elapsed time is 245.517607 seconds.

chan =

    49

Elapsed time is 250.722135 seconds.

chan =

    50

Elapsed time is 246.145805 seconds.

chan =

    51

Elapsed time is 247.854434 seconds.

chan =

    52

Elapsed time is 237.023562 seconds.

chan =

    53

Elapsed time is 235.264442 seconds.

chan =

    54

Elapsed time is 248.380981 seconds.

chan =

    55

Elapsed time is 251.188523 seconds.

chan =

    56

Elapsed time is 243.472183 seconds.

chan =

    57

Elapsed time is 255.420086 seconds.

chan =

    58

Elapsed time is 253.584965 seconds.

chan =

    59

Elapsed time is 252.308758 seconds.

chan =

    60

Elapsed time is 240.700797 seconds.

chan =

    61

Elapsed time is 248.898089 seconds.

chan =

    62

Elapsed time is 237.554475 seconds.

chan =

    63

Elapsed time is 250.871030 seconds.

chan =

    64

Elapsed time is 247.523144 seconds.

chan =

    65

Elapsed time is 239.552781 seconds.

chan =

    66

Elapsed time is 250.159675 seconds.

chan =

    67

Elapsed time is 250.711338 seconds.

chan =

    68

Elapsed time is 248.169465 seconds.

chan =

    69

Elapsed time is 238.227877 seconds.

chan =

    70

Elapsed time is 245.652452 seconds.

chan =

    71

Elapsed time is 239.018349 seconds.

chan =

    72

Elapsed time is 248.427989 seconds.

chan =

    73

Elapsed time is 232.230080 seconds.

chan =

    74

Elapsed time is 235.035517 seconds.

chan =

    75

Elapsed time is 241.414769 seconds.

chan =

    76

Elapsed time is 233.834738 seconds.

chan =

    77

Elapsed time is 238.453504 seconds.

chan =

    78

Elapsed time is 232.232265 seconds.

chan =

    79

Elapsed time is 232.016776 seconds.

chan =

    80

Elapsed time is 233.639021 seconds.
attempting saving
save success: /projects/p31578/dtf8829/QuestConnect/CHANDAT/chanDat_ECoG11_046.mat
working on TF
encoding done
encoding RT done
retrieval 1 done
retrieval 2 done
attempting saving
save success: /projects/p31578/dtf8829/QuestConnect/CHANDAT/chanDat_ECoG11_046.mat
working on ISPC
channel: 1 took 0 minutes
channel: 2 took 0 minutes
channel: 3 took 0 minutes
channel: 4 took 0 minutes
channel: 5 took 0 minutes
channel: 6 took 0 minutes
channel: 7 took 0 minutes
channel: 8 took 0 minutes
channel: 9 took 0 minutes
channel: 10 took 0 minutes
channel: 11 took 0 minutes
channel: 12 took 0 minutes
channel: 13 took 0 minutes
channel: 14 took 0 minutes
channel: 15 took 0 minutes
channel: 16 took 0 minutes
channel: 17 took 0 minutes
channel: 18 took 0 minutes
channel: 19 took 0 minutes
channel: 20 took 0 minutes
channel: 21 took 0 minutes
channel: 22 took 0 minutes
channel: 23 took 0 minutes
channel: 24 took 0 minutes
channel: 25 took 0 minutes
channel: 26 took 0 minutes
channel: 27 took 0 minutes
channel: 28 took 0 minutes
channel: 29 took 0 minutes
channel: 30 took 0 minutes
channel: 31 took 0 minutes
channel: 32 took 0 minutes
channel: 33 took 0 minutes
channel: 34 took 0 minutes
channel: 35 took 0 minutes
channel: 36 took 0 minutes
channel: 37 took 0 minutes
channel: 38 took 0 minutes
channel: 39 took 0 minutes
channel: 40 took 0 minutes
channel: 41 took 0 minutes
channel: 42 took 0 minutes
channel: 43 took 0 minutes
channel: 44 took 0 minutes
channel: 45 took 0 minutes
channel: 46 took 0 minutes
channel: 47 took 3.1 minutes
channel: 48 took 3 minutes
channel: 49 took 3 minutes
channel: 50 took 3 minutes
channel: 51 took 3 minutes
channel: 52 took 3 minutes
channel: 53 took 3 minutes
channel: 54 took 3 minutes
channel: 55 took 2.9 minutes
channel: 56 took 2.9 minutes
channel: 57 took 2.7 minutes
channel: 58 took 3.1 minutes
channel: 59 took 3 minutes
channel: 60 took 3.1 minutes
channel: 61 took 3.1 minutes
channel: 62 took 3 minutes
channel: 63 took 3 minutes
channel: 64 took 2.7 minutes
channel: 65 took 3 minutes
channel: 66 took 3 minutes
channel: 67 took 3 minutes
channel: 68 took 3 minutes
channel: 69 took 3 minutes
channel: 70 took 3 minutes
channel: 71 took 2.7 minutes
channel: 72 took 2.9 minutes
channel: 73 took 3 minutes
channel: 74 took 3 minutes
channel: 75 took 3 minutes
channel: 76 took 3 minutes
channel: 77 took 3 minutes
channel: 78 took 2.9 minutes
channel: 79 took 2.9 minutes
channel: 80 took 3 minutes
attempting saving
save success: /projects/p31578/dtf8829/QuestConnect/CHANDAT/chanDat_ECoG11_046.mat
Elapsed time is 185.085474 seconds.
